2.860268022924956881e+02
2.860313155911908325e+02
2.860368623143775153e+02
2.859286238313725335e+02
2.860100943414687436e+02
2.861443602697182769e+02
2.859629127078365514e+02
2.861634852612830286e+02
2.860172154855839608e+02
2.860275764041134039e+02
2.859412033311605796e+02
2.860076415899042672e+02
2.860724369087996024e+02
2.860884573500232477e+02
2.859182201487088264e+02
2.860459022748345319e+02
2.862042935625981386e+02
2.861198951262180117e+02
2.860997064194179416e+02
2.861708223334966306e+02
2.862200666431959348e+02
2.862535945672361208e+02
2.861169321632501692e+02
2.861242655243818831e+02
2.861530108675159454e+02
2.862311279378439508e+02
2.859595595100058176e+02
2.860121183110374545e+02
2.860791442090676924e+02
2.860757467194751484e+02
2.862412766853614698e+02
2.862126688078677716e+02
2.861193052080982966e+02
2.861230149613789990e+02
2.860621228553655442e+02
2.859231576559390646e+02
2.861202504447321076e+02
2.863374857798114022e+02
2.862324264527370019e+02
2.862439083203144605e+02
2.860803072792923558e+02
2.861970299458533304e+02
2.862878263203846245e+02
2.861763800000977085e+02
2.861095362499297607e+02
2.862037561301974051e+02
2.862754309631375804e+02
2.862188126337524636e+02
2.863120623364603148e+02
2.861938328719595006e+02
2.861096139553022226e+02
2.862218529744052944e+02
2.862674228805466328e+02
2.862854639567013919e+02
2.861361491965390087e+02
2.863072361499768022e+02
2.862269885361859565e+02
2.861223868128247432e+02
2.862627823540554459e+02
2.862669276074372533e+02
2.861755020220712709e+02
2.863808285556660849e+02
2.862749962593327950e+02
2.861081473280518708e+02
2.861465643691457217e+02
2.861745076938082661e+02
2.862285873582540603e+02
2.861819010979842801e+02
2.862035969493554717e+02
2.862862099247545871e+02
2.862549886538122905e+02
2.862010437780970165e+02
2.862867065436200846e+02
2.862198089723318049e+02
2.861574184831277989e+02
2.862067410902446341e+02
2.864299144381678275e+02
2.862111681781374841e+02
2.862726420938645902e+02
2.862838538171634468e+02
2.862948963367917372e+02
2.863387547825854540e+02
2.860993864772692064e+02
2.861269808730957038e+02
2.862294239304999905e+02
2.862530796506013644e+02
2.862211384029326950e+02
2.863130012743301904e+02
2.863477120614659270e+02
2.861478869784257881e+02
2.860746550253321061e+02
2.860674255609539500e+02
2.861049888891303112e+02
2.861009835718854788e+02
2.861694532406715439e+02
2.861330603821309637e+02
2.861186729870492513e+02
2.861306513360210602e+02
2.862181158632279789e+02
2.862690700801139769e+02
2.861627139047693049e+02
2.860017136908658699e+02
2.862532336004846911e+02
2.863609290012556698e+02
2.860940306247681519e+02
2.861159732954666310e+02
2.861962574747103076e+02
2.859711253645244824e+02
2.861718000516219149e+02
2.862081293517152289e+02
2.861806749272637376e+02
2.860331060605874995e+02
2.860417516859304783e+02
2.861922340073087412e+02
2.860884433875752961e+02
2.860023523894239474e+02
2.862357904856222035e+02
2.859475634489012350e+02
2.861100654107876267e+02
2.863535457581950254e+02
2.861346075361871613e+02
2.860196764720380429e+02
2.860198387595901295e+02
2.861212626280141080e+02
2.860054575928476766e+02
2.860489385103357449e+02
2.862270849345921988e+02
2.860003307617553787e+02
2.862217256156145595e+02
2.861415414339404037e+02
2.862362285946285851e+02
2.862085295267055471e+02
2.862405636860534628e+02
2.862418636879942255e+02
2.862306015016868628e+02
2.862394201323147627e+02
2.864483708554089390e+02
2.866150492056099210e+02
2.862750591372716826e+02
2.863778163617684527e+02
2.867127754067699357e+02
2.864885796827024365e+02
2.863587237008741226e+02
2.863837334202634679e+02
2.865244574003509115e+02
2.864603511060799974e+02
2.865012885635888438e+02
2.866815969183676884e+02
2.865962191615263350e+02
2.866598710849259533e+02
2.866176130316859485e+02
2.867261851164478230e+02
2.867702456613671416e+02
2.868024336361964401e+02
2.867802809531307844e+02
2.869345315606074678e+02
2.868829120852001324e+02
2.867987429279386333e+02
2.868644239609537294e+02
2.868838446919941703e+02
2.869867883852337513e+02
2.869909089626186756e+02
2.870854548917835132e+02
2.870711835642870255e+02
2.870600495736978814e+02
