2.419126113467119978e+02
2.417096361746001492e+02
2.416288991535782600e+02
2.416951364781910740e+02
2.414506635714510310e+02
2.415559337657151389e+02
2.414366968398251174e+02
2.416181099518960025e+02
2.417714402629414110e+02
2.415034381463838145e+02
2.414796057538916614e+02
2.412201326122064984e+02
2.410901427460202342e+02
2.408298502839029709e+02
2.411287910963592367e+02
2.413489536298891380e+02
2.412503456853499699e+02
2.410381499611115430e+02
2.410939996700136589e+02
2.413894539046413854e+02
2.415769104438797115e+02
2.418516544355221924e+02
2.414651368359867831e+02
2.407795850404012583e+02
2.414463268831799780e+02
2.413710162871863929e+02
2.408727782926956991e+02
2.408625276318857402e+02
2.411088915289403474e+02
2.414930557233836055e+02
2.409042560256481238e+02
2.408576826821410748e+02
2.412670702710464923e+02
2.406128853666443490e+02
2.392712619270965035e+02
2.402679640294419130e+02
2.407324423281339421e+02
2.403005127254442357e+02
2.409742266644464053e+02
2.405547826422532296e+02
2.404567428699896254e+02
2.403502852230245992e+02
2.408120076757637946e+02
2.415826210808673977e+02
2.411837662443080887e+02
2.414518456182076704e+02
2.411617584948000115e+02
2.412281354682852452e+02
2.410954848037176532e+02
2.407682267140115471e+02
2.405545086496093461e+02
2.407393644288509904e+02
2.404465544560947308e+02
2.397657626269558477e+02
2.400855203112307379e+02
2.406704813724583403e+02
2.405633483004898778e+02
2.404540437581833032e+02
2.411631421858400017e+02
2.408874075634759890e+02
2.409727756825426752e+02
2.408406614219992434e+02
2.405667924293006763e+02
2.402742698476480427e+02
2.403940981825667507e+02
2.405262828561259028e+02
2.407771654150423046e+02
2.409742220457628719e+02
2.408338560711138143e+02
2.411025494983352075e+02
2.409021504629586161e+02
2.405678707859443648e+02
2.406791930688093260e+02
2.408566267021861904e+02
2.405931098859419137e+02
2.408704387786133339e+02
2.406531189138216007e+02
2.406903094428544989e+02
2.410355340680076495e+02
2.412217845210034000e+02
2.406427241889902291e+02
2.406048325676910054e+02
2.406945432211138041e+02
2.412155820592601003e+02
2.410870593160282453e+02
2.410137958436444023e+02
2.407309148223691579e+02
2.404915364772454893e+02
2.404396359359094788e+02
2.407860046800863927e+02
2.408489255563009692e+02
2.404445453666959054e+02
2.407029766009445382e+02
2.408342063091675698e+02
2.404483556452145194e+02
2.404144493407558514e+02
2.407397604498311239e+02
2.405907389862404671e+02
2.408405645248500093e+02
2.405385187125006894e+02
2.404996629580177796e+02
2.409163202688610284e+02
2.406637772732731264e+02
2.402536598350546058e+02
2.407046645234622702e+02
2.411575643737848225e+02
2.405700367119242458e+02
2.406231331094310235e+02
2.409125535977645711e+02
2.408247989701528695e+02
2.409310582271219516e+02
2.409503036924600394e+02
2.401917026590843989e+02
2.396959347586476952e+02
2.398158680764009034e+02
2.393811632279711432e+02
2.395452758929337449e+02
2.399770708424768770e+02
2.399048826903738245e+02
2.394158496378354073e+02
2.402420998177694571e+02
2.401087710642994750e+02
2.396801414937062873e+02
2.397167217271670268e+02
2.393531930198498969e+02
2.390379802925017714e+02
2.398904964780938371e+02
2.392553952521529652e+02
2.392429696979058917e+02
2.395764098146408685e+02
2.395414904346675655e+02
2.404905970711523935e+02
2.400393218247087361e+02
2.388346521097101913e+02
2.387688741644777508e+02
2.396459696378966271e+02
2.397201630195486644e+02
2.394288120042313892e+02
2.394741141171614061e+02
2.399405968396243054e+02
2.398622384278123718e+02
2.388889072158723081e+02
2.377645510267967381e+02
2.383188605439578680e+02
2.388125805273266167e+02
2.392197080558352980e+02
2.396766969599743788e+02
2.394419231055254897e+02
2.397964822878095674e+02
2.396337656137175998e+02
2.399132080987876634e+02
2.398465521819370281e+02
2.400274113410993380e+02
2.398751728324039050e+02
2.400446757429239995e+02
2.401621177052430482e+02
2.399396787171129972e+02
2.402908086611372198e+02
2.407566717421768487e+02
2.404285755727413516e+02
2.406375642466355487e+02
2.402635255689684755e+02
2.406566313794213841e+02
2.410612588382947763e+02
2.406195605825091661e+02
