3.403560218266659945e+02
3.403450295549806128e+02
3.403440340117510345e+02
3.403245301723595162e+02
3.402971716434586256e+02
3.402803905894832610e+02
3.402755863653285360e+02
3.402876387278896004e+02
3.403208578247818537e+02
3.403480804996796110e+02
3.403689141146577981e+02
3.403650893602477367e+02
3.403411768433550719e+02
3.403269427535693126e+02
3.403133411220348421e+02
3.403020444932627129e+02
3.402962600727331051e+02
3.402877409253473502e+02
3.403069848331068101e+02
3.403415919855067386e+02
3.403443932242941514e+02
3.403650741343312234e+02
3.403538469771210089e+02
3.403356233237091146e+02
3.403191594234110084e+02
3.402885104478756944e+02
3.402746254651629556e+02
3.402656785314118792e+02
3.402542524946854314e+02
3.402567307788603443e+02
3.402841466896820748e+02
3.403219610888894522e+02
3.403139524097487651e+02
3.403083715837096292e+02
3.403532668942162331e+02
3.403251788891270166e+02
3.402931602911236268e+02
3.402731738271311883e+02
3.402653682400635375e+02
3.402626926900770741e+02
3.402694749940579300e+02
3.403190378784699419e+02
3.403599385445801886e+02
3.403919925673051807e+02
3.404312627009462631e+02
3.403947699891465390e+02
3.403442112900569327e+02
3.403117075739813231e+02
3.402970766607620021e+02
3.402791981771306382e+02
3.402685196368033189e+02
3.402508712842314935e+02
3.402549943363393936e+02
3.402909907472629811e+02
3.403558567409426701e+02
3.403267785877282563e+02
3.403745765745990752e+02
3.403477336354860086e+02
3.403652912095781744e+02
3.403320043568361939e+02
3.403077095002673786e+02
3.402723454280054511e+02
3.402587630172902209e+02
3.402618820597432432e+02
3.402886945097633884e+02
3.403664610825163663e+02
3.404291496487758764e+02
3.404698897991049193e+02
3.404785690773147735e+02
3.404135658242876161e+02
3.403533363400716780e+02
3.403160207795758083e+02
3.402814503150510177e+02
3.402737630717682578e+02
3.402885861975724424e+02
3.403294704517605851e+02
3.403854548513710938e+02
3.404320031615225730e+02
3.404017768009964584e+02
3.403853629705692470e+02
3.403872379435707103e+02
3.403424328973031265e+02
3.403106587141489285e+02
3.402967188337971152e+02
3.403121745317852174e+02
3.403638356854682456e+02
3.404765846742143367e+02
3.404845409336203375e+02
3.404627571407087885e+02
3.404584419533677533e+02
3.404197400364363943e+02
3.403890763779207873e+02
3.403518864571456675e+02
3.403153364520492801e+02
3.403262611648322036e+02
3.403953978798435287e+02
3.404274315777440165e+02
3.405172128135475873e+02
3.405485080482051217e+02
3.405172671933991069e+02
3.404524678934931785e+02
3.403665791267815734e+02
3.403620795940205426e+02
3.403367375094732097e+02
3.403368221849620454e+02
3.403902074156120534e+02
3.405067663663494386e+02
3.406184607813773368e+02
3.406316482024467405e+02
3.405703624184439491e+02
3.405275030005438452e+02
3.404338051074515192e+02
3.403674786827601224e+02
3.403454733324626318e+02
3.403349788043157673e+02
3.403404865200403151e+02
3.403903010955682475e+02
3.404530114145929360e+02
3.404860795403174052e+02
3.404912788112624753e+02
3.404944683886471353e+02
3.404395475282776715e+02
3.404354910057950860e+02
3.403793882019727448e+02
3.403517767957373508e+02
3.403523450161754340e+02
3.403431954609268359e+02
3.404020769858433368e+02
3.404910959923942642e+02
3.405683932663450264e+02
3.405526837877434332e+02
3.405586180632072342e+02
3.404730514373246137e+02
3.404698633589954966e+02
3.403691573645218682e+02
3.403364702773812382e+02
3.403405339798056275e+02
3.403617426771273244e+02
3.404502824980950777e+02
3.405705138584150973e+02
3.405487300608741634e+02
3.405443706736168110e+02
3.405052770704966747e+02
3.404083684257692539e+02
3.403516362243748858e+02
3.403404384393692794e+02
3.403163641478858494e+02
3.403483103616558765e+02
3.404398088968692377e+02
3.405073033236274682e+02
3.405570495541899732e+02
3.405367555599781895e+02
3.405487381579125099e+02
3.404276862975718814e+02
3.403747086499951706e+02
3.403223108631228797e+02
3.403105218697627947e+02
3.402879339648496284e+02
3.402831947807343909e+02
3.402830197054435644e+02
3.403264505729098914e+02
3.403933213780491656e+02
3.404221028553710653e+02
3.404373821670256461e+02
3.404566867537547523e+02
