2.869844654089092160e+02
2.869641206936561844e+02
2.869337470531090162e+02
2.870074096569830431e+02
2.869103511735422103e+02
2.868900301160178401e+02
2.869442045492426132e+02
2.869819871051875566e+02
2.869067740005304472e+02
2.869261628142411382e+02
2.869341176757174594e+02
2.869139981599539055e+02
2.866871473748569770e+02
2.866581291421654782e+02
2.867595951369662544e+02
2.867842115442273894e+02
2.867639707676947296e+02
2.867167531255840913e+02
2.868245518329919150e+02
2.868961991404059972e+02
2.869584690383939574e+02
2.869295346583957667e+02
2.868318885111282270e+02
2.867286043179342983e+02
2.869117135313762788e+02
2.867842190426616185e+02
2.866923543228276117e+02
2.867366422723158053e+02
2.868947490624847774e+02
2.869151453167600607e+02
2.867899149569399810e+02
2.867026144253613325e+02
2.868794356720638348e+02
2.868357030207914136e+02
2.865802155210744218e+02
2.865878481198500367e+02
2.866604203230447752e+02
2.865651316509311641e+02
2.867166808577912889e+02
2.865592258131308654e+02
2.866268158818619440e+02
2.866189670086985188e+02
2.868004895566594996e+02
2.869607481337416743e+02
2.869333742328096264e+02
2.869090250279302268e+02
2.868767218856536942e+02
2.869218530424380447e+02
2.868624539606358326e+02
2.866450009631537910e+02
2.866330099098574919e+02
2.867266915776221481e+02
2.866234650630873944e+02
2.865254885365779387e+02
2.865522786468828826e+02
2.867438574859099845e+02
2.866566696759486490e+02
2.867185531030006587e+02
2.869003285301520236e+02
2.868550283994650272e+02
2.868054845721897550e+02
2.868172445709504927e+02
2.867359479844428165e+02
2.866373580353222792e+02
2.866440615235759992e+02
2.867290671015679777e+02
2.867679116238099368e+02
2.868107848812909992e+02
2.867591810487583075e+02
2.868791126525183586e+02
2.868811839627387599e+02
2.867969148608997330e+02
2.868170189522299438e+02
2.868416265212900385e+02
2.868431572469947355e+02
2.868687881632253607e+02
2.868144812665485119e+02
2.868797084943409459e+02
2.870063645491709963e+02
2.869804565875523394e+02
2.868426068146054035e+02
2.868551746690997675e+02
2.869636093979777343e+02
2.869605589114430586e+02
2.869771781867093523e+02
2.868716150940019247e+02
2.867373917166887054e+02
2.867252220936036338e+02
2.867008168021305892e+02
2.869043422422398066e+02
2.868056083564963501e+02
2.867703810605656258e+02
2.868099932626889199e+02
2.868591587254821320e+02
2.868149023688181387e+02
2.867973956514001088e+02
2.868226704580386013e+02
2.868459415361427887e+02
2.868380216496678941e+02
2.867736160324128036e+02
2.868043710336750109e+02
2.870116889621995142e+02
2.868585292657789410e+02
2.867280348828633123e+02
2.869985868283629884e+02
2.870235947898139557e+02
2.868809189696777935e+02
2.869890198580954461e+02
2.869885662766042174e+02
2.869614232688684297e+02
2.870711929260228317e+02
2.870870035812549190e+02
2.868049948541286653e+02
2.868684648818266965e+02
2.867956461673874742e+02
2.865762136084891836e+02
2.866447469292116921e+02
2.867037795166115188e+02
2.866900596476725127e+02
2.867451228795551970e+02
2.868196556033195179e+02
2.867797517221629846e+02
2.867842620421180868e+02
2.867908260397696267e+02
2.866528008505669618e+02
2.866729723141584714e+02
2.867879840578930839e+02
2.866304940748383956e+02
2.866050904373096273e+02
2.866785320475386811e+02
2.868441768791149684e+02
2.871205976978279182e+02
2.869887479076987802e+02
2.866975709042253015e+02
2.867523716795436712e+02
2.869358121180541161e+02
2.869517160253132602e+02
2.868428575185454861e+02
2.869170392104050507e+02
2.869518159629751040e+02
2.869213570041822550e+02
2.868412141758245752e+02
2.866804695123300348e+02
2.866419932850251939e+02
2.867146124797273501e+02
2.869207783642164600e+02
2.870043036281765012e+02
2.869386323302305186e+02
2.869796246401829762e+02
2.871033582037001111e+02
2.871736357189321325e+02
2.870702920647350993e+02
2.871913714315130619e+02
2.872437770217720185e+02
2.872588519267661127e+02
2.872580654355182901e+02
2.873528409150800940e+02
2.874946167905905554e+02
2.876131876490277364e+02
2.875006596192094435e+02
2.876354953526840177e+02
2.875267810964378441e+02
2.876410084297280605e+02
2.876959014119112794e+02
2.876335413196572404e+02
