2.379876766825348113e+02
2.378221055189637525e+02
2.379413154277705189e+02
2.377485914916826744e+02
2.376320094916942480e+02
2.379730133682838868e+02
2.379227634889328158e+02
2.379644068704044741e+02
2.379548827416768688e+02
2.379491583871974001e+02
2.380735914676063487e+02
2.376895424170073454e+02
2.374735649314318096e+02
2.378950491520515413e+02
2.379479956996299279e+02
2.376273070260300244e+02
2.377052327742687510e+02
2.374557592286789713e+02
2.377102409276796777e+02
2.376673780672415148e+02
2.375809130946657888e+02
2.373650457089362078e+02
2.375941581479945341e+02
2.375427551993123814e+02
2.375983782225004006e+02
2.375193903140058467e+02
2.374141271108678666e+02
2.376069847784834792e+02
2.376928482063230774e+02
2.379276432030328579e+02
2.378587626321403548e+02
2.378093144024574030e+02
2.377778361019192914e+02
2.372751331401922243e+02
2.371294904370448933e+02
2.370801454202819514e+02
2.372616202980627520e+02
2.376184883457646038e+02
2.374137751855922431e+02
2.377571704745045054e+02
2.373007893519036031e+02
2.374280320914857612e+02
2.376306818256748556e+02
2.374150452015568646e+02
2.375250387562211642e+02
2.379344012177631384e+02
2.375953591044223288e+02
2.375756225888250412e+02
2.374380136580317355e+02
2.378088410485515851e+02
2.378668045012425409e+02
2.376997222045700937e+02
2.375776104751514595e+02
2.375034227446160173e+02
2.375088492115301335e+02
2.375694109541461785e+02
2.375779710825727022e+02
2.376365971979170411e+02
2.378902608874336693e+02
2.375969224153364792e+02
2.380471896199088633e+02
2.377949302337181905e+02
2.374179769657099826e+02
2.372562406737563094e+02
2.377770130979291707e+02
2.378316345192995698e+02
2.377684415381902170e+02
2.379639567562718128e+02
2.378149402131549266e+02
2.378710583875717077e+02
2.380410693774497020e+02
2.378973361771320185e+02
2.374890181961675353e+02
2.376138749032590738e+02
2.377042533860623053e+02
2.377152799282731337e+02
2.379304030802757097e+02
2.382962644694910068e+02
2.383651128631858853e+02
2.382204536734730880e+02
2.380102358863160532e+02
2.379569150118354344e+02
2.377862496509395385e+02
2.380240188974826196e+02
2.380087454532322511e+02
2.380991257487061148e+02
2.379131440818893282e+02
2.381378173378188023e+02
2.381592865745220990e+02
2.379482096350980953e+02
2.378764686552517560e+02
2.379006944477600598e+02
2.379059223043663849e+02
2.381027750990304810e+02
2.380456253708171346e+02
2.379391599897562628e+02
2.380534686947000012e+02
2.379420291333586590e+02
2.382697806131116920e+02
2.380551899222528220e+02
2.379660646898614971e+02
2.384054250210877228e+02
2.379834310136774036e+02
2.377696700847625380e+02
2.378979483214380934e+02
2.379231017259128009e+02
2.380095463105273836e+02
2.380342466702356603e+02
2.383656510362810650e+02
2.379828045582496543e+02
2.379621885289201373e+02
2.381826579508831685e+02
2.379436964020535470e+02
2.376511672340205621e+02
2.378444833622849899e+02
2.375977094776784497e+02
2.377533716090250948e+02
2.380611817615086920e+02
2.378911323805312747e+02
2.376215424461687746e+02
2.378179441650174795e+02
2.378405659503176537e+02
2.379557204846945524e+02
2.380088162421657216e+02
2.377096473528617082e+02
2.377823582649790524e+02
2.378199022865609038e+02
2.375781902448636629e+02
2.375752119820120640e+02
2.377553726535277576e+02
2.376746110964172374e+02
2.378379931195056542e+02
2.376654065209885403e+02
2.372213965167109393e+02
2.376611816963055901e+02
2.374651811214376664e+02
2.374284005163640643e+02
2.373736284276511981e+02
2.375149383085546333e+02
2.376692284856176514e+02
2.377593366919877838e+02
2.374167329987093638e+02
2.369361987524138158e+02
2.368880416413370824e+02
2.370242616750845173e+02
2.372461508401504489e+02
2.374254951996362308e+02
2.377513959782159816e+02
2.374819742821929367e+02
2.378473331386337577e+02
2.377655024072699632e+02
2.379015770618209444e+02
2.378207507295999221e+02
2.375186837583958948e+02
2.374734907127472070e+02
2.376954807983222508e+02
2.375241707481656874e+02
2.376784233173060841e+02
2.375321745512559346e+02
2.374639474146438261e+02
2.377299102649663212e+02
2.380466592762313951e+02
2.378863866006425098e+02
2.377865396539477558e+02
2.379089790988079187e+02
