1.030485307338661869e+02
1.025746895089460367e+02
1.028821699450517855e+02
1.031391202111223038e+02
1.030702737242471017e+02
1.028685563901854465e+02
1.028160150515894884e+02
1.029036310114051531e+02
1.027362625760707857e+02
1.025952281990181518e+02
1.032589856391672498e+02
1.042546493112889152e+02
1.031952004173944601e+02
1.030263094287861918e+02
1.029993591440758109e+02
1.032134444506469464e+02
1.033457024789007477e+02
1.028202168205372544e+02
1.033214937731404888e+02
1.034312948198553244e+02
1.034613340472609906e+02
1.032743392316907034e+02
1.029173297305796950e+02
1.034232577753675173e+02
1.030632054144280687e+02
1.033902851354539649e+02
1.034275700357003558e+02
1.033341612186146250e+02
1.028828475049939328e+02
1.030916887376848337e+02
1.027448322123035638e+02
1.032247678191779272e+02
1.030329693375056053e+02
1.038474722044280867e+02
1.053202106426533646e+02
1.037248569153440059e+02
1.035011614137473970e+02
1.033003585631768715e+02
1.028908036458985436e+02
1.036261167240375443e+02
1.030706127913475001e+02
1.034875628748855121e+02
1.030662518147157698e+02
1.036848172217747361e+02
1.029752733066037678e+02
1.032127903986798714e+02
1.032561234714065677e+02
1.030930822506461624e+02
1.033908909719073819e+02
1.024451444071290354e+02
1.030765036439938171e+02
1.027651529657054112e+02
1.031525354154522205e+02
1.035565581874038941e+02
1.036256864630323662e+02
1.033814871863564377e+02
1.029906075028900290e+02
1.030687197313804404e+02
1.031142791109587620e+02
1.027611632039339042e+02
1.033226200838890207e+02
1.030504551622493210e+02
1.036515729342439869e+02
1.033984324687512668e+02
1.031293231482215020e+02
1.026450967675651071e+02
1.035577005561966075e+02
1.025602730050855627e+02
1.031359232996687609e+02
1.028411075137921245e+02
1.030515629283740253e+02
1.028228568773228062e+02
1.029874614876015784e+02
1.032763984910310313e+02
1.028335632780121358e+02
1.027186620949168514e+02
1.027192117492279522e+02
1.021995938524206622e+02
1.028353345443891840e+02
1.031128526687710973e+02
1.023062993376958048e+02
1.024353271886875376e+02
1.026046339575578372e+02
1.028602631706695405e+02
1.029806100718926842e+02
1.028592301757596488e+02
1.029365167099716274e+02
1.032272335688676321e+02
1.026616710613538999e+02
1.027854910429406203e+02
1.031342239380458068e+02
1.027776695339919826e+02
1.027290548785973243e+02
1.027231375749250333e+02
1.030980072501222793e+02
1.029094229524034319e+02
1.023416683814995167e+02
1.031036615674731820e+02
1.022836053281399558e+02
1.029486046330977160e+02
1.028581950515313252e+02
1.027319128207212202e+02
1.029403870827576526e+02
1.030402315139432545e+02
1.024293432036282638e+02
1.033182031102546148e+02
1.025975777375952447e+02
1.032424634229300437e+02
1.029208031459181001e+02
1.029273500233994554e+02
1.026621763122020212e+02
1.024131408666075913e+02
1.032840032082390280e+02
1.038210308286652008e+02
1.034142063766552155e+02
1.036025736997087705e+02
1.024674724095931850e+02
1.033371349540928890e+02
1.034081349305316593e+02
1.031226277496026142e+02
1.028793991183987515e+02
1.032613579272377820e+02
1.028463589357748305e+02
1.032149360193675989e+02
1.030378029909546029e+02
1.030534004929703542e+02
1.033743533368467524e+02
1.027484190322771695e+02
1.027494830690927756e+02
1.038679298736321215e+02
1.025151460979261628e+02
1.026613724105824446e+02
1.038146071112102504e+02
1.037120441484989755e+02
1.036498476371114208e+02
1.037265708640390613e+02
1.029092628854786966e+02
1.030876642745896561e+02
1.027635836073809372e+02
1.032595235920832692e+02
1.030458746123495217e+02
1.035578296885373817e+02
1.048431571410357606e+02
1.043463980422755100e+02
1.033227605503200977e+02
1.026343632819535543e+02
1.024512643046520992e+02
1.027444065414463950e+02
1.025603582775494260e+02
1.029785191680175132e+02
1.020632325215104856e+02
1.026624678582094248e+02
1.034946444910915915e+02
1.021423967035410811e+02
1.028934243389955441e+02
1.027215510460226398e+02
1.033977938946979407e+02
1.022876083927254030e+02
1.025543935234186534e+02
1.026315390313076676e+02
1.021500137308376139e+02
1.030846440594738738e+02
1.022520529350961169e+02
1.019575875994150209e+02
1.024532580684704755e+02
