2.860857606239779898e+02
2.860390669160676111e+02
2.860175703815783663e+02
2.860292285184439152e+02
2.860318776151637508e+02
2.860116732529399428e+02
2.860430101803095226e+02
2.861877528661835299e+02
2.861556328738073489e+02
2.860983253703499827e+02
2.861279886226864164e+02
2.859244931015644511e+02
2.858354744580017837e+02
2.859757889123666246e+02
2.861314584901896296e+02
2.859870697757845051e+02
2.860476750427240518e+02
2.860413738290718015e+02
2.859989018368799520e+02
2.860657172307305132e+02
2.860640162262434956e+02
2.860456054573442088e+02
2.860049934085427026e+02
2.859222160394040202e+02
2.860692379227270976e+02
2.858528913507587390e+02
2.860070542024265592e+02
2.861854447530188850e+02
2.859410152374456402e+02
2.861032258227584748e+02
2.861601245338923150e+02
2.860490611140549504e+02
2.861025976125246757e+02
2.861291195083645107e+02
2.857126724761529317e+02
2.859339750939673195e+02
2.859890336008064082e+02
2.858702650727056493e+02
2.859517700598653960e+02
2.858841276426449554e+02
2.858283911738015490e+02
2.858683256715799530e+02
2.859160854510937497e+02
2.860622188415558753e+02
2.861056825521316682e+02
2.859453944014816784e+02
2.859238202762067544e+02
2.860200243484413818e+02
2.860064122293776450e+02
2.858696662583521970e+02
2.859752208354170193e+02
2.860551780787619691e+02
2.858259261990714322e+02
2.857392379771685569e+02
2.856575090054722637e+02
2.856567434795499025e+02
2.856882245394804727e+02
2.858592922347310719e+02
2.858042463047897854e+02
2.857533127284204966e+02
2.858105695891074447e+02
2.857548836075592931e+02
2.857338938812094398e+02
2.858270882414679477e+02
2.858999779703462423e+02
2.857982375286858883e+02
2.857454768086450940e+02
2.859417594028624308e+02
2.857058889288743444e+02
2.859209748282152646e+02
2.860237295498871504e+02
2.860128942193705939e+02
2.858902542234912403e+02
2.858811845713078128e+02
2.859255021062305104e+02
2.859546615847598900e+02
2.859196805013488643e+02
2.858603693689711918e+02
2.857773283168082799e+02
2.858395059103268636e+02
2.858262318612627837e+02
2.858515348077327758e+02
2.858375825732508133e+02
2.859023001296999382e+02
2.860559124337607386e+02
2.858803154548531325e+02
2.856590810858899090e+02
2.857996393056531588e+02
2.859658475041246106e+02
2.860120637117838100e+02
2.859928174722116978e+02
2.859821558638404895e+02
2.861713479751869613e+02
2.860698258174491002e+02
2.859097982226210206e+02
2.861569483156985712e+02
2.861749054861015225e+02
2.858869590122850468e+02
2.859735950839331053e+02
2.861845372622289005e+02
2.862145179345301926e+02
2.861261227658696953e+02
2.861136492004934553e+02
2.859729554460491272e+02
2.860067653004446697e+02
2.860316188525425218e+02
2.859613446153813356e+02
2.860722372181741662e+02
2.861466387526855328e+02
2.859777911216589814e+02
2.860960657563636573e+02
2.861589015670575691e+02
2.861260068599406736e+02
2.859965484493087047e+02
2.861667119654953808e+02
2.861087154579716412e+02
2.860318161782676611e+02
2.859340148560053194e+02
2.861648191519947773e+02
2.863180391529743929e+02
2.861665220549354558e+02
2.862953632083421098e+02
2.862071195533172272e+02
2.861147483401124987e+02
2.862634768641626692e+02
2.863103649040065761e+02
2.861340589875103433e+02
2.862332210930327960e+02
2.862433159924339634e+02
2.862373738030823915e+02
2.865978002495994588e+02
2.865209952339577626e+02
2.864025016918732831e+02
2.862895738611135812e+02
2.862425404312634214e+02
2.864698048528940717e+02
2.864520460273604954e+02
2.866640721305657848e+02
2.865997266714514922e+02
2.865060515037560549e+02
2.866585462287531527e+02
2.866142481371612121e+02
2.865188751728993566e+02
2.866337822700072593e+02
2.865585286053581626e+02
2.867529130456942426e+02
2.865872256012692674e+02
2.866677783630070167e+02
2.867553626614774771e+02
2.867314754503422591e+02
2.868641532667580805e+02
2.870131327934511205e+02
2.866924573173731119e+02
2.868330273700930775e+02
2.867847163534054857e+02
2.866868905781328181e+02
2.868627708501745133e+02
2.870147948355369181e+02
2.868543580963050204e+02
2.868529758451387011e+02
2.869873766278388985e+02
2.868789477040178895e+02
2.871342930527757176e+02
2.870130074878605342e+02
2.869260566556054073e+02
