1.004370488604157714e+02
9.983168429155178103e+01
1.001728196256267012e+02
1.003938704082166140e+02
1.000276984720748175e+02
1.001028250278260288e+02
9.972299405926645477e+01
1.002932458297556622e+02
1.002983931033682694e+02
9.991695393818581294e+01
9.985625928768179449e+01
1.007586017610548197e+02
1.008358033019542859e+02
1.000127764262580854e+02
1.002686861816116135e+02
9.988603455767719197e+01
1.005837301032539841e+02
1.004544415643079134e+02
9.996180974598387081e+01
9.972258229798937634e+01
1.000793888857345877e+02
1.001224781328752869e+02
9.950499987548654701e+01
1.002647651039316514e+02
1.003638831858416864e+02
9.986757730397557964e+01
9.991216620122564507e+01
9.998740536400201506e+01
9.995615404925685255e+01
9.984014725089953401e+01
1.002397179875732860e+02
9.999877638264582913e+01
9.975749743531345359e+01
1.012804220423314376e+02
1.035756039443237029e+02
1.007391263910969457e+02
1.005854950782524355e+02
1.007449578650553690e+02
1.002403877266389571e+02
1.002190772680895066e+02
1.002259725508088906e+02
1.007433351317599062e+02
1.003251585212706658e+02
1.005017763646318372e+02
9.996875949738135603e+01
1.002605780677542384e+02
1.004137730023509363e+02
1.002862046947937387e+02
1.003083147899212690e+02
1.001062183883615262e+02
1.001946535045717610e+02
1.004004027950638260e+02
1.007693258496261848e+02
1.017419046840521020e+02
1.009610109714555648e+02
1.005458297727694372e+02
1.005456540927728071e+02
1.001694829795593051e+02
1.000004300750991746e+02
1.001565325497122103e+02
1.002519667140427373e+02
1.000793716003656328e+02
1.011883775718360852e+02
1.012982607013405669e+02
1.001806802205043851e+02
1.004169914899986935e+02
9.999453854565679478e+01
9.983547488592944319e+01
1.003003440277023515e+02
1.001307090546571317e+02
9.979028614818160747e+01
1.002054354799175115e+02
1.001477230613559612e+02
1.004207409310420616e+02
9.996364730953689559e+01
1.002505726733999296e+02
9.997282363206414857e+01
1.000426812543988291e+02
9.974395263467141604e+01
1.003671393800401006e+02
1.000345043062936838e+02
9.983479662364008789e+01
1.003303755603456437e+02
9.982082187638347648e+01
1.002607213017947032e+02
9.993772140800837178e+01
1.000845808297255388e+02
9.991480793103488622e+01
1.002290115362390424e+02
1.001118204546173871e+02
9.997170400190260864e+01
1.002287345970666337e+02
9.989405214185531179e+01
9.985599743293199992e+01
9.993469870156478407e+01
1.002670557515608465e+02
1.003480208216093814e+02
9.999829125547859121e+01
1.000915777303888348e+02
1.005984287900852365e+02
9.986126781928896889e+01
1.004314974465652313e+02
1.002174920112490355e+02
1.002908225531906652e+02
1.004297472020139708e+02
9.996916643253474888e+01
1.003366365337386554e+02
1.009241650658383236e+02
1.004207719011080115e+02
1.003918475874597362e+02
1.004914211894495537e+02
1.002478704543138264e+02
1.007376828227648531e+02
1.021364652854380637e+02
1.017775455611150761e+02
1.014161667910716460e+02
1.008279061602251971e+02
1.014390251623965895e+02
1.008482389626993410e+02
1.005341001278417394e+02
1.006323391257594295e+02
1.008268472315772186e+02
1.010871276367163745e+02
1.006878892216167714e+02
1.006968880355651095e+02
1.006628995883297506e+02
1.009459190077145649e+02
1.008187813889183957e+02
1.002411396453743606e+02
1.004492192055516142e+02
1.004413514620400179e+02
1.004567593356935475e+02
1.007938373696532608e+02
1.011908619888517933e+02
1.009003154436232279e+02
1.007615116128750827e+02
1.001985683542928172e+02
1.004394778982123739e+02
1.003627384465727488e+02
1.000139373042613897e+02
1.001747995123793089e+02
1.016305100101792078e+02
1.031156721264989642e+02
1.015689112916156063e+02
1.006575408286311841e+02
1.000292666165152156e+02
9.959774980768168007e+01
9.996011177902020961e+01
9.974738699084339544e+01
9.948070281591185449e+01
9.961969515184746626e+01
9.986926143976880610e+01
9.987258237942238281e+01
9.949928641396481055e+01
9.895048399954821150e+01
9.981819937751804162e+01
9.950866929343328593e+01
9.912580495357117627e+01
9.939185370002240916e+01
9.908814073083078711e+01
9.888368784689095037e+01
9.932497831031959379e+01
9.920157291095161156e+01
9.897053737281645169e+01
9.893482794655183454e+01
