2.863282446643319759e+02
2.865463933878073703e+02
2.865868000183436379e+02
2.864813595993597346e+02
2.865015736069381660e+02
2.865811872161592646e+02
2.866707790538826544e+02
2.865967473123648119e+02
2.864983588112226585e+02
2.866804053148633216e+02
2.865793271009002297e+02
2.865689800335637187e+02
2.865004450581743640e+02
2.865622811259210607e+02
2.864848003987187326e+02
2.865275582311218727e+02
2.864753839450775104e+02
2.863774565530902123e+02
2.864563786627859940e+02
2.866624107259597736e+02
2.865310304860427095e+02
2.865428870589935855e+02
2.866127755757655109e+02
2.866240251297076611e+02
2.865238852959376459e+02
2.865761085829726653e+02
2.867056833511412037e+02
2.866452335090787642e+02
2.866269942926674617e+02
2.865821397668628947e+02
2.865060854672477717e+02
2.864879755867168001e+02
2.866324262674508532e+02
2.866884716193578129e+02
2.863054842470594963e+02
2.863190148996573612e+02
2.864355012366530104e+02
2.863732953244164605e+02
2.863993897572427727e+02
2.864297233578916462e+02
2.865061032713850295e+02
2.865088570856151478e+02
2.863392177552092903e+02
2.863764860590925423e+02
2.864130241856261705e+02
2.864973271544514546e+02
2.864483162632918720e+02
2.864090539028653097e+02
2.865450957219783845e+02
2.866333367607883815e+02
2.866883833107532951e+02
2.864958292665940007e+02
2.864283005921815857e+02
2.862978440113959664e+02
2.862674966561464771e+02
2.863493181295432350e+02
2.864568159307711426e+02
2.865000556601548283e+02
2.866056201911762855e+02
2.865431602106324362e+02
2.865326008408040366e+02
2.865934061377324156e+02
2.865032269019056343e+02
2.863125342616414741e+02
2.864543424029119478e+02
2.865411537284063002e+02
2.866084065805313230e+02
2.868396149217110747e+02
2.869134684893568306e+02
2.868123519175549632e+02
2.868935442356673775e+02
2.869974931725660099e+02
2.868582953987913129e+02
2.867999187426345884e+02
2.868887626294236384e+02
2.868752188645316323e+02
2.867548922268176170e+02
2.868424751479189467e+02
2.869057635074016730e+02
2.868644727219485162e+02
2.868476726134658179e+02
2.869547291327700691e+02
2.869346053736841782e+02
2.868650210114111019e+02
2.868628139453567201e+02
2.869213791747695836e+02
2.870392236189136952e+02
2.869551756364555217e+02
2.869029125257413853e+02
2.867951111211082207e+02
2.868358784907302947e+02
2.869646583268454378e+02
2.868843553335983074e+02
2.868754386678157289e+02
2.868497686434417915e+02
2.869060664059534815e+02
2.868101943439582442e+02
2.869836568394500205e+02
2.870678533123043508e+02
2.869229560528990532e+02
2.870992493152821794e+02
2.870480507573122964e+02
2.869402422490731510e+02
2.868759951558623129e+02
2.868497050677511311e+02
2.869120227868552888e+02
2.869480723220300433e+02
2.867954300854001417e+02
2.867848238664665814e+02
2.869483661778149894e+02
2.868104543168281566e+02
2.869073706666350176e+02
2.869143778273325438e+02
2.868086915455131134e+02
2.866950064146345198e+02
2.866432338245231790e+02
2.867325288787060913e+02
2.865948242245019628e+02
2.866678688085369799e+02
2.867473456686597046e+02
2.869497928137079725e+02
2.868859934756703751e+02
2.868188951442284065e+02
2.867747836825286640e+02
2.868432373894680154e+02
2.869490082103336590e+02
2.869432793962092205e+02
2.868238811081622543e+02
2.870039939094770602e+02
2.870977028571343226e+02
2.873047770607946063e+02
2.871737598110175327e+02
2.872742602020076106e+02
2.871456719662841692e+02
2.871070637276013144e+02
2.870919364061551846e+02
2.871111083025530775e+02
2.871819536711660135e+02
2.871589865968905997e+02
2.872622850245926998e+02
2.876305670233172691e+02
2.874065839797993931e+02
2.870205734986882931e+02
2.871823302781480720e+02
2.872131288584855042e+02
2.873696435535316027e+02
2.876125510133301759e+02
2.875313091562275645e+02
2.874991947033452675e+02
2.875959051135275217e+02
2.875927005706179216e+02
2.878287271355926578e+02
2.878505711542343874e+02
2.877642668195186957e+02
2.879738610636838985e+02
2.879206088483122699e+02
2.878787014766605239e+02
2.879054652505881222e+02
2.879718293428765037e+02
2.879565179562167714e+02
2.881363341743972910e+02
2.880985086807206130e+02
2.880417768211407292e+02
2.880546419767346151e+02
2.882369472739908360e+02
