2.399577479075837516e+02
2.397760703274266518e+02
2.397860279974903790e+02
2.398701947316006908e+02
2.399912674626577029e+02
2.399150189898952021e+02
2.399418699457373521e+02
2.398247790154686072e+02
2.399135691086894724e+02
2.400228956817578307e+02
2.400922349007170169e+02
2.395246473602008734e+02
2.394591837816240059e+02
2.394232853120305151e+02
2.397136811316021294e+02
2.398694264260755062e+02
2.395995160731187923e+02
2.395433027131322206e+02
2.396144914472146468e+02
2.393827867935316647e+02
2.397567668483150101e+02
2.397683316344636069e+02
2.398634083414279701e+02
2.396861719582454100e+02
2.397524824138798465e+02
2.398377627365413218e+02
2.400301228834075573e+02
2.400450303650087278e+02
2.397530779625467403e+02
2.399550686295736739e+02
2.396304364359770318e+02
2.396157624000220210e+02
2.395182133756136409e+02
2.389814691869501075e+02
2.382609924169900069e+02
2.390426389631229540e+02
2.392432313599129259e+02
2.396523309880115278e+02
2.398225440210241857e+02
2.399079429348341534e+02
2.396382254138770520e+02
2.393919720092042382e+02
2.395225415992984210e+02
2.398781932267200716e+02
2.396544843823489828e+02
2.398813946893260436e+02
2.398690359981048914e+02
2.396630596589787103e+02
2.395359924382677264e+02
2.395557438013611602e+02
2.396131420715123852e+02
2.394316194996966658e+02
2.393976593942227566e+02
2.388631381327127201e+02
2.392571570755419827e+02
2.397188006186494533e+02
2.397096050516233561e+02
2.391938946790555462e+02
2.392845875123344683e+02
2.395352332244370075e+02
2.393490886291191657e+02
2.393197659383978646e+02
2.392961523081172857e+02
2.394578002960365382e+02
2.393023078866332582e+02
2.393911908229050596e+02
2.395391132528413038e+02
2.395844653141248557e+02
2.398931416906713991e+02
2.396304135599180825e+02
2.392002405789054365e+02
2.399668168823951930e+02
2.399605158192545957e+02
2.396672942836351297e+02
2.397527104721773412e+02
2.395322213316528916e+02
2.395194610826656287e+02
2.395938725225237533e+02
2.396574449775131654e+02
2.394362039560819255e+02
2.395563610233516840e+02
2.397851855069241367e+02
2.393854870236235399e+02
2.397098446536374752e+02
2.396985711774129868e+02
2.396323725189071467e+02
2.398702310333292189e+02
2.397347007818742384e+02
2.399651712933707302e+02
2.396216934122559508e+02
2.398402939354565149e+02
2.395801283696052906e+02
2.398351866520641806e+02
2.398702548062002506e+02
2.396222097791878696e+02
2.395367791417202170e+02
2.397669985166522508e+02
2.397763155806260045e+02
2.397168943453972645e+02
2.399822060287144438e+02
2.397297890341118318e+02
2.398656462861990804e+02
2.393985993370011158e+02
2.396417675637419507e+02
2.394907206932733743e+02
2.394087848172900976e+02
2.392668929290959170e+02
2.398310943489466069e+02
2.394252706323620714e+02
2.398771043290459204e+02
2.397031016274287367e+02
2.394239100827604432e+02
2.393200015703586985e+02
2.385350303849847649e+02
2.386029776558823698e+02
2.386926372052097634e+02
2.390816790612337002e+02
2.389721695358309717e+02
2.390517476974368947e+02
2.394018276798364013e+02
2.395918222868833993e+02
2.389211346230549395e+02
2.387511797929307420e+02
2.390376358233162080e+02
2.391487586896083997e+02
2.389985263400645010e+02
2.389447018093025861e+02
2.392150173104961652e+02
2.391648380320736749e+02
2.388257748161000507e+02
2.389512034596728256e+02
2.391469596618516107e+02
2.391612391408974361e+02
2.387089394607158113e+02
2.390486670724508258e+02
2.386700858592363375e+02
2.390828753814250831e+02
2.390907329447337304e+02
2.392254565329111813e+02
2.391073613181455357e+02
2.391712040925663132e+02
2.389689435725800593e+02
2.380393915933027529e+02
2.383134039270559867e+02
2.385868539319739341e+02
2.386712305136641987e+02
2.390197232593526735e+02
2.392649968536927645e+02
2.393036423351024098e+02
2.395268761982827925e+02
2.398276156712183820e+02
2.395946473585755996e+02
2.396491006660885432e+02
2.398403047067327236e+02
2.396872385738577123e+02
2.395714136613532617e+02
2.395771570939666901e+02
2.393235652616494065e+02
2.396141172091812450e+02
2.398910456731012175e+02
2.400346265345577592e+02
2.399108440741598827e+02
2.397254542214061530e+02
2.398093578259655203e+02
2.402722502825617994e+02
