1.001005058933359493e+02
1.003348218766263500e+02
1.003066716697852598e+02
9.973290119187788605e+01
1.001908371976142007e+02
9.989976036466454445e+01
1.003739858729158385e+02
1.000448225903047614e+02
9.995132519332808840e+01
1.001429713424946613e+02
9.993892004716742861e+01
1.008599602797254278e+02
1.012014898813824999e+02
1.001743886002890207e+02
1.000110627868811690e+02
1.002166640239781117e+02
1.003536153767493744e+02
1.002734326516801389e+02
1.006365306720131088e+02
1.007143989462970666e+02
1.000437027252289255e+02
1.003448977608432102e+02
1.000341595914807016e+02
1.004884362782891145e+02
9.984808881370322808e+01
9.982781555731982337e+01
1.000936425285095623e+02
1.001216649237584164e+02
9.996242419667645152e+01
9.993804853571754165e+01
1.005129031563780444e+02
1.005070571753861373e+02
1.002782976558434456e+02
1.011987396891666862e+02
1.031924485467905015e+02
1.014597367213303443e+02
1.005203198827857278e+02
1.001360612737826017e+02
1.002626420885302849e+02
1.000626016699977185e+02
1.004087599226049718e+02
1.005870785736666591e+02
1.001724044426498921e+02
9.996288499909333325e+01
1.001502009854107769e+02
9.993020301435302599e+01
1.002284366945768284e+02
1.006056231403582615e+02
1.003270193346049410e+02
1.005252347742808894e+02
1.004185324251053117e+02
1.005371696163850999e+02
1.009328097425262314e+02
1.016907478923970984e+02
1.007456578669919480e+02
1.001641239148280675e+02
1.005536525949984110e+02
1.008951146897317273e+02
1.000360635302860857e+02
1.002520598158699272e+02
1.009164176432889235e+02
1.005180725814182097e+02
1.005374346420563256e+02
1.009986967373773865e+02
1.008297522662330010e+02
1.002720224047869237e+02
1.003881763238089064e+02
1.002653560951102492e+02
1.004871444553891564e+02
1.005032405908293498e+02
1.001405355170358149e+02
9.974184614217399769e+01
1.005344833408556866e+02
1.004704313135337088e+02
9.996607995024270110e+01
1.008279802841576611e+02
1.001364314518718714e+02
9.999632931929608048e+01
1.004296033792383014e+02
1.008507214997558634e+02
1.004074693388956234e+02
1.000346872661893514e+02
1.007069963646161881e+02
1.002209954828492897e+02
1.003330671938943510e+02
1.007787065067599883e+02
9.999060223076700993e+01
1.001370039165741304e+02
1.003225907629379066e+02
1.003674965151878240e+02
1.003998447037120059e+02
1.001115726365242580e+02
1.003980060155467271e+02
9.987919600101973572e+01
1.006318360147727304e+02
1.002163773408952920e+02
1.002596990109291397e+02
9.998608958331448093e+01
1.005267765736257815e+02
9.992070760740108426e+01
1.001632846977186517e+02
1.004926411650364031e+02
1.005973466754609120e+02
1.002900930968540507e+02
1.004720642462092854e+02
1.007273427207436640e+02
1.005127467438536968e+02
1.002695345614898201e+02
1.007026267698152537e+02
9.991814028843407414e+01
1.007862486579299315e+02
1.009951563915305854e+02
1.010871493114111530e+02
1.024828797989593454e+02
1.018346046681110835e+02
1.016872135245305202e+02
1.007232307066736183e+02
1.012338797603454879e+02
1.009391355475831915e+02
1.003954959133321410e+02
1.010508631693934234e+02
1.013918607819905446e+02
1.004475409870474181e+02
1.008189550456676784e+02
1.008742603102676867e+02
1.009186390612341171e+02
1.010116768046769238e+02
1.006718397456118197e+02
1.008849719493535559e+02
1.008464173844884186e+02
1.004272599122834890e+02
1.006072304737880359e+02
1.008671222900663764e+02
1.011472773831083742e+02
1.011681305293740678e+02
1.007634991059184557e+02
1.006122915051407318e+02
1.006750151070582433e+02
1.001586088219841031e+02
1.003837182695356631e+02
1.001808264603741350e+02
1.016591557197609887e+02
1.029675764495885488e+02
1.017742096943280075e+02
1.006107298411812252e+02
1.002553895502998671e+02
1.001024108652004116e+02
1.000474120136867526e+02
1.000003064143251521e+02
9.944912642640713329e+01
9.960035934143182601e+01
9.977965987214747656e+01
9.943474245929064637e+01
9.932984284717433354e+01
9.954871785407947016e+01
9.965429146561159257e+01
9.939829048677837875e+01
9.981135348498177962e+01
9.935958286007820561e+01
9.918678010547678525e+01
9.921738403995016142e+01
9.937857178253169366e+01
9.952267480677819833e+01
9.894479546981615670e+01
9.889047517660601727e+01
