2.870852354917582261e+02
2.870892047089762968e+02
2.870154334961206928e+02
2.870151512883080045e+02
2.869672073889094577e+02
2.870659431503260066e+02
2.870013765388304705e+02
2.872411156816272637e+02
2.873998239700812860e+02
2.871350818237689850e+02
2.871489550784186235e+02
2.871765509628125983e+02
2.871441751063281345e+02
2.870980374656961089e+02
2.871202542398383457e+02
2.871343910133259101e+02
2.871914308353540832e+02
2.870931247900521726e+02
2.871650951579724165e+02
2.872060755646716075e+02
2.869787136547212185e+02
2.871099372345440202e+02
2.870415693206849141e+02
2.870030967169096243e+02
2.869490372738193287e+02
2.870885907574372027e+02
2.872969456502627850e+02
2.872823056759951328e+02
2.870802582486285814e+02
2.871961071460247581e+02
2.872729196068426063e+02
2.871587552572707978e+02
2.871262691472032884e+02
2.870554957930438604e+02
2.870252713590564326e+02
2.871074490019239533e+02
2.871743436791099384e+02
2.870200701102305061e+02
2.869979712100051188e+02
2.870111457952000933e+02
2.869396150782561108e+02
2.869194514933824962e+02
2.870787899757110040e+02
2.869871289846325908e+02
2.870891888548421207e+02
2.872496146362739751e+02
2.870276553154799331e+02
2.869314859452966857e+02
2.869697126771415583e+02
2.871542770879698878e+02
2.870754544632164311e+02
2.871800494533624715e+02
2.870663909968254188e+02
2.870561141766440301e+02
2.870832558561672840e+02
2.870732828503981295e+02
2.872783440998530295e+02
2.872096471435197031e+02
2.871595668951774769e+02
2.870443235620867313e+02
2.872030874276973123e+02
2.872880169190144670e+02
2.871460125266279988e+02
2.871743660869846053e+02
2.871010765015745392e+02
2.871910080618576444e+02
2.872824692815527214e+02
2.874398729298973763e+02
2.873173179290157009e+02
2.872549713255221491e+02
2.873366241811576174e+02
2.874971747652760428e+02
2.873505607021172636e+02
2.873307729035164471e+02
2.875472904512581067e+02
2.874524436954549742e+02
2.872411714898988748e+02
2.873098159592591969e+02
2.873120014459086633e+02
2.873252442803655526e+02
2.872751480488840912e+02
2.873448029055097663e+02
2.874058448996680113e+02
2.874812339491355146e+02
2.872976441728783357e+02
2.872473352305633512e+02
2.871505171707298700e+02
2.874345176139306091e+02
2.875879279115887357e+02
2.874167702669337245e+02
2.874281076241906590e+02
2.873969904355692506e+02
2.873042561480212953e+02
2.874465902391238501e+02
2.872754429858645153e+02
2.872829767965087626e+02
2.873440432486056579e+02
2.873186143363617475e+02
2.873616399650512108e+02
2.876532039284589359e+02
2.873315034794823077e+02
2.871742099842007860e+02
2.874097788592742404e+02
2.874042069515197113e+02
2.872289184799649320e+02
2.872271565740242636e+02
2.872251697515006299e+02
2.874539019742873052e+02
2.874053492118640065e+02
2.874132027542241872e+02
2.875229722871552553e+02
2.875177125232625599e+02
2.875226660178819316e+02
2.876751540224960308e+02
2.874541171678950491e+02
2.874590421912116085e+02
2.874866719900990120e+02
2.877290621601811722e+02
2.876042026549033039e+02
2.875351459076098877e+02
2.876450412618169707e+02
2.877228600901374307e+02
2.875555243321554713e+02
2.875230480672875615e+02
2.875625029754866091e+02
2.876375023538220717e+02
2.875590212293255377e+02
2.877508359839501395e+02
2.879455024362079030e+02
2.876168917963094600e+02
2.876954593402800242e+02
2.878511420483895904e+02
2.878697474969135897e+02
2.878762454613416253e+02
2.878770590083893239e+02
2.879828910437404943e+02
2.879024826899387222e+02
2.877653724976743774e+02
2.877001846900045052e+02
2.877461214327689731e+02
2.878156724377555520e+02
2.876717766884640355e+02
2.878768655160911862e+02
2.878888716171745159e+02
2.879713506795317244e+02
