2.870846669141076859e+02
2.870384048669851040e+02
2.871151368845371508e+02
2.872104694282825790e+02
2.871132856755139073e+02
2.871363701466482325e+02
2.872532939802826490e+02
2.870851593319073345e+02
2.870308417938327352e+02
2.871333798113767557e+02
2.871512918416776756e+02
2.872127205689922107e+02
2.870992936759488998e+02
2.872355463887712972e+02
2.870593473951655028e+02
2.872196225297349201e+02
2.873735035498031039e+02
2.871985903962797124e+02
2.872109872364955550e+02
2.871099339705947955e+02
2.872372701171868812e+02
2.873511603235185135e+02
2.873580382635897763e+02
2.872298678522060413e+02
2.873063842765301956e+02
2.872330402278877841e+02
2.874036836313485423e+02
2.873567893734144718e+02
2.874066198370470602e+02
2.873691762461430130e+02
2.873239527287164492e+02
2.873070107760091219e+02
2.873117579753074438e+02
2.872476860978053423e+02
2.868063525479378200e+02
2.868143429544038554e+02
2.868644353876696300e+02
2.870602863365688791e+02
2.871721818700240760e+02
2.872492832765166781e+02
2.873170942298488058e+02
2.872491119555332943e+02
2.870480657751405147e+02
2.873175632586452366e+02
2.873657243288633936e+02
2.873325941562515595e+02
2.870899380282151014e+02
2.873348607463995563e+02
2.874000255052018815e+02
2.873766477674903399e+02
2.871549645307098331e+02
2.872680021192246613e+02
2.873835131691221250e+02
2.870925566456460842e+02
2.869861876587851270e+02
2.872081643661881003e+02
2.871464624035143629e+02
2.871796337468202296e+02
2.872887002667805518e+02
2.872709978835048901e+02
2.871180529607909762e+02
2.871732226996207373e+02
2.871545733209871969e+02
2.870852662378978266e+02
2.872137547517308462e+02
2.871374007028952633e+02
2.871923385203375574e+02
2.872869828051881882e+02
2.872770182483893109e+02
2.872835859686779827e+02
2.871981824605942961e+02
2.870861132582857067e+02
2.872079502202408889e+02
2.874848005597431779e+02
2.875271587660191699e+02
2.874477617384948758e+02
2.873959721409540293e+02
2.874360170776045038e+02
2.872083498780136210e+02
2.871943247310832135e+02
2.874055535579062166e+02
2.874395281591104663e+02
2.873501969928890389e+02
2.875543473103628003e+02
2.876379428190509771e+02
2.872754876987742705e+02
2.871878345164025177e+02
2.873740523298774292e+02
2.875668961029502952e+02
2.875199566209155932e+02
2.873447846762865083e+02
2.872897831735839986e+02
2.874394591631747176e+02
2.875932720186344227e+02
2.874196388100295394e+02
2.874642543322220263e+02
2.875522470912073345e+02
2.872556505355980221e+02
2.872572794803795091e+02
2.872917651280224050e+02
2.876543195554147019e+02
2.874886674227730623e+02
2.875437120372819777e+02
2.874631882202763222e+02
2.873569666146091777e+02
2.874512592741378967e+02
2.876024933890495845e+02
2.876674872539472290e+02
2.873586268123608534e+02
2.874263813642619994e+02
2.874543553238955269e+02
2.872033193463540215e+02
2.872074784565841696e+02
2.873468031182343907e+02
2.873859948891148406e+02
2.873441679100242823e+02
2.872147205496118545e+02
2.871740609457376081e+02
2.873921038025808912e+02
2.875279163396982653e+02
2.873888246261292920e+02
2.874440994750472100e+02
2.874298373436837437e+02
2.871952785943628328e+02
2.871852780899510549e+02
2.872414965110773437e+02
2.873311041313839382e+02
2.875497271705605158e+02
2.875118367259123033e+02
2.874129108794214176e+02
2.875485594265390432e+02
2.876742538374875835e+02
2.876262775405780872e+02
2.877104343574167729e+02
2.877029579826385657e+02
2.876235742146293433e+02
2.876666539425801830e+02
2.877774513161721757e+02
2.877597701248426461e+02
2.877125442606307502e+02
2.877779854566836661e+02
2.878073657001361880e+02
2.875274955227741316e+02
2.873779518172728444e+02
2.874221947467611358e+02
2.876561130527502428e+02
2.878410746212240383e+02
2.877943004608985120e+02
2.877976255474495701e+02
2.877549140574147373e+02
2.877769966096781786e+02
2.880709145883723750e+02
2.881072774784719854e+02
2.879173950819561583e+02
2.880357328862465351e+02
2.880340873510636470e+02
2.881194228244210649e+02
2.882341455673757196e+02
2.880794628190740809e+02
2.881763702256312740e+02
2.883431177628871183e+02
2.882660035117386883e+02
2.880601675993552817e+02
2.881407946337068324e+02
2.884108489877429520e+02
