2.868785300653626678e+02
2.867494243403546648e+02
2.867367101590519383e+02
2.868182504772422021e+02
2.869011479974446956e+02
2.866847887102517234e+02
2.865796969115023671e+02
2.866857512583182483e+02
2.868331233368106155e+02
2.867269741930481928e+02
2.867158262846374441e+02
2.869111606083044990e+02
2.867621774027325046e+02
2.865568451610831744e+02
2.867305265662810712e+02
2.868181540015828546e+02
2.867874070456642244e+02
2.869901628787874301e+02
2.869759224906363784e+02
2.868416688135632171e+02
2.868419048720818978e+02
2.870098252389030336e+02
2.869309430841317976e+02
2.866971292642907656e+02
2.867918312802974583e+02
2.866719611570229631e+02
2.865688250182047909e+02
2.868371740732115995e+02
2.869374950731791500e+02
2.869960503545609072e+02
2.868647007215961366e+02
2.868543590395731258e+02
2.868458805577764679e+02
2.868988987628550262e+02
2.867805390600104261e+02
2.866173278001816698e+02
2.865700455607987465e+02
2.867525343929029873e+02
2.869204377545307239e+02
2.870449331622974682e+02
2.867878916092335544e+02
2.867100288984236158e+02
2.868791430953427266e+02
2.866636338131413595e+02
2.867413498686783555e+02
2.869671465125884424e+02
2.870949079344865140e+02
2.868291490465020956e+02
2.867930005613708317e+02
2.869079505916477046e+02
2.868675428649125934e+02
2.867973043265100728e+02
2.868060283833870017e+02
2.866664461093373006e+02
2.866199755442735295e+02
2.866299049151886038e+02
2.868943080784120525e+02
2.869755659989472747e+02
2.867321537453385076e+02
2.866830792917991744e+02
2.867848628051509081e+02
2.867252189119795389e+02
2.867450061057003268e+02
2.868076121795293716e+02
2.868031513607942884e+02
2.868007807613998921e+02
2.869847447816424051e+02
2.870293205795124436e+02
2.869285440971566459e+02
2.867898857981749074e+02
2.869428530927938823e+02
2.870383876201340740e+02
2.867660357730122200e+02
2.868379114141932291e+02
2.871220750801305144e+02
2.872102720191680874e+02
2.870192755541166321e+02
2.868456012708675189e+02
2.870730650716180321e+02
2.871071923768650436e+02
2.868867656025741439e+02
2.868656605728319846e+02
2.869531454273829354e+02
2.871825585789875390e+02
2.870055050887057746e+02
2.869778382892972104e+02
2.870805789790906033e+02
2.872069162530584094e+02
2.873759270132025563e+02
2.872060628713502410e+02
2.870048319896270641e+02
2.869159292588678341e+02
2.868127404983640076e+02
2.869442322359299169e+02
2.869083608095372142e+02
2.870920392265153964e+02
2.872470723491506419e+02
2.869769065028436330e+02
2.868079191296906743e+02
2.870228242458527461e+02
2.871962180585737769e+02
2.870676027292549293e+02
2.869113632271118490e+02
2.869889834007806826e+02
2.871218324658381675e+02
2.871909018183346234e+02
2.870033313526908501e+02
2.869093934153978012e+02
2.870918685487470157e+02
2.871800276648768886e+02
2.871339095749870580e+02
2.868306679624993762e+02
2.867340265516708655e+02
2.868491400425952520e+02
2.868826792533162120e+02
2.867160071206230327e+02
2.866878117616854524e+02
2.868787934932570920e+02
2.870368862221421864e+02
2.869934658931647959e+02
2.867198692836910823e+02
2.868816103558060604e+02
2.871620438513275531e+02
2.871363236947445898e+02
2.869211452645930081e+02
2.867893158340248760e+02
2.868093466449352604e+02
2.870964622510051072e+02
2.872477880079266583e+02
2.869730820009430090e+02
2.869812360512279952e+02
2.872800669117837629e+02
2.872909911396072289e+02
2.869401793832388989e+02
2.869044742678203761e+02
2.869717958964431546e+02
2.872565303395068099e+02
2.872808333297641070e+02
2.870333628708984293e+02
2.870466129080496671e+02
2.874137990163040399e+02
2.870406369702052984e+02
2.866946319991361065e+02
2.870189060932652296e+02
2.873411031477170354e+02
2.871045580505371504e+02
2.870451555377335922e+02
2.872881987883782813e+02
2.874386544295699082e+02
2.872533690078839186e+02
2.873120878971010939e+02
2.875389664738164015e+02
2.875952006629933635e+02
2.875429091550512908e+02
2.872288357686674658e+02
2.872370494917518613e+02
2.875181542500893670e+02
2.876100154170927681e+02
2.872238257602680847e+02
2.872711501361042679e+02
2.875889385442562229e+02
2.878495172897650605e+02
2.878107425520983611e+02
2.876748645210086579e+02
2.876828364107124685e+02
