2.382367677662343795e+02
2.379243713066183261e+02
2.378710089541071682e+02
2.383349134142901278e+02
2.381972834540929114e+02
2.380807282326510403e+02
2.385142417971877649e+02
2.381032624359266947e+02
2.384590743689604722e+02
2.382633156640039545e+02
2.381258978490115794e+02
2.383575228463871269e+02
2.385233753713116585e+02
2.380426596356930986e+02
2.383650372554071737e+02
2.380919308874922535e+02
2.380486888094512778e+02
2.380890248573034569e+02
2.378469791241407165e+02
2.380686869199547573e+02
2.382382171679482497e+02
2.384117487525667229e+02
2.383086204531061014e+02
2.380784325348944321e+02
2.381043556624708515e+02
2.379857438445834816e+02
2.381687504780055917e+02
2.382224089855778857e+02
2.381952901301397389e+02
2.383033094024762875e+02
2.383877863737192229e+02
2.383831395085167344e+02
2.381111131947032789e+02
2.381682420233793493e+02
2.374312238219310700e+02
2.376994907911874861e+02
2.383666054704513044e+02
2.380090417686569424e+02
2.381344739425793477e+02
2.382035614968774553e+02
2.380770783569845719e+02
2.378265964374050156e+02
2.383002748764039325e+02
2.382010317282297649e+02
2.380986130653448924e+02
2.385946487683403348e+02
2.380925176804527439e+02
2.381788923514646115e+02
2.382921963438005832e+02
2.383470632481429732e+02
2.381622463424535852e+02
2.384876195721616057e+02
2.379353547017554718e+02
2.377687594107303255e+02
2.379393288665494026e+02
2.378334479547991975e+02
2.379079787860043496e+02
2.377173798910442599e+02
2.381460133852078513e+02
2.378802611003595473e+02
2.380753459942268080e+02
2.379104025459318166e+02
2.379150937774062413e+02
2.377060747426935734e+02
2.378644420607918164e+02
2.381965498093432814e+02
2.380225056208163039e+02
2.375658407429679926e+02
2.378511866497458414e+02
2.383902187778178643e+02
2.381568803496159887e+02
2.382013519013484313e+02
2.380727845165763199e+02
2.379926681016967507e+02
2.378862135311539134e+02
2.381756818261706883e+02
2.379104963162635613e+02
2.379540815573289194e+02
2.381963011352391675e+02
2.375916032705452210e+02
2.376749485709549106e+02
2.381638854309673263e+02
2.377672851553452062e+02
2.379377299614434662e+02
2.380623613147525646e+02
2.378549186268044480e+02
2.380052249337378498e+02
2.377965646528299146e+02
2.377241337905180387e+02
2.379975866926962169e+02
2.379372258211176359e+02
2.376995661280332399e+02
2.379161519739143102e+02
2.377692100152701187e+02
2.378422763945131919e+02
2.380584572113242814e+02
2.374716477899287668e+02
2.376211721842086320e+02
2.380811664136183197e+02
2.378314053634229310e+02
2.380333244428933597e+02
2.377122369774015169e+02
2.375947894483151970e+02
2.375730277179600307e+02
2.380398703936977824e+02
2.377709741070623295e+02
2.378108570235582420e+02
2.378328328879898379e+02
2.377572453863667477e+02
2.378221525065908111e+02
2.381081072892146722e+02
2.377684539102087911e+02
2.378163971292524081e+02
2.370799874847593856e+02
2.376500257938150469e+02
2.374361547000035841e+02
2.374087431571749391e+02
2.375734559887423529e+02
2.375541084631050808e+02
2.373055189947110364e+02
2.377018574866571328e+02
2.372653203722770456e+02
2.372295235959333297e+02
2.375167445483764368e+02
2.374012113180931749e+02
2.371688973366393611e+02
2.372309213220787285e+02
2.373160624525996525e+02
2.373643761505974510e+02
2.373009571852247745e+02
2.376505510973797755e+02
2.376455641169634418e+02
2.370809936258533526e+02
2.369182040522311752e+02
2.371885588375896816e+02
2.369596756889327196e+02
2.372751600112548260e+02
2.373202177565266595e+02
2.369393541989386449e+02
2.372632034892477577e+02
2.375742266987418816e+02
2.369764232021771022e+02
2.364009094251121894e+02
2.371426867252071986e+02
2.368226041707583533e+02
2.371654071193388233e+02
2.373635163194040842e+02
2.371020142184504493e+02
2.371279331539375335e+02
2.372373253910101312e+02
2.373775875916853408e+02
2.370369146039653572e+02
2.377582310758589301e+02
2.371679757054427000e+02
2.370249372903863332e+02
2.376620035617858946e+02
2.371813055678010471e+02
2.370400632481224648e+02
2.372689279778671789e+02
2.372781097795156313e+02
2.377751814944090540e+02
2.373391105894806685e+02
2.372108309767305911e+02
2.375901155991607538e+02
2.372490900862087528e+02
