1.009140602834099383e+02
1.009148649757072889e+02
1.007721086055960455e+02
1.006735064124069794e+02
1.009436398687513474e+02
1.007608049626867910e+02
1.007883444235130810e+02
1.005996566306789504e+02
1.006601101338443982e+02
1.008909020507897623e+02
1.006850060416908121e+02
1.008341293257586244e+02
1.009853459223899677e+02
1.005123632417009816e+02
1.007679240630168778e+02
1.009246455759613212e+02
1.008122781620438246e+02
1.008516146749061164e+02
1.010330090557181535e+02
1.006490962183127067e+02
1.005932186194574030e+02
1.007060032029148147e+02
1.006014712830613718e+02
1.007960650933370488e+02
1.006531186154846864e+02
1.008951456769386255e+02
1.008773330796925052e+02
1.009004089373767101e+02
1.005935543333599043e+02
1.006891263026210908e+02
1.006260664459956189e+02
1.007073387660630175e+02
1.006894848780264766e+02
1.015617845266106656e+02
1.021548282362938949e+02
1.010486267676199219e+02
1.006541114668516883e+02
1.007430012369684533e+02
1.007773591013077521e+02
1.008153393663484536e+02
1.006171168939486620e+02
1.009048344538491051e+02
1.010461932002284016e+02
1.006471323288972712e+02
1.005652659714364319e+02
1.007544115153937128e+02
1.007904396746041016e+02
1.007686397086195171e+02
1.006840078887642989e+02
1.007391647387554059e+02
1.006991500293084272e+02
1.008403026813477226e+02
1.008066994934211635e+02
1.012927324299058114e+02
1.014385714063439963e+02
1.011497427097497877e+02
1.011139561179026032e+02
1.011676555481057562e+02
1.010940337410391834e+02
1.010188828574688245e+02
1.010608215362321260e+02
1.009646120486496983e+02
1.011971711751323113e+02
1.012548583390751560e+02
1.007379726392754691e+02
1.008719658219238937e+02
1.009592189150337163e+02
1.009017207465307280e+02
1.007127836944888912e+02
1.011077683528419726e+02
1.008372764527982781e+02
1.007782385418311861e+02
1.008966808901769241e+02
1.009412468885597605e+02
1.009616698322252688e+02
1.010033599906128501e+02
1.009317734841425676e+02
1.006466362504847467e+02
1.010647171592732576e+02
1.008729282140435117e+02
1.012064015007147333e+02
1.010898123217125004e+02
1.007872511347697042e+02
1.008935307931434977e+02
1.010489860023456572e+02
1.010870007232466037e+02
1.011356059131447864e+02
1.013260973604090651e+02
1.011606410530176277e+02
1.010615678348451638e+02
1.012700942629010115e+02
1.010325592335926643e+02
1.011809666384136790e+02
1.012178456749273749e+02
1.010739484060133577e+02
1.011323699152850821e+02
1.011725867070470031e+02
1.011802745132063563e+02
1.015617878958358489e+02
1.006555991075662178e+02
1.009765121245578854e+02
1.015164596771725343e+02
1.011876158216361290e+02
1.014018823165444019e+02
1.011906225988315242e+02
1.012558545452141772e+02
1.009835259616712761e+02
1.011953492721091266e+02
1.013034110323940666e+02
1.010138102759599548e+02
1.013520322823445525e+02
1.013082112382680862e+02
1.012573046522367832e+02
1.023678224819448843e+02
1.018305420127224039e+02
1.015689209614810693e+02
1.016977897971992064e+02
1.014899083246632330e+02
1.012947834482944387e+02
1.017399044648378776e+02
1.016083444787473127e+02
1.015357124053141860e+02
1.015475345564717031e+02
1.016189274048380753e+02
1.017110152768461262e+02
1.017571751801361870e+02
1.018412372360489968e+02
1.015022523346367080e+02
1.015088550014460225e+02
1.015140453098118911e+02
1.013732342865981195e+02
1.018081598262354959e+02
1.016879751957763034e+02
1.019106400839805815e+02
1.019766672048425562e+02
1.015355361671592931e+02
1.016453084422677193e+02
1.015442392354071899e+02
1.013410228539466829e+02
1.014615941980120652e+02
1.014929887618700519e+02
1.021472406221120082e+02
1.029532690822763215e+02
1.020779807710981544e+02
1.014873309141139543e+02
1.015421699228339776e+02
1.015473529085875128e+02
1.011404988959282463e+02
1.012438212987628532e+02
1.016652803411814148e+02
1.012650752658943816e+02
1.013414260971141374e+02
1.014444421047887062e+02
1.013530803213505891e+02
1.013526610245434227e+02
1.011467989005324739e+02
1.011720197822519509e+02
1.012905398575626776e+02
1.010075298754050124e+02
1.011572555774521476e+02
1.012600911887781336e+02
1.010977221003558242e+02
1.007686443684561510e+02
1.009299388435317724e+02
1.010119242902414953e+02
