2.387556547585625424e+02
2.388745947669525265e+02
2.385859611087444421e+02
2.390439623268221396e+02
2.386109926771066512e+02
2.386212598031388836e+02
2.387998087825603477e+02
2.390449919302561455e+02
2.388892429978825476e+02
2.389832187790317448e+02
2.388001334352628646e+02
2.384792508441143752e+02
2.388185917994215686e+02
2.389194488847685136e+02
2.388662870670064819e+02
2.389238141456958999e+02
2.390904544887227985e+02
2.388451680094732694e+02
2.386581304834952277e+02
2.385629095180849220e+02
2.390955642367796088e+02
2.389567240606567111e+02
2.386753809235749770e+02
2.384431237724513721e+02
2.392309970593812523e+02
2.394837972168284921e+02
2.387493456635905886e+02
2.382061031142273180e+02
2.383139543077979852e+02
2.390336388576306774e+02
2.390301935454723150e+02
2.386520357366182736e+02
2.385455771487281424e+02
2.393963767336712465e+02
2.391725231342851714e+02
2.388927888871820642e+02
2.393033977809791395e+02
2.392630206886215376e+02
2.392537198405638321e+02
2.390827562939610971e+02
2.385428070743119235e+02
2.392342310796920799e+02
2.389606422739448419e+02
2.386610198412969623e+02
2.390269815170680658e+02
2.391125179594062899e+02
2.387529920434141388e+02
2.387031652683915581e+02
2.390344145823139854e+02
2.391735029457049677e+02
2.391383459354057095e+02
2.390024893237752224e+02
2.389644067236845331e+02
2.392929879364532724e+02
2.390155088786356998e+02
2.386338345856900105e+02
2.386594009246985308e+02
2.388270075472122755e+02
2.387982021746515500e+02
2.391205967871623841e+02
2.384868736361795243e+02
2.387040009698427241e+02
2.392349922258286199e+02
2.388720447983250494e+02
2.386457990311328956e+02
2.385951664877036080e+02
2.386450600857259872e+02
2.393509380102616433e+02
2.389338185168183202e+02
2.386386754637447609e+02
2.388522834435168249e+02
2.392641581237892012e+02
2.388019799707623179e+02
2.391453525143711261e+02
2.387416444559773936e+02
2.388472251925346370e+02
2.391058228425150674e+02
2.390573058558874209e+02
2.386487179720832899e+02
2.388326656657946785e+02
2.387042179820689398e+02
2.389987203590923457e+02
2.390822067186949482e+02
2.388436691490283010e+02
2.394627788232155865e+02
2.387073447831425028e+02
2.387091995570674783e+02
2.389173089453652494e+02
2.391665143735131380e+02
2.386382606143947385e+02
2.391923254980851254e+02
2.394246674854797732e+02
2.390246462750455123e+02
2.390450041514065731e+02
2.388756912617046737e+02
2.386370101343242425e+02
2.387251511645310131e+02
2.391315221395250603e+02
2.390570114490205640e+02
2.387319658296901252e+02
2.386984530663189901e+02
2.388518445616385009e+02
2.392161411117374428e+02
2.389108512594153524e+02
2.385657631734010522e+02
2.387494634323351193e+02
2.391373956425631775e+02
2.390119188121631169e+02
2.390942145456514538e+02
2.386563140535421041e+02
2.390014358819231859e+02
2.391459167074261529e+02
2.388215401146742067e+02
2.388444326540391387e+02
2.386716277625965859e+02
2.390506738317503732e+02
2.388327909177568529e+02
2.385180118513452783e+02
2.385934976970142145e+02
2.386285853504169836e+02
2.389876160187187679e+02
2.384950508670350757e+02
2.385013144799807208e+02
2.388169186380612530e+02
2.389562813098665401e+02
2.386109860997241583e+02
2.383052764248288042e+02
2.390655829765757971e+02
2.386042956356507148e+02
2.384746501459390799e+02
2.384404280685024560e+02
2.389681178750287529e+02
2.390163700663501913e+02
2.385982597441592645e+02
2.385249471214122252e+02
2.387553174791826507e+02
2.387546135597507373e+02
2.391360495446315042e+02
2.385354905838504465e+02
2.386655660568864903e+02
2.385167865894638055e+02
2.388992191859150296e+02
2.390803874952372610e+02
2.385733846995435954e+02
2.382580953751032382e+02
2.381471394681901472e+02
2.389721353835398077e+02
2.388721813166483514e+02
2.382006529960362684e+02
2.385753742453330517e+02
2.389703790566607324e+02
2.386714523105812020e+02
2.384542195974810568e+02
2.383097188700684512e+02
2.386304653087899226e+02
2.387720326184849853e+02
2.386728003082602356e+02
2.381899214443966173e+02
2.389049150280002323e+02
2.386485137661396720e+02
2.382404919464072464e+02
2.384770539905656790e+02
2.386675911873480516e+02
2.389227871181697935e+02
2.385274608363231721e+02
