1.017405179026993665e+02
1.011816397085435000e+02
1.014669706357114478e+02
1.016024752773358841e+02
1.012942783663129376e+02
1.012127462096628960e+02
1.016040576013605374e+02
1.015679268168623111e+02
1.018022010156476114e+02
1.013827373555655100e+02
1.010497422799737706e+02
1.012885387276737106e+02
1.014897872874864788e+02
1.012281184505573179e+02
1.009475264997848711e+02
1.013265372868348919e+02
1.015238468846087585e+02
1.012795628680193403e+02
1.013223280805375452e+02
1.013447738448060704e+02
1.015150305807156883e+02
1.015460652052835968e+02
1.009795853580206000e+02
1.012423000064849674e+02
1.014027780317845213e+02
1.011939474445249942e+02
1.010035022060272780e+02
1.011161279197536231e+02
1.016514435480936669e+02
1.017271655517235871e+02
1.011597042865452636e+02
1.010994438738702570e+02
1.017177849720922751e+02
1.014136324833396543e+02
1.014159247048744987e+02
1.011709625806062149e+02
1.012945660781287387e+02
1.012690421693491771e+02
1.008402459127758561e+02
1.007753765538991928e+02
1.015137553831584682e+02
1.014050501596527312e+02
1.012202131952545869e+02
1.011098346330680471e+02
1.015913152066575691e+02
1.011305727985036356e+02
1.011577326288321359e+02
1.010448111739636232e+02
1.014944731915595639e+02
1.013285409334120146e+02
1.012930285720717762e+02
1.013304214476474243e+02
1.014703135879930329e+02
1.014947523687305448e+02
1.008556363157268407e+02
1.011278558374591370e+02
1.012341794634802454e+02
1.018536276715438902e+02
1.016599349381208839e+02
1.010063494664659487e+02
1.009568170870976047e+02
1.014024179475937331e+02
1.014413568184789938e+02
1.014739891823246154e+02
1.010066695043955889e+02
1.013039823613311654e+02
1.015913608582610550e+02
1.015157450193288469e+02
1.011012145964172788e+02
1.011442282142385949e+02
1.011222121844430859e+02
1.014569930439147356e+02
1.012874089543860805e+02
1.007903031360733763e+02
1.011462268861467209e+02
1.011511608865215095e+02
1.013490051626899913e+02
1.009789537204603533e+02
1.010941822015962970e+02
1.013111163245910546e+02
1.016544941505603106e+02
1.014188279316474564e+02
1.010987573714740648e+02
1.012304406420441438e+02
1.015617924097823561e+02
1.012819698339169463e+02
1.013735604748622308e+02
1.016096231767000830e+02
1.009723382299374066e+02
1.013970664948979419e+02
1.017208031736493155e+02
1.013472540427576405e+02
1.010117035404391146e+02
1.012653200142922714e+02
1.015771779114304678e+02
1.014467548700589958e+02
1.013928001804516725e+02
1.017518426432008738e+02
1.015374549629392931e+02
1.009306815620340103e+02
1.009378984782009638e+02
1.015792157926999124e+02
1.014022822038878786e+02
1.011500148998644164e+02
1.011433423227620807e+02
1.013671860378544096e+02
1.013912168476522311e+02
1.016514124702939625e+02
1.010548551702002129e+02
1.010267761369630080e+02
1.014532097678376061e+02
1.016120834063494982e+02
1.014536924458042222e+02
1.014107791468397437e+02
1.014667151467341455e+02
1.012526009433962457e+02
1.016689782313460455e+02
1.014508193324928271e+02
1.014827292134279872e+02
1.016821086811061150e+02
1.018472113676304076e+02
1.013706658944615242e+02
1.011586674853299286e+02
1.016240605184442671e+02
1.016299117592727015e+02
1.011590480381470485e+02
1.016683557249260730e+02
1.017238146542407407e+02
1.014725152333209763e+02
1.013473390116951265e+02
1.019198760301415660e+02
1.017011090183727475e+02
1.015409108626747638e+02
1.015202277153676249e+02
1.014075009871490352e+02
1.014952104599146878e+02
1.017618669782374496e+02
1.016194959209374957e+02
1.013032142211192763e+02
1.008804418041969484e+02
1.015270368714075033e+02
1.019107204591159785e+02
1.016552089745572260e+02
1.013271475073973846e+02
1.010928375102702006e+02
1.017768889408930448e+02
1.014883610968515057e+02
1.015988478098092287e+02
1.015786828838594857e+02
1.018431651474988797e+02
1.018556083949198410e+02
1.014175944001266458e+02
1.013457843878448017e+02
1.018110324043590680e+02
1.019657725177099792e+02
1.018912887560638438e+02
1.013338088053290420e+02
1.016676082111073924e+02
1.015416724483356461e+02
1.016238296379354296e+02
1.016762069712077761e+02
1.015604279774100149e+02
1.018626752945649088e+02
1.019191794298120612e+02
1.017400031268270482e+02
