2.406124993497295463e+02
2.400808583509342782e+02
2.402439785479657814e+02
2.405877251484842247e+02
2.406288369914984742e+02
2.410569107090578029e+02
2.405239096452189642e+02
2.408084270984321904e+02
2.409875393908868944e+02
2.409493392803411496e+02
2.404695974635196762e+02
2.404768810658813436e+02
2.401463685052335677e+02
2.408607873718865449e+02
2.401822869768878661e+02
2.404878064927267189e+02
2.405553572627144376e+02
2.407042530714628583e+02
2.404878558564493005e+02
2.411119333649918133e+02
2.404871636337471443e+02
2.405368142970371537e+02
2.405852037630085078e+02
2.407562584696971442e+02
2.402451209055025458e+02
2.410125200750300110e+02
2.411871877679617171e+02
2.406802644386363852e+02
2.407579362290762504e+02
2.407332537817338789e+02
2.407355920291624045e+02
2.406025188665339556e+02
2.404154193274985403e+02
2.408385004230402728e+02
2.399066615606983248e+02
2.400726848154545223e+02
2.399563433500102576e+02
2.398517246006280459e+02
2.401005926113391524e+02
2.401377216025566952e+02
2.404463609298547624e+02
2.408012358290925476e+02
2.406907967810072932e+02
2.407562864933173898e+02
2.404623874050262486e+02
2.406105048645785871e+02
2.409748041419303206e+02
2.408236050428695023e+02
2.407115667015973486e+02
2.408747889304637795e+02
2.407480994370610006e+02
2.406763327255536922e+02
2.404098771231879255e+02
2.402872697659318248e+02
2.400916388153859771e+02
2.405292257327174639e+02
2.407827286186286244e+02
2.406246841734159716e+02
2.408196655012633585e+02
2.405361316782241374e+02
2.402854275347777673e+02
2.407111176283754901e+02
2.397522596433158242e+02
2.401529292995577123e+02
2.400495601354472228e+02
2.401080001738317833e+02
2.401108363686245468e+02
2.406610992083178928e+02
2.401951910904882936e+02
2.398442100524075897e+02
2.404874939432681913e+02
2.402616394547070229e+02
2.399418919211588275e+02
2.400494083498630005e+02
2.403413226106208924e+02
2.404705996240835475e+02
2.402415033159514053e+02
2.402996847687490174e+02
2.408544941662759982e+02
2.403990875438404373e+02
2.403115948358304195e+02
2.405984221621501149e+02
2.402700143191174220e+02
2.404615320401321696e+02
2.404096585568094326e+02
2.402037445324733937e+02
2.402888110846505754e+02
2.405053820348360887e+02
2.401865738167418556e+02
2.401638355945923138e+02
2.404388582111070889e+02
2.403568620586879945e+02
2.403204987348204895e+02
2.403748895696049885e+02
2.400635380443274869e+02
2.401335885282036600e+02
2.405611880307068020e+02
2.398275199759609677e+02
2.398098273741537696e+02
2.401042755096901544e+02
2.401195729853988325e+02
2.399494350916796463e+02
2.400418020719531569e+02
2.400338743059223816e+02
2.400574599888163903e+02
2.402064389319157272e+02
2.403100736246969689e+02
2.401318862967407028e+02
2.402795142852384060e+02
2.405315212190478178e+02
2.403245613266047940e+02
2.395250828463439632e+02
2.400133419934832943e+02
2.394026395380838039e+02
2.398502447787521135e+02
2.391535779241324917e+02
2.392635242236830209e+02
2.397332005559494519e+02
2.392768332843625103e+02
2.394473955292357914e+02
2.399057235226511011e+02
2.392812595727015434e+02
2.396562737762901634e+02
2.399407276077741074e+02
2.401382433146431765e+02
2.393066562593201070e+02
2.392641185032890689e+02
2.394394673467735402e+02
2.396856856681631314e+02
2.397219039915712528e+02
2.397563062708302368e+02
2.399707073073581967e+02
2.390567991364676743e+02
2.393469749342264095e+02
2.394831712657157823e+02
2.394320933969621592e+02
2.393745185152188242e+02
2.393545896544364666e+02
2.396680907894132133e+02
2.398636832648369648e+02
2.395708844623458447e+02
2.391454802988787094e+02
2.390442311458604365e+02
2.389792706249019432e+02
2.393242279338254548e+02
2.390739032669672213e+02
2.395545883171875801e+02
2.395592730062968485e+02
2.390326960538536696e+02
2.394251085332665809e+02
2.397603721432966211e+02
2.398160551195155676e+02
2.395926077056986685e+02
2.398485960823468304e+02
2.398734585593387010e+02
2.395980608037111779e+02
2.395569265711476703e+02
2.397531191478002199e+02
2.401819794533421657e+02
2.394909064660620004e+02
2.396078992942340449e+02
2.399823015082648965e+02
2.400621723513947927e+02
2.406590186015797599e+02
2.397940145764336819e+02
