9.971795670331884764e+01
9.923844554630981918e+01
9.805985752533167954e+01
9.847098978095137056e+01
9.910716564963179565e+01
9.890023508600434354e+01
9.815041857048981910e+01
9.843700284818008583e+01
9.942217321619698112e+01
9.925219928064308306e+01
9.960435712782164330e+01
9.809918149399554466e+01
9.976690880114205129e+01
9.940258719282051914e+01
9.939761754294666218e+01
9.853936549374024878e+01
9.843121005778500887e+01
9.878845858570451810e+01
9.868149849267472007e+01
9.971638986462345144e+01
9.888891689777098293e+01
9.852399795584879882e+01
9.846445337199180869e+01
9.915820589418866859e+01
9.853966355833340174e+01
9.828317976496509800e+01
9.878763266160832757e+01
9.844951906887473569e+01
9.842059371537358459e+01
9.884319385752786502e+01
9.937397637078812807e+01
9.858206463059060809e+01
9.856393468029595795e+01
9.934101129730599666e+01
1.015215384225598001e+02
9.968780021136706182e+01
9.994815470680764236e+01
9.901480886352725008e+01
9.923959303815011879e+01
9.922762469980625610e+01
9.858533981576988481e+01
9.865100721468995459e+01
9.852305802478623775e+01
9.918338047602800600e+01
9.879947579970757943e+01
9.884196060099088754e+01
9.880464823788163642e+01
9.878810119234925935e+01
9.889773049001775007e+01
9.823908291056351061e+01
9.945008010116021069e+01
9.873513511398880382e+01
9.922309818632295730e+01
1.002386556208265347e+02
9.944696737634457406e+01
9.862211186573250643e+01
9.813754714358314857e+01
9.938673684100250227e+01
9.925008098724134697e+01
9.961831070405465027e+01
9.831008768504456441e+01
9.923935045383900899e+01
9.998405488229984428e+01
9.941147771271209876e+01
9.966477977537802246e+01
9.957188890129150138e+01
9.879157317931468185e+01
9.994822899057385257e+01
1.001469137072478333e+02
9.923459414101050413e+01
9.927879213661547908e+01
9.878779030179798326e+01
9.867262665834986990e+01
9.915054009268766322e+01
9.944205054433336954e+01
9.929240883275360829e+01
9.985981646993280947e+01
9.814930533485350850e+01
9.873903136106791578e+01
9.956959364471043727e+01
9.910457040433907139e+01
9.948460521336509998e+01
9.885011939216214216e+01
9.918813825229797487e+01
9.945011176127248120e+01
9.882149402073163458e+01
9.903010486896165787e+01
9.956564823673562614e+01
9.921499261653116264e+01
9.919062042118429190e+01
9.891229285023378281e+01
9.902964350893979883e+01
9.952493638321264768e+01
9.939977248871839777e+01
9.993192020244934781e+01
9.897547629225641685e+01
9.964821656068768618e+01
1.005988751203737053e+02
1.003942432149714818e+02
9.864054396471414066e+01
9.966344158534894859e+01
9.948386455613025703e+01
9.942411336944716993e+01
9.993167230904323617e+01
9.865572326043395890e+01
9.877087487333341187e+01
1.003378293303374988e+02
9.931865113649537591e+01
9.951034609512107920e+01
9.946812054755883992e+01
1.002842452929022983e+02
9.994801875093081378e+01
9.929210129332973622e+01
1.008627909418831763e+02
1.008908503485838963e+02
1.012150920919603010e+02
9.982710889854691061e+01
1.009542641491721469e+02
1.002636170745191890e+02
9.964277251941831537e+01
1.001216121681094364e+02
9.936518351026619200e+01
9.922673474928404858e+01
9.962934464934090784e+01
1.010778646926734154e+02
1.009250476566187302e+02
1.002544403365285604e+02
9.987222294425225755e+01
9.951748658090069455e+01
1.003778976460776562e+02
9.950445807200109982e+01
9.997672193131766960e+01
1.010750682772769977e+02
1.012652183686223708e+02
1.001204670302319073e+02
1.000651930395387836e+02
9.969017155222326210e+01
9.955002792451581684e+01
9.977188231723887668e+01
9.990211947702287887e+01
9.958144115296317977e+01
1.008234852917371285e+02
1.025506537780218395e+02
1.007370721682593739e+02
1.003481724420440884e+02
9.966196976954599052e+01
9.986416679023155041e+01
1.002369086398010580e+02
1.000462515538657016e+02
9.906447771700790383e+01
9.905410583554713355e+01
9.955472437401228092e+01
1.000225204825158443e+02
9.907013005320742138e+01
9.972649269072672951e+01
9.963878839415944810e+01
9.969854056502192918e+01
9.831017868442843621e+01
9.910158021761297675e+01
9.938240036754035600e+01
9.921906947896205509e+01
9.927903431068823181e+01
9.910025518772590658e+01
9.923801666683378642e+01
9.911785597181744834e+01
