9.997003694024984100e+01
9.996184673207797289e+01
1.001383453900961626e+02
1.004933130888063744e+02
9.981364791677476944e+01
1.000241428754632693e+02
1.007893098199078850e+02
1.005278505218069114e+02
1.002835378006967773e+02
9.998805631512557568e+01
9.994669735304553626e+01
1.009839000225199328e+02
1.009566396688337164e+02
1.003926621281882348e+02
1.005469687707169442e+02
1.000734681028573618e+02
9.993855614537342547e+01
1.001793711163747389e+02
1.005800292903091275e+02
1.004516363506362069e+02
1.003101946839720000e+02
9.995632239844792366e+01
1.004884769653640433e+02
1.004007754418726250e+02
9.966147303572307692e+01
9.985868171765052637e+01
1.001948324802908701e+02
1.002450396985790775e+02
1.000801676073275104e+02
1.005906792014973092e+02
1.004042637978479746e+02
1.002792344676065710e+02
1.000408499939091485e+02
1.010470262842770950e+02
1.034906472526326837e+02
1.013501775202664135e+02
1.009703641620965726e+02
1.005933965852025125e+02
1.003497748024175991e+02
1.007880068209447444e+02
1.005020911261154453e+02
1.004937994803366337e+02
1.004873929500126337e+02
1.006692839433987245e+02
1.006244218095009586e+02
1.004943390077169028e+02
9.999565776532705286e+01
1.001769699511616381e+02
9.998979352847250368e+01
9.996916356296628692e+01
1.001352506407704368e+02
1.001642830666665276e+02
1.009641774589760388e+02
1.018350681379743747e+02
1.009645243617830914e+02
1.006211334257201173e+02
1.002265765004567157e+02
1.005045971495106301e+02
1.004906028162991021e+02
1.004234995393748164e+02
9.990848899012699746e+01
1.003986812563958182e+02
1.010362524734737093e+02
1.009399148698450261e+02
1.008973699714780849e+02
1.005105629879437856e+02
1.004817258135689571e+02
1.000355702399717330e+02
1.006863658755043929e+02
1.006825893714179898e+02
1.002935174569414585e+02
1.010702162691973882e+02
1.004354951636714190e+02
1.000958440581455307e+02
1.003826939652946209e+02
1.007986073683842392e+02
1.007472030016627826e+02
1.004337661355924638e+02
1.006223462844478576e+02
1.006841440810972585e+02
1.003922166368363520e+02
1.002529155445687792e+02
1.011525733468156858e+02
1.002457730679979591e+02
1.000181124434686382e+02
1.003244294795292149e+02
1.000989736027770931e+02
1.003654694818134345e+02
1.002908356431875063e+02
1.006453665981373575e+02
1.000800959978535758e+02
1.004950288936424698e+02
1.004996130518354676e+02
1.001222654817419624e+02
1.007075200732570579e+02
1.007179069119466703e+02
1.004253467145469898e+02
1.002020260052568261e+02
1.006703050119413518e+02
1.001233726354056870e+02
1.005159914423464471e+02
1.005320838786408331e+02
1.003688572174971654e+02
1.006260236426625170e+02
1.006319768592261426e+02
1.006638487337568648e+02
1.006247359455322652e+02
1.006614833768056343e+02
1.011196470250875450e+02
1.005260357484652758e+02
1.005547893619987434e+02
1.004556117695062909e+02
1.008416436182253761e+02
1.022014268108811024e+02
1.021082857795085488e+02
1.015463730654464030e+02
1.009987383255424476e+02
1.011686642975086556e+02
1.014847925213087620e+02
1.005727466948878117e+02
1.007939096629058469e+02
1.014024596149817370e+02
1.008584101141162392e+02
1.007773965335156845e+02
1.010438653259164852e+02
1.010904159876009913e+02
1.007778552143643793e+02
1.007673491352711039e+02
1.010909382006430093e+02
1.006178130990080177e+02
1.009026996904399880e+02
1.009696751180120060e+02
1.009905860366991419e+02
1.014029375819477394e+02
1.013790732360737508e+02
1.006411967590241119e+02
1.005397547311793716e+02
1.004373930758279556e+02
1.002164009215118625e+02
1.002980334442394934e+02
1.007127855488721053e+02
1.009411802832897678e+02
1.031563531927709505e+02
1.021799092355716567e+02
1.004595871965085365e+02
1.004700752080256621e+02
9.964956777560409762e+01
9.974007076921215287e+01
1.000061280142825240e+02
9.960234610825962420e+01
9.984959692574814483e+01
9.990647293335000256e+01
9.963567924938949716e+01
9.926307987943629030e+01
9.983400281337974036e+01
9.947463036469400777e+01
9.952350292874558590e+01
9.973454048472264333e+01
9.983724499562823951e+01
9.938647140567685767e+01
9.962472227146901105e+01
9.983111794365561309e+01
9.914284676902583726e+01
9.945228474483029402e+01
9.915652682726302203e+01
