2.863583141074245759e+02
2.865934726341701548e+02
2.867037445135883900e+02
2.865151632613548713e+02
2.864578336476110394e+02
2.864747124527033861e+02
2.863682067487084737e+02
2.862535918934730717e+02
2.862845501638921064e+02
2.864238521508545432e+02
2.865227147815359103e+02
2.863797826998364826e+02
2.863604367303100844e+02
2.863399255888579660e+02
2.863274117207517975e+02
2.862970845386919905e+02
2.864838341409587770e+02
2.865037635940356040e+02
2.864457289043923538e+02
2.863877544963775676e+02
2.863756026432970998e+02
2.865187231543102939e+02
2.865585457162686680e+02
2.864848749680385822e+02
2.865110522176692029e+02
2.866934691620992339e+02
2.866055317446238746e+02
2.865438439836499924e+02
2.865298976325495346e+02
2.864264040132057971e+02
2.864728222038999661e+02
2.864704034337384542e+02
2.864965300754200257e+02
2.865693905850918668e+02
2.862370233630447274e+02
2.862936353650238743e+02
2.862421519060490027e+02
2.862412565399600339e+02
2.863495885222252468e+02
2.863565076704567787e+02
2.863631983934675986e+02
2.864014649403184194e+02
2.863894222710637223e+02
2.864076483152382480e+02
2.863426150236589933e+02
2.863236407032014768e+02
2.864368600958227944e+02
2.865379605608182487e+02
2.865270253562133007e+02
2.864237320437310359e+02
2.865789590043245312e+02
2.866006498531092461e+02
2.865638405830429178e+02
2.862507927745076017e+02
2.863531446046571887e+02
2.863359584230829569e+02
2.865392771342943661e+02
2.865493204014156277e+02
2.865626186670691595e+02
2.864642081033364320e+02
2.865906587320559993e+02
2.866529107690404317e+02
2.864997061442862218e+02
2.864983212074256471e+02
2.864635261197926752e+02
2.863730269443835255e+02
2.864517847212994752e+02
2.866803688635645244e+02
2.865560254591768512e+02
2.865417927982904871e+02
2.865682004011202935e+02
2.863101002186089659e+02
2.863719794345277023e+02
2.865039163887132645e+02
2.865741310001686202e+02
2.864543332908370417e+02
2.863994335377917082e+02
2.864870321191677931e+02
2.864633117870625370e+02
2.865978570079390124e+02
2.866371514209449742e+02
2.866729554248018417e+02
2.864810392662817549e+02
2.865884243336299733e+02
2.866147807600378314e+02
2.866967540077378089e+02
2.867423899240065452e+02
2.868521001369906003e+02
2.866833481523804608e+02
2.866822347768291479e+02
2.867230144966310377e+02
2.867758694682139549e+02
2.866487021813892966e+02
2.867502754995643386e+02
2.867693522872727954e+02
2.865818530683429231e+02
2.865514409280846735e+02
2.866442049305494493e+02
2.866965685621127591e+02
2.868228825571721927e+02
2.868939248792834178e+02
2.867522397701002319e+02
2.866722715885868524e+02
2.867282038063122513e+02
2.866924555024588130e+02
2.867467106196401119e+02
2.867220806598746776e+02
2.867421726441314718e+02
2.866404184973713996e+02
2.866172889966151729e+02
2.867258011190402840e+02
2.868726528688073358e+02
2.868025719941144303e+02
2.867174718522792318e+02
2.866015255514458318e+02
2.865360776218585102e+02
2.865603844404391225e+02
2.866403038796556189e+02
2.865145759437920674e+02
2.865307571246853513e+02
2.867474379485178133e+02
2.866719025610114500e+02
2.866380149075357622e+02
2.867436429206007915e+02
2.866965083861029484e+02
2.868322342223295891e+02
2.868033580903538677e+02
2.870151624493910845e+02
2.868094438101741162e+02
2.869008690859074022e+02
2.869043001281125385e+02
2.868867283732791975e+02
2.868602456749260909e+02
2.868989757404954730e+02
2.869002103630547822e+02
2.869886868678627820e+02
2.870950088857241553e+02
2.873096045183354477e+02
2.872977297766306037e+02
2.873393274009105767e+02
2.873085584707375233e+02
2.873934390141558310e+02
2.871547078398967869e+02
2.869090635153298194e+02
2.870537540838891459e+02
2.870086170932272012e+02
2.872481926849592924e+02
2.875014291565592544e+02
2.876052819386815145e+02
2.876230562409916729e+02
2.875367045760845599e+02
2.876115517126323766e+02
2.876834023938565110e+02
2.879744440738917888e+02
2.879317476973472480e+02
2.877256892525965100e+02
2.878460598660349206e+02
2.878577819054597171e+02
2.878350536148589640e+02
2.879129963608691583e+02
2.879778132718556094e+02
2.878177814898546671e+02
2.878325056346598103e+02
2.879710198353469082e+02
2.879986925528859842e+02
