9.890388627532570354e+01
9.918427879791541102e+01
9.867172267800707175e+01
9.908218728076714399e+01
9.995509651001519558e+01
9.906922816961275657e+01
9.915672607347732992e+01
9.919856883650849966e+01
9.846234112252562909e+01
9.818515618378147281e+01
9.915915656094045971e+01
9.887152253087607789e+01
9.973860032852560664e+01
9.913438968625659697e+01
9.900699476996231851e+01
9.926732552896594086e+01
9.901646771504924516e+01
9.923838393552794912e+01
9.875889800968957388e+01
9.890974408228872505e+01
9.897128336321095787e+01
9.834617527627180777e+01
9.868878415785235347e+01
1.000397352830659798e+02
9.879382662507011048e+01
9.899201161526809756e+01
9.904839290238379590e+01
9.847809721933788296e+01
9.852665234481838752e+01
9.888967311561937379e+01
9.820525577699636699e+01
9.949282793554198179e+01
9.878224275896388917e+01
9.934822181263668028e+01
1.010344254686337564e+02
1.003284789477467172e+02
9.934675279903417788e+01
9.914046155119513060e+01
1.003246683966778363e+02
9.973248598263603526e+01
9.875404840035082543e+01
9.836658710576210751e+01
9.920497949189189058e+01
9.893363901829341955e+01
9.906305947309927262e+01
9.936184368541596257e+01
9.871988815529833516e+01
9.895505813453611665e+01
9.875523172434175478e+01
9.879479715582964161e+01
9.915440461698086949e+01
9.873312362306434409e+01
9.944113821750708837e+01
9.988663944017916663e+01
9.984881104659361029e+01
9.819991178721477354e+01
9.945450670353902467e+01
9.963795847761157631e+01
1.000551618757421579e+02
9.930000070172035009e+01
9.930979900230697410e+01
9.951575833631051182e+01
1.001215502903613839e+02
9.948642587239855573e+01
1.001298003375345615e+02
9.969498429216862689e+01
9.898107693761704695e+01
9.939127960111272841e+01
9.924958307495883503e+01
9.959985770944571470e+01
9.879704069672953892e+01
9.894812964368708208e+01
9.966832926727029474e+01
9.899161755651890360e+01
9.941586307193280447e+01
9.939198920269899418e+01
9.940529723127202999e+01
9.890598674890587461e+01
9.881882629071600377e+01
9.912823087284864698e+01
9.978534936983577097e+01
9.960842626033117142e+01
9.896415140336443983e+01
9.933105804676127093e+01
9.894344995880264548e+01
9.872150124001090887e+01
9.845580273690246997e+01
9.918942639138221296e+01
9.922712076923477298e+01
9.873568215217015620e+01
9.951773472514508967e+01
9.941821269433658870e+01
9.918139173827150046e+01
9.923703937648268436e+01
9.957686376120501848e+01
9.920493502676289665e+01
9.973756717761921209e+01
1.001944861389806221e+02
9.955762037378703155e+01
9.867608919595581085e+01
9.970071307301184049e+01
9.885866115277605104e+01
9.903395108966005012e+01
9.987488746596697808e+01
9.951080308275264485e+01
9.909063223638263196e+01
1.005254101841812258e+02
1.004555055458416746e+02
9.885228478520832596e+01
1.001480473184808915e+02
9.992820565745206807e+01
1.001000156477690126e+02
1.002262297230512900e+02
1.009849520980059054e+02
1.009955844808736884e+02
1.014372824392257399e+02
1.005950486133533133e+02
1.006101828110779337e+02
1.010890251480007151e+02
9.986328368348758033e+01
9.953635410269593820e+01
9.969939440983928591e+01
1.006550552876091729e+02
1.001457727163865030e+02
9.995900480370345065e+01
9.995892399791343053e+01
1.000118403259816660e+02
1.002619710757935962e+02
1.005902950843564412e+02
9.993853313630468449e+01
1.004230366869443856e+02
9.963638324943097757e+01
1.006662746139654558e+02
1.014935050067451954e+02
1.006404260599838238e+02
1.000898148057734289e+02
9.993483811390741778e+01
9.976928882670817700e+01
1.007317993176033610e+02
9.939544306384418348e+01
9.952473213547487774e+01
1.010760324845067402e+02
1.019432464567852463e+02
1.006933631837788994e+02
1.006915327235382875e+02
1.003303154812100502e+02
9.944563447220457419e+01
9.981555027844349581e+01
1.003622372406036334e+02
9.951226576418737579e+01
9.902777447403509825e+01
9.921523978010719702e+01
9.914405286771351200e+01
9.945096509507355620e+01
9.950057940452352057e+01
9.911805767652991506e+01
9.875616850013908277e+01
9.935480645660372545e+01
9.928051933080007529e+01
9.851474132415428642e+01
9.968759900746181302e+01
9.905013226805739635e+01
9.891342982576539100e+01
9.999861410373215165e+01
9.904257238270349717e+01
