9.974089705043689946e+01
1.000258938510265381e+02
1.000818384889819868e+02
9.978146794409974518e+01
1.001678079237462811e+02
1.001123171186457768e+02
1.001616606434687924e+02
9.971600127058218277e+01
9.997022625347163682e+01
1.001377468440558545e+02
9.978050919794965523e+01
1.000645045261429118e+02
9.984360743123943394e+01
9.951021154259520074e+01
9.993408967718265501e+01
9.984187958316410061e+01
9.949167071275751084e+01
9.992295487838947565e+01
9.932704734599938945e+01
9.935817867372837497e+01
9.988294159329585398e+01
9.955059009042031448e+01
9.926676240694564513e+01
9.929520420635704170e+01
9.981429674750974357e+01
9.933788194180515063e+01
9.960234043624609512e+01
9.946358215938528247e+01
9.853304756456155644e+01
9.886378286530866433e+01
9.943850952555413869e+01
9.872417686251833402e+01
9.890279096997635122e+01
9.884889955725532218e+01
9.911321177673271166e+01
9.917417646873256842e+01
9.885503206153674682e+01
9.846470511292817207e+01
9.911998683130354948e+01
9.879754382363319110e+01
9.873531825519980032e+01
9.850098344525373761e+01
9.847067416097229398e+01
9.869702888136509955e+01
9.856740131807599425e+01
9.850619513245119663e+01
9.856023488453361381e+01
9.870150641439907702e+01
9.850613022019700793e+01
9.790702471174280674e+01
9.822949721621125718e+01
9.819192866565641964e+01
9.834910384846273246e+01
9.820889926414498916e+01
9.847344012916397560e+01
9.802430514659418748e+01
9.771292061068879775e+01
9.742609889216937802e+01
9.815381385897654809e+01
9.797952492762537702e+01
9.776273672722584251e+01
9.732916185252834396e+01
9.777771722793380604e+01
9.803408688719103736e+01
9.721901750180440160e+01
9.770375912507590499e+01
9.702072029041666212e+01
9.734138409862845265e+01
9.727208449702480664e+01
9.744030355563158707e+01
9.728619950054674348e+01
9.692219920489789331e+01
9.737654557161640412e+01
9.715835281240430277e+01
9.705447982287977027e+01
9.693761707774565650e+01
9.723192035439097936e+01
9.641322325930217119e+01
9.692924045875268746e+01
9.701415332304596006e+01
9.714244986991472786e+01
9.679664307520658895e+01
9.702864441263170647e+01
9.654065987974458096e+01
9.632630973484413062e+01
9.682200583629827406e+01
9.662641476898625115e+01
9.649064647422353858e+01
9.640209396158873290e+01
9.669086798070797784e+01
9.633829884722388215e+01
9.616461738629749334e+01
9.626346360417039705e+01
9.617788523298611381e+01
9.636858408134561671e+01
9.629862056178187402e+01
9.626094147263104617e+01
9.572645142725512812e+01
9.571500500243189435e+01
9.583621854377342686e+01
9.596235452926440246e+01
9.580308029723225616e+01
9.566975493735094460e+01
9.553153224368132612e+01
9.569113845241196259e+01
9.550595909522171212e+01
9.546952959035535002e+01
9.520978163630370261e+01
9.524601216361394052e+01
9.518989555852709827e+01
9.507223829587199759e+01
9.521342201595825827e+01
9.516098211935968720e+01
9.492532097331559271e+01
9.489750259001323229e+01
9.494686971697335309e+01
9.510612176447968125e+01
9.472160823974543575e+01
9.483685863539517413e+01
9.448002262950979002e+01
9.479200736272248662e+01
9.456496767590239472e+01
9.477245916122417668e+01
9.476669168315113723e+01
9.445133915596865393e+01
9.425948330607457137e+01
9.421158982070444665e+01
9.405206682931964224e+01
9.446156032326092600e+01
9.446267350509278060e+01
9.430390368943490387e+01
9.388050908506460246e+01
9.445652283074258548e+01
9.375630400896881156e+01
9.364616019273648817e+01
9.405548868332799373e+01
9.407334894443998508e+01
9.416835465506341052e+01
9.378948888872048428e+01
9.399230541106781800e+01
9.348330815526712456e+01
9.352995185218549068e+01
9.346517392666559942e+01
9.385715146367509476e+01
9.363613624276918301e+01
9.378637900833115282e+01
9.318516205096926797e+01
9.315411537532764896e+01
9.354461789916375380e+01
9.335952708827545621e+01
9.318492922661704370e+01
