2.867484329040162834e+02
2.866882604318814742e+02
2.867441853570252874e+02
2.867047920946503154e+02
2.866493298383203410e+02
2.866864468052132793e+02
2.865547253680373387e+02
2.867807615986682208e+02
2.868034033929037037e+02
2.867420011990457169e+02
2.868148475503026589e+02
2.868605684627900700e+02
2.867575007309048942e+02
2.867794264516026601e+02
2.868078660931584523e+02
2.867208927846108395e+02
2.869366253024817865e+02
2.868886322675973020e+02
2.870304695933544394e+02
2.871593896373993289e+02
2.870476200932987467e+02
2.870938300120058670e+02
2.872529194830034953e+02
2.873156803913410045e+02
2.871867741033815378e+02
2.872276424463192939e+02
2.871440976787318391e+02
2.871171702813502407e+02
2.873557421382245707e+02
2.876969197379890488e+02
2.874476737400190700e+02
2.874828641034400221e+02
2.876959093589991880e+02
2.877318241912004169e+02
2.877068865221939973e+02
2.875457183551081926e+02
2.876400714775984966e+02
2.879597775893228686e+02
2.878821146715180816e+02
2.878768427196876587e+02
2.878515283621150616e+02
2.878977928953672176e+02
2.880410885771996163e+02
2.880023266370283750e+02
2.880912717986441862e+02
2.880669203468254977e+02
2.881540340419174413e+02
2.879854982851067007e+02
2.880659753017460503e+02
2.883109184739450939e+02
2.884660912532621637e+02
2.885698405877199662e+02
2.885004350016627086e+02
2.885138665251285488e+02
2.884741086725394439e+02
2.884534445503022084e+02
2.886314899638846896e+02
2.887912720045034121e+02
2.886537496918915053e+02
2.885643903396714904e+02
2.886488143951180518e+02
2.890076336629873026e+02
2.891202240398214371e+02
2.890175001475744807e+02
2.890470148121202669e+02
2.890649481832692231e+02
2.891811112176404208e+02
2.893333355260486996e+02
2.895097578070657960e+02
2.893461955797852170e+02
2.892909700178154822e+02
2.894309825131288676e+02
2.894775911057727171e+02
2.894794672040742398e+02
2.895219051151246958e+02
2.895909803568573011e+02
2.895664393306400370e+02
2.896811762650141304e+02
2.897804905039235450e+02
2.897613632682428602e+02
2.897107559104011330e+02
2.897889706991257981e+02
2.898411317499918596e+02
2.899465931796499376e+02
2.900970881127047392e+02
2.900501371908031842e+02
2.900030144229828579e+02
2.901741435144792263e+02
2.901909580893218958e+02
2.902610289996396773e+02
2.902182135375456937e+02
2.903916527571088864e+02
2.904233109613663260e+02
2.905331439488966225e+02
2.905437465161633668e+02
2.904243601124288148e+02
2.905742165250671292e+02
2.908297971628279015e+02
2.907898095146284732e+02
2.906762246416917606e+02
2.907040861012261530e+02
2.908553382366946494e+02
2.908644327292998355e+02
2.911205280260933819e+02
2.911858933715738544e+02
2.910684568775838557e+02
2.911258126748761583e+02
2.913140879089039004e+02
2.912692213816723665e+02
2.914171249541909106e+02
2.916662192830365825e+02
2.914987798558970553e+02
2.914254719881464553e+02
2.916404254868613748e+02
2.917319354364313995e+02
2.918503930844685783e+02
2.918575402657629070e+02
2.918435977255473404e+02
2.919080853840920895e+02
2.921653987256133860e+02
2.921393631320866575e+02
2.921120757792452878e+02
2.922708348421563187e+02
2.922983864470404001e+02
2.922260191314152848e+02
2.923211506100433894e+02
2.926041482523830268e+02
2.926378938962973280e+02
2.925054681051610146e+02
2.925484301592871361e+02
2.926809029454671531e+02
2.927413452131390272e+02
2.928802126955890230e+02
2.927697741502482813e+02
2.929518999212924086e+02
2.929047307252029100e+02
2.929336962459099141e+02
2.930137938498532435e+02
2.929984639892372797e+02
2.930844918280068327e+02
2.932709041143115769e+02
2.933828873491702893e+02
2.934297807399091766e+02
2.935316128094124792e+02
2.934358535743866128e+02
2.935263884399590211e+02
2.936504130573316615e+02
2.937234810588752794e+02
2.937584882707968745e+02
2.938587230742031693e+02
2.939031665895274159e+02
