1.005162736300874968e+02
1.000019383338323564e+02
1.001353039543102597e+02
9.993115602108007067e+01
9.984869428910586464e+01
1.000164898933964395e+02
9.960753277321389021e+01
9.973972448042883343e+01
1.000916140802702472e+02
1.000633760746955545e+02
1.002674824128165341e+02
1.007142696707137617e+02
1.012236493452556374e+02
1.001938605827250370e+02
1.000609016457901674e+02
1.000299947949465604e+02
1.004559360556200289e+02
1.001181603226210228e+02
1.003812569576656415e+02
9.948719867969283825e+01
9.998830998206538823e+01
1.002884830861491992e+02
1.003494118912320943e+02
1.007903402607831680e+02
1.002199285093259533e+02
9.986834783204055555e+01
1.003181762732809688e+02
1.004553137562037932e+02
1.002510376275795778e+02
1.007192086255785881e+02
1.008895491523135064e+02
1.000511912341396936e+02
1.001247106514267813e+02
1.014321400061775762e+02
1.039220130460941505e+02
1.016084032625140736e+02
1.004509676220364582e+02
1.006974391547363012e+02
1.004288603331522580e+02
1.001722201039490869e+02
1.001634819519656361e+02
1.005114969093317399e+02
1.007350594249887621e+02
1.001450583559537932e+02
1.002808321340705930e+02
1.006715790231100840e+02
1.000321669923083192e+02
1.004912806051460166e+02
1.000451622592369034e+02
1.004859111100302584e+02
1.002686335565511087e+02
1.007888677012635981e+02
1.007219795892649614e+02
1.014302844269257520e+02
1.007278794650807043e+02
1.004737248278467519e+02
1.008307182096446724e+02
1.006313116223068818e+02
1.004265167365379483e+02
1.001967209692069360e+02
1.000506933104180689e+02
1.003799044815172579e+02
1.012654556960011973e+02
1.011281521208185126e+02
1.004423184419299986e+02
1.008893111945650247e+02
1.002256611674705482e+02
1.004025408453809547e+02
1.005175115643830281e+02
1.003217689874243348e+02
1.004964091871073464e+02
1.003997735503796065e+02
1.003528124495539231e+02
1.006402963982137067e+02
1.009053963670513099e+02
1.001814265885739559e+02
1.002294870160773286e+02
1.006267500643964325e+02
1.005571354530189865e+02
9.998418884112965088e+01
1.000203135013128986e+02
1.005426938538915351e+02
1.002411774323294935e+02
1.001256765358021994e+02
1.006881626024321150e+02
1.003578933100839805e+02
9.975855457532634318e+01
1.000844216459565814e+02
1.004250556012841145e+02
9.972130393656431124e+01
1.002711097475284845e+02
1.004375306949960844e+02
1.002377438950790207e+02
1.003853180778594520e+02
1.002780639865425911e+02
1.001386091789089647e+02
1.003867424025974771e+02
1.010296340111354425e+02
1.008397819477525417e+02
1.007386252476997441e+02
1.003881360594824770e+02
1.007318334836453886e+02
1.002363257918059531e+02
1.005003388437866647e+02
1.004949100506270696e+02
1.002363994107727194e+02
1.003907144991808167e+02
1.004609013520543073e+02
1.002682299597635165e+02
1.006470471755867635e+02
1.007507032681595405e+02
1.005047168770489208e+02
1.009124498497791933e+02
1.022916276151635628e+02
1.019031405207849161e+02
1.011143232218892649e+02
1.007026388750090149e+02
1.011796879786929253e+02
1.011961047416369155e+02
1.007579604793029802e+02
1.011829460506706511e+02
1.007008461244236059e+02
1.013690858526149583e+02
1.007159111444550064e+02
1.009381750013220653e+02
1.013106143855503802e+02
1.011995329166548601e+02
1.010696209080983152e+02
1.010898638062899266e+02
1.006501362438576876e+02
1.007613771832411658e+02
1.006168902903580857e+02
1.013788357157806246e+02
1.015948553539284802e+02
1.009013883467353594e+02
1.005865230464434035e+02
1.006578164329398959e+02
1.002742011209291064e+02
1.003389962585163317e+02
1.002482415668254703e+02
1.007892411171173848e+02
1.012049222167792237e+02
1.027280667872652913e+02
1.019218852007062424e+02
1.005012748801517546e+02
9.979155093776432750e+01
9.989708290931696411e+01
9.987723645233262459e+01
9.944134287821363216e+01
9.940866891876923717e+01
9.954128187859282662e+01
1.001596814600446663e+02
9.975711455820329832e+01
9.917134779414989509e+01
9.923134314233378461e+01
9.970373800696252431e+01
9.952443641277291420e+01
9.951509771518745140e+01
9.964673836274715768e+01
9.954089633131923165e+01
9.889216875072247603e+01
9.954472030305066710e+01
9.946949530797705563e+01
9.896640083649775477e+01
9.930861455575664820e+01
