2.385120976771783035e+02
2.383196664027634597e+02
2.382243107098969404e+02
2.383326480127369962e+02
2.381620747235367901e+02
2.381732284652498493e+02
2.383450752444523175e+02
2.381243344108042663e+02
2.384434614656321116e+02
2.380879325880106308e+02
2.382069726983718283e+02
2.380923424281982932e+02
2.385264155086056235e+02
2.380846391657926233e+02
2.382824941428222871e+02
2.385041565934763810e+02
2.383421495242982076e+02
2.383165537210952323e+02
2.379786657985675618e+02
2.382423982163918765e+02
2.381832920825916915e+02
2.380358578373388809e+02
2.382859888658377088e+02
2.382295748833729760e+02
2.379257637863087496e+02
2.383106344386079343e+02
2.381788355870193357e+02
2.382180079017705339e+02
2.380639465605790974e+02
2.383163807866042987e+02
2.380532074177380935e+02
2.383955278439492815e+02
2.381223495953501015e+02
2.381242626938768581e+02
2.381128669611895532e+02
2.378254351886608049e+02
2.380961465828743258e+02
2.379417372993138144e+02
2.380932726898749081e+02
2.378596071636066824e+02
2.379455866929870638e+02
2.380305583890495882e+02
2.381361888034803371e+02
2.377812594492107507e+02
2.379891041300344625e+02
2.378968801595063098e+02
2.380286132454092183e+02
2.376491634651056302e+02
2.379144197541977803e+02
2.378801950323859273e+02
2.379630425621187726e+02
2.377828589436720392e+02
2.380363763893593614e+02
2.378323690182089649e+02
2.378451525983791726e+02
2.380137784577064792e+02
2.377879940752403911e+02
2.379209379661540424e+02
2.382540089956302438e+02
2.378292815836122998e+02
2.378817980977615605e+02
2.380110237840149523e+02
2.376480709228873422e+02
2.376825103361817639e+02
2.379712946763937964e+02
2.380907901067051853e+02
2.378911247713475348e+02
2.381766126754000652e+02
2.379495815766003091e+02
2.379035398883099504e+02
2.384501040635823301e+02
2.377667547570426620e+02
2.376462071859796197e+02
2.379717166142442295e+02
2.377711040233907909e+02
2.379181996678883309e+02
2.380081327322255618e+02
2.380663559651569585e+02
2.378601364946203773e+02
2.381091625544231647e+02
2.378152826607370116e+02
2.379327499649979245e+02
2.378839044289591129e+02
2.380550719064253826e+02
2.380058383186471929e+02
2.379446723395685694e+02
2.378261735964963748e+02
2.377205343221108080e+02
2.384367085869917275e+02
2.378611870850607204e+02
2.378062608227061219e+02
2.380830402775882249e+02
2.376066921705065624e+02
2.377893961013387809e+02
2.381284208171099408e+02
2.382459875989451632e+02
2.378445955889457935e+02
2.377163086020120488e+02
2.378303174126378110e+02
2.384696631695034057e+02
2.378704144788074757e+02
2.378989780787691473e+02
2.383098895797091075e+02
2.381609055026629278e+02
2.379525025173819586e+02
2.379259377590814495e+02
2.384535980881030639e+02
2.382222990941608316e+02
2.382160974240336202e+02
2.385062116438549822e+02
2.382591821800134539e+02
2.384880973949905183e+02
2.381958764146494332e+02
2.384038359748968503e+02
2.383626189696329050e+02
2.383426019324127481e+02
2.383725908073002699e+02
2.384188598616592856e+02
2.380969502491292076e+02
2.382189204455787319e+02
2.382057618742636294e+02
2.385606102372012174e+02
2.382733260152034518e+02
2.382222103565992199e+02
2.383532722329676687e+02
2.385060566220001590e+02
2.387792079997585972e+02
2.382090124307034955e+02
2.383797208783913959e+02
2.381566537207034173e+02
2.382206760477635896e+02
2.383263798120147214e+02
2.382938500529696739e+02
2.387313718333072075e+02
2.383056733117903434e+02
2.383570599853045451e+02
2.382001716895162815e+02
2.383379238156826148e+02
2.384721194554478814e+02
2.385075134992403036e+02
2.382470021498362485e+02
2.382967099400818825e+02
2.382191797200345320e+02
2.384245722423039808e+02
2.383628337285142607e+02
2.384084431003877853e+02
2.385914506631260110e+02
2.382254463759794874e+02
2.384084010051763869e+02
2.383262498454546403e+02
2.385002926868040447e+02
2.382495517705125678e+02
2.382076417743598142e+02
2.383308816021849168e+02
2.379963750862782490e+02
2.382032979996453150e+02
2.382641210740343638e+02
2.382743937123377691e+02
2.381390003666264192e+02
2.384702376966355075e+02
2.380724805786285287e+02
2.385255194091197666e+02
2.383281356150148156e+02
2.380913365239672430e+02
2.385254809554669464e+02
2.381017208305124768e+02
2.381196986336584587e+02
2.380114057197345119e+02
2.381964478962495093e+02
2.381997697566821444e+02
2.381267061004073469e+02
2.382941091373619145e+02
2.379923210422277009e+02
2.379934691036794163e+02
2.379007916065871768e+02
2.378998611859495895e+02
2.381414696291959672e+02
2.380134538011874383e+02
2.383539491397822587e+02
2.381463140598783923e+02
2.380029003819696243e+02
2.380391213543798585e+02
2.381381177699591660e+02
2.379824045136011534e+02
2.377887662923655228e+02
2.379995483556658371e+02
2.380655690246923086e+02
2.380446503558303846e+02
2.374094570916807925e+02
2.377469365341010246e+02
2.378478900433588876e+02
2.378359792828155150e+02
2.376890815504063141e+02
2.376646335965131982e+02
2.379122934831996474e+02
2.376992244147831741e+02
2.376932721335507210e+02
2.379396277421124068e+02
2.376971533561735725e+02
2.380025275427090321e+02
2.376557907631718365e+02
2.376228746372215710e+02
2.377493804776703428e+02
2.379315895315284877e+02
2.380170326824330971e+02
2.376272465025272425e+02
2.378678695934312373e+02
2.378402093792149117e+02
2.376713176044787872e+02
2.375208763421109097e+02
2.380897778036098487e+02
2.379077021937505094e+02
2.380188976847150855e+02
2.381591228243040916e+02
2.377347488095747678e+02
2.380109918653389514e+02
2.378533112756439607e+02
2.377272673402276553e+02
2.379299273971324453e+02
2.379099007299832067e+02
2.379572043663710019e+02
2.377546608212230694e+02
2.379851388827948995e+02
2.376895651085227428e+02
2.378990623641479942e+02
2.375761982605318678e+02
2.380998906966820812e+02
2.376980801807599164e+02
2.377203445613789654e+02
2.377987047365609214e+02
2.379716992664557722e+02
2.385402317719992880e+02
2.378549232668266313e+02
2.378481011226111832e+02
2.380677481317113688e+02
2.378820039814960410e+02
2.380451144250453410e+02
2.381717205768785561e+02
2.377978585339170934e+02
2.380138365073954674e+02
2.380161494675140545e+02
2.376404112352921913e+02
2.379592649792740531e+02
2.383944052939090170e+02
2.382055632014249795e+02
2.381728693429184602e+02
2.381103173434647431e+02
2.381102361902112250e+02
2.380494628689598642e+02
2.380341299933643313e+02
2.383600530497028558e+02
2.382071776847607225e+02
2.383717837286201302e+02
2.381220561035415528e+02
2.382836139342170156e+02
2.382142704077898827e+02
2.385332233185105224e+02
2.381207981380681247e+02
2.384429495859902488e+02
2.383897236169938481e+02
2.381812887503949412e+02
2.380683401081222428e+02
2.382829326701886714e+02
2.387885454157747915e+02
2.385104814516803344e+02
2.383678797188983651e+02
2.385539947246994643e+02
2.386348865957612588e+02
2.383458505600119679e+02
2.383607411446318167e+02
2.385384312774475291e+02
2.384457772669605617e+02
2.386829998854351231e+02
2.382033386058208180e+02
2.386332478406098119e+02
2.382467548145365299e+02
2.383029720105016906e+02
2.382841260018697938e+02
2.384399816180869038e+02
2.383989550252548497e+02
2.383398639910548127e+02
2.383406965228102479e+02
2.384966661998539621e+02
2.381322961286866757e+02
2.383905111613756844e+02
2.383925067544403191e+02
2.382814051239354001e+02
2.383687207520933669e+02
2.381032613797072770e+02
2.382973099952923519e+02
2.386037869797269195e+02
2.384245286200363978e+02
2.380159264111951813e+02
2.384020775161899337e+02
2.381650760386722823e+02
2.382912898403158977e+02
2.383688072064253163e+02
2.381123880755170887e+02
2.382766648601625832e+02
2.384329616014977091e+02
2.379170094736905696e+02
2.380489593311586134e+02
2.386183710544373753e+02
2.381152895732126353e+02
2.381994272405689799e+02
2.384114522367841573e+02
2.384114763443540426e+02
2.382667022465557238e+02
2.379524192738902855e+02
2.385566941984988887e+02
2.382474507576033886e+02
2.381368897598306376e+02
2.383384626529565367e+02
2.383136672601187627e+02
2.378643609367316856e+02
2.381000465957736196e+02
2.380357974683176963e+02
2.383308056278771971e+02
2.381503110329698245e+02
2.380610880266892764e+02
2.382048763942186440e+02
2.379799111692879023e+02
2.382511128715286759e+02
2.380805348213985155e+02
2.376849545792065328e+02
2.380906859653323693e+02
2.383286589404381459e+02
2.379398328248242649e+02
2.380027911874282438e+02
2.383239571586899217e+02
2.380123917850047235e+02
2.379092563382392882e+02
2.382193158267945421e+02
2.382590416246834195e+02
2.383165729027535065e+02
2.382304538689803337e+02
2.384062157178604195e+02
2.381627553230346166e+02
2.382638762048295291e+02
2.383270304121938068e+02
2.380346571665796773e+02
2.383623192108215392e+02
2.382044555708139058e+02
2.381108534228076223e+02
2.382919907914289013e+02
2.384091845141609838e+02
2.383164086484155462e+02
2.382829556480827478e+02
2.383871485136438650e+02
2.383164562619678293e+02
2.383441453075543848e+02
2.382444055850830864e+02
2.381971635668100760e+02
2.383486908768877868e+02
2.383669081028720882e+02
2.380597120977941756e+02
2.382825393169938479e+02
2.379862616159661286e+02
2.383364209598172465e+02
2.380735707747157903e+02
2.383527858250151041e+02
2.379687421287081861e+02
2.380225349307769136e+02
2.382400216951528193e+02
2.383163406028623967e+02
2.379883872565682168e+02
2.385282410678628366e+02
2.383403280951499994e+02
2.382366942200923177e+02
2.383780623814159298e+02
2.383506242260814361e+02
2.385465327020600341e+02
2.385569201685423195e+02
2.386245388759135722e+02
2.378013385225856382e+02
2.385732955203874610e+02
2.382125837422584311e+02
2.381935835960112797e+02
2.382944081444197764e+02
2.381825230267933478e+02
2.385734754120897776e+02
2.381813601408552188e+02
2.377998126483289525e+02
2.382570237832281634e+02
2.384166271321402064e+02
2.380555500840228262e+02
2.378928376079833527e+02
2.383430515970555064e+02
2.383335694196656789e+02
2.381739146390138728e+02
2.384621119885395899e+02
2.380594868095505774e+02
2.385322510679767163e+02
2.382901380426906428e+02
2.382969229568028879e+02
2.385362526276668405e+02
2.381805064950966653e+02
2.382941238330060116e+02
2.379577691247366147e+02
2.383154615663671620e+02
2.385562995249126459e+02
2.382293200241552711e+02
2.386572274169227512e+02
2.379145515345468596e+02
2.382349148711307123e+02
2.381703418017354750e+02
2.385012674220909332e+02
2.383025314208270800e+02
2.382351955845490750e+02
2.386030064720461041e+02
2.383959558490634265e+02
2.382020172344053606e+02
2.386589789022555408e+02
2.384690579997560747e+02
2.381062171460715433e+02
2.382500776309425419e+02
2.383842328425916151e+02
2.380392138969872633e+02
2.381796592449826164e+02
2.383288409678492314e+02
2.383924803413354141e+02
2.382063634413932505e+02
2.384840351967934851e+02
2.382816941421386616e+02
2.384461092306870569e+02
2.381100301447590937e+02
2.380437111376388941e+02
2.381249775023978827e+02
2.383360101272827194e+02
2.384297962083213633e+02
2.384013968863535808e+02
2.381439558059524018e+02
2.382266840646684898e+02
2.383255963556742643e+02
2.379913635557579710e+02
2.385896542168507040e+02
2.381803946064902959e+02
2.380632547283341580e+02
2.381277006875027098e+02
2.379415961652752003e+02
2.382488901542999713e+02
2.382001270494791640e+02
2.380252812783964771e+02
2.382714466282162675e+02
2.383611806208575388e+02
2.385229101094584792e+02
2.383209172629925376e+02
2.384767904214286602e+02
2.382199757977066383e+02
2.383948084647375083e+02
2.385063949233719995e+02
2.383620172926652003e+02
2.381831938489767424e+02
2.382477120981867529e+02
2.380694920306085294e+02
2.385400299846055248e+02
2.383989255548043502e+02
2.383162255888880452e+02
2.383315610473640618e+02
2.387822199923090238e+02
2.382753129677778361e+02
2.386331114836250435e+02
2.384940846240915278e+02
2.386091961966395445e+02
2.383765068168147252e+02
2.387919689819870257e+02
2.383448000503925925e+02
2.382951933263944966e+02
2.385161547340638037e+02
2.381386112841748002e+02
2.379983301140996446e+02
2.383744974928508498e+02
2.386441560226407717e+02
2.381257763424038103e+02
2.385227181644234804e+02
2.389180898466179315e+02
2.384250858906385986e+02
2.385161393274633213e+02
2.384217222972079924e+02
2.383977393819179440e+02
2.385232004462034467e+02
2.386605261748980809e+02
2.383203712985738036e+02
2.380601063924149230e+02
2.382946271988075466e+02
2.385488919600575173e+02
2.383510545652144685e+02
2.384542409011366146e+02
2.384425957134612872e+02
2.385490201552298970e+02
2.384690252762943885e+02
2.384933665742224775e+02
2.384095939177463777e+02
2.383099050204282037e+02
2.381976587545352402e+02
2.380055681755665375e+02
2.380548914784128840e+02
2.380538041106655101e+02
2.381663986899672807e+02
2.382711697724773785e+02
