2.862011109557318491e+02
2.860665795325673457e+02
2.860696398941831262e+02
2.859778547986464901e+02
2.859901402095872527e+02
2.860684533997252288e+02
2.860300114274299972e+02
2.859062796512985756e+02
2.860451343983690435e+02
2.859920723886022529e+02
2.859675719940082104e+02
2.859427225572903239e+02
2.860535713911303901e+02
2.859481079772194789e+02
2.860803133654531507e+02
2.862049578446053033e+02
2.861532004236177613e+02
2.859539178660501761e+02
2.859388801951698156e+02
2.860703774909075605e+02
2.859269988956453972e+02
2.859016108920726538e+02
2.859778908827856867e+02
2.859286532043361149e+02
2.858848174843954553e+02
2.860893878941642470e+02
2.859718376503954573e+02
2.859926390103788094e+02
2.861389533293987029e+02
2.860752283083841689e+02
2.860451049187623767e+02
2.861526789392350452e+02
2.860460519386473379e+02
2.860418839289315542e+02
2.859773692963884741e+02
2.858792945646745807e+02
2.858837218552361605e+02
2.857661844878966235e+02
2.858795062568947856e+02
2.856611815135752863e+02
2.858324432280710994e+02
2.859348904848160373e+02
2.858809721471321268e+02
2.857674865414830379e+02
2.858514253076962746e+02
2.857995303446563184e+02
2.857948778141908406e+02
2.857627915278694104e+02
2.857547089987104414e+02
2.857417450062322928e+02
2.858531998256059410e+02
2.857822864401780976e+02
2.858781774916611198e+02
2.858054591169468495e+02
2.858052026095189717e+02
2.858220576374488360e+02
2.857663502656658352e+02
2.859756363375393562e+02
2.859819633942407222e+02
2.857630170391429942e+02
2.858178676080330547e+02
2.858587054682467965e+02
2.856728906830567780e+02
2.858248606349590659e+02
2.859923503327148069e+02
2.859280598988818269e+02
2.858549811369877602e+02
2.859248378337897520e+02
2.858043249261405094e+02
2.858852659927460991e+02
2.859745998055870473e+02
2.856677324285203099e+02
2.857055202362992645e+02
2.859277374299620647e+02
2.857992503069536383e+02
2.858339242374212859e+02
2.858155332207517745e+02
2.858950431461818198e+02
2.857758936601264281e+02
2.859112019832678584e+02
2.858494713877960294e+02
2.859644668832694947e+02
2.858733265843271738e+02
2.858948929635185436e+02
2.858813150649610293e+02
2.858182097395875871e+02
2.858702746959142473e+02
2.858450250074141081e+02
2.860300921722584917e+02
2.857946358745801376e+02
2.857600925994735803e+02
2.859169989998590040e+02
2.857214438138225887e+02
2.858369239313025787e+02
2.859651416791151632e+02
2.859731763043294563e+02
2.858672910826717839e+02
2.858545380466258052e+02
2.858508793340410534e+02
2.860587300546826555e+02
2.857872449548177656e+02
2.859797032454494570e+02
2.860327600807800650e+02
2.859194382243801442e+02
2.858481918492796012e+02
2.859542963486485405e+02
2.861044587302757805e+02
2.859909995103344613e+02
2.861159829560993444e+02
2.860773198947049991e+02
2.860186765424801933e+02
2.860679691514340561e+02
2.861494915264254928e+02
2.861586758159198212e+02
2.860551742986601766e+02
2.860618835628010288e+02
2.860784224578970907e+02
2.860398555436881338e+02
2.859443714033267838e+02
2.860166732419668278e+02
2.860545524197997906e+02
2.861542489019516893e+02
2.860426420618269958e+02
2.861212934705445718e+02
2.862064033303330461e+02
2.862119143896190963e+02
2.863375192400682181e+02
2.860436385379336457e+02
2.860615433087514816e+02
2.860455669752070662e+02
2.860960887447848222e+02
2.860509866778945138e+02
2.861595084303734211e+02
2.863461776324554648e+02
2.861098775854100040e+02
2.861840232795367456e+02
2.860464180023864174e+02
2.861644956179605401e+02
2.862625412627781429e+02
2.861874809154336958e+02
2.860521216825159740e+02
2.860605892434228394e+02
2.861638966074656310e+02
2.862396374684625471e+02
2.862438557326889850e+02
2.860942156770423708e+02
2.860448572747210392e+02
2.860398235345637090e+02
2.862109413464339127e+02
2.861592301797289224e+02
2.861445072814890409e+02
2.859634062438282172e+02
2.861782734399219521e+02
2.859955095070843640e+02
2.858577129631746629e+02
2.860838673212224421e+02
2.860110864849492032e+02
2.860497550063750509e+02
2.860703203416913993e+02
2.861041561897639554e+02
2.859559923976545974e+02
2.861927758448636041e+02
2.860691588316460638e+02
2.860055290652448434e+02
2.861277786882921532e+02
2.860084909461072016e+02
2.860516655810906173e+02
2.858435228713446463e+02
2.860621792500770084e+02
2.859967422002795274e+02
2.859996610591320518e+02
2.860440628240997398e+02
2.859361816410110464e+02
2.858462490288188746e+02
2.858968826252365716e+02
2.858616888085051073e+02
2.858064920896666194e+02
2.859558367394837433e+02
2.860271042571711178e+02
2.859423874300600801e+02
2.857866549834503189e+02
2.859628505611850073e+02
2.859530680611526918e+02
2.858530419681491139e+02
2.858109149357281922e+02
2.858440396859385260e+02
2.858943935337298967e+02
2.859108874222970940e+02
2.856006388293396299e+02
2.857481237287334466e+02
2.858572775738616656e+02
2.857829801036888853e+02
2.856891141677684232e+02
2.857961868073256824e+02
2.857665109939994181e+02
2.856925696916335369e+02
2.857322438690679860e+02
2.858450737532497214e+02
2.857931296334106719e+02
2.858675972290056393e+02
2.857397990965283157e+02
2.856908619152726487e+02
2.857528007715857257e+02
2.858459414592099961e+02
2.858203237799538670e+02
2.856330925791421009e+02
2.857821266034092105e+02
2.857469480781601874e+02
2.856080034443500040e+02
2.856984939220656656e+02
2.858420761822067675e+02
2.858489587266305989e+02
2.859309536658168440e+02
2.859024052460225107e+02
2.858606607304020031e+02
2.859057430597126768e+02
2.856834652275414896e+02
2.856695669256831138e+02
2.858083988936402307e+02
2.857947249800661211e+02
2.858281914140472395e+02
2.858344023377136409e+02
2.858854909867716856e+02
2.857775719563898633e+02
2.857826845734525136e+02
2.857014167118222190e+02
2.858160782991781730e+02
2.856788838139349309e+02
2.857584644052518001e+02
2.858596019870014402e+02
2.859295672534668142e+02
2.860197032900826457e+02
2.857955898072362402e+02
2.858529902632112112e+02
2.858945650930202760e+02
2.858400888770031543e+02
2.859986710427544381e+02
2.858585268218351416e+02
2.856438735389650105e+02
2.859446244217297703e+02
2.859114390182041916e+02
2.856631792587137966e+02
2.858417494469186408e+02
2.859951615482387410e+02
2.859603175193051925e+02
2.859659651590929457e+02
2.858470382906464238e+02
2.859160053482403328e+02
2.859124693882898214e+02
2.859582185346183678e+02
2.860839859695055907e+02
2.861399927741318834e+02
2.860366700033289931e+02
2.859217219062955451e+02
2.860669885573947795e+02
2.861109357697862947e+02
2.862167391399538019e+02
2.860219335895810104e+02
2.861420160500105112e+02
2.861592074559852676e+02
2.860164002933583447e+02
2.859593472013478959e+02
2.862111638470719868e+02
2.864319620477584181e+02
2.861966457637515759e+02
2.861691390057114859e+02
2.862921222139241877e+02
2.862638603337016434e+02
2.860878062449002641e+02
2.860888885365461647e+02
2.862434855503306039e+02
2.863426716362270668e+02
2.862489896226842916e+02
2.860978016753377347e+02
2.862010599738002270e+02
2.861642341095853794e+02
2.861673092746552811e+02
2.861769487511197667e+02
2.862291862543590355e+02
2.862162451986782798e+02
2.862095834785057491e+02
2.861694709775368892e+02
2.861937872353350372e+02
2.860498988827640119e+02
2.860302582676550287e+02
2.860951617650800358e+02
2.861353712472590018e+02
2.861082229562173325e+02
2.859663130110025122e+02
2.861615738259169461e+02
2.862777772720040161e+02
2.861087997351389163e+02
2.860130389481002453e+02
2.861075939761541918e+02
2.860197252018948006e+02
2.861538080198749867e+02
2.861013001145112753e+02
2.859924542663794682e+02
2.860744356171438767e+02
2.860564287428100556e+02
2.858808589165209355e+02
2.860466749563876760e+02
2.861863900626300961e+02
2.859841562355765632e+02
2.860699346719281948e+02
2.861251212693652519e+02
2.860901281242786922e+02
2.859530404416059923e+02
2.859348049705046719e+02
2.861456753495938301e+02
2.858951320846413751e+02
2.859942743405120495e+02
2.861135267172039676e+02
2.859659021040585003e+02
2.858757118427586761e+02
2.860546525533330282e+02
2.859437447417541307e+02
2.860299014846045225e+02
2.859762864982004658e+02
2.860073145631130274e+02
2.859684910095832038e+02
2.859178102987536931e+02
2.859431934525219958e+02
2.859000543421363432e+02
2.858347876728154802e+02
2.859436429003699232e+02
2.859173669699039237e+02
2.859077365878409296e+02
2.858993969944785363e+02
2.860745746194132266e+02
2.858434144761573066e+02
2.859560278580166823e+02
2.860431189020251850e+02
2.860872923286836453e+02
2.861099923433463346e+02
2.860931441193709475e+02
2.860494919553175350e+02
2.859959593107331557e+02
2.859941882508596223e+02
2.860198533509963568e+02
2.859858075276695217e+02
2.860703769739224640e+02
2.860618613562816677e+02
2.860522618358338036e+02
2.862402630920533397e+02
2.860967098027884390e+02
2.860663160553374951e+02
2.860954537204272015e+02
2.861704578526249065e+02
2.860574942878460547e+02
2.860715222661343091e+02
2.860022359277760415e+02
2.860037046321560865e+02
2.861096569374486194e+02
2.861221781441392409e+02
2.859973806953809117e+02
2.861469622681437954e+02
2.859611884975774387e+02
2.860416575368598728e+02
2.859982022574271241e+02
2.860982489400310556e+02
2.858944197063595425e+02
2.860280739193673867e+02
2.860665528443200287e+02
2.860272386651004695e+02
2.859404523702555139e+02
2.861277153835246168e+02
2.860467917643370015e+02
2.860338889587177391e+02
2.860547080457818652e+02
2.861562841912807471e+02
2.861718727398133524e+02
2.861908010678138794e+02
2.861030408337745712e+02
2.858799902579372088e+02
2.861247636828229588e+02
2.860066941591613272e+02
2.861084247956412696e+02
2.860946000519163022e+02
2.860959979729635734e+02
2.862826585110686324e+02
2.860136949687533274e+02
2.858265710992648110e+02
2.859964357948940119e+02
2.860706114231260244e+02
2.859078433611347805e+02
2.859354108732479745e+02
2.860987286066875299e+02
2.861099367863185421e+02
2.860350643103744233e+02
2.860670098341891503e+02
2.860000545502720115e+02
2.860587387805819048e+02
2.859794773462891158e+02
2.860963781514631137e+02
2.862338603357894158e+02
2.860478336146996412e+02
2.860932866718314926e+02
2.859044997713656926e+02
2.861032008279470915e+02
2.861142182898732926e+02
2.861547116589773054e+02
2.862136240194209336e+02
2.859631642009181292e+02
2.861151080116131880e+02
2.860420404575407360e+02
2.861170904286717018e+02
2.861153812792208555e+02
2.861299176024386384e+02
2.862579003392890513e+02
2.860419435321732635e+02
2.860878101228520904e+02
2.862508901902918410e+02
2.861883583299475617e+02
2.860229274157908321e+02
2.861263274230207685e+02
2.860262658354822634e+02
2.859958073328828618e+02
2.860753704937407633e+02
2.859858635316146547e+02
2.860640990877789136e+02
2.860574707351237294e+02
2.861837558724478185e+02
2.861012960244785290e+02
2.861720175188219741e+02
2.859641067997503683e+02
2.859572074569070992e+02
2.860866299889478910e+02
2.860963676450543858e+02
2.860982362999263273e+02
2.860918221969018305e+02
2.860382669994316416e+02
2.859932960183884347e+02
2.859932516201604358e+02
2.859221482163230235e+02
2.862070837836146779e+02
2.859700308343910820e+02
2.859690682173576306e+02
2.859661421247848239e+02
2.859366964594552769e+02
2.860964128721685142e+02
2.861722965922400022e+02
2.859412538709552223e+02
2.861106842245809503e+02
2.860643134493282673e+02
2.862014354014414153e+02
2.861164900347587263e+02
2.861539136412304742e+02
2.860691407068367766e+02
2.861961021210159970e+02
2.862325330236412810e+02
2.860656260450585364e+02
2.860641459091335150e+02
2.861360434293125650e+02
2.860721143645590132e+02
2.862173366873183795e+02
2.861992635049891760e+02
2.860902777352928865e+02
2.862238013999798909e+02
2.863427982914766972e+02
2.861043739412207856e+02
2.862766485214577870e+02
2.861609981983004900e+02
2.862148621112596629e+02
2.861638221639726112e+02
2.863307919538077044e+02
2.860715656795085238e+02
2.861083314122698198e+02
2.861242957264614120e+02
2.859286206571422326e+02
2.859793369367779974e+02
2.861392160161099696e+02
2.862509092195143694e+02
2.861193283659796975e+02
2.863310609091646484e+02
2.863881011426577174e+02
2.862432645606656934e+02
2.861813918836664925e+02
2.861776094190499293e+02
2.862253197412766781e+02
2.863026925449908617e+02
2.862094570523200900e+02
2.860177243321859351e+02
2.859653607144456942e+02
2.860836974333280409e+02
2.862756990719169607e+02
2.860868495649236252e+02
2.861316777299064711e+02
2.862143106938299866e+02
2.862052035020050198e+02
2.861870133026223471e+02
2.861623980491240786e+02
2.862173843738373193e+02
2.862049658011223983e+02
2.860472835869410346e+02
2.858926190975575992e+02
2.860008169912974267e+02
2.859236491966584595e+02
2.860139723079542478e+02
2.860499758801512371e+02
