2.410439101209829857e+02
2.411431047477809670e+02
2.414258283191270209e+02
2.411597533663815796e+02
2.413096845257140330e+02
2.413969720073944529e+02
2.413841855955208757e+02
2.411383996486501644e+02
2.414826735591399256e+02
2.409168750815887563e+02
2.411803432963232297e+02
2.411382429827914393e+02
2.408856081970085370e+02
2.411768869693097201e+02
2.409961168430530449e+02
2.415978076583714653e+02
2.413739863201886635e+02
2.415607795902105011e+02
2.412466049806196509e+02
2.411776253041122970e+02
2.414409015700635734e+02
2.413905754594467510e+02
2.414478847413554092e+02
2.415344437115134895e+02
2.416101814168373778e+02
2.414718017984914695e+02
2.415114018745933890e+02
2.416308237446787643e+02
2.419956340027556223e+02
2.415488077480919458e+02
2.411543422406543016e+02
2.413923322371106224e+02
2.415127057087587161e+02
2.416117905653237301e+02
2.419954229753270738e+02
2.416368761829974119e+02
2.422272968221112990e+02
2.415977352157152893e+02
2.416336533858824112e+02
2.418797836941133426e+02
2.417628489522244024e+02
2.421720801410178581e+02
2.420213279088237357e+02
2.420407460886687261e+02
2.420324753975420720e+02
2.418006337621134492e+02
2.422596871652564516e+02
2.421550388559323608e+02
2.421691313924614235e+02
2.422701979628170363e+02
2.425646828081976309e+02
2.426764153822081198e+02
2.422235503921945394e+02
2.423960362104298554e+02
2.423972638851778356e+02
2.425596192276540535e+02
2.425063877105925201e+02
2.428879898426660873e+02
2.432009719658012727e+02
2.431765645673396250e+02
2.434237907000464247e+02
2.435862038982953948e+02
2.432497129380788863e+02
2.428936770876096318e+02
2.430485497188448107e+02
2.432941292441153394e+02
2.437341293589458928e+02
2.436678815914238783e+02
2.437082237683295034e+02
2.440672228218683415e+02
2.432000266199649161e+02
2.434729903634376740e+02
2.433059820278444931e+02
2.437177734765325567e+02
2.436817537340745901e+02
2.433209306762649078e+02
2.437122506013164696e+02
2.438933928019153825e+02
2.441194769989810709e+02
2.442351652975321485e+02
2.444443395767562777e+02
2.442254877506542527e+02
2.441141933494262446e+02
2.441401720048622792e+02
2.445059795336912885e+02
2.442070223626109282e+02
2.447824554772439853e+02
2.446518162807285819e+02
2.448227035844839463e+02
2.443825820863220599e+02
2.444594605093366226e+02
2.442905872182766700e+02
2.448375418622343886e+02
2.445443963491879060e+02
2.446189521968282179e+02
2.447030856397475418e+02
2.456215636198301411e+02
2.445834959000758602e+02
2.446267512636150343e+02
2.454470034410292101e+02
2.453637988504822545e+02
2.456472450407633232e+02
2.450837450709922507e+02
2.456106345088669229e+02
2.452545541803654316e+02
2.458234126406494795e+02
2.457046878226661875e+02
2.458122068463070207e+02
2.459324564248930471e+02
2.463472180603868367e+02
2.458619676650139070e+02
2.459233501045708010e+02
2.457705644907404974e+02
2.463033266105572068e+02
2.458537834456508335e+02
2.460470552917650195e+02
2.467282289145090601e+02
2.463720199089459584e+02
2.468257884456906197e+02
2.468422943855339327e+02
2.467415068088189400e+02
2.467091897647657106e+02
2.465580262441135346e+02
2.472962117220803009e+02
2.466721392198527099e+02
2.466619284680184592e+02
2.468327952742868092e+02
2.472713557972070078e+02
2.472491572612018444e+02
2.478932906404141079e+02
2.469215784772189579e+02
2.470454307975582822e+02
2.480721917381409583e+02
2.473536209017282488e+02
2.480592671771555331e+02
2.472959505087510763e+02
2.479921233932837765e+02
2.476947454495007435e+02
2.480227534774011247e+02
2.481785676166472001e+02
2.480602874351862681e+02
2.484729214488574769e+02
2.482189063437175776e+02
2.484544133233019920e+02
2.482924658470746806e+02
2.481647008804892778e+02
2.487879109713115895e+02
2.488402731844505240e+02
2.483759417971185997e+02
2.487595430677857848e+02
