9.903750365230634145e+01
9.854580324963392002e+01
9.865317230115176983e+01
9.881445061434324373e+01
9.877487850942297598e+01
9.889916395622448420e+01
9.921860970267455571e+01
9.870438871632950395e+01
9.859416659303361996e+01
9.910383519618430626e+01
9.878968063097835284e+01
9.894938745937236035e+01
9.893612209549765169e+01
9.911590622578232512e+01
9.824959050240363467e+01
9.803946689921538393e+01
9.803033361321000427e+01
9.818555493841684267e+01
9.832981447145756704e+01
9.814277590490111436e+01
9.818963375851899400e+01
9.809849417356470269e+01
9.781117397729339302e+01
9.768853012707064920e+01
9.835311854085148298e+01
9.809936260871410241e+01
9.787201285682495211e+01
9.770450795997398075e+01
9.760418975710895495e+01
9.869028811449805971e+01
9.780304415714756772e+01
9.772840049264088691e+01
9.809990445362795697e+01
9.792088359863566893e+01
9.748590128386176445e+01
9.771632688768552555e+01
9.759943347398397862e+01
9.739860928668714735e+01
9.712931394387959472e+01
9.782315347833208818e+01
9.741242571560314900e+01
9.700765242497311647e+01
9.787370835548422576e+01
9.726151642866302893e+01
9.753626226064608318e+01
9.678270021648167187e+01
9.642069744994451241e+01
9.679579947858867683e+01
9.678133942019523772e+01
9.713778250950137760e+01
9.714946327322644493e+01
9.684054545830467475e+01
9.680336923413983641e+01
9.676351851785113922e+01
9.676762872801992899e+01
9.678263768328015715e+01
9.619256139420377849e+01
9.636881836742571750e+01
9.579824807375490536e+01
9.533728912484684770e+01
9.575166178268405304e+01
9.566240809382293264e+01
9.584098726960100123e+01
9.589670912370860378e+01
9.555823249676053877e+01
9.546905271043753771e+01
9.529277924050926174e+01
9.549083673972620545e+01
9.520111162445994069e+01
9.569409339190423225e+01
9.522104964789002679e+01
9.548645739365611007e+01
9.519037323585776278e+01
9.493613336931514368e+01
9.563133848272923387e+01
9.558198201371384073e+01
9.534525549275855383e+01
9.469615563870206643e+01
9.408710392238138809e+01
9.473962979734453427e+01
9.442523589630444292e+01
9.449870012642486472e+01
9.452271104046938888e+01
9.451120176071303547e+01
9.407256465616676167e+01
9.395425051713118592e+01
9.357873158681849191e+01
9.412848020988356268e+01
9.448508477607396117e+01
9.401331493553597340e+01
9.454736508885588364e+01
9.401243972510154379e+01
9.417093999156391249e+01
9.405353244686874348e+01
9.299898687993827195e+01
9.360259887648716415e+01
9.418980206245335296e+01
9.358126832433447362e+01
9.305005936755456730e+01
9.339937379194564926e+01
9.319769969906560902e+01
9.336091319771277597e+01
9.339795427578731335e+01
9.260648459453989290e+01
9.250161972222720408e+01
9.321578479639067893e+01
9.220297495046440872e+01
9.197025521068660225e+01
9.266973564006518416e+01
9.301243818597748714e+01
9.234288085641640009e+01
9.237188310721518292e+01
9.257502520018159942e+01
9.303782518526118395e+01
9.229807725295883358e+01
9.211395487574462493e+01
9.221398815117807146e+01
9.141750114174639918e+01
9.129119897020852648e+01
9.135128825078926695e+01
9.085603093398555075e+01
9.160812632176022419e+01
9.191510405462021538e+01
9.218958548544539156e+01
9.162098346970667251e+01
9.112596778102046358e+01
9.123107653081460455e+01
9.098089147716690661e+01
9.072171653211033515e+01
9.119716207123569518e+01
9.120699640417063847e+01
9.042660981990530900e+01
9.062075012880143277e+01
9.020109746586523158e+01
9.059849427385539400e+01
9.005925642120166685e+01
9.049016716874939448e+01
9.006977820211881181e+01
9.016030000934580357e+01
9.015126276408979322e+01
8.987827132081481807e+01
8.984960358544454095e+01
8.928958768069708185e+01
8.929024179188537857e+01
8.934877755179252290e+01
8.938536084620714917e+01
8.961587130037180771e+01
8.955850714606653185e+01
8.949469243551489228e+01
8.880839039898499720e+01
