2.868387798114392808e+02
2.869381842374960456e+02
2.870740645410833736e+02
2.869533476733442399e+02
2.870196639675088477e+02
2.870586812891376098e+02
2.870984182078448725e+02
2.871068363523452831e+02
2.872047981121141333e+02
2.870240286552248676e+02
2.870998835792881323e+02
2.870881872553469520e+02
2.870603880032587085e+02
2.871153289177047441e+02
2.871768791124172253e+02
2.875003347927277559e+02
2.873594733699092671e+02
2.874536266770460884e+02
2.874029406100519850e+02
2.873812036073100558e+02
2.874861827114377206e+02
2.875485642942068694e+02
2.875556035958368284e+02
2.876359504763125869e+02
2.876821646103069270e+02
2.876960379154933776e+02
2.877733507534016439e+02
2.877827844982907095e+02
2.878820240949938807e+02
2.877713519298366123e+02
2.876189515226243998e+02
2.877371943680720960e+02
2.877879822657261002e+02
2.879576488251757951e+02
2.880747461846868305e+02
2.881224255247352062e+02
2.881921833003235065e+02
2.881049653788845148e+02
2.880661086028767954e+02
2.882045433801507102e+02
2.882948554688118179e+02
2.884178200603655569e+02
2.884580889611127645e+02
2.883463856872815541e+02
2.884030682224793622e+02
2.884439672476824512e+02
2.885737360780447034e+02
2.885836608659042781e+02
2.887063323947020876e+02
2.888681977620686325e+02
2.889827696848549294e+02
2.889774623845297015e+02
2.888996712380820213e+02
2.889872860647341781e+02
2.889822538663447631e+02
2.891423127010193070e+02
2.891430105237093926e+02
2.894196001706090442e+02
2.894355813358226328e+02
2.895248519344762030e+02
2.896785564147043601e+02
2.896548932353003920e+02
2.895456248130424797e+02
2.895175741890189443e+02
2.896344513302483961e+02
2.897847487873341947e+02
2.899103765325912718e+02
2.899380718149671452e+02
2.899703142908857103e+02
2.901130330087088964e+02
2.898192160866867084e+02
2.898981611337497384e+02
2.899279719113876581e+02
2.901836487718195485e+02
2.901293220403055670e+02
2.901256195210707460e+02
2.902108600069264526e+02
2.902861773822214104e+02
2.904325184061237337e+02
2.905879622727384799e+02
2.907229153041310497e+02
2.906327237647091692e+02
2.905032824606095119e+02
2.905626221866930337e+02
2.907282677919141065e+02
2.906755668165266115e+02
2.910382739231171172e+02
2.910305737563304547e+02
2.910553203000397957e+02
2.909191725146051226e+02
2.909286895956768149e+02
2.909622081297076193e+02
2.912011114916916199e+02
2.910385501071189083e+02
2.911869203145251390e+02
2.913626630988147213e+02
2.915555530270805207e+02
2.912874884713687038e+02
2.914381376178184269e+02
2.917575740063207945e+02
2.917189414885716587e+02
2.918008165105899820e+02
2.917094391133189788e+02
2.918160458814421077e+02
2.918670139212699155e+02
2.920550551159674342e+02
2.919500619674793711e+02
2.922082934420364495e+02
2.923849591845763030e+02
2.924390236551753901e+02
2.922003363160817457e+02
2.922659575198276229e+02
2.924273373748382596e+02
2.925687907940184687e+02
2.923651077938300205e+02
2.926444089636785293e+02
2.928486550413548457e+02
2.927705958508352069e+02
2.930010218496086623e+02
2.930283950605901850e+02
2.930724435041967695e+02
2.931105549293943682e+02
2.931064575147594269e+02
2.932840296515603882e+02
2.930061820477370134e+02
2.931771774913735840e+02
2.933537727615474182e+02
2.934831951877750384e+02
2.935914060425448611e+02
2.936601097141714831e+02
2.933946862010193968e+02
2.936640272549312272e+02
2.938438173673229699e+02
2.937041297728378026e+02
2.939432711963856377e+02
2.939138799058987956e+02
2.941112327807014708e+02
2.940149926774410574e+02
2.942384951525411338e+02
2.942338901639089386e+02
2.944232933205814220e+02
2.945644800779040224e+02
2.944458211790674227e+02
2.945851489945497974e+02
2.945925076068874091e+02
2.947767384724606927e+02
2.947914809799979139e+02
2.948835447209049221e+02
2.946677694437188393e+02
2.948842827643576925e+02
