1.006716879772289843e+02
1.005072556727842397e+02
1.007898952708402618e+02
1.004501349594734734e+02
1.007387345840524659e+02
1.008610274592136733e+02
1.009283347679593277e+02
1.006963609849089352e+02
1.007855083414132196e+02
1.005829546596373660e+02
1.007426468781495856e+02
1.008435423592818410e+02
1.009024983856329385e+02
1.004806559699305666e+02
1.008287325849782405e+02
1.005620445313334557e+02
1.007637935163625684e+02
1.006309446472665314e+02
1.006058934404617276e+02
1.005183485123183829e+02
1.005690034734222422e+02
1.004206674319875816e+02
1.004894838917819442e+02
1.004111593768440116e+02
1.005521110983177522e+02
1.006021132453063984e+02
1.005515358345828645e+02
1.003270112949638104e+02
1.005982955600456989e+02
1.004733938586811632e+02
1.005583243533847764e+02
1.005334350550796927e+02
1.004804205008686750e+02
1.014516730482012434e+02
1.024200470703255945e+02
1.010045731669202524e+02
1.004006150178158805e+02
1.004216080054506648e+02
1.007785849938193223e+02
1.005596723548110418e+02
1.005090855646358676e+02
1.008331695454759114e+02
1.003601939500580471e+02
1.006825629724593085e+02
1.003921079994042174e+02
1.002527466790297126e+02
1.007303991700230199e+02
1.007110137358386766e+02
1.004227191896391247e+02
1.006595567243705887e+02
1.007765406642654398e+02
1.004053147036252511e+02
1.007247832844700639e+02
1.013990237372704968e+02
1.007803944296941125e+02
1.008179321957173897e+02
1.006535436125039951e+02
1.006338180845985306e+02
1.005183852836400575e+02
1.006213283663727367e+02
1.008602181229577468e+02
1.008008747756095431e+02
1.011729776241480749e+02
1.010987703105554942e+02
1.007191497970054996e+02
1.007886144778905049e+02
1.008595939438445015e+02
1.007967889557494345e+02
1.006608039974853028e+02
1.006904268165185954e+02
1.004303030453293246e+02
1.004633343459387902e+02
1.004716916910926301e+02
1.009340498715167058e+02
1.006183746609052037e+02
1.007561992302199769e+02
1.007246621530080120e+02
1.005123440651620399e+02
1.006536065590480007e+02
1.009277276480759582e+02
1.005287392702705915e+02
1.007330218345285431e+02
1.009349400899316151e+02
1.007784681448413409e+02
1.008224781339548457e+02
1.008287819559852636e+02
1.006790833021034501e+02
1.005413122520802034e+02
1.008339312139123791e+02
1.008859829861391404e+02
1.006479477438851831e+02
1.007092546683871319e+02
1.008135859569316040e+02
1.006991198854437783e+02
1.005744431085843900e+02
1.007552395877487328e+02
1.006520775031766135e+02
1.007291130299204980e+02
1.007936722914710828e+02
1.007686568214141829e+02
1.004364733068147331e+02
1.007624754231094926e+02
1.007879042274447556e+02
1.008688027226849755e+02
1.005833268581129119e+02
1.009980715992365958e+02
1.006098122110872310e+02
1.008882404303833482e+02
1.011357916339150051e+02
1.005827388999961300e+02
1.008775862278941986e+02
1.011551368567608762e+02
1.009436755539957886e+02
1.016187913134189245e+02
1.016673657114954352e+02
1.014251625374296424e+02
1.011381398407838930e+02
1.013139386342010084e+02
1.011161461833959123e+02
1.011444172496149037e+02
1.010684972247124591e+02
1.012498755780372335e+02
1.011238730370544090e+02
1.012110579326625697e+02
1.014524383742685956e+02
1.016959521587079394e+02
1.016228198203584725e+02
1.016544014974175951e+02
1.014884361405176634e+02
1.013554016581112336e+02
1.016132762368629443e+02
1.016164208916236049e+02
1.018801803638536541e+02
1.023521304072081506e+02
1.019334482418571071e+02
1.015819204890506597e+02
1.015525761608191715e+02
1.015869914364595985e+02
1.014449778306074705e+02
1.014758842827926486e+02
1.015747233920269537e+02
1.022718557349040367e+02
1.032707945423394591e+02
1.025866524270983149e+02
1.017149997974841966e+02
1.016555177024900871e+02
1.018551865619585470e+02
1.013693890167338623e+02
1.014751359656286098e+02
1.015492888714775859e+02
1.015729958296047784e+02
1.014847378386804593e+02
1.010880319504639289e+02
1.015388060367137086e+02
1.014411581254166208e+02
1.016151067530126824e+02
1.015350316585010972e+02
1.012234787416721389e+02
1.013096230148141359e+02
1.016512886539402984e+02
1.012190722396685061e+02
1.011090785213754515e+02
1.011260826646533957e+02
1.008123342252528545e+02
1.009342468735587346e+02
