2.300431168358587968e+02
2.301809342245062169e+02
2.298452084824688484e+02
2.301191585953106653e+02
2.300494756656397897e+02
2.303907511115137368e+02
2.301136066656365529e+02
2.301130392394491082e+02
2.301916687397498436e+02
2.304324280606747095e+02
2.303087693187141269e+02
2.307939876889990956e+02
2.301963331761331801e+02
2.296049509668818303e+02
2.297960537422471816e+02
2.297372867021744298e+02
2.299518563677700342e+02
2.299650071459955996e+02
2.299637597866291401e+02
2.310384500617820152e+02
2.302472368207821489e+02
2.297501522762207458e+02
2.300217446999511424e+02
2.301513639099402724e+02
2.301876826915036247e+02
2.299218278359826684e+02
2.300351112658223656e+02
2.300645925347676268e+02
2.299184237092180183e+02
2.303053934126662909e+02
2.299905477456716199e+02
2.298386222161908279e+02
2.307089554826503388e+02
2.310588292014822116e+02
2.301237024427160520e+02
2.298001894851358884e+02
2.298637889261050020e+02
2.303118808375659228e+02
2.303277169474319805e+02
2.299076881300537423e+02
2.301206083517770651e+02
2.304984033494457947e+02
2.304293087785860905e+02
2.300831565393958442e+02
2.297798544009196746e+02
2.300536401814680119e+02
2.304204564402344602e+02
2.305161460396047062e+02
2.302438688757029297e+02
2.299204635936399370e+02
2.300347459893665700e+02
2.302675009625809253e+02
2.302167147232869411e+02
2.305891477759900283e+02
2.304985810049177815e+02
2.299419997307873871e+02
2.301103279849787668e+02
2.304527199764849286e+02
2.300899554759340617e+02
2.299778643545616603e+02
2.302236294522616902e+02
2.302367590817890743e+02
2.305956221602172889e+02
2.306090467803367972e+02
2.301785430296919515e+02
2.303940843756324739e+02
2.302708453616703537e+02
2.302256211544539326e+02
2.304484134231007317e+02
2.307737307420475474e+02
2.306259559320754136e+02
2.304012711670768567e+02
2.305356996558344065e+02
2.303928183524358246e+02
2.306171047557466238e+02
2.305288521390782535e+02
2.305514236495388616e+02
2.300661917085153618e+02
2.303084685602492812e+02
2.308490344564664554e+02
2.306176520092973021e+02
2.305809084892281078e+02
2.303738874819611908e+02
2.307591240215228652e+02
2.312378827159326704e+02
2.308432343485409035e+02
2.305510097524616242e+02
2.308198970498611118e+02
2.311474288199729870e+02
2.310994183085088025e+02
2.304533665003729936e+02
2.301431154526653700e+02
2.302539758915532673e+02
2.301816654910915076e+02
2.308631698997029673e+02
2.310779012335009099e+02
2.306396337537678392e+02
2.304795726038167061e+02
2.302423433894169591e+02
2.306691252036342519e+02
2.308688879560557723e+02
2.308284129423154809e+02
2.308837478153313896e+02
2.309555070807923300e+02
2.305414609404677719e+02
2.306386896278406766e+02
2.309174678677489112e+02
2.308944305863390980e+02
2.306607098005233922e+02
2.311807565264798257e+02
2.308781389777822142e+02
2.303062275932986722e+02
2.305914268178822795e+02
2.306763334142270878e+02
2.308683692331452164e+02
2.311308861503920582e+02
2.313820886139854167e+02
2.307157386104096020e+02
2.301280987579623343e+02
2.308052771573757127e+02
2.310923731876486897e+02
2.314933515284962198e+02
2.309627890900088971e+02
2.310371829145296658e+02
2.310833346419155134e+02
2.314313609483104699e+02
2.311375165119236215e+02
2.313310584798042839e+02
2.307374479713226663e+02
2.309978775612391928e+02
2.311770132044080981e+02
2.308853198625969299e+02
2.316343871431010655e+02
2.313893296118784235e+02
2.306120280311216959e+02
2.308280393655101363e+02
2.316347329861085882e+02
2.313026695431048267e+02
2.309264946246528609e+02
2.308670738429086668e+02
2.317204738275055433e+02
2.312339935075157200e+02
2.309253923139984011e+02
2.312689809998563248e+02
2.320350093912664136e+02
2.314910688556663843e+02
2.311423074910288733e+02
2.313313676932871488e+02
2.322020048760176678e+02
2.313343434932739058e+02
