3.402287624162296993e+02
3.402512779444630837e+02
3.402512799828146512e+02
3.402512819668334032e+02
3.402287689094791858e+02
3.402512804686242021e+02
3.402512832656923365e+02
3.402512793562967204e+02
3.402287669352097623e+02
3.402512756273058585e+02
3.402512699700704388e+02
3.402512792616871025e+02
3.402287674283903129e+02
3.402512754041479752e+02
3.402512855461456525e+02
3.402512825138568360e+02
3.402287668509242735e+02
3.402512753492878801e+02
3.402512739491984917e+02
3.402512781506814008e+02
3.402287650524392006e+02
3.402512782223299723e+02
3.402512695901425559e+02
3.402512720957911938e+02
3.402287675729373291e+02
3.402512774774747299e+02
3.402512855905803804e+02
3.402512757631598674e+02
3.402287641935777174e+02
3.402512809042396498e+02
3.402512797081741382e+02
3.402512809311485853e+02
3.402287713853280025e+02
3.402512724200325351e+02
3.402512726951742366e+02
3.402512758198708980e+02
3.402287610705424754e+02
3.402512783750173639e+02
3.402512857923349543e+02
3.402512857661712928e+02
3.402287676229737485e+02
3.402512746199184335e+02
3.402512746239265766e+02
3.402512781876857275e+02
3.402287699582927871e+02
3.402512831585557365e+02
3.402512853008173010e+02
3.402512795710645150e+02
3.402287708513861730e+02
3.402512786798922662e+02
3.402512824560526496e+02
3.402512786166284968e+02
3.402287738016032108e+02
3.402512838683679206e+02
3.402512786210292006e+02
3.402512834834193995e+02
3.402287644190736273e+02
3.402512863665044733e+02
3.402512748940133633e+02
3.402512786947345944e+02
3.402287646949395707e+02
3.402512716364320795e+02
3.402512883255796510e+02
3.402512767105106946e+02
3.402287638428815058e+02
3.402512761593905566e+02
3.402512791272217783e+02
3.402512822614897345e+02
3.402287701597472847e+02
3.402512845842361457e+02
3.402512760978934807e+02
3.402512825648233843e+02
3.402287687054640060e+02
3.402512847391376454e+02
3.402512808754331672e+02
3.402512740667339699e+02
3.402287641628232677e+02
3.402512887075603771e+02
3.402512776070109908e+02
3.402512789611124617e+02
3.402287700823035266e+02
3.402512831388217478e+02
3.402512849496826561e+02
3.402512795612862533e+02
3.402287629922349765e+02
3.402512844862082488e+02
3.402512733451943632e+02
3.402512801488153968e+02
3.402287695026256529e+02
3.402512751335443113e+02
3.402512750683877130e+02
3.402512823692027837e+02
3.402287694233467050e+02
3.402512781015033738e+02
3.402512762454718427e+02
3.402512814682696671e+02
3.402287602814647016e+02
3.402512793173221439e+02
3.402512867500697098e+02
3.402512890463455619e+02
3.402512772231555687e+02
3.402512827184380626e+02
3.402512787387410640e+02
3.402512890003093275e+02
3.402287673526454341e+02
3.402512747638862152e+02
3.402512781780691853e+02
3.402512852035479227e+02
3.402287662798660790e+02
3.402512803956583411e+02
3.402512740748408646e+02
3.402512721926648851e+02
3.402287608569117197e+02
3.402512801108579765e+02
3.402512751442362173e+02
3.402512779198421526e+02
3.402287705337820967e+02
3.402512796770962495e+02
3.402512748450299114e+02
3.402512849900902552e+02
3.402287688111957777e+02
3.402512723855700187e+02
3.402512819712495684e+02
3.402512858879630926e+02
3.402287708574308454e+02
3.402512742506506243e+02
3.402512793966445770e+02
3.402512785122258379e+02
3.402287716449852155e+02
3.402512882186717889e+02
3.402512822676738438e+02
3.402512775700814700e+02
3.402287629466861745e+02
3.402512843402182057e+02
3.402512848320787384e+02
3.402512760029184733e+02
3.402287653593411960e+02
3.402512759638394186e+02
3.402512838821528476e+02
3.402512838574609191e+02
3.402287695657867062e+02
3.402512803316907366e+02
3.402512830017645342e+02
3.402512789401926625e+02
3.402287615531055280e+02
3.402512779544984483e+02
3.402512740964083946e+02
3.402512796784588431e+02
3.402287684802764147e+02
3.402512919311682822e+02
