2.883030889995443999e+02
2.884345474512210217e+02
2.884275904534662800e+02
2.883988847823562764e+02
2.885102449957017257e+02
2.885275764379531438e+02
2.884357835109280472e+02
2.885093419933760401e+02
2.885118017472289580e+02
2.886294090817632991e+02
2.887665507333089749e+02
2.889014466523275928e+02
2.884899889838970921e+02
2.884448170470990931e+02
2.884581266037188811e+02
2.884494497576227445e+02
2.885951347864359491e+02
2.887028394562233302e+02
2.887927427766000505e+02
2.890949784328241208e+02
2.886993326154833426e+02
2.886150313288286497e+02
2.887439999737679273e+02
2.887451446942549182e+02
2.887618047177523977e+02
2.887591520343785874e+02
2.887647782934826637e+02
2.888030125179535617e+02
2.887928332315620423e+02
2.888935823574328765e+02
2.889062620640440286e+02
2.889627516385749573e+02
2.892943818157954752e+02
2.894033944417619750e+02
2.889709820832565583e+02
2.888513376626708578e+02
2.889201777790559618e+02
2.891389368604124570e+02
2.891266177589607764e+02
2.891000251345242873e+02
2.891639182565054966e+02
2.893012313060783640e+02
2.892913674401073081e+02
2.890397650596144672e+02
2.890468718705611195e+02
2.892428926919687342e+02
2.893523601870271023e+02
2.893776065025735988e+02
2.892201462667961209e+02
2.892290047745959214e+02
2.893701738962582795e+02
2.893519444691884814e+02
2.895452735775439237e+02
2.897790760734319520e+02
2.895084663194095924e+02
2.893308427652762020e+02
2.895394551955987481e+02
2.895379722977498318e+02
2.894403164051546469e+02
2.895267496661868449e+02
2.896032645072631340e+02
2.897167440624296546e+02
2.898668701991196599e+02
2.898866119425996999e+02
2.896599208269735186e+02
2.895926045382671532e+02
2.896445086996669716e+02
2.898220095367411204e+02
2.899678001164230068e+02
2.900648463090043947e+02
2.899630386591847468e+02
2.899207222760086893e+02
2.899606412672814031e+02
2.900426911170655444e+02
2.901049816228991745e+02
2.901815475356967795e+02
2.899770243241934509e+02
2.899625568960438500e+02
2.900079881958571946e+02
2.902122813268981076e+02
2.901621827291522209e+02
2.901846808577672050e+02
2.902460802897705321e+02
2.905015938886137974e+02
2.906093668130009178e+02
2.903956655107888878e+02
2.903523752643258717e+02
2.904686967392681822e+02
2.906871859918286987e+02
2.905990674975344064e+02
2.902643985880075093e+02
2.902322379834874368e+02
2.903345040357588118e+02
2.904143846977742669e+02
2.907403418905189483e+02
2.907143969957907643e+02
2.905343686053172974e+02
2.904821705733835984e+02
2.905725638637716770e+02
2.907409719053430877e+02
2.907798433850586548e+02
2.907836753238440792e+02
2.908602814350689982e+02
2.907958070718337353e+02
2.907057210561761735e+02
2.908719587231037735e+02
2.910343892155157732e+02
2.907994740728262855e+02
2.909869519376766789e+02
2.910703205660145727e+02
2.909147607539059663e+02
2.907735300512929939e+02
2.909129832460613443e+02
2.910640142416888807e+02
2.911076651166122247e+02
2.912954456310995965e+02
2.913700211957937540e+02
2.909898464082779128e+02
2.909581423701525864e+02
2.912288679873587967e+02
2.915078039483090038e+02
2.915880314583058635e+02
2.913390804182260467e+02
2.914003011334781377e+02
2.915109332622566285e+02
2.916614196051972954e+02
2.916582722890152013e+02
2.916427196328551759e+02
2.915329314301203567e+02
2.916613215244215098e+02
2.916918136402051118e+02
2.917855355883828565e+02
2.920546378040156128e+02
2.918047044494833244e+02
2.914630206740723111e+02
2.918012237404948905e+02
2.921273847207622225e+02
2.919083239987324987e+02
2.917678938893181453e+02
2.919955143596092171e+02
2.921440960371967890e+02
2.918337593557607192e+02
2.918702607258863395e+02
2.922396594302442168e+02
2.924227151660071513e+02
2.921113309414162700e+02
2.921717489994204584e+02
2.923527744917208793e+02
2.924965405318023386e+02
2.922365405272564658e+02
