2.338279014805613087e+02
2.353510974910416564e+02
2.362218278339229300e+02
2.369557954682604475e+02
2.375713147980294195e+02
2.375363076580905783e+02
2.379259514712034900e+02
2.383066314796217000e+02
2.376274414566174755e+02
2.378022673059770113e+02
2.383443053136205663e+02
2.378785949195252840e+02
2.379167468870887205e+02
2.389537804439113700e+02
2.383035438535917763e+02
2.386684773282240428e+02
2.384357997653609971e+02
2.381939146501403854e+02
2.381759078915172552e+02
2.389628545101873272e+02
2.386272294028111389e+02
2.386342485795395305e+02
2.382958718359995771e+02
2.384407989780432047e+02
2.385507847331491575e+02
2.386042082832091182e+02
2.377658253060371862e+02
2.380914380288649284e+02
2.380380441342078655e+02
2.378721642622084573e+02
2.380324405320887990e+02
2.374743856477011548e+02
2.378813231459224937e+02
2.383047719330361360e+02
2.386145796004475415e+02
2.379254686166195825e+02
2.379804204914984496e+02
2.385279837451766127e+02
2.380717012033242952e+02
2.384150033287133112e+02
2.387351954538309826e+02
2.377321327958402435e+02
2.380268026084829387e+02
2.388655920800393631e+02
2.375863299596321951e+02
2.374299246445126812e+02
2.379307598436144247e+02
2.389781287817084774e+02
2.378254575092753669e+02
2.379334040335820930e+02
2.385309165415415862e+02
2.387219088502011743e+02
2.384331254970323641e+02
2.384917972576793943e+02
2.385204776594559632e+02
2.389090390288820629e+02
2.383559893900725513e+02
2.385885882826476063e+02
2.383999170587315177e+02
2.385898127191463800e+02
2.386102432658824455e+02
2.392464798990502857e+02
2.390387238061214532e+02
2.386561581748812557e+02
2.388997494890591042e+02
2.386862612769689633e+02
2.391191545818152520e+02
2.392028375541671892e+02
2.388783702267224953e+02
2.388210463526591809e+02
2.393170035742200810e+02
2.382310232396263530e+02
2.386549858647412918e+02
2.397604726068400680e+02
2.387173945138603415e+02
2.390892617927478625e+02
2.394350012643584762e+02
2.388318365922882549e+02
2.386652755424419183e+02
2.395045561070912470e+02
2.388358537035851441e+02
2.386725483420981107e+02
2.391147392928747593e+02
2.391398569572552617e+02
2.392403297068563290e+02
2.393015936685688132e+02
2.394168878395731781e+02
2.391834292599903904e+02
2.397077182195282887e+02
2.384809749653010442e+02
2.386523374864780465e+02
2.384762783376938557e+02
2.393917565412943986e+02
2.398537932016791103e+02
2.392977126814034818e+02
2.391320737202638611e+02
2.398480083899287081e+02
2.384768077760727749e+02
2.392859253890860600e+02
2.395043845079127323e+02
2.394034824242180264e+02
2.390304166606441925e+02
2.399232388269330443e+02
2.396041535917939882e+02
2.392463008824891801e+02
2.393712453150838826e+02
2.394367528723429643e+02
2.389942593636004915e+02
2.397463616021104826e+02
2.394190383591152056e+02
2.389465309767014958e+02
2.396235340924388595e+02
2.396959671793175914e+02
2.393144906368019917e+02
2.394514874514868552e+02
2.399320112697260186e+02
2.392467519380340661e+02
2.393678211457539646e+02
2.396700606087795506e+02
2.396023146412217102e+02
2.396720304828261305e+02
2.395779575950491846e+02
2.396720929288977970e+02
2.396476990120074504e+02
2.396435109070627334e+02
2.398615863757944453e+02
2.396587654271378653e+02
2.389437683400728076e+02
2.397631533830960961e+02
2.402275721279588936e+02
2.396164137200351263e+02
2.396633269787941742e+02
2.402727548509297151e+02
2.398469624788136514e+02
2.397076448467867920e+02
2.401696437516116021e+02
2.400075765099142870e+02
2.402047477120308656e+02
2.402365884081812055e+02
2.396899558094499980e+02
2.397561589680544785e+02
2.402426824244346619e+02
2.396866176542029905e+02
2.398857535158757912e+02
2.401362943090156250e+02
2.397290271466359854e+02
2.392438421172926155e+02
2.401935245394050753e+02
2.395749842625124302e+02
2.397268129043896181e+02
2.398155784237234514e+02
2.403324838106008201e+02
2.401057848324395820e+02
2.397301781435732266e+02
2.394698550844201463e+02
2.399188973470090502e+02
2.395170570999233632e+02
2.395055820719816211e+02
2.404756549826762182e+02
2.400668873592279624e+02
2.395149029501237692e+02
2.398626934278283613e+02
2.404902735551577564e+02
2.401680624183573798e+02
2.400593695092144344e+02
2.404939597654095849e+02
2.400982234914109767e+02
2.406114474807855004e+02
2.401434655568740197e+02
2.397873332341031301e+02
2.403677679414556394e+02
2.407917227421451400e+02
2.398261151269489062e+02
2.404177743006476931e+02
2.403172403163100341e+02
2.407345826350837115e+02
2.402261564718928923e+02
2.402357363087660360e+02
2.401932287022053458e+02
2.398079441836734702e+02
2.405637988461845680e+02
2.401807216077800149e+02
2.401499544429829314e+02
2.404421109797662837e+02
2.402758378431286417e+02
2.406444300422355980e+02
2.412247865242514990e+02
2.405653658194906654e+02
2.399040375390253814e+02
2.412161110951285252e+02
2.404232739683980071e+02
2.412318457853186544e+02
2.410907912859501039e+02
2.403602888501700647e+02
2.404045693768005947e+02
2.412995722452377834e+02
2.406479718682451221e+02
2.410162405284335989e+02
2.408510267437027323e+02
2.407252567131298235e+02
2.411913650364846546e+02
2.409468985477594742e+02
2.408730852526456658e+02
2.407794367381415839e+02
2.406008141387899570e+02
2.405753050648863791e+02
2.408423677931471900e+02
2.407852696331768527e+02
2.404628951276762621e+02
2.407793331899441682e+02
2.407985622876288119e+02
2.402999013150267729e+02
2.406756704101647699e+02
2.413480208015651272e+02
2.406524433376694105e+02
2.409106941024929540e+02
2.413627456031405529e+02
2.410312290817550149e+02
2.405442420470521938e+02
2.405245708665565019e+02
2.415485091774362729e+02
2.409241863903024807e+02
2.410314133604906317e+02
2.412835180676229072e+02
2.408765693637483309e+02
2.406720034552959362e+02
2.410471800625750518e+02
2.415517744270126457e+02
2.414342506027192883e+02
2.414927769655878080e+02
2.413156987942530520e+02
2.413080475917531373e+02
2.412995621920575502e+02
2.416601136677753630e+02
2.411009209665536730e+02
2.415689564046547559e+02
2.409393798637687212e+02
2.411185131018916081e+02
2.412189441522778282e+02
2.413558914608726980e+02
2.412083344919678609e+02
2.420136354972548816e+02
2.411874045508237430e+02
2.412747364970772139e+02
2.423687969395894868e+02
2.416241880656976662e+02
2.410694019700156048e+02
2.416566161705170828e+02
2.421190635093593926e+02
2.418540730965006276e+02
2.416784188435444491e+02
2.420805511937705603e+02
2.418064456840533296e+02
2.424327941035596723e+02
2.415191982699863900e+02
2.414949366596729305e+02
2.419048583472797702e+02
2.420070034549091815e+02
2.418165962585049726e+02
2.421961849600957066e+02
2.421693259982831705e+02
2.421495089175014925e+02
2.414919470931970125e+02
2.418705333330797487e+02
2.422375113107167408e+02
2.415954393770409752e+02
2.417763328946828096e+02
2.423919380343784553e+02
2.419224984969905279e+02
2.425454759395798874e+02
2.422990224255077294e+02
2.420618678236736230e+02
2.423353846255947985e+02
2.424826553378556753e+02
2.423440850346251807e+02
2.420453556590578899e+02
2.419732532184858371e+02
2.419365958948703792e+02
2.422888593725101885e+02
2.419148209046553291e+02
2.419116265788716191e+02
2.423372609184151543e+02
2.421734792777376981e+02
2.424341355558066198e+02
2.419728192484880935e+02
2.422797688989844573e+02
2.423692196812022246e+02
2.425870331271546547e+02
2.422347988838911306e+02
2.427182196173755813e+02
2.418177701692310109e+02
2.424897166628594221e+02
2.421689994771672616e+02
2.424940101269245361e+02
2.428035148432850008e+02
2.420862418029272192e+02
2.427935045848674633e+02
2.422988208913253345e+02
2.427181056114578439e+02
2.423466742268333576e+02
2.423822131808420579e+02
2.422833109805557399e+02
2.425722468412425599e+02
2.422182059671984291e+02
2.429755301011785775e+02
2.424960176317597131e+02
2.424363693848591765e+02
2.427618003834962508e+02
2.423493038279309246e+02
2.432616536025765015e+02
2.425243306778806982e+02
2.432905094530491397e+02
2.424551702090865035e+02
2.422938017474492369e+02
2.428200906587658494e+02
2.424030300346121294e+02
2.419900802564698949e+02
2.430645559964868596e+02
2.431674393369208076e+02
2.424430057481689573e+02
2.429160851320941674e+02
2.433246131479111227e+02
2.424595502727874248e+02
2.425744736938382005e+02
2.429961273241794686e+02
2.426294847930332992e+02
2.427198264952403122e+02
2.427172762194271627e+02
2.427785185045456728e+02
2.428892992831368076e+02
2.430542839415871583e+02
2.431401482186289229e+02
2.428616899169256840e+02
2.435393969994642873e+02
2.425057955094167426e+02
2.424609187080185393e+02
2.425382333540070761e+02
2.428339564795877266e+02
2.433964630875837258e+02
2.424115849033371433e+02
2.427627977518202727e+02
2.433718705674136515e+02
2.428236587086262546e+02
2.431764414856603196e+02
2.433503277465995609e+02
2.439345287343787447e+02
2.434589531835775063e+02
2.427957311965492693e+02
2.436425124284473611e+02
2.430235065186552674e+02
2.426400801528816373e+02
2.430315738491259197e+02
2.433316154557681728e+02
2.428157384881366454e+02
2.435628369246947216e+02
2.425266696125841861e+02
2.431237425417546376e+02
2.428817065331029426e+02
2.434095334759914806e+02
2.432895963029033339e+02
2.433711376563034037e+02
2.436889284388470003e+02
2.430475394313194499e+02
2.433481921547474087e+02
2.429388238048064466e+02
2.431345354996055050e+02
2.433487814817769959e+02
2.432859837486927574e+02
2.431618821811598536e+02
2.431130206229891257e+02
2.434598656996146246e+02
2.430911402486467807e+02
2.432469485977810564e+02
2.429195200058294688e+02
2.434012655888517429e+02
2.436197062776410291e+02
2.432881000824899900e+02
2.436513470990472570e+02
2.433405931751423452e+02
2.435245710265549803e+02
2.441390935876515584e+02
2.439642982714875359e+02
2.435664965980413683e+02
2.441635367981537001e+02
2.436228461365419378e+02
2.439598172557848272e+02
2.437703305013756108e+02
2.437510911142896646e+02
2.431242802295587069e+02
2.440619395096474307e+02
2.436585744760959642e+02
2.436809251151462092e+02
2.441557259280539256e+02
2.438284263979769833e+02
2.437006993660609453e+02
2.444011724116662947e+02
2.440699577392493609e+02
2.440426581008152027e+02
2.439845882544613005e+02
2.438027790190999440e+02
2.438381997947052753e+02
2.438544628294082486e+02
2.441781322332039110e+02
2.437903351320713909e+02
2.437366958894923812e+02
2.438587442038097208e+02
2.440732145038984129e+02
2.439265447619507086e+02
2.436326663143856592e+02
2.438254239241033474e+02
2.441273141303408636e+02
2.443136004631855087e+02
2.440373790480986429e+02
2.438130367547860544e+02
2.446786863351598811e+02
2.437954060896606450e+02
2.439212281924775141e+02
2.440549373367313422e+02
2.442253533221237092e+02
2.439208162124120918e+02
2.441457282386934651e+02
2.443849445111598868e+02
2.437059966086962675e+02
2.441053672257752112e+02
2.443832771921439360e+02
2.441420728006683873e+02
2.439553008075151013e+02
2.439361584105926397e+02
2.444430335236422422e+02
2.438742733738042716e+02
2.440317750337626421e+02
2.443494784670804165e+02
2.440091498632308742e+02
2.446954640338811657e+02
2.436075394247091879e+02
2.438437364099359286e+02
2.448269342843325376e+02
2.441589487569107462e+02
2.445615055197422691e+02
2.438743505140028276e+02
2.442378545248762691e+02
2.439585985471894674e+02
2.441188925812254809e+02
2.439721713993102696e+02
2.436646713652944811e+02
2.446617071244060071e+02
2.440426029898500531e+02
2.441908132877314017e+02
2.448069908989551777e+02
2.441148022270682816e+02
2.447885008654551200e+02
2.438331830446391280e+02
2.445097568724479231e+02
2.444003884874184962e+02
2.443945488641883514e+02
2.441947107960993151e+02
2.439958427061449981e+02
2.448780939577823972e+02
2.438156987822352164e+02
2.444480102335456877e+02
2.442915396751004948e+02
2.442702184211572956e+02
2.446845874486203058e+02
2.441700602222190639e+02
2.445523395847640415e+02
2.441820299998175869e+02
2.450339802904678663e+02
2.445323915948524416e+02
2.444124652053651232e+02
2.449762164203079635e+02
2.443916432204296143e+02
2.457573252771957186e+02
2.443378324717218391e+02
2.445213408164256634e+02
2.444793907015747436e+02
2.445196849068614426e+02
2.447477762711318121e+02
2.443327847084735822e+02
2.444275067030023081e+02
2.450767008437908601e+02
2.444071257484793023e+02
2.446932952390426692e+02
2.440703634893169465e+02
2.444396005987864839e+02
2.452532930406989351e+02
2.442252951412516495e+02
2.443585612667386897e+02
2.451017125003819785e+02
2.447867828196099254e+02
2.447903928009903609e+02
2.444906804258658610e+02
2.453596513315024765e+02
2.444513321025628159e+02
2.444142772904289416e+02
2.449151667902602867e+02
2.452809113947775188e+02
2.447073262893825643e+02
2.448359095261530740e+02
2.447785346578489225e+02
2.451539217125707353e+02
