3.402428510263017643e+02
3.402428524997411614e+02
3.402428534996120675e+02
3.402428542085009440e+02
3.402428553075962441e+02
3.402428546650449448e+02
3.402428550015028463e+02
3.402428557157433602e+02
3.402428552621732365e+02
3.402428547681906252e+02
3.402428554718657665e+02
3.402428547379472548e+02
3.402428555124910758e+02
3.402428564001111795e+02
3.402428555986564902e+02
3.402428556635612722e+02
3.402428561932967455e+02
3.402428552219651010e+02
3.402428548389453340e+02
3.402428562155778877e+02
3.402428559446627219e+02
3.402428560597439287e+02
3.402428556379351789e+02
3.402428558995160870e+02
3.402428564491327165e+02
3.402428565176682582e+02
3.402428553602515535e+02
3.402428549238875917e+02
3.402428553363666879e+02
3.402428557845135515e+02
3.402428552924000087e+02
3.402428549414328245e+02
3.402428557393901087e+02
3.402428566900137525e+02
3.402428562070679163e+02
3.402428550583749143e+02
3.402428556981381007e+02
3.402428561835124015e+02
3.402428554937553145e+02
3.402428562665063509e+02
3.402428566690869616e+02
3.402428555636354872e+02
3.402428558576780802e+02
3.402428568708469356e+02
3.402428552669234705e+02
3.402428548666636061e+02
3.402428544033635376e+02
3.402428560846159371e+02
3.402428550182787603e+02
3.402428551759816173e+02
3.402428568265846138e+02
3.402428568046670421e+02
3.402428560031058282e+02
3.402428562119891353e+02
3.402428568593961131e+02
3.402428562733655895e+02
3.402428558081942924e+02
3.402428556037236831e+02
3.402428555919320274e+02
3.402428564932806694e+02
3.402428564152428976e+02
3.402428566727311363e+02
3.402428561608269888e+02
3.402428559224829883e+02
3.402428570400201693e+02
3.402428562960448630e+02
3.402428565423689975e+02
3.402428569116800077e+02
3.402428563271988082e+02
3.402428563570659321e+02
3.402428566127230170e+02
3.402428552925514964e+02
3.402428560845558536e+02
3.402428573401081735e+02
3.402428558966099104e+02
3.402428563558311225e+02
3.402428570658213971e+02
3.402428562877723266e+02
3.402428559040194500e+02
3.402428569958688627e+02
3.402428562988583849e+02
3.402428557967340339e+02
3.402428563958007430e+02
3.402428566828702401e+02
3.402428562728205748e+02
3.402428573573083099e+02
3.402428571268180235e+02
3.402428564607668591e+02
3.402428574131786831e+02
3.402428561824411304e+02
3.402428554819066449e+02
3.402428566038353210e+02
3.402428573846418089e+02
3.402428576683694814e+02
3.402428565784263697e+02
3.402428570429689216e+02
3.402428571535655237e+02
3.402428556404071855e+02
3.402428571767695189e+02
3.402428576743988629e+02
3.402428568236700812e+02
3.402428560774288826e+02
3.402428574072015977e+02
3.402428570595439510e+02
3.402428569540408034e+02
3.402428566840198982e+02
3.402428570375543586e+02
3.402428569490151631e+02
3.402428575307395135e+02
3.402428569525524722e+02
3.402428565057408605e+02
3.402428570723819803e+02
3.402428572752045284e+02
3.402428573756478158e+02
3.402428567459190845e+02
3.402428571782799622e+02
3.402428557536379117e+02
3.402428562982166227e+02
3.402428571958296857e+02
3.402428576832737690e+02
3.402428573131943494e+02
3.402428576801878535e+02
3.402428575979438961e+02
3.402428571008587710e+02
3.402428568656510492e+02
3.402428575439669203e+02
3.402428572379626530e+02
3.402428561303220818e+02
3.402428569210611045e+02
3.402428575002208504e+02
3.402428565248489463e+02
3.402428572780848981e+02
3.402428585391298839e+02
3.402428572215888494e+02
3.402428569188089682e+02
3.402428577325710535e+02
3.402428570179177427e+02
3.402428565611505746e+02
3.402428579471774697e+02
3.402428562708053050e+02
3.402428573973778043e+02
3.402428581190492309e+02
3.402428567664674119e+02
3.402428576564857394e+02
3.402428579890476499e+02
3.402428565773315086e+02
3.402428568939287743e+02
3.402428578779463919e+02
3.402428572280290382e+02
3.402428568925490708e+02
3.402428570819979541e+02
3.402428575671123667e+02
3.402428574452609382e+02
3.402428568255166397e+02
3.402428571248906906e+02
3.402428579802752324e+02
3.402428567397801089e+02
3.402428566272118360e+02
3.402428578982595582e+02
3.402428574550486928e+02
3.402428564086936831e+02
3.402428570008170254e+02
3.402428580374282205e+02
3.402428569220917893e+02
3.402428573491179691e+02
3.402428577727446850e+02
3.402428572965479248e+02
3.402428578138763555e+02
3.402428570274087747e+02
3.402428571095665006e+02
3.402428576168219934e+02
3.402428573877243139e+02
3.402428574602014351e+02
3.402428577872839810e+02
3.402428580046966999e+02
3.402428580312434860e+02
3.402428574657845388e+02
3.402428571992371076e+02
3.402428576367874484e+02
3.402428565358411561e+02
3.402428579402198920e+02
3.402428573995334773e+02
3.402428569027460981e+02
3.402428575993785671e+02
3.402428579051349402e+02
3.402428580120123911e+02
3.402428586442052278e+02
3.402428570803721755e+02
3.402428575445335923e+02
3.402428583058853633e+02
3.402428576142983729e+02
3.402428582470826655e+02
3.402428584556741384e+02
3.402428570311188309e+02
3.402428575433829678e+02
3.402428584550215760e+02
3.402428577976984911e+02
3.402428583165659006e+02
3.402428579745689490e+02
3.402428582879964551e+02
3.402428590954990000e+02
3.402428575825702524e+02
3.402428584670411169e+02
3.402428579608502446e+02
3.402428579895998269e+02
3.402428587599013099e+02
3.402428584704603054e+02
3.402428582781982982e+02
3.402428579906335813e+02
3.402428588942413512e+02
3.402428584448093147e+02
3.402428570117886579e+02
3.402428571272575937e+02
3.402428587184338653e+02
3.402428583118440315e+02
3.402428580837984100e+02
3.402428586910085073e+02
3.402428584374073921e+02
3.402428577266863954e+02
3.402428575019739014e+02
3.402428591626251659e+02
3.402428576516034013e+02
3.402428573955376692e+02
3.402428588053998624e+02
3.402428583414678656e+02
3.402428574195629949e+02
3.402428576419584374e+02
3.402428589686655300e+02
3.402428592192708834e+02
3.402428583910149769e+02
3.402428584942599059e+02
3.402428591111656715e+02
3.402428584165089092e+02
3.402428588876659319e+02
3.402428583370571573e+02
3.402428586896898537e+02
3.402428576973729832e+02
3.402428578490329869e+02
3.402428581244793122e+02
3.402428588680900248e+02
3.402428588607706388e+02
3.402428589829461885e+02
3.402428574276657400e+02
3.402428577379038757e+02
3.402428592105846406e+02
3.402428580028823148e+02
3.402428578451081762e+02
3.402428593444483909e+02
3.402428593244240460e+02
3.402428593954930989e+02
3.402428594756365783e+02
3.402428593932272065e+02
3.402428587944280594e+02
3.402428591577537986e+02
3.402428589492598690e+02
3.402428583968755333e+02
3.402428592412402963e+02
3.402428592842675243e+02
3.402428592867946691e+02
3.402428594985687482e+02
3.402428593503594243e+02
3.402428590624767253e+02
3.402428589384664406e+02
3.402428592370715705e+02
3.402428587817778975e+02
3.402428575926638814e+02
3.402428591556624724e+02
3.402428589309387803e+02
3.402428592445635331e+02
3.402428601565048325e+02
3.402428584100234161e+02
3.402428587429354820e+02
3.402428595949915575e+02
3.402428596599881985e+02
3.402428593430934711e+02
3.402428593265170207e+02
3.402428593135265942e+02
3.402428590670824633e+02
3.402428596570664467e+02
3.402428589114097122e+02
3.402428588934378126e+02
3.402428593561698449e+02
3.402428590972801317e+02
3.402428591481692592e+02
3.402428586489388636e+02
3.402428592938284169e+02
3.402428593381482074e+02
3.402428594967516347e+02
3.402428589298439192e+02
3.402428595064301931e+02
3.402428584509322036e+02
3.402428595177991042e+02
3.402428585816650752e+02
3.402428593794761014e+02
3.402428597039334477e+02
3.402428591356004404e+02
3.402428595614714482e+02
3.402428585954867231e+02
3.402428597286238414e+02
3.402428592629748323e+02
3.402428597478520373e+02
3.402428584569408372e+02
3.402428593463765765e+02
3.402428590646215412e+02
3.402428600034067472e+02
3.402428591215276583e+02
3.402428600476038696e+02
3.402428594431249849e+02
3.402428591451003399e+02
3.402428600958664333e+02
3.402428594896931031e+02
3.402428600015508664e+02
3.402428591159654729e+02
3.402428589044109231e+02
3.402428598719213824e+02
3.402428587013992001e+02
3.402428591629941934e+02
3.402428603078180345e+02
3.402428599744969802e+02
3.402428589819268723e+02
3.402428591932838344e+02
3.402428597640695784e+02
3.402428588900718864e+02
3.402428599514940970e+02
3.402428599517265866e+02
3.402428591742730646e+02
3.402428592978891402e+02
3.402428598279539074e+02
3.402428591974102687e+02
3.402428601438812734e+02
3.402428601763521101e+02
3.402428596282731519e+02
3.402428593790113496e+02
3.402428600738188038e+02
3.402428584075834692e+02
3.402428593883890358e+02
3.402428604618733061e+02
3.402428595953987838e+02
3.402428602487864850e+02
3.402428591337652506e+02
3.402428589029818227e+02
3.402428601998877298e+02
3.402428598746112698e+02
3.402428603612225402e+02
3.402428602770168595e+02
3.402428605196551530e+02
3.402428591425144759e+02
3.402428594872882854e+02
3.402428604180311140e+02
3.402428599213348548e+02
3.402428592706677932e+02
3.402428606767039128e+02
3.402428605235091368e+02
3.402428598439333882e+02
3.402428598894256311e+02
3.402428596657941284e+02
3.402428602414867669e+02
3.402428596055536332e+02
3.402428604229270377e+02
3.402428600062136752e+02
3.402428598501123247e+02
3.402428607448651405e+02
3.402428602541022542e+02
3.402428605789058338e+02
3.402428598933526587e+02
3.402428599661142243e+02
3.402428603354699703e+02
3.402428596687265099e+02
3.402428598056594069e+02
3.402428597747700678e+02
3.402428605000657740e+02
3.402428597815347189e+02
3.402428599978517809e+02
3.402428593066373423e+02
3.402428598734666707e+02
3.402428608494459468e+02
3.402428600155056984e+02
3.402428610365852819e+02
3.402428604104591727e+02
3.402428599886293341e+02
3.402428609135821489e+02
3.402428601562914423e+02
3.402428598326874294e+02
3.402428608844147107e+02
3.402428601805376616e+02
3.402428606748163133e+02
3.402428609235761883e+02
3.402428604475383054e+02
3.402428597695009671e+02
3.402428602791904382e+02
3.402428597573697857e+02
3.402428607115619457e+02
3.402428606913417184e+02
3.402428599492944841e+02
3.402428611577407764e+02
3.402428612272843225e+02
3.402428609094250191e+02
3.402428610456581168e+02
3.402428602144382239e+02
3.402428608934280305e+02
3.402428604012210940e+02
3.402428601188954076e+02
3.402428609443242635e+02
3.402428606209978170e+02
3.402428609262659052e+02
3.402428602195894314e+02
3.402428613024180208e+02
3.402428606715752721e+02
3.402428605540414992e+02
3.402428609584752053e+02
3.402428612671399151e+02
3.402428603325941481e+02
3.402428610523363659e+02
3.402428600941036052e+02
3.402428611456717249e+02
3.402428602243471119e+02
3.402428605372116976e+02
3.402428610280227872e+02
3.402428611027708598e+02
3.402428614392060240e+02
3.402428609770011576e+02
3.402428610216103948e+02
3.402428596045083964e+02
3.402428604920639259e+02
3.402428614489412553e+02
3.402428611545735180e+02
3.402428593657038505e+02
3.402428606040589898e+02
3.402428612543714621e+02
3.402428601487342235e+02
3.402428610320760072e+02
3.402428613035922922e+02
3.402428605738107876e+02
3.402428614383237004e+02
3.402428598471159944e+02
3.402428608026023653e+02
3.402428613537791193e+02
3.402428612653378082e+02
3.402428610377455129e+02
3.402428605970795843e+02
3.402428611165049119e+02
3.402428606012974797e+02
3.402428606992330060e+02
3.402428603647771865e+02
3.402428608252988624e+02
3.402428616656969211e+02
3.402428602365904453e+02
3.402428612292220009e+02
3.402428606010523140e+02
3.402428613816281882e+02
3.402428612009645121e+02
3.402428600147206339e+02
3.402428612232086493e+02
3.402428613014034227e+02
3.402428613985308061e+02
3.402428610890278833e+02
3.402428611068567648e+02
3.402428611201526678e+02
3.402428603427384246e+02
3.402428613872884853e+02
3.402428606222642884e+02
3.402428607963782952e+02
3.402428614762456505e+02
3.402428606641383908e+02
3.402428613264282262e+02
3.402428610650047744e+02
3.402428618476461111e+02
3.402428614857682874e+02
3.402428607333008017e+02
3.402428615121240796e+02
3.402428614244962546e+02
3.402428620195100848e+02
3.402428608121311413e+02
3.402428610082299087e+02
3.402428615661166873e+02
3.402428613127136714e+02
3.402428614204982296e+02
3.402428614763726387e+02
3.402428605694731800e+02
3.402428616739201175e+02
3.402428612287814644e+02
3.402428612621908428e+02
3.402428609236563943e+02
3.402428616291744561e+02
3.402428618855678337e+02
3.402428607299370356e+02
3.402428614461941265e+02
3.402428625330271075e+02
3.402428612368420886e+02
3.402428614161677274e+02
3.402428620353352358e+02
3.402428617562607087e+02
3.402428601661492849e+02
3.402428608491068758e+02
3.402428616807066533e+02
3.402428618067527282e+02
3.402428607918525927e+02
3.402428613422102330e+02
3.402428608055424206e+02
3.402428617584143353e+02
