9.922522701663119449e+01
9.961435996547783134e+01
9.975828906474826852e+01
9.916590061031706682e+01
1.004279630267568706e+02
1.000316646847562794e+02
9.939412127209213565e+01
9.979083571318254542e+01
1.005237370376005401e+02
9.905333112069081380e+01
9.958547758354198720e+01
9.894614827385152012e+01
9.891206752870770913e+01
9.991447640724111068e+01
9.955196042963939362e+01
9.930640371746613937e+01
1.000064436009084972e+02
9.963995677620603431e+01
9.895848891518897972e+01
9.901045503398434278e+01
1.002484910996327159e+02
9.984193867404933087e+01
9.990800535428661533e+01
9.914381994276733678e+01
9.955455800717082582e+01
1.003501534213795452e+02
1.006101074919110800e+02
9.941341493185912270e+01
9.972628833791840464e+01
1.002632102712598083e+02
1.004006901893779968e+02
9.968576884681014860e+01
9.943379158558867914e+01
1.001369708135716650e+02
1.006582024474922576e+02
9.997337130550386064e+01
9.950692084928182624e+01
1.000710601899440491e+02
9.957348150464274283e+01
9.908606843141262743e+01
1.008884763121934611e+02
1.005047021678425949e+02
9.939265247092548350e+01
1.008073249517240129e+02
1.002590138116422196e+02
1.000355816378870344e+02
9.918545819841462219e+01
1.004438075752567414e+02
9.992403611119124207e+01
9.887466588574743298e+01
9.965605800709887774e+01
1.005045661491790696e+02
9.943908505412434806e+01
9.939132941696520618e+01
1.000910029230600315e+02
1.000632815638601869e+02
9.985486582304615411e+01
9.960087443822823161e+01
9.932862079144719303e+01
1.001704209227242330e+02
9.922673295260737802e+01
9.947715037002076599e+01
9.961605739112923175e+01
9.906901902521190095e+01
9.936623390097052777e+01
9.879642330532168160e+01
9.932757041842991441e+01
1.000168973165276753e+02
1.000573279240064579e+02
9.898767134096986808e+01
9.992454101017536061e+01
9.885543691904791785e+01
9.834578331633088055e+01
9.975729471237956147e+01
9.895200927455795181e+01
9.910621973254858119e+01
1.001102210228988696e+02
9.961933898573494162e+01
9.901230721259945255e+01
9.971871887509995247e+01
9.980868281762504068e+01
9.832224637393007072e+01
9.873183476667763614e+01
9.884399284803600949e+01
9.894963993986264938e+01
9.962175251047086988e+01
9.975508819676180394e+01
9.846970993453697929e+01
9.982586500318568312e+01
9.952846268398867835e+01
9.853688829076946831e+01
9.910764679778316122e+01
9.930581968478556121e+01
9.961633547885173812e+01
9.932113349051742546e+01
9.861679524577412792e+01
1.001906658797324638e+02
9.872060414557314800e+01
9.893201989406878738e+01
9.980301247926702501e+01
9.942951070876743813e+01
9.823868090582597290e+01
9.980734064949551509e+01
9.917404537795700037e+01
9.859479841302692193e+01
9.937166124881328244e+01
9.911215675578472428e+01
9.863644800172681926e+01
9.927295575391805471e+01
9.932256432623034925e+01
9.897577191443308209e+01
9.826629978071775895e+01
9.874512947839822630e+01
9.911848321223503433e+01
9.909189622268932851e+01
9.906340987268686149e+01
9.816077980921517110e+01
9.834283246931482836e+01
9.860832348459705088e+01
9.913600537119687317e+01
9.906835272521732350e+01
9.895680306288879535e+01
9.882945024152665781e+01
9.885264635502566932e+01
9.840765267624728097e+01
9.910160563072277284e+01
9.962560253953883205e+01
9.859178394046857363e+01
9.859431053078935747e+01
9.929444224932250052e+01
9.886904548195371945e+01
9.784384736959133022e+01
9.911840070002718051e+01
9.909678104239294782e+01
9.772931492302416245e+01
9.837255364917872669e+01
9.938488194401385556e+01
9.779237451717870044e+01
9.952258718349632716e+01
9.779190583018537097e+01
9.831415421093770135e+01
9.935058296959961410e+01
9.853968937246365556e+01
9.853362030029099117e+01
9.969283273301827819e+01
9.886953175724960374e+01
9.826354864164851222e+01
9.919111308863705290e+01
9.902082668472348814e+01
9.838732014565103157e+01
9.846919710588235830e+01
9.828972153806074630e+01
9.870311576612238014e+01
9.823626792225057613e+01
9.890867303846705738e+01
9.930194267005259690e+01
9.881269646912693361e+01
9.777640177678182454e+01
9.903396608667749490e+01
9.900721301307517308e+01
9.793547455372350896e+01
9.808345501079458018e+01
9.864345858188538330e+01
9.831794124320725814e+01
9.794678167455985829e+01
9.904756202283839173e+01
9.816839454018823119e+01
9.900033731266312031e+01
9.869261817099850020e+01
9.778590188428171359e+01
9.774936380428538030e+01
9.850385359036829414e+01
9.793344597532727391e+01
9.824760995945632658e+01
9.874185151663101578e+01
9.871509545264881069e+01
9.839755659012918443e+01
9.824721423869841885e+01
9.863469637715975580e+01
9.785453912448190295e+01
9.849636183013076618e+01
9.859780695009358453e+01
9.774237181126288476e+01
9.759166307819810982e+01
9.814280958514318343e+01
9.766599816498624875e+01
9.856477853845912307e+01
9.794167920057446963e+01
9.753488747163629569e+01
9.788556026770709195e+01
9.763987526253724525e+01
9.719678063044165128e+01
9.897005759264935421e+01
9.738503258661131667e+01
9.728100252416999183e+01
9.816703302710067192e+01
9.776373321127051952e+01
9.774548015598294626e+01
9.800366932760648808e+01
9.784503947958312153e+01
9.813486084160217615e+01
9.800092377297926305e+01
9.752388934113817243e+01
9.812349810677801543e+01
9.765189268836770964e+01
9.775907179560600468e+01
9.843587553730645823e+01
9.816732471556535700e+01
9.751602099836901516e+01
9.828967756295708114e+01
9.905007277193351456e+01
9.779937128409103764e+01
9.652437566707936867e+01
9.780331333621853673e+01
9.793810262864182903e+01
9.756684063600120282e+01
9.764820744254200235e+01
9.823789213654980301e+01
9.774092261286000394e+01
9.673030004909229262e+01
9.767383972354542720e+01
9.818726783638318523e+01
9.687642009847883173e+01
9.810930877275950479e+01
9.793518877064893502e+01
9.719034776054890301e+01
9.670946481385736604e+01
9.743108747371321954e+01
9.747130437250257273e+01
9.763948880548623777e+01
9.675999526820811525e+01
9.754867605739225667e+01
9.710874516541524315e+01
9.804959459016799883e+01
9.687639184357915667e+01
9.780436658684932638e+01
9.699511394507436535e+01
9.688395105061941592e+01
9.639543546493790416e+01
9.749978706047670585e+01
9.749386222721130935e+01
9.797530826393570180e+01
9.677012320399654755e+01
9.580834708564516689e+01
9.719946708321494100e+01
9.714419881195523487e+01
9.580116606614002706e+01
9.650760413623642364e+01
9.666208609937996243e+01
9.699717588473060914e+01
9.682244560739393080e+01
9.744707768632872558e+01
9.613009997970279130e+01
9.696767927882042670e+01
9.767674825052908716e+01
9.647409299526111681e+01
9.661897751885599916e+01
9.612148015797038170e+01
9.673744840315680449e+01
9.660242715652560719e+01
9.652250513990297520e+01
9.698487303527873848e+01
9.680014877033660525e+01
9.659244826461700484e+01
9.793581178860625869e+01
9.539780891628288373e+01
9.576896998778180148e+01
9.680129023027036794e+01
9.606619272102481943e+01
9.709629763830979243e+01
9.641198648176613517e+01
9.608172534866865533e+01
9.620972555883439270e+01
9.628931072256820300e+01
9.679568536262036105e+01
9.633071943866069375e+01
9.660118998441085125e+01
9.616037280922346042e+01
9.702332898644770864e+01
9.690907156655016763e+01
9.658167218555333022e+01
9.665108424424875011e+01
9.635856902012388048e+01
9.674710122410688484e+01
9.589631934873449381e+01
9.564868467677956687e+01
9.626880951982975887e+01
9.695768362624136216e+01
9.624331323206207855e+01
9.685321630140551008e+01
9.589749986916213231e+01
9.579057261681232660e+01
9.646257061345146155e+01
9.567956374990787083e+01
9.592795243960193829e+01
9.627252660370822923e+01
9.617699335200563837e+01
9.575397303110811720e+01
9.596615006089270139e+01
9.612271814983698448e+01
9.670224142640439879e+01
9.601662144987692216e+01
9.620583805416619327e+01
9.606568739850740712e+01
9.602992093310551525e+01
9.591798988473068732e+01
9.570300054175056914e+01
9.597389242950065125e+01
9.579178349730095476e+01
9.560953572116896737e+01
9.594471275824753320e+01
9.612780185252573517e+01
9.649249590505333174e+01
9.581087594845497790e+01
9.654168249161540416e+01
9.579036997377731666e+01
9.591654786054168369e+01
9.632640497438494265e+01
9.666433179710510615e+01
9.541535031003475353e+01
9.504688199331117460e+01
9.620731630232184273e+01
9.573286509580803738e+01
9.587369916748254184e+01
9.685362114307510240e+01
9.597482093402878434e+01
9.540681937648965061e+01
9.586528526857352972e+01
9.524235848062666321e+01
9.549795295622824653e+01
9.607562135852707286e+01
9.569395708749021878e+01
9.568538469341017105e+01
9.601895870149088807e+01
9.542878428595116702e+01
9.573042129836471759e+01
9.676142230396966681e+01
9.550820126554803835e+01
9.568021448386723193e+01
9.573012016101712618e+01
9.477279576306074205e+01
9.556469650777127356e+01
9.557658995351279430e+01
9.550370652669244009e+01
9.503878054803602993e+01
9.620015425170437595e+01
9.548391533105147744e+01
9.482387246437512829e+01
9.588695356872692344e+01
9.619254848697160298e+01
9.504642037652892839e+01
9.591607227648067635e+01
9.664590047250891303e+01
9.525576631876366207e+01
9.552547214986817892e+01
9.587875395971632031e+01
9.560206069057255718e+01
9.533184438940423888e+01
9.510669254780576409e+01
9.513783224752842216e+01
9.500969206369052245e+01
9.572446346065247269e+01
9.589410449604507392e+01
9.633772907564200239e+01
9.599447973809738244e+01
9.527449241914871436e+01
9.587986213342099973e+01
9.547089925114060804e+01
9.526845900819337487e+01
9.504525004131527055e+01
9.574381236607263190e+01
9.551537117157336354e+01
9.592393511153910879e+01
9.517676280460689497e+01
9.468329085083128405e+01
9.575189943663656322e+01
9.530629794661655296e+01
9.522788565853350917e+01
9.592993274323977460e+01
9.416557625440958645e+01
9.532320036027010701e+01
9.462073378922953282e+01
9.439345715542300752e+01
9.466235561588194969e+01
9.536596380408714424e+01
9.501580245574962191e+01
9.508898009033428878e+01
9.536934054147035056e+01
9.520692226510237788e+01
9.463503522614757912e+01
9.454926659274541123e+01
9.471724820163120739e+01
9.488691602801175407e+01
9.483751408891687618e+01
9.455703618246646158e+01
9.507960300905462248e+01
9.486199136638377638e+01
9.533902574144146058e+01
9.415215162693594664e+01
9.497971064064027757e+01
9.528429416707963640e+01
9.430570686419856941e+01
9.553001071286689694e+01
9.456186784249477739e+01
9.526081369481346428e+01
9.434726523667380604e+01
9.468067241757542263e+01
9.499774476925959732e+01
9.473705237267147083e+01
9.474171935717515680e+01
9.488603555752330010e+01
9.470557101152718360e+01
9.538098391330277082e+01
9.437455215911082007e+01
9.458456728343941222e+01
9.485498396931762954e+01
9.450864322719559141e+01
9.457815508045530351e+01
9.487322485761468727e+01
9.511989892890021281e+01
9.540368900252190087e+01
9.445930774568618915e+01
9.414913796635170229e+01
9.404563345410849706e+01
9.480731572607341207e+01
9.542141159201919720e+01
9.417872311545301045e+01
9.448539726864265731e+01
9.499492890630278907e+01
9.410370064336780160e+01
9.489239371498773323e+01
9.541413233352092504e+01
9.425305344638648819e+01
9.487423958103539690e+01
9.423966059229884706e+01
9.435960513384701187e+01
9.476715908216937123e+01
9.533850621638707423e+01
9.472306408403915157e+01
9.423394455688470828e+01
9.475454250667606004e+01
9.511943755007054335e+01
9.461069570567376275e+01
9.480193126677475846e+01
9.470471851093026316e+01
9.441143341565714309e+01
9.428385520518723695e+01
9.440184730438535610e+01
9.443633520126462599e+01
9.480751703368684957e+01
9.483823614189272178e+01
9.385029917264675703e+01
9.412668323296787776e+01
9.504187809838673218e+01
9.463141786712647274e+01
9.478706817678549612e+01
9.423380763260355764e+01
9.506588690816580822e+01
9.404567721043243012e+01
9.432911339802329564e+01
9.444236501591150557e+01
9.413952608786077292e+01
9.470821193539977401e+01
9.413525080253850774e+01
9.451718986878312023e+01
9.314592061782211374e+01
9.454967558198036670e+01
9.463989782751929170e+01
9.351077396148468779e+01
9.354429360303618068e+01
9.422459644383432931e+01
9.439348729234707491e+01
9.412678718071991568e+01
9.426003766556350172e+01
9.441864835204792428e+01
9.429789740006400223e+01
9.417729006773650724e+01
9.466959941859086314e+01
9.345713782724664043e+01
9.445035605730076611e+01
9.448662110548734461e+01
9.426470132486521436e+01
9.355362783123247539e+01
9.410368499675614373e+01
9.495748789121383027e+01
9.391436524748814918e+01
9.371333631886942328e+01
9.450972353408361926e+01
9.395673197079604222e+01
9.404338500119347088e+01
9.447029779262273053e+01
9.450745595846920821e+01
9.334679567869625316e+01
9.335867433687684525e+01
9.404767300332105151e+01
9.426364765784859401e+01
9.372180730887646405e+01
9.387266743083056042e+01
9.339903102141506963e+01
9.338855444280989104e+01
