2.343656375893179700e+02
2.345606982814194623e+02
2.340576318842710464e+02
2.343925008153081535e+02
2.344893492478383621e+02
2.348837177761567148e+02
2.342826548086927687e+02
2.342037822639084652e+02
2.348441512338136192e+02
2.345958398134098104e+02
2.350353936548790159e+02
2.349281091974196443e+02
2.344343351964774911e+02
2.342830554741694016e+02
2.344199141314805672e+02
2.348550183678194969e+02
2.347324373229328103e+02
2.343509001273230012e+02
2.344075228284132209e+02
2.348544076934305167e+02
2.345101697106567542e+02
2.339125230193809557e+02
2.347263015950530018e+02
2.346195268011177575e+02
2.346141333862143767e+02
2.343200656644294213e+02
2.343093401137224419e+02
2.344644886424875949e+02
2.344182817513501504e+02
2.342427175376297726e+02
2.344890278264464314e+02
2.344339933793466741e+02
2.345011284634863387e+02
2.345719818455648920e+02
2.343255799047135497e+02
2.343403999853767345e+02
2.342265502911706960e+02
2.344408619747806313e+02
2.346950187003340318e+02
2.343056242560028295e+02
2.342464343371200073e+02
2.347994965975007347e+02
2.342413574746136362e+02
2.340980224519237538e+02
2.341033456256029410e+02
2.346759526548136989e+02
2.342064326281098090e+02
2.344138938270546362e+02
2.346930886596877315e+02
2.342663376315804555e+02
2.343744307493670931e+02
2.344331802691482096e+02
2.343555342177300247e+02
2.345526343920104182e+02
2.343479182637061911e+02
2.345053229944827820e+02
2.346349112548642779e+02
2.342176296610088855e+02
2.348326590513532892e+02
2.343031981438182072e+02
2.342122571579496935e+02
2.344153989337820860e+02
2.345700178598308412e+02
2.345343810416250960e+02
2.343343312078363567e+02
2.348362865998102791e+02
2.345014732486341700e+02
2.339901687634605878e+02
2.341700029839848867e+02
2.343909717337790255e+02
2.343589404337473923e+02
2.346480500517899372e+02
2.348818472622503748e+02
2.346902786865198038e+02
2.345023112082125181e+02
2.342605256317764599e+02
2.342594075502670705e+02
2.341740385259610377e+02
2.344347975389437124e+02
2.346004458413272289e+02
2.347071671608156009e+02
2.346183797949138068e+02
2.342256915652814371e+02
2.347519719350825937e+02
2.346049227383982441e+02
2.345202445186021976e+02
2.342889202447200034e+02
2.345255702668839888e+02
2.345631108325079310e+02
2.350597290864498916e+02
2.346966449359058515e+02
2.344573811009760504e+02
2.342570179178981959e+02
2.346838428076012804e+02
2.345146191423355333e+02
2.348134428251438521e+02
2.346659404472948438e+02
2.344861314584702825e+02
2.344310413558231687e+02
2.344239502794506222e+02
2.346534301873971629e+02
2.342854015823512555e+02
2.342957004140255322e+02
2.346720565521254400e+02
2.347164179793491030e+02
2.348032858976444857e+02
2.344975411916234407e+02
2.348833300462590330e+02
2.346213711091449170e+02
2.347511836427652554e+02
2.344925409819213371e+02
2.340676855271388206e+02
2.343917206840628751e+02
2.351280532936505949e+02
2.348383486699748062e+02
2.345327421659980871e+02
2.346867543509506788e+02
2.346766235906434588e+02
2.346467811914338881e+02
2.344958608555481021e+02
2.343821466988676718e+02
2.344401438072459598e+02
2.346269623534489313e+02
2.350218431611531571e+02
2.345292629383394853e+02
2.341434661682619662e+02
2.341457314928402411e+02
2.341508848025726763e+02
2.343888071320608049e+02
2.349511323364644397e+02
2.348011611854623482e+02
2.345808057082972766e+02
2.344500082144305679e+02
2.343219082763854715e+02
2.343094837799499999e+02
2.347523889044807675e+02
2.353780375725015404e+02
2.344650184774909292e+02
2.342990299599003947e+02
2.343165513720148283e+02
2.343266206683263420e+02
2.345680279472278471e+02
2.348490186857201252e+02
2.350727071361914966e+02
2.343692331131893241e+02
2.342211196630477446e+02
2.342823689560642890e+02
2.343928701974676017e+02
2.342017313489733112e+02
2.345974841459510571e+02
2.344135680834172035e+02
2.344013432882580616e+02
2.345075187433124313e+02
2.342078374414564621e+02
2.344632968246146447e+02
2.344883915610830627e+02
2.345539253305886120e+02
2.347087381772336414e+02
2.341882071459514520e+02
2.341271359707448028e+02
2.344364478075833347e+02
2.340473296295606644e+02
2.344572523885251201e+02
2.343373754606376735e+02
2.346130025784487998e+02
2.347176381924919895e+02
2.349349376505929285e+02
2.347655788717345615e+02
2.348118131179972181e+02
2.346305994776574835e+02
2.344323948674813209e+02
2.347999527829602755e+02
2.343398296855035312e+02
2.343683139767454975e+02
2.348511224184342154e+02
2.346907750218429385e+02
2.346131538816067916e+02
2.345085872667341107e+02
2.349897647536521674e+02
2.343441978166746651e+02
2.342664093905844140e+02
2.342835983450975164e+02
2.343124298496318545e+02
2.346006927014195753e+02
2.344156344893124526e+02
2.344259658468174621e+02
2.345578863062711434e+02
2.343464742778074879e+02
2.347795428787696892e+02
2.345702607277923732e+02
2.343143674374998398e+02
2.350537684657343505e+02
2.345151201250281190e+02
2.343932476198167763e+02
2.345179267303752511e+02
2.345680139625928007e+02
2.343485564235053005e+02
2.346065994110427937e+02
2.344518745055575266e+02
2.344275242730774664e+02
2.344124265505564608e+02
2.347150984096328727e+02
2.344850430906610654e+02
2.354510719670256549e+02
2.347286117980654296e+02
2.344470959898011131e+02
2.344752419142685085e+02
2.343691727220221992e+02
2.345446943053118218e+02
2.344309951167027748e+02
2.345538822305934445e+02
2.347951646076009808e+02
2.345024274626417480e+02
2.344597636137071106e+02
2.345004265328600752e+02
2.350900490383585293e+02
2.344307053316934173e+02
2.342256187893008530e+02
2.345016633285494265e+02
2.342921259177513775e+02
2.344585669043597420e+02
2.342962588325555373e+02
2.342008638643549432e+02
2.345812747590134961e+02
2.353327047698520857e+02
2.345534570626855384e+02
2.342093172729420303e+02
2.344674457310954665e+02
2.348475651982332977e+02
2.346186188679207874e+02
2.344003060931155744e+02
2.348024266403433273e+02
2.347321649143635796e+02
2.348563867227991011e+02
2.348326564886465633e+02
2.345477502623568853e+02
2.341982633761933528e+02
2.345616408004257494e+02
2.350546947936109348e+02
2.347359423309527813e+02
2.347777568318230976e+02
2.346627387871334065e+02
2.350385324405893641e+02
2.349764218570722107e+02
2.344236297099122623e+02
2.344321579814724998e+02
2.343526268697029593e+02
2.339918199885364345e+02
2.344546463170183017e+02
2.345455719954693450e+02
2.344006993766138010e+02
2.345068637314488740e+02
2.344167346398908478e+02
2.345894702043634936e+02
2.341841719810288112e+02
2.345687646508400803e+02
2.343402799744804668e+02
2.345088092210038440e+02
2.343774939518642384e+02
2.343868139823317449e+02
2.345685532143631917e+02
2.341762356425866756e+02
2.342985126876612867e+02
2.348869911955385135e+02
2.343538306690225852e+02
2.344576906268164578e+02
2.347238682657370816e+02
2.344647856120480753e+02
2.342268556293063000e+02
2.348442089617891497e+02
2.342726449684004137e+02
2.344060351972857461e+02
2.346244906105733889e+02
2.348794774306079205e+02
2.348077282561136769e+02
2.344042002535821894e+02
2.348474552560202540e+02
2.349456644597692332e+02
2.344894857943550051e+02
2.345320840466636412e+02
2.347225032166934398e+02
2.344343299577903963e+02
2.345925272287371399e+02
2.347730897416040250e+02
2.346340569130913138e+02
2.342717271886881178e+02
2.345274840231112421e+02
2.347302488944039851e+02
2.345078903067450256e+02
2.345792420293178395e+02
2.345836665788166044e+02
2.345089687174358914e+02
2.344011228554743127e+02
2.345901107931040315e+02
2.344121504062939323e+02
2.348248790953515766e+02
2.345241966765489394e+02
2.344143684470514017e+02
2.349506122655684806e+02
2.344170512593841238e+02
2.346134714898316815e+02
2.348315128866062196e+02
2.344219609212152875e+02
2.345737196047267901e+02
2.348966630499652410e+02
2.346727932623844026e+02
2.345390765198138467e+02
2.343547351305534505e+02
2.342933083843591078e+02
2.345198472255770810e+02
2.345185264761123278e+02
2.349127979297597051e+02
2.347795763569798453e+02
2.342811507231558892e+02
2.345656456151725422e+02
2.346572247991512370e+02
2.343032134725976050e+02
2.343203745076933444e+02
2.350364860563298919e+02
2.352447656923627619e+02
2.347512357114295867e+02
2.344580333238045569e+02
2.344348722929944699e+02
2.347077351046839624e+02
2.345100005662316391e+02
2.348497020803357600e+02
2.348634045213210868e+02
2.346438861773771407e+02
2.343390603330669819e+02
2.346579744056724337e+02
2.343925495549051732e+02
2.347299016670091589e+02
2.349009701356692688e+02
2.346443913100019643e+02
2.345684491950147219e+02
2.346628574044406434e+02
2.347293574160410401e+02
2.343034502626614142e+02
2.347031682775302670e+02
2.349567606116349907e+02
2.344588212111823680e+02
2.344761744105312857e+02
2.343687887771902751e+02
2.343745229480105081e+02
2.343675164026946049e+02
2.346193707507585486e+02
2.350149062938755549e+02
2.343509058476320206e+02
2.342321111166884577e+02
2.341487513465326629e+02
2.344077321494964110e+02
2.345792299610258169e+02
2.346924834618093598e+02
2.354880931807597335e+02
2.348324711472305069e+02
2.344234915035186475e+02
2.343650651409243153e+02
2.344236430878762576e+02
2.347691645832848337e+02
2.346680768317137051e+02
2.349387813294400758e+02
2.346871405807343365e+02
2.348263036906450907e+02
2.349151467821258166e+02
2.346369632788456840e+02
2.346059047753772404e+02
2.342079521318628679e+02
2.348386233500040987e+02
2.344790112059051523e+02
2.343976979728072365e+02
2.344253406408061267e+02
2.346619449000096438e+02
2.345067138234629454e+02
2.344582073311333943e+02
2.346402022202375974e+02
2.342990515604364248e+02
2.346704605414862499e+02
2.344321723799871791e+02
2.345752638106191341e+02
2.349911072776435788e+02
2.345508182450149661e+02
2.344555550508799513e+02
2.344628401407522631e+02
2.349749953676686971e+02
2.345483760886195626e+02
2.342584562222226907e+02
2.346177495570950668e+02
2.348317679272348641e+02
2.345328573261175791e+02
2.345512997250725959e+02
2.346658765084822846e+02
2.344550391071950344e+02
2.346580424002068810e+02
2.344079764401396631e+02
2.343719617233346924e+02
2.345808511128524572e+02
2.344795538895222080e+02
2.349726766376495277e+02
2.347003461920049006e+02
2.341479780556977630e+02
2.342243082506379324e+02
2.347374655134068462e+02
2.347407038462598905e+02
2.347748377476507073e+02
2.352257488523871700e+02
2.347848711473221499e+02
2.347627741738203042e+02
2.346601683715194895e+02
2.347181693521854413e+02
2.346309191762627790e+02
2.348100785099020129e+02
2.345418624289541185e+02
2.348666448608034614e+02
2.344692001120472469e+02
2.347090433166233368e+02
2.344285863985281537e+02
2.347331510783137389e+02
2.346602534653332839e+02
2.346979091396926549e+02
2.344988566128967875e+02
2.346017669109487258e+02
2.345562737231679193e+02
2.343417618396045157e+02
2.348874077571404086e+02
2.350812341828417402e+02
2.346052406672328061e+02
2.346797929865436174e+02
2.347571833639900660e+02
2.345172243514316506e+02
2.350523041015595709e+02
2.345027889421139946e+02
2.345114527318545470e+02
2.351879568455381104e+02
2.344862732212772869e+02
2.345080700891010110e+02
2.345124179134537599e+02
2.349478031716564885e+02
2.345623807121894231e+02
2.347816117022537128e+02
2.346794449676620218e+02
2.348554243790751741e+02
2.349986032947469710e+02
2.348978336983424242e+02
2.347219260456732570e+02
2.344934110973189547e+02
2.350803658250650017e+02
2.348380956352528983e+02
2.349986347384085548e+02
2.345340694803425379e+02
2.345305961493936593e+02
2.346852786704680227e+02
2.349063024529380073e+02
2.346437418200110585e+02
2.347119726905480377e+02
2.346103642458051581e+02
2.343378965873608024e+02
2.348481470910307962e+02
2.350792137380143743e+02
2.344544329378397833e+02
2.345434587862848730e+02
2.348144701047470733e+02
2.349625058687419994e+02
2.348535093836815122e+02
2.350517601518169215e+02
2.347842631181912338e+02
2.348507999654713956e+02
2.346031124037627933e+02
2.344876816347005217e+02
2.347071377760231599e+02
2.344563311099024929e+02
2.348187412291384817e+02
2.349553464199563280e+02
2.344650148959178466e+02
2.349747717539012513e+02
2.350238644199582723e+02
2.347274144993243681e+02
2.345918979221376333e+02
2.346208841444154416e+02
2.347734130272604034e+02
2.347858321161312460e+02
2.351945647161799400e+02
2.347206913929153700e+02
2.344974397625721849e+02
2.350312359111672720e+02
2.346516721902673623e+02
2.348861183103590520e+02
2.345499908435957650e+02
2.346214829533213333e+02
2.351016118301988911e+02
2.348478151301489731e+02
2.349069055239721990e+02
2.348576025213376681e+02
2.346195849521327261e+02
2.344782489023416758e+02
2.351720264198803534e+02
2.346064419270486781e+02
2.346086112950547715e+02
2.353334672854471137e+02
2.352894803957324257e+02
2.349812102609117801e+02
