3.402701038222610350e+02
3.402701038621989369e+02
3.402701038443260586e+02
3.402701038874284336e+02
3.402701038811036369e+02
3.402701038335313797e+02
3.402701038775744564e+02
3.402701038541548542e+02
3.402701038356337335e+02
3.402701038323552325e+02
3.402701038679832095e+02
3.402701039472698881e+02
3.402701038638070372e+02
3.402701039173386448e+02
3.402701038840073693e+02
3.402701038957993660e+02
3.402701038363716179e+02
3.402701039006977339e+02
3.402701039227646902e+02
3.402701037948581302e+02
3.402701038170100105e+02
3.402701038664889666e+02
3.402701039264534302e+02
3.402701038594116767e+02
3.402701039192056101e+02
3.402701039223393877e+02
3.402701039695296572e+02
3.402701038840588694e+02
3.402701038547906478e+02
3.402701038417154678e+02
3.402701038490565679e+02
3.402701038293906777e+02
3.402701038875136987e+02
3.402701038798687136e+02
3.402701038742903279e+02
3.402701039319504730e+02
3.402701038761260293e+02
3.402701038518681003e+02
3.402701038755519676e+02
3.402701038422138140e+02
3.402701039167208705e+02
3.402701038943110916e+02
3.402701038593615408e+02
3.402701038735943371e+02
3.402701039075247422e+02
3.402701039439085093e+02
3.402701038833923803e+02
3.402701038214061100e+02
3.402701038567914225e+02
3.402701038905908604e+02
3.402701038911947080e+02
3.402701038710244461e+02
3.402701039078629606e+02
3.402701039143547632e+02
3.402701038918903009e+02
3.402701038403050120e+02
3.402701039188162326e+02
3.402701038867052148e+02
3.402701038892234351e+02
3.402701039101962692e+02
3.402701038298458229e+02
3.402701039044094955e+02
3.402701038876989514e+02
3.402701039313269007e+02
3.402701038877510769e+02
3.402701038813491436e+02
3.402701038447315796e+02
3.402701038917170990e+02
3.402701038181994022e+02
3.402701038133197358e+02
3.402701038612336220e+02
3.402701038053335765e+02
3.402701039189801122e+02
3.402701038807479108e+02
3.402701038492334078e+02
3.402701038653652859e+02
3.402701038647880409e+02
3.402701038697139779e+02
3.402701038637815714e+02
3.402701039263076268e+02
3.402701038905810265e+02
3.402701038477889597e+02
3.402701039126525870e+02
3.402701038641512810e+02
3.402701038964897862e+02
3.402701038644333380e+02
3.402701038525509034e+02
3.402701038983535113e+02
3.402701038239506488e+02
3.402701038858952529e+02
3.402701039272109824e+02
3.402701039147241886e+02
3.402701039291446818e+02
3.402701038237316311e+02
3.402701038909482349e+02
3.402701038778273528e+02
3.402701038856430387e+02
3.402701039270478418e+02
3.402701038476616873e+02
3.402701038826093622e+02
3.402701038345728648e+02
3.402701039133589802e+02
3.402701038643127163e+02
3.402701039194109853e+02
3.402701038624149419e+02
3.402701038998710601e+02
3.402701038480140028e+02
3.402701038564788973e+02
3.402701038782016099e+02
3.402701038984229740e+02
3.402701038813295327e+02
3.402701038935547899e+02
3.402701038424020794e+02
3.402701038633258008e+02
3.402701038887770437e+02
3.402701038885804223e+02
3.402701038307786803e+02
3.402701038457943810e+02
3.402701038846001325e+02
3.402701038537894078e+02
3.402701038457790332e+02
3.402701038814854542e+02
3.402701038743142590e+02
3.402701038890168093e+02
3.402701038525945023e+02
3.402701039104097163e+02
3.402701038825929913e+02
3.402701038773327014e+02
3.402701039068868454e+02
3.402701039085559387e+02
3.402701039093559530e+02
3.402701039222727672e+02
3.402701038562158260e+02
3.402701038469043624e+02
3.402701038972152787e+02
3.402701038567273031e+02
3.402701038805668077e+02
3.402701038823441309e+02
3.402701038620161853e+02
3.402701038520495445e+02
3.402701039289367486e+02
3.402701038734880967e+02
3.402701038680518764e+02
3.402701038717891038e+02
3.402701038542924152e+02
3.402701039389160655e+02
3.402701038434207135e+02
3.402701038870633283e+02
3.402701039165860379e+02
3.402701038930085247e+02
3.402701039014019102e+02
3.402701038752824729e+02
3.402701038780792828e+02
3.402701038974227572e+02
3.402701039086269930e+02
3.402701038730633059e+02
3.402701038976768473e+02
3.402701038754132696e+02
3.402701038721034479e+02
3.402701038421964768e+02
3.402701038803131723e+02
3.402701038886516471e+02
3.402701038547409098e+02
3.402701038587863991e+02
3.402701038588515985e+02
3.402701038982555133e+02
3.402701038281288675e+02
3.402701038936787086e+02
3.402701038767313548e+02
3.402701038897818080e+02
3.402701039022220471e+02
3.402701039012984552e+02
3.402701038946467520e+02
3.402701038459615575e+02
3.402701038641293394e+02
3.402701039221014980e+02
3.402701038760363303e+02
3.402701038705454835e+02
3.402701038999336447e+02
3.402701039017101152e+02
3.402701038184327444e+02
3.402701038978258907e+02
3.402701039289444793e+02
3.402701038729238121e+02
3.402701038848251187e+02
3.402701038514643415e+02
3.402701038481868068e+02
3.402701039590930918e+02
3.402701038859202640e+02
3.402701038221716203e+02
3.402701039117361006e+02
3.402701038700848244e+02
3.402701038471562356e+02
3.402701039020099074e+02
3.402701039066845965e+02
3.402701038903521180e+02
3.402701039252517035e+02
3.402701038954696173e+02
3.402701038587890139e+02
3.402701039174135644e+02
3.402701038594423153e+02
3.402701038732110419e+02
3.402701038358723622e+02
3.402701039073675702e+02
3.402701038666351110e+02
3.402701038454077320e+02
3.402701039232297262e+02
3.402701038862919063e+02
3.402701038873383936e+02
3.402701039162457164e+02
3.402701039220794428e+02
3.402701038706288728e+02
3.402701038656618380e+02
3.402701038838460477e+02
3.402701038708262331e+02
3.402701038880115902e+02
3.402701038740366926e+02
3.402701038650951091e+02
3.402701038712619948e+02
3.402701038743743993e+02
3.402701038996657985e+02
3.402701038624559260e+02
3.402701038759065568e+02
3.402701038453204205e+02
3.402701038434753968e+02
3.402701038701560492e+02
3.402701039134383336e+02
3.402701038891814846e+02
3.402701038797426918e+02
3.402701038599274739e+02
3.402701038557565880e+02
3.402701038187529434e+02
3.402701038564154601e+02
3.402701038870866910e+02
3.402701038429475489e+02
3.402701038696088176e+02
3.402701038628168249e+02
3.402701038724146088e+02
3.402701038909467570e+02
3.402701038587264293e+02
3.402701038915759568e+02
3.402701039028053742e+02
3.402701038570116339e+02
3.402701038492710950e+02
3.402701039232992457e+02
3.402701038393320232e+02
3.402701038686350330e+02
3.402701038525769377e+02
3.402701038772368065e+02
3.402701038893569603e+02
3.402701039194828354e+02
3.402701038967453542e+02
3.402701038670332991e+02
3.402701038098034019e+02
3.402701038748181759e+02
3.402701038492554630e+02
3.402701039078235681e+02
3.402701038480884108e+02
3.402701038743749109e+02
3.402701038537917384e+02
3.402701038874463961e+02
3.402701038557170818e+02
3.402701038402380505e+02
3.402701038088493988e+02
3.402701038621441398e+02
3.402701039539132353e+02
3.402701038989867470e+02
3.402701039052519718e+02
3.402701038426122864e+02
3.402701038747243274e+02
3.402701038873420885e+02
3.402701038841276500e+02
3.402701039055997398e+02
3.402701039201285198e+02
3.402701038755015475e+02
3.402701038843290462e+02
3.402701038902230835e+02
3.402701038856479840e+02
3.402701038693019200e+02
3.402701038743950903e+02
3.402701039061964252e+02
3.402701038900848971e+02
3.402701038910209377e+02
3.402701038797984552e+02
3.402701038784206844e+02
3.402701039249882911e+02
3.402701038421620297e+02
3.402701038784039156e+02
3.402701038663073518e+02
3.402701038793724706e+02
3.402701038938856186e+02
3.402701039370513172e+02
3.402701039145903223e+02
3.402701038913991738e+02
3.402701038824904458e+02
3.402701038450182409e+02
3.402701038038988486e+02
3.402701038835868417e+02
3.402701039229848448e+02
3.402701038786605636e+02
3.402701038592538225e+02
3.402701038816839514e+02
3.402701038641816922e+02
3.402701039065605073e+02
3.402701039656002422e+02
3.402701039211141847e+02
3.402701038603363486e+02
3.402701038800285573e+02
3.402701038495218882e+02
3.402701038369850721e+02
3.402701038977135681e+02
3.402701038610749151e+02
3.402701038504893063e+02
3.402701039233332949e+02
3.402701039090537734e+02
3.402701038776596079e+02
3.402701038467792500e+02
3.402701038319851818e+02
3.402701038952845920e+02
3.402701038810042178e+02
3.402701038914991614e+02
3.402701039328343882e+02
3.402701038813085574e+02
3.402701038421769226e+02
3.402701038672633445e+02
3.402701038715131858e+02
3.402701039048616281e+02
3.402701039284289095e+02
3.402701038667970579e+02
3.402701038803731990e+02
3.402701039097623834e+02
3.402701038757502943e+02
3.402701038665713327e+02
3.402701038389726591e+02
3.402701038385491756e+02
3.402701038319188456e+02
3.402701038670397793e+02
3.402701038928757384e+02
3.402701038730840537e+02
3.402701038794724013e+02
3.402701038192648753e+02
3.402701039085381467e+02
3.402701038717795541e+02
3.402701039300429784e+02
3.402701039361695052e+02
3.402701038772486299e+02
3.402701038936589271e+02
3.402701038967344971e+02
3.402701038888134235e+02
3.402701038958683171e+02
3.402701039117995947e+02
3.402701038707394900e+02
3.402701038622394663e+02
3.402701039475522862e+02
3.402701038747337066e+02
3.402701039056778995e+02
3.402701038598501100e+02
3.402701038867383545e+02
3.402701038738740635e+02
3.402701038780428462e+02
3.402701038764002419e+02
3.402701039003785013e+02
3.402701038847955033e+02
3.402701038641829996e+02
3.402701039340205966e+02
3.402701038885050480e+02
3.402701038549460577e+02
3.402701038454376317e+02
3.402701038740155468e+02
3.402701039149822577e+02
3.402701039282814008e+02
3.402701038955678996e+02
3.402701038432454084e+02
3.402701038593613134e+02
3.402701038215437279e+02
3.402701038869799390e+02
3.402701038738803163e+02
3.402701038767338559e+02
3.402701038479687554e+02
3.402701038580559043e+02
3.402701039444844469e+02
3.402701038543764867e+02
3.402701038709136014e+02
3.402701038730214691e+02
3.402701038563271254e+02
3.402701038370817059e+02
3.402701038678125087e+02
3.402701039026998160e+02
3.402701038838722525e+02
3.402701038772678999e+02
3.402701039027368211e+02
3.402701038901909101e+02
3.402701038564114810e+02
3.402701038330808956e+02
3.402701038437746774e+02
3.402701038420950113e+02
3.402701038903992412e+02
3.402701038230643462e+02
3.402701039347483629e+02
3.402701038920448013e+02
3.402701038607985424e+02
3.402701038350852514e+02
3.402701038805299731e+02
3.402701038377212512e+02
3.402701038489061602e+02
3.402701039604210678e+02
3.402701039051723342e+02
3.402701039083229375e+02
3.402701038688940116e+02
3.402701038579876922e+02
3.402701038589942186e+02
3.402701039042025286e+02
3.402701038547277790e+02
3.402701038885060143e+02
3.402701038979246846e+02
3.402701038804319182e+02
3.402701038246387384e+02
3.402701038666828595e+02
3.402701038908105033e+02
3.402701038823034310e+02
3.402701038562695999e+02
3.402701038881329509e+02
3.402701039090352992e+02
3.402701038398532205e+02
3.402701038483735942e+02
3.402701039242114689e+02
3.402701039196260240e+02
3.402701038399036406e+02
3.402701039103191647e+02
3.402701039099490004e+02
3.402701038771922413e+02
3.402701038889744609e+02
3.402701038955048034e+02
3.402701038391598445e+02
3.402701038610304636e+02
3.402701039141079491e+02
3.402701038863269218e+02
3.402701039510118335e+02
3.402701038582387127e+02
3.402701038853042519e+02
3.402701038771722892e+02
3.402701038862988980e+02
3.402701038681070145e+02
3.402701038214606228e+02
3.402701038364308488e+02
3.402701038905582323e+02
3.402701038288719815e+02
3.402701038722130420e+02
3.402701038559249014e+02
3.402701038192745386e+02
3.402701038706591135e+02
3.402701038876510324e+02
3.402701038371400841e+02
3.402701039389253879e+02
3.402701038971849243e+02
3.402701038959603466e+02
3.402701038762486405e+02
3.402701038868568730e+02
3.402701038632925474e+02
3.402701038174339487e+02
3.402701038751048941e+02
3.402701038663544750e+02
3.402701039072718459e+02
3.402701038691301960e+02
3.402701038978154884e+02
3.402701038943416165e+02
3.402701038726369802e+02
3.402701039052104761e+02
3.402701038652784860e+02
3.402701038820325152e+02
3.402701038476341751e+02
3.402701039041726290e+02
3.402701038805429903e+02
3.402701039159615561e+02
3.402701039098684532e+02
3.402701039106674443e+02
3.402701039162894290e+02
3.402701038962204052e+02
3.402701038634717747e+02
3.402701039029500976e+02
3.402701038414019763e+02
3.402701038249390422e+02
3.402701038935801989e+02
3.402701039424259761e+02
3.402701038454078457e+02
3.402701038122470436e+02
3.402701038680181114e+02
3.402701038646114853e+02
3.402701039048975531e+02
3.402701038731618723e+02
3.402701038738037482e+02
3.402701039228971354e+02
3.402701038378440899e+02
3.402701038702475103e+02
3.402701038749757458e+02
3.402701039187491574e+02
3.402701039008668431e+02
3.402701038601103960e+02
3.402701038778720317e+02
3.402701038431920892e+02
