2.857178534571808086e+02
2.856989413085075284e+02
2.856336123438383083e+02
2.857265885643536762e+02
2.857690386234440894e+02
2.858085511786188704e+02
2.856638707522595837e+02
2.857371997811493998e+02
2.859009223793448200e+02
2.859522699550166749e+02
2.860310865401142451e+02
2.858743964649998475e+02
2.856882164482095163e+02
2.857293624924560049e+02
2.858143471284916473e+02
2.858819524248918924e+02
2.858335639540602529e+02
2.857205839328524917e+02
2.857242288773042560e+02
2.858863233209770556e+02
2.857822430339236348e+02
2.856331211575183602e+02
2.857444724448770899e+02
2.857087602020301347e+02
2.857082723286773671e+02
2.857553771416749555e+02
2.857207058785803611e+02
2.858050966577848158e+02
2.857280321021765985e+02
2.857471136246411447e+02
2.857752379817613928e+02
2.857694021139229221e+02
2.858253427474701311e+02
2.856997158178327822e+02
2.857107836004122987e+02
2.856447303402719626e+02
2.855724143683145826e+02
2.857042852322990711e+02
2.858162839147130967e+02
2.855852862397952663e+02
2.857089068048396143e+02
2.857837413703625202e+02
2.856614235487955966e+02
2.856984952584099915e+02
2.856962963766159760e+02
2.857073327177254782e+02
2.856989372104148970e+02
2.858721867834348700e+02
2.858388286769553019e+02
2.857631455979275188e+02
2.856993465893399389e+02
2.857624128542383346e+02
2.857556955982250315e+02
2.858267389077821008e+02
2.857266362721043720e+02
2.858069822295352651e+02
2.857540138701181149e+02
2.857747392236604469e+02
2.859458699130343007e+02
2.857711630643698868e+02
2.857465743783754988e+02
2.857582959303860548e+02
2.857640733410929101e+02
2.857717234086280200e+02
2.857653289841247783e+02
2.858069320518774248e+02
2.857578783127327711e+02
2.855646735443766033e+02
2.856031679762069189e+02
2.856728790448293012e+02
2.857023533983911534e+02
2.856928753711505919e+02
2.858563108762384672e+02
2.857402289725837932e+02
2.857837801403193225e+02
2.857716392654520519e+02
2.857530492666328428e+02
2.856099830994301669e+02
2.857993094062664454e+02
2.857546953540642107e+02
2.857919019619304777e+02
2.857945195933583591e+02
2.857249101286691371e+02
2.858442036606593319e+02
2.859053367894978237e+02
2.857842435210974941e+02
2.857278845420243556e+02
2.857771558712863111e+02
2.859071533480783387e+02
2.859795171715217066e+02
2.858287892543244197e+02
2.856999141763446346e+02
2.856924683296845160e+02
2.857452352347419833e+02
2.857086814379958355e+02
2.857593091317210678e+02
2.858972587441817268e+02
2.858122994301492668e+02
2.857030988953290489e+02
2.857573991538702671e+02
2.857904318196318059e+02
2.857362558606324114e+02
2.857422683897966635e+02
2.858328342763009573e+02
2.858927217693110379e+02
2.858291304640593467e+02
2.858386524212483550e+02
2.859705357630803633e+02
2.859561182929387542e+02
2.859534393233063270e+02
2.858185663451571941e+02
2.857741285648377811e+02
2.858818688479786374e+02
2.860757072352494674e+02
2.858667757475121789e+02
2.857954794499419791e+02
2.858482962319049534e+02
2.858550826741793571e+02
2.858907645447594632e+02
2.857677585201133752e+02
2.856705928290718930e+02
2.857575857747607984e+02
2.858452382928475686e+02
2.858812650977588987e+02
2.857221868349264469e+02
2.857450125230225240e+02
2.856960381909661351e+02
2.857028658922625368e+02
2.857096048792953411e+02
2.859042326618256880e+02
2.859264394844597632e+02
2.857948634186726053e+02
2.857698304294816012e+02
2.857097940941499132e+02
2.857826366273540657e+02
2.859951920072271037e+02
2.860451709940584806e+02
2.857326069416835139e+02
2.857408262319883647e+02
2.856828962793068172e+02
2.857958130587199435e+02
2.858710064159485000e+02
2.859693525421420759e+02
2.859091148985018549e+02
2.856861748060687773e+02
2.857079470710922919e+02
2.856754505820424583e+02
2.856960056352747301e+02
2.856700597756543516e+02
2.857427466570640604e+02
2.856811545736576932e+02
2.857928923295683035e+02
2.857710337832169785e+02
2.857002182351103556e+02
2.857589078714010498e+02
2.857641162628405596e+02
2.857545362128885813e+02
2.857628431000571254e+02
2.856493874087501013e+02
2.856311980046966710e+02
2.857077980666818462e+02
2.856833032255675562e+02
2.858003645106951467e+02
2.856816301504331364e+02
2.858464492764728675e+02
2.858643421197486987e+02
2.859702807921183876e+02
2.859154838336961006e+02
2.858942704455059243e+02
2.858782518617468327e+02
2.859095927191614237e+02
2.857969545394911393e+02
2.857383357414956322e+02
2.857809099854569013e+02
2.858912340954139495e+02
2.859102120611948408e+02
2.858682660428710847e+02
2.859483628796989478e+02
2.859139606102200446e+02
2.857190899374497235e+02
2.857327365185907979e+02
2.857496364512047080e+02
2.857675827437538487e+02
2.857751814099571561e+02
2.857744919688374239e+02
2.857397713111283224e+02
2.857723613497097972e+02
2.857049338004755441e+02
2.858834773277843055e+02
2.857639654652655281e+02
2.857536310164999236e+02
2.858450067303404580e+02
2.857616439390420169e+02
2.857229816422503745e+02
2.856946866327454018e+02
2.857158048909469130e+02
2.857410678417255667e+02
2.858765726246314784e+02
2.857989914109568304e+02
2.858036222118256546e+02
2.858359422468312800e+02
2.858006785016034428e+02
2.860097301612807428e+02
2.861428635013699022e+02
2.859137262969081235e+02
2.858032308104059211e+02
2.858676168040048537e+02
2.857836141361322007e+02
2.858363255051831402e+02
2.858177012192879829e+02
2.858682691889549119e+02
2.858388550473136434e+02
2.857486814644822175e+02
2.857925254773109032e+02
2.858960813522126614e+02
2.859754606882275425e+02
2.857193337932209261e+02
2.856777795359311085e+02
2.856970178945596217e+02
2.856786662753513042e+02
2.856854025470591409e+02
2.857727858328126445e+02
2.856729649926074330e+02
2.858719360783347838e+02
2.859916766319364569e+02
2.857387198870050611e+02
2.857197554252111331e+02
2.858000094063551728e+02
2.858941778640881353e+02
2.858216409196510881e+02
2.858137712145916680e+02
2.858689355336412063e+02
2.858996726215906961e+02
2.859627678464131577e+02
2.859214612179137589e+02
2.858282312763435016e+02
2.857285305572955849e+02
2.859518679243845440e+02
2.860021914627272963e+02
2.859192099237630487e+02
2.859178728020191329e+02
2.859361099116129594e+02
2.859359883034754262e+02
2.859095224216158044e+02
2.856812502969234515e+02
2.856384273800388769e+02
2.857354063597321669e+02
2.856382587453313704e+02
2.858395097871086818e+02
2.857579206938115135e+02
2.857226970403123119e+02
2.858265310214585497e+02
2.857258278361834982e+02
2.857092551024555291e+02
2.856168211463808575e+02
2.857655938730061393e+02
2.856878046236044497e+02
2.857777862266728448e+02
2.856784442869136456e+02
2.857154197845036947e+02
2.857114060079891829e+02
2.857175893298063443e+02
2.857890652567010648e+02
2.858311060435839295e+02
2.857714517882057521e+02
2.857850876117590246e+02
2.858176256606381003e+02
2.857218476495949631e+02
2.857204404967146729e+02
2.858441182575704715e+02
2.857342901702166955e+02
2.857869335618519244e+02
2.859114781290813880e+02
2.859746333667952172e+02
2.858333665477316003e+02
2.858562379468510812e+02
2.858597537974337683e+02
2.858765667698555148e+02
2.858323470089063107e+02
2.857821232463061847e+02
2.857719681307037831e+02
2.857592358789520972e+02
2.858095062221670446e+02
2.858288390651216559e+02
2.859000970410949094e+02
2.857803190535229874e+02
2.857397455139958424e+02
2.857738991789055376e+02
2.857217229861653891e+02
2.858063309664757980e+02
2.858439534887889408e+02
2.857924797615124248e+02
2.858138955182353129e+02
2.858177947958179743e+02
2.858524041058759622e+02
2.859039519953204831e+02
2.858144169746283865e+02
2.857967049201603800e+02
2.858106935733474643e+02
2.857181572936120233e+02
2.858460033802406883e+02
2.858862680237479594e+02
2.858423945025129456e+02
2.857590061839303530e+02
2.858503155665705435e+02
2.858459819047616861e+02
2.857308735568983593e+02
2.857893601710189273e+02
2.858378776778177439e+02
2.858754487060439828e+02
2.859386531103050970e+02
2.860956357442997273e+02
2.858668938722203166e+02
2.857844134455004337e+02
2.858445877933806969e+02
2.858089043762964820e+02
2.857290686307933925e+02
2.857924628820242674e+02
2.860134203681812437e+02
2.859800526395198972e+02
2.857170946137118790e+02
2.857747130632155859e+02
2.857568779775586449e+02
2.857685721737272502e+02
2.858166402714976471e+02
2.859332773756675579e+02
2.859105493143110834e+02
2.858587423415983153e+02
2.857942975599318629e+02
2.858266688735206458e+02
2.857497985802367566e+02
2.858624076757209878e+02
2.859150948922850262e+02
2.858298764391740292e+02
2.857990087730403843e+02
2.859115570219781830e+02
2.858793082245049959e+02
2.857762441626131817e+02
2.858736586233354160e+02
2.858399290232135286e+02
2.858320251477816214e+02
2.857737217330248427e+02
2.857426271552438379e+02
2.857437973311447195e+02
2.858085977327587557e+02
2.859414817976900736e+02
2.859463323141573596e+02
2.856121708687193745e+02
2.857768181591590064e+02
2.857642876255654869e+02
2.857592669108391306e+02
2.858460954122696762e+02
2.858906728886267956e+02
2.861350053568457383e+02
2.858084378004344899e+02
2.858356425995891072e+02
2.858057987226272871e+02
2.858318846104359636e+02
2.858452764420214294e+02
2.858591532074811994e+02
2.859159246241536607e+02
2.859345710757939969e+02
2.860766282405817833e+02
2.859557161081242498e+02
2.858883023957909586e+02
2.857748870103324634e+02
2.857726922361551374e+02
2.858395723066655023e+02
2.858270923684169134e+02
2.858697524120980802e+02
2.858487745390756913e+02
2.858072267802866122e+02
2.857147455903844389e+02
2.859207109153337001e+02
2.858001946335912180e+02
2.858076140771075870e+02
2.858823231757579038e+02
2.857870640830140587e+02
2.859212227958303743e+02
2.858920090110737533e+02
2.858188581974898739e+02
2.857890090584482436e+02
2.859862260190611210e+02
2.859338156587541562e+02
2.857972312477918990e+02
2.857029671249281932e+02
2.858887355703996036e+02
2.859627759497954571e+02
2.857861684568221108e+02
2.858107592965480421e+02
2.858063132816271263e+02
2.857693637935687434e+02
2.858191309839929772e+02
2.857837776528489826e+02
2.857838364676181868e+02
2.857827006539669128e+02
2.858451868249976542e+02
2.859870650449958589e+02
2.858179060049251916e+02
2.856937065475933082e+02
2.857813359059396134e+02
2.858111879003293438e+02
2.858401696691251459e+02
2.859414417691977519e+02
2.860524206472377955e+02
2.859063219728765830e+02
2.858967758939466535e+02
2.859139831630573667e+02
2.858094049463389297e+02
2.858531766548566679e+02
2.858515858605849758e+02
2.858743550205179531e+02
2.859510172008841664e+02
2.859199965939092749e+02
2.858652625318795799e+02
2.858768030020317497e+02
2.859751457170654589e+02
2.859505338500682114e+02
2.859186489647091207e+02
2.858561151080648983e+02
2.858438041524287883e+02
2.857584345527670848e+02
2.858395540447529584e+02
2.860478971496800682e+02
2.859652313203902736e+02
2.858720802332986750e+02
2.858705735358356037e+02
2.857854774919293277e+02
2.857814837672173667e+02
2.858588539738499321e+02
2.857143522644794871e+02
2.858879176271634606e+02
2.860345971613375582e+02
2.858474239225845963e+02
2.858393433696033981e+02
2.858999855823265648e+02
2.859579751867016171e+02
2.858008576061942563e+02
2.859020580960620350e+02
2.859738255044251787e+02
2.859685748996164989e+02
2.860059546639517407e+02
2.859462806239258725e+02
2.858675323418624430e+02
2.858992790386662932e+02
2.860493288676735801e+02
2.859022675441161141e+02
2.859534125742183619e+02
2.858650737953090015e+02
2.858760366057318265e+02
2.858574342093629070e+02
2.858796645851621747e+02
2.858943422269588837e+02
2.858994471262365096e+02
2.858609726204231833e+02
2.858106622511718911e+02
2.859149134128185779e+02
2.860072541181589827e+02
2.858288814362529706e+02
2.858795753869642908e+02
2.860175721721222430e+02
2.860067447997818704e+02
2.859415682620619918e+02
2.859986026107378052e+02
2.859407882280286799e+02
2.859760000125477859e+02
2.858815518473774659e+02
2.858210884908975231e+02
2.858395013130164557e+02
2.857906032960541438e+02
2.859241872267721760e+02
2.860814368774246645e+02
2.859220921211240807e+02
2.860477994056154785e+02
2.861622560074433750e+02
2.859121500700578622e+02
2.859016665644950308e+02
2.858561965192682806e+02
2.859132592620015885e+02
2.859321841382864022e+02
2.861254801859860777e+02
2.859008348602319529e+02
2.859791895621236790e+02
2.860907442468198383e+02
2.859380406667997363e+02
2.858998404807993552e+02
2.858702233167391000e+02
2.858472367431339194e+02
2.860041598834790193e+02
2.859240123413837864e+02
2.860451477066238226e+02
2.859427378500092232e+02
2.858042395931001920e+02
2.859954509337820241e+02
2.860592786006176880e+02
2.858904785273088578e+02
2.859740790099243100e+02
2.861448811961497540e+02
2.861363855950843913e+02
2.860872023973184355e+02
