2.395581389924785753e+02
2.396588631518883687e+02
2.393677883038441223e+02
2.394119237929471353e+02
2.395431572280079706e+02
2.397173221894344408e+02
2.396040361789075632e+02
2.397091416438315434e+02
2.396821007264249772e+02
2.399480959086803296e+02
2.399287377056906223e+02
2.398513309948639574e+02
2.394114168675481835e+02
2.395525532135744697e+02
2.395348337469853561e+02
2.398448636034101753e+02
2.396981471021829293e+02
2.395855629434651064e+02
2.398847482466919701e+02
2.399107226827175054e+02
2.400472053334904388e+02
2.396664586987576797e+02
2.398284693167342994e+02
2.399197569997364781e+02
2.394576352051410595e+02
2.398902226397409549e+02
2.396820022447731162e+02
2.396549884557587973e+02
2.395737388074886383e+02
2.397080422014537362e+02
2.394953308670950776e+02
2.394933036921309224e+02
2.395020371376149342e+02
2.390014761235345020e+02
2.381448893393071558e+02
2.389355456194117266e+02
2.392990554791624902e+02
2.391954951765442559e+02
2.392370807882193446e+02
2.392548059124528663e+02
2.391780024020110602e+02
2.392238785947878341e+02
2.392467085451604305e+02
2.392489847665218576e+02
2.396524002358178507e+02
2.397303617742899462e+02
2.395866397548476527e+02
2.393391574357920035e+02
2.395691568518668646e+02
2.395110709163090235e+02
2.397517919423295609e+02
2.398368535313905170e+02
2.395739475099930758e+02
2.390554250279332962e+02
2.391589084296934118e+02
2.392324065752259514e+02
2.395223496438356960e+02
2.393301502547793973e+02
2.393274596425952723e+02
2.392543976531204919e+02
2.396029586436749526e+02
2.395412574758137225e+02
2.388605833563384806e+02
2.391657075852972696e+02
2.390783256661709117e+02
2.393175646542702850e+02
2.394978383783495985e+02
2.393340652776859940e+02
2.395110243665328369e+02
2.397010177020498247e+02
2.395511475378076796e+02
2.395800598031189566e+02
2.390694397401224478e+02
2.393149977585425461e+02
2.395388711528343322e+02
2.397536428385919010e+02
2.398333759970971926e+02
2.395727753829774258e+02
2.397483776619451419e+02
2.396740748387351232e+02
2.395059928157172919e+02
2.395607437047456472e+02
2.393725738409806354e+02
2.398764721419343289e+02
2.397193223232949322e+02
2.395095364146242218e+02
2.395862591975265161e+02
2.398323181590704678e+02
2.398108150984188285e+02
2.394769374124663557e+02
2.398443999419027648e+02
2.397047015611907170e+02
2.394795128009325538e+02
2.394558523756980151e+02
2.395179231036394469e+02
2.394197863525784271e+02
2.394903013995370031e+02
2.396974260917696427e+02
2.399130924276022085e+02
2.398803601677061579e+02
2.398870902416244917e+02
2.395585134838658803e+02
2.395244756811773357e+02
2.395763048138477131e+02
2.393939178819237270e+02
2.393736760617877053e+02
2.396702016053602620e+02
2.394111673041878703e+02
2.396355625839667880e+02
2.398363057810601902e+02
2.395055290755493900e+02
2.392168374644177220e+02
2.392609551403493242e+02
2.390079308749246536e+02
2.389506609847276479e+02
2.388086433313661416e+02
2.389994982604548568e+02
2.392272343695713914e+02
2.392799107186296794e+02
2.393379935872378610e+02
2.392677392261921057e+02
2.390330507011900352e+02
2.392190178992423171e+02
2.390199055792533898e+02
2.391019398504220135e+02
2.389216287405805588e+02
2.392221530145733084e+02
2.393683245485610485e+02
2.390972006291504783e+02
2.390455756026733241e+02
2.392489232683398370e+02
2.391502854355228465e+02
2.392231284635383872e+02
2.389443144244397388e+02
2.389088852190284058e+02
2.386427487695809475e+02
2.387990681165860281e+02
2.389671196991297393e+02
2.389696063971503293e+02
2.391024297379825896e+02
2.391733416948892170e+02
2.390244803476921334e+02
2.379952342498089592e+02
2.383429534423320320e+02
2.387886859866418661e+02
2.390311480305111047e+02
2.392277280860639905e+02
2.389351105106794648e+02
2.390253280173433268e+02
2.397347210132773796e+02
2.393749584122065244e+02
2.392105820427328524e+02
2.393430301081331493e+02
2.395813119741192452e+02
2.397663254920150564e+02
2.395615618192099703e+02
2.395686699631818612e+02
2.396058466524556536e+02
2.393777698922373247e+02
2.395172992661266846e+02
2.399064713454962146e+02
2.400655154159590268e+02
2.398697908738691638e+02
2.398075975420936174e+02
2.396390891089262993e+02
