2.868852336431812660e+02
2.866985142967836850e+02
2.868218275516950371e+02
2.867621954752266333e+02
2.867437199115762496e+02
2.869017754108823510e+02
2.869908100584536896e+02
2.869763691454373884e+02
2.867932173967441827e+02
2.869362148099956471e+02
2.869239050737293155e+02
2.867458668926373662e+02
2.866664303631352482e+02
2.867802992467539980e+02
2.868493005704212351e+02
2.868971270376135294e+02
2.870727953958511307e+02
2.870771689923457757e+02
2.870459715529097480e+02
2.868663355489584319e+02
2.869746198112738966e+02
2.870261890702203118e+02
2.868525710417308119e+02
2.869424604058231694e+02
2.870024159318170973e+02
2.869192774990378325e+02
2.868857426513582141e+02
2.869592680430733367e+02
2.871872704329387034e+02
2.872832860047469126e+02
2.870465637563618770e+02
2.869734666610129352e+02
2.871750879617038663e+02
2.870524105621976219e+02
2.868205054624982040e+02
2.869255629811080439e+02
2.869767495207320280e+02
2.869351421905842585e+02
2.868102261919771649e+02
2.868036108389312631e+02
2.868797723406026989e+02
2.868866241311472436e+02
2.868785672954379606e+02
2.869706630490385919e+02
2.869672560042629357e+02
2.869042690688891639e+02
2.869632690573034779e+02
2.871184671515043760e+02
2.872916899904025740e+02
2.871769873585980690e+02
2.871142508998127596e+02
2.869965093982514759e+02
2.868075906950289777e+02
2.869500360090688105e+02
2.870738920605425051e+02
2.870620671442028993e+02
2.871370959445758331e+02
2.869449263496095455e+02
2.867875457434354871e+02
2.869564669031495896e+02
2.869622909110820501e+02
2.870388723031235259e+02
2.869710037861798355e+02
2.869740851835350099e+02
2.869607914059596965e+02
2.869479790576714890e+02
2.870506591111148396e+02
2.871058222325419251e+02
2.871077765865883862e+02
2.870247809943380730e+02
2.870917133723475558e+02
2.872604712851378395e+02
2.871696845193300192e+02
2.872178298822944384e+02
2.872866288315880183e+02
2.870725129356914636e+02
2.871164032195973164e+02
2.872794916140466626e+02
2.872214908259301751e+02
2.870671959660330117e+02
2.871336287754524506e+02
2.872490464217199246e+02
2.872509377155162156e+02
2.871015461919770928e+02
2.870020355830992571e+02
2.873485963003272445e+02
2.874668110122462963e+02
2.872264783798094072e+02
2.873068272461808874e+02
2.872525005264749893e+02
2.871193948286611999e+02
2.872193993474213016e+02
2.873129639626790208e+02
2.872256438549105155e+02
2.873045877864988711e+02
2.870409679679622172e+02
2.870016656338878533e+02
2.869183321797542590e+02
2.870130632075832295e+02
2.873505639799479354e+02
2.872475825009970549e+02
2.873756195974373782e+02
2.874734399980525268e+02
2.873024890388219887e+02
2.872369119485696842e+02
2.873286162785707347e+02
2.872872683662250779e+02
2.871393002732119726e+02
2.870106956426625970e+02
2.868372771309288396e+02
2.869400750019011070e+02
2.871225564463965156e+02
2.871897933040579005e+02
2.872583937318325980e+02
2.872548732610441107e+02
2.870106830943411182e+02
2.870285329162374524e+02
2.871002779418433306e+02
2.871543572133902558e+02
2.870799160453148602e+02
2.870679134007656899e+02
2.870249542668479990e+02
2.872505049760691804e+02
2.873832915235314545e+02
2.871853600596424485e+02
2.870724719778977487e+02
2.872341704179619910e+02
2.873473432324511236e+02
2.874213507594585622e+02
2.872459896515806008e+02
2.872053950376284774e+02
2.874894392011066770e+02
2.873155795003012827e+02
2.871130171358711323e+02
2.872422963369368745e+02
2.872285065790184717e+02
2.871773595158419425e+02
2.872999851932212323e+02
2.875497571610696355e+02
2.875190560725656042e+02
2.874585654497000178e+02
2.873471275175118080e+02
2.873345671757262494e+02
2.873923159403278191e+02
2.874637947703750456e+02
2.874514436567228017e+02
2.874779484726435612e+02
2.875684945829543722e+02
2.875568357585815988e+02
2.876426218729376956e+02
2.878448165246033454e+02
2.880439154913734114e+02
2.880276684771902751e+02
2.879889884596665297e+02
2.879063721716926807e+02
2.878213498128830565e+02
2.877976524439824857e+02
2.879953122631488327e+02
2.880026165192476242e+02
2.879175211775526009e+02
2.879764348576857174e+02
2.881916265548709930e+02
2.882123218238401137e+02
2.880567040773034932e+02
2.880994228730472173e+02
