2.380981932563182397e+02
2.382098836218104907e+02
2.378752414167505833e+02
2.382157282766251285e+02
2.383582307329373577e+02
2.380609772181893220e+02
2.380871853762422177e+02
2.379117122730983453e+02
2.380826988324318165e+02
2.383084688986199353e+02
2.377106265244904080e+02
2.379363013587515354e+02
2.380614526255351677e+02
2.379487784998521818e+02
2.379928228294881762e+02
2.383493710778077173e+02
2.377370959122741567e+02
2.378722116282318666e+02
2.378059904088964061e+02
2.378325855233591994e+02
2.377465070843709611e+02
2.380312825478810339e+02
2.379013869880538152e+02
2.380206765300346490e+02
2.381491619732327933e+02
2.379824012367588182e+02
2.383798394343031362e+02
2.383803014829180995e+02
2.382055159218391225e+02
2.379988927010896020e+02
2.377885908383969706e+02
2.382844893246957270e+02
2.380883363554758034e+02
2.375753543367561633e+02
2.372943756174223893e+02
2.375023842631846094e+02
2.381592739323781416e+02
2.380987543233756867e+02
2.381191665773167472e+02
2.384796122919243544e+02
2.378242191973158697e+02
2.381329662400127347e+02
2.381603855565784613e+02
2.381422674690220163e+02
2.381737787924710972e+02
2.381361573309846165e+02
2.383692885329374178e+02
2.382089621130664625e+02
2.380845317210306860e+02
2.380236757103984075e+02
2.380892251574149441e+02
2.381080592164268239e+02
2.379686992225133508e+02
2.377732068830786432e+02
2.381073936611834654e+02
2.381255438240528974e+02
2.380237070317776045e+02
2.382093031529257985e+02
2.382969633237263736e+02
2.382879283866367075e+02
2.381321361337866165e+02
2.382303318793626659e+02
2.381526792782092343e+02
2.382154313246406616e+02
2.382258672799142971e+02
2.381967637681645726e+02
2.382255844549440837e+02
2.382365782042138562e+02
2.381838011118299221e+02
2.384178851270081623e+02
2.387239449817195407e+02
2.380941666526807694e+02
2.385179561873980276e+02
2.381589824782942060e+02
2.381176012105683810e+02
2.381458001344948059e+02
2.384069472911063770e+02
2.381030164890986498e+02
2.383162723365799991e+02
2.382912775956725966e+02
2.386204534620990501e+02
2.382804653382381730e+02
2.380541711912266010e+02
2.381238814804628419e+02
2.382785364017587142e+02
2.384485928566905670e+02
2.385771644967298073e+02
2.380805268039086684e+02
2.380626230123862399e+02
2.382649522295854467e+02
2.381270043878642184e+02
2.382597033456209203e+02
2.382455124584866155e+02
2.379208213233342804e+02
2.381449251248814392e+02
2.380222479876213981e+02
2.381968113845018991e+02
2.381700137781474780e+02
2.384024051012307837e+02
2.379959089243534436e+02
2.383583532829984790e+02
2.380077816044382644e+02
2.378691257961370127e+02
2.383715872108509757e+02
2.382706015060196023e+02
2.383496056062791695e+02
2.382551736292597298e+02
2.377407381573089822e+02
2.379371639798808928e+02
2.384298503691241820e+02
2.377708952137288634e+02
2.379301446624652954e+02
2.380479378352092397e+02
2.373913020148908117e+02
2.375575563516852355e+02
2.379774233786610864e+02
2.374351359625619864e+02
2.378211178950667488e+02
2.375950313739301976e+02
2.376397778728577350e+02
2.376935605635636648e+02
2.376896612575177414e+02
2.375349288886027352e+02
2.371654256835269905e+02
2.375718013915732456e+02
2.373259573147330457e+02
2.372266398102941594e+02
2.371898416711146353e+02
2.372220087624318694e+02
2.374629802563106296e+02
2.375694441111130857e+02
2.374642206252664209e+02
2.371910487890862669e+02
2.371980201018182868e+02
2.371124238389275263e+02
2.369321564332831258e+02
2.371300263019420811e+02
2.368709711754072771e+02
2.371247809053573974e+02
2.371483501353889380e+02
2.369881442177090491e+02
2.368585852733881723e+02
2.361874915320420598e+02
2.373475804183272260e+02
2.367404870195752267e+02
2.367413148075343372e+02
2.371598931190066253e+02
2.368931088465263031e+02
2.370161506371529470e+02
2.371275156182283581e+02
2.371344792166390789e+02
2.369573510258440763e+02
2.369437441835614493e+02
2.373202379852905040e+02
2.367324886113557341e+02
2.368545766059574760e+02
2.371953849178769644e+02
2.370694277638366430e+02
2.372021050256959427e+02
2.369766711835652870e+02
2.371062271486341331e+02
2.369778016952235475e+02
2.370859510397995962e+02
2.371798044979287567e+02
2.369852533093586260e+02
