2.859791368627775228e+02
2.860319977774657332e+02
2.859472444413760286e+02
2.860457846107563000e+02
2.860264899350980841e+02
2.859224410279880999e+02
2.859108561546458418e+02
2.858647138073931160e+02
2.860094648820472116e+02
2.859867992283888611e+02
2.856904930686412172e+02
2.858454539810785491e+02
2.859771537379100437e+02
2.858393009296227092e+02
2.859602364731269404e+02
2.859946760073453333e+02
2.856668086309986734e+02
2.858024156619611631e+02
2.858109749024082475e+02
2.858264895969110739e+02
2.859042062779979005e+02
2.859166183070756801e+02
2.858627498541213754e+02
2.860057327265478193e+02
2.859733914529086292e+02
2.860266452552979786e+02
2.861909743588014976e+02
2.861949953625315857e+02
2.861418312596732108e+02
2.859858800824767400e+02
2.858731230557586400e+02
2.861098121239066927e+02
2.861107008049371530e+02
2.860261182858890265e+02
2.858109919098163232e+02
2.858725030019579094e+02
2.860765395499484498e+02
2.861041078087936853e+02
2.861591355089455533e+02
2.862022967959393327e+02
2.859906191636944754e+02
2.861082679228605912e+02
2.860448590619648712e+02
2.861656429868135660e+02
2.861385625622753537e+02
2.862333004187393612e+02
2.863267106070711066e+02
2.860262649010465452e+02
2.860885612255501087e+02
2.860628191596435954e+02
2.860994184394515401e+02
2.860983914055090622e+02
2.860508424775544540e+02
2.861043774389581245e+02
2.861672234192128599e+02
2.861659456750329014e+02
2.862106331277082631e+02
2.862695878360030406e+02
2.863421264255177334e+02
2.862174135544173055e+02
2.861937607931145635e+02
2.862729189019677847e+02
2.864259008605570784e+02
2.862622665513810034e+02
2.862784433920489278e+02
2.862537845676128541e+02
2.863388089490848643e+02
2.863137154414653196e+02
2.863403646969961756e+02
2.864654638586404189e+02
2.864339509865906734e+02
2.862501707353871438e+02
2.864115263442770924e+02
2.862535503050870602e+02
2.862807163013943068e+02
2.863571533543408236e+02
2.863507644310832916e+02
2.863566111156945340e+02
2.864105306217952034e+02
2.864877755952772986e+02
2.864809427737051806e+02
2.862922052840804668e+02
2.862368584490491799e+02
2.863086605185450253e+02
2.864015198076289721e+02
2.866394755743659744e+02
2.865362071550077303e+02
2.862816687120084111e+02
2.863000775182852635e+02
2.863287170215295987e+02
2.863622725479074802e+02
2.864388062926014413e+02
2.864641687325477051e+02
2.862959334361758010e+02
2.863780720171146186e+02
2.863584257592810332e+02
2.864927347736473280e+02
2.865289880530647793e+02
2.864420383026425156e+02
2.863397050278522329e+02
2.864883567327755145e+02
2.862907587943655585e+02
2.863466317194025237e+02
2.865302567169442796e+02
2.864127308750590259e+02
2.865594916321269352e+02
2.863303565000250615e+02
2.861749222164189064e+02
2.863917759017261346e+02
2.865017481799372945e+02
2.862317833520805266e+02
2.863643049483907248e+02
2.863830367765540927e+02
2.862392412969728070e+02
2.862238860013852104e+02
2.863962921215088500e+02
2.862568517828212862e+02
2.863811898327338099e+02
2.862720487585900742e+02
2.863420541871670366e+02
2.861483278935053818e+02
2.863485293097420481e+02
2.862395064118144887e+02
2.861719052559853367e+02
2.863320468154379910e+02
2.861810308650299248e+02
2.861692871968339773e+02
2.861554077386393828e+02
2.861366509444175676e+02
2.863787984394402315e+02
2.863893249930565048e+02
2.863773959640626572e+02
2.863815907900589082e+02
2.864090820726693210e+02
2.861562293043854766e+02
2.863220086156206321e+02
2.863288368509054180e+02
2.862982976461344151e+02
2.863373027129969728e+02
2.864122208884422776e+02
2.863396054868169358e+02
2.864837370268704717e+02
2.864040393118057750e+02
2.866608082681415226e+02
2.863524893552905155e+02
2.863266499656051565e+02
2.865435809622563283e+02
2.864895759869075960e+02
2.865251028338423112e+02
2.866581065195205156e+02
2.866667840792089805e+02
2.865246061001988096e+02
2.866908289280939925e+02
2.867487183377703559e+02
2.864364982066868492e+02
2.866153610142004595e+02
2.868188805233219796e+02
2.867663476186706362e+02
2.867731988814309716e+02
2.867165231359104496e+02
2.867819008944650818e+02
2.868041607367874235e+02
2.868626820224819198e+02
2.868745370952644294e+02
2.867969514711321040e+02
