2.869138605742454047e+02
2.868834003276728595e+02
2.869146237447338308e+02
2.870485004545875540e+02
2.867448099589643107e+02
2.866141980991322953e+02
2.868583181321241113e+02
2.868638409254356247e+02
2.866152953732139395e+02
2.866489579652990756e+02
2.868776764634006327e+02
2.868713053327439297e+02
2.866409851896159466e+02
2.868816597506207700e+02
2.870081200989669696e+02
2.867506544033676619e+02
2.866858879190422158e+02
2.869492239373715279e+02
2.870597531635526707e+02
2.866784418470895730e+02
2.866058265556020501e+02
2.869668903333981120e+02
2.870733934540368750e+02
2.868743570250746870e+02
2.868157975401400108e+02
2.870266242270689077e+02
2.870305103855309312e+02
2.869373762619857757e+02
2.868908178919891157e+02
2.870945085903481981e+02
2.872852797453387552e+02
2.868651379506392800e+02
2.868816203044122517e+02
2.870617748837140084e+02
2.868661562653535952e+02
2.867005406454551348e+02
2.867635159446194280e+02
2.867983426121201660e+02
2.868201605349283341e+02
2.870087763078445278e+02
2.870576417728420324e+02
2.868657090379426791e+02
2.868586601561748921e+02
2.869726586694887942e+02
2.869523043761947179e+02
2.871443069860133619e+02
2.872296231648780349e+02
2.869123159981735967e+02
2.867678060374698816e+02
2.870339709563806423e+02
2.871252424841759989e+02
2.869604158558046265e+02
2.868072106528926497e+02
2.867490055173882979e+02
2.869275839455544883e+02
2.868204756357400242e+02
2.866958972798738614e+02
2.870032842930785932e+02
2.869839603015882403e+02
2.866646853420790535e+02
2.867677441185147131e+02
2.869464575292765858e+02
2.870823741766263311e+02
2.868404377228563931e+02
2.867905901840276215e+02
2.869418079826629651e+02
2.870616481275797582e+02
2.868894257526942511e+02
2.868538825263485137e+02
2.871400260140455316e+02
2.870482434143283967e+02
2.869305756919022201e+02
2.869274427300464367e+02
2.872160230165258668e+02
2.870674513043115894e+02
2.867386657502162848e+02
2.868328824906296859e+02
2.869099100531186082e+02
2.868543080033896331e+02
2.869430424570875289e+02
2.871117023753034232e+02
2.869887422030963080e+02
2.870461924642468716e+02
2.872147299000975522e+02
2.869155739627382218e+02
2.868552632703644463e+02
2.869752423161519914e+02
2.872703877751225150e+02
2.870366006412970705e+02
2.868020616073712858e+02
2.868141625148951448e+02
2.870934402866228652e+02
2.871850023852172740e+02
2.868549510965460172e+02
2.868342634327066207e+02
2.869715161475646710e+02
2.872153106765759389e+02
2.871122192822901411e+02
2.870631164986340309e+02
2.871543168775790491e+02
2.872515469843528422e+02
2.868311164976293526e+02
2.868779329029823089e+02
2.870823017921047153e+02
2.872699141475241049e+02
2.869939851540175937e+02
2.869881810423407273e+02
2.871217209969671558e+02
2.871413363736152178e+02
2.869343422023561629e+02
2.868937740376115357e+02
2.870445953858365442e+02
2.871582991371332696e+02
2.868936839148248055e+02
2.865368380238211898e+02
2.867703022117379987e+02
2.870150936760255149e+02
2.870492869307778960e+02
2.868101808370456638e+02
2.867276856952664161e+02
2.869142468342752750e+02
2.870624048977978191e+02
2.868563105054330435e+02
2.868197224890228085e+02
2.868418016488829494e+02
2.869083384429339958e+02
2.870925476032458050e+02
2.870333276876461355e+02
2.868159432787815604e+02
2.868330060850483960e+02
2.871860772706854164e+02
2.873905007137862526e+02
2.870865080538786174e+02
2.869406508916466123e+02
2.872327952366380259e+02
2.871912262128966518e+02
2.871002613790789724e+02
2.873759774513603702e+02
2.874268362264253369e+02
2.873847257561952233e+02
2.872340280393950707e+02
2.873742613672216066e+02
2.873196329652191139e+02
2.870726262609593959e+02
2.869958002503204852e+02
2.872150459582538247e+02
2.874222962182347487e+02
2.873889662354986854e+02
2.872135983990166892e+02
2.872000424496177402e+02
2.873409032603831861e+02
2.873391366446209645e+02
2.875631233988853523e+02
2.877275272167540834e+02
2.876045637072938348e+02
2.876285004524697229e+02
2.877786890178445560e+02
2.874549583609729666e+02
2.873422373317327470e+02
2.875671025622653474e+02
2.877739392268829306e+02
2.876229375937823534e+02
2.874688330988555549e+02
2.877257595473479910e+02
2.878686126925452413e+02
