2.400727404234773701e+02
2.404458648660845199e+02
2.402680810925559172e+02
2.399475526510336749e+02
2.399340124515109380e+02
2.404527345966662608e+02
2.405891851891758506e+02
2.406871174941399261e+02
2.401759700497652545e+02
2.402016291268488715e+02
2.404339939839953786e+02
2.404738894434472343e+02
2.400726596056757387e+02
2.401426502924981889e+02
2.405306425596008921e+02
2.405455212399434970e+02
2.401616915237274270e+02
2.402671724959354549e+02
2.402398612023396538e+02
2.406953691997035776e+02
2.402126646886955825e+02
2.401946136615193836e+02
2.406960500036906296e+02
2.405921514608640734e+02
2.402500641134409989e+02
2.403086088664010447e+02
2.404616618723945578e+02
2.405409591941837277e+02
2.400708414455333184e+02
2.402111161302501330e+02
2.403988121353299050e+02
2.405171137727227517e+02
2.401689677131080316e+02
2.403289284998459436e+02
2.404890074413168293e+02
2.407152026196019676e+02
2.405861603712951649e+02
2.404426307670856602e+02
2.401949302993114941e+02
2.400619096312338741e+02
2.402765002451290002e+02
2.407477013330110367e+02
2.403799688876739822e+02
2.404862828788971854e+02
2.402779105814181548e+02
2.405232779624317629e+02
2.406297340920922636e+02
2.404159286576852708e+02
2.405284194094851955e+02
2.405212170925479143e+02
2.403971609915057570e+02
2.404859800858162089e+02
2.402297477036129010e+02
2.403729804346848198e+02
2.405092434202852871e+02
2.403545523741753414e+02
2.404784393573321495e+02
2.408298574414304767e+02
2.406575922753232533e+02
2.403859842389624362e+02
2.405918454127856023e+02
2.407540198799030122e+02
2.408365302999315247e+02
2.399252629302106641e+02
2.405254892581040451e+02
2.408360184071126753e+02
2.402485537985270696e+02
2.404430799105542462e+02
2.406806024211048509e+02
2.409165131971218727e+02
2.406023562525410568e+02
2.403381079788520935e+02
2.401789080741687314e+02
2.404560162118038136e+02
2.407047006194459016e+02
2.406001129923937754e+02
2.399741313689023627e+02
2.403859776163403410e+02
2.402913754819866199e+02
2.403107812214767307e+02
2.405635017422730186e+02
2.402128784014805376e+02
2.402788841253032217e+02
2.407754379825215381e+02
2.403694811477707560e+02
2.396932450701636981e+02
2.398869329089085056e+02
2.406459774975589880e+02
2.405968653590663564e+02
2.404995987993469555e+02
2.405701358163061911e+02
2.405063475403393625e+02
2.402653733606839808e+02
2.400789293709230208e+02
2.403245784107089094e+02
2.402673471008299373e+02
2.401763436139791565e+02
2.399458471842408471e+02
2.403106209462885943e+02
2.404770540376969166e+02
2.404712806823830817e+02
2.399165593970047894e+02
2.401868434353443718e+02
2.406329658939806961e+02
2.402906398357590660e+02
2.400121625011601907e+02
2.403073416829615496e+02
2.403448807407429797e+02
2.404555252273783310e+02
2.398997793775783123e+02
2.403876973554336018e+02
2.402143420617083791e+02
2.399357160258706188e+02
2.400719854536300772e+02
2.405004620675236708e+02
2.399977228949632888e+02
2.401206300950609318e+02
2.404309432384166030e+02
2.407595946797397630e+02
2.401651217622499246e+02
2.401630202088561248e+02
2.402664786130598884e+02
2.401043929800675869e+02
2.399141396833089459e+02
2.399095487488203560e+02
2.402552440176350217e+02
2.407608925880008712e+02
2.400518099120622537e+02
2.401033250174307625e+02
2.403016767760795744e+02
2.406870196185130624e+02
2.402127836099514582e+02
2.403137432599350802e+02
2.408923289743287057e+02
2.402927723116647485e+02
2.400598143966037412e+02
2.403320932765906548e+02
2.406571217788866477e+02
2.406166939355457259e+02
2.403499906930779559e+02
2.401948525635179976e+02
2.402663532669753295e+02
2.409052877702426940e+02
2.400226674645759601e+02
2.401851428774868964e+02
2.400350607432586401e+02
2.401311497656527933e+02
2.402905959550159594e+02
2.401675484185142295e+02
2.399696835797475387e+02
2.400143499559890188e+02
2.405738526096667727e+02
2.403932988438903919e+02
2.401712149077114020e+02
2.399534519883476094e+02
2.395438019456085215e+02
2.399801043103960865e+02
2.403214902958569326e+02
2.402885037427903114e+02
2.403214803094429328e+02
2.397258132914934095e+02
2.399327460213493168e+02
2.404172652805216615e+02
2.404603448031029131e+02
2.398734315780720578e+02
2.398258250322297442e+02
2.400058752508853956e+02
2.408233970951156664e+02
2.405405375559707863e+02
2.406423954194121109e+02
2.404153282809620578e+02
2.404458264833205305e+02
2.409388543541673187e+02
2.404879672857827302e+02
2.401013573459664769e+02
2.399733932506892415e+02
2.404546602713391792e+02
2.403473308829559301e+02
2.399160790236952323e+02
2.397057575181097491e+02
2.398189792060081516e+02
2.405475102045687663e+02
2.400335111361555107e+02
2.402984521750545639e+02
2.403204853370671117e+02
2.400748867602669918e+02
2.398517357188036101e+02
2.397687901376568789e+02
2.401762950609904692e+02
2.407403036444836744e+02
2.405128623462837822e+02
2.405329186730332367e+02
2.405787253340397456e+02
2.399231267436782673e+02
2.397203231958466461e+02
2.401739119630470611e+02
2.398621790477299953e+02
2.399426963717945682e+02
2.406755187712019506e+02
2.406649902374098531e+02
2.399956803703296089e+02
2.403333964353691670e+02
2.397729967212461872e+02
2.403338829090366460e+02
2.403706402882602333e+02
2.402209634911654064e+02
2.403548009689195908e+02
2.403335281573895372e+02
2.405790787517029514e+02
2.404153536543394694e+02
2.405571690771589886e+02
2.400456534198930001e+02
2.403050845170410241e+02
2.404169750701786086e+02
2.404803221867788068e+02
2.405835779538392956e+02
2.403745915408179599e+02
2.405372188948390431e+02
2.402527025180072258e+02
2.405074188529272305e+02
2.403524885484560230e+02
2.403763917875575373e+02
2.402827813897590943e+02
2.405444123430356740e+02
2.402773774355848673e+02
2.401743346781960611e+02
2.405114569288078883e+02
2.402963698248215962e+02
2.400880088835899357e+02
2.404878203820769897e+02
2.405313758583637309e+02
2.400920045017676046e+02
2.405225442401065266e+02
2.408344712612423564e+02
2.404069763081780309e+02
2.402288751810894212e+02
2.401888074558671633e+02
2.404136013654324131e+02
2.407758685661045490e+02
2.406594826825650841e+02
2.408240507183493548e+02
2.406694755704304498e+02
2.406788409864233245e+02
2.404601041131644479e+02
2.404758939787641339e+02
2.407529700899423517e+02
2.403408108327589332e+02
2.402596189745110280e+02
2.403345643238350533e+02
2.402548378509382019e+02
2.407794484895042331e+02
2.404054251933334854e+02
2.406715185235466095e+02
2.408237580338535793e+02
2.405492746107560151e+02
2.402017669924899508e+02
2.402213823766680605e+02
2.404110503037512387e+02
2.406495681362049481e+02
2.409350288730938416e+02
2.410070450509567479e+02
2.412399514660794182e+02
2.403411184683911870e+02
2.408168451705851112e+02
2.408785477643293689e+02
2.410579353260212940e+02
2.404160310574440871e+02
2.400231551397585861e+02
2.405821409556272954e+02
2.407572960959184911e+02
2.400047423607086330e+02
2.402405098238363337e+02
2.404539131549795741e+02
2.408894446163941438e+02
2.408810762742303666e+02
2.402542674618017884e+02
2.407632048816550423e+02
2.408859519174186516e+02
2.410060644083599470e+02
2.408198157804646655e+02
2.406809870467864414e+02
2.409389626833118143e+02
2.410110784499334784e+02
2.407012443552428920e+02
2.403744547863755940e+02
2.403694739493168697e+02
2.408426147303249252e+02
2.410308122792514496e+02
2.405050781280680212e+02
2.405492696449426830e+02
2.408322580833694246e+02
2.404117328561542308e+02
2.406471337084267361e+02
2.403313330995267734e+02
2.406718214100543491e+02
2.401363578132653913e+02
2.401799097111374692e+02
2.404692434478815812e+02
2.409463789061793477e+02
2.399707577582945248e+02
2.401190908760416107e+02
2.404702571540716178e+02
2.407861560107797914e+02
2.403636966525257606e+02
2.400196251606984958e+02
2.404220731842413841e+02
2.405650108635415165e+02
2.401822132990779153e+02
2.403149848195467939e+02
2.405532195673896467e+02
2.402592255608834364e+02
2.400658235501281297e+02
2.400602091871859329e+02
2.405928849906081268e+02
2.400355349878369680e+02
2.400015863373946559e+02
2.405950255946601999e+02
2.403745801450299098e+02
2.402804501258044354e+02
2.401565453486383603e+02
2.406217998492073491e+02
2.405175769289405707e+02
2.406312704420879243e+02
2.408371701675798704e+02
2.408727615820990593e+02
2.403137651018706435e+02
2.402265117048619061e+02
2.404492450197929259e+02
2.408318804308585186e+02
2.409107644095338117e+02
2.404945093212932932e+02
2.405100461531777682e+02
2.406227014994099989e+02
2.402997938298545648e+02
2.405543905569023480e+02
2.405048989820708982e+02
2.401844482104919223e+02
2.403627235905407815e+02
2.407225400410935663e+02
2.404976634399018565e+02
2.401521032651940288e+02
2.398921206534782868e+02
2.403935239141515012e+02
2.406164239969592415e+02
2.408674200731126120e+02
2.402532956704630180e+02
2.400671585536000805e+02
2.402973077289845207e+02
2.407576428471544148e+02
2.404979132564537849e+02
2.404702165655848773e+02
2.409101011391357758e+02
2.403113697202033165e+02
2.404063146870588525e+02
2.402844942550563871e+02
2.406761629437028489e+02
2.409553243619819796e+02
2.402964699126960397e+02
2.400831965853138854e+02
2.407086121137472219e+02
2.401776081235076106e+02
2.400754119407227734e+02
2.403122209221442347e+02
2.406579557588596856e+02
2.406868829229016740e+02
2.406970420202204366e+02
2.410803301598008090e+02
2.407479507928789246e+02
2.406022811448542598e+02
2.404782867305664240e+02
2.408685496978133642e+02
2.404593219727345002e+02
2.404242909773436452e+02
2.404123120075429370e+02
2.405632333919821804e+02
2.406385139389304868e+02
2.407064219381410624e+02
2.407692024285950936e+02
2.402318329891079429e+02
2.399894968106710849e+02
2.399874331053098047e+02
2.405430325114076595e+02
2.404004901639397076e+02
2.401164824932722865e+02
2.401383272236023174e+02
2.406764977951607136e+02
2.408116847352737295e+02
2.408505190467024306e+02
2.399986656780710064e+02
2.400244524759404214e+02
2.405444361580464090e+02
2.406373130967585041e+02
2.405819437942261629e+02
2.403286367015262783e+02
2.406835677316106796e+02
2.403452996649957356e+02
2.402592818013101521e+02
2.404470517409618253e+02
2.408974142887289815e+02
2.398054579795711163e+02
2.395702763333465555e+02
2.397308154276440462e+02
2.403880355312200834e+02
2.408294179248986495e+02
2.395196190153190798e+02
2.397435025465272247e+02
2.403587434245156658e+02
2.401634731381043082e+02
2.400886833989187608e+02
2.405526517345921036e+02
2.406705135328205358e+02
2.405079726403538132e+02
2.406150794247853639e+02
2.409256385451309086e+02
2.401292119690975539e+02
2.400725799163059264e+02
2.404259978957809381e+02
2.403271700923173455e+02
2.402623185546713387e+02
2.398958204366138887e+02
2.400457693336151408e+02
2.403164397475651413e+02
2.405668566827266375e+02
2.404462008361396954e+02
2.405251821576866860e+02
2.404717517681389438e+02
2.403288427747069420e+02
2.405361991206021628e+02
2.408711013221734163e+02
2.405981214358995146e+02
2.402150880042690062e+02
2.405254900907873719e+02
2.406567283038753828e+02
2.405385677939444804e+02
2.403708255425290190e+02
2.405976124019447582e+02
2.407940766427034305e+02
2.406242632610922954e+02
2.403466307545058953e+02
2.404736985187213065e+02
2.405841110704983805e+02
2.410470627637219820e+02
2.407339680844854684e+02
2.402856733141254608e+02
2.410520214062292723e+02
2.408807133851680931e+02
2.408836079812467688e+02
2.405102076860871705e+02
2.404440749895484259e+02
2.407700259606403961e+02
2.408032380355096223e+02
2.411636178391797785e+02
2.406031135270822858e+02
2.401969197016555029e+02
2.407975585062827406e+02
2.408916130062418972e+02
2.406537453373216238e+02
2.405069728769990149e+02
2.405199613857381564e+02
2.407194742417731561e+02
2.406878286202988022e+02
2.404968096870514955e+02
2.408384557156090580e+02
2.409042298425392516e+02
2.405334974891708271e+02
2.401734537591823084e+02
2.405378465526084426e+02
2.410323644125197688e+02
2.409715393074682481e+02
2.406620831328243924e+02
2.403713024093462991e+02
2.404778736672379011e+02
2.407382626142999982e+02
2.412464932734792455e+02
2.405864336088395987e+02
2.403297426839438629e+02
2.406014844303657583e+02
2.405798588928095398e+02
2.404859319779348823e+02
2.404556471066480015e+02
2.404439215255267754e+02
2.408284847889582636e+02
2.405047362334136096e+02
2.401520788308504564e+02
2.404012266736823449e+02
2.407772268285851851e+02
2.404603271104836040e+02
2.404727591629829533e+02
2.404313020991741041e+02
2.402591608357398343e+02
2.405723538340239713e+02
2.403131172273479024e+02
2.403464433842200663e+02
2.399314948637557166e+02
2.396347622077604171e+02
2.400160026956416743e+02
2.407693197582259756e+02
2.400892269695883954e+02
2.397227962033360598e+02
2.399220817343380077e+02
