2.864783094320651458e+02
2.865485430952556385e+02
2.864649816323877758e+02
2.864241788158866484e+02
2.864875140750170885e+02
2.866199779374239824e+02
2.866607483243890897e+02
2.866556552420125286e+02
2.864364187637488044e+02
2.865257882214892788e+02
2.865756792346886641e+02
2.865453917633508922e+02
2.864526118580661205e+02
2.865306156605625461e+02
2.864984426608600643e+02
2.866347144378830194e+02
2.865714838666503397e+02
2.865018604695969202e+02
2.865180338300099834e+02
2.866789168402502241e+02
2.864567564944238143e+02
2.864208535461827410e+02
2.865845173372066483e+02
2.865647233808869032e+02
2.865032335718339027e+02
2.865042227889473452e+02
2.865735771938282141e+02
2.865645083232140564e+02
2.863743127744913863e+02
2.864883379348254380e+02
2.865973752150691780e+02
2.865753794007912347e+02
2.864478844880415522e+02
2.866078775372681662e+02
2.866107384428475484e+02
2.865884049862206666e+02
2.866391824613193080e+02
2.865738883338520395e+02
2.864832706713436323e+02
2.863199758607156014e+02
2.865180866450163535e+02
2.865698616742678837e+02
2.865011285082160271e+02
2.864669898422820324e+02
2.865369536081400383e+02
2.865823469077404866e+02
2.865608544781917431e+02
2.865636139834479081e+02
2.865456745585418616e+02
2.865891704730966580e+02
2.865668794745509445e+02
2.865709749544618603e+02
2.866037109552885340e+02
2.865688876999995500e+02
2.866174776760024656e+02
2.865665864656776876e+02
2.866730804908777372e+02
2.867295445629325741e+02
2.866906655599789815e+02
2.866004135875582506e+02
2.867390638598329247e+02
2.867922986852406098e+02
2.866809567307893758e+02
2.864288384637436025e+02
2.866491189882191293e+02
2.867175620223464421e+02
2.866094900755872459e+02
2.865826073981991726e+02
2.867061583884088236e+02
2.867260256767663122e+02
2.866718639682781031e+02
2.865168840061066362e+02
2.864969174670646908e+02
2.865798293265081043e+02
2.866736723655906758e+02
2.865748685070154238e+02
2.864930651638282484e+02
2.865343217781247631e+02
2.864867433568306865e+02
2.864854799682320277e+02
2.864835301416315474e+02
2.864672470529336010e+02
2.864799240153968753e+02
2.867215720098889165e+02
2.864681780398605611e+02
2.863097415408068400e+02
2.865041895883037455e+02
2.865854394812348573e+02
2.866019247759934956e+02
2.865649636326625682e+02
2.866157775237408600e+02
2.865668272238489180e+02
2.865206541178379211e+02
2.864542277844311116e+02
2.864686201672966490e+02
2.864262395008260000e+02
2.863496172281427334e+02
2.863440357784027128e+02
2.864970217218065045e+02
2.865586097486655603e+02
2.865129618334336783e+02
2.863672670355359173e+02
2.864455018749462170e+02
2.865989521209098712e+02
2.865137619324896718e+02
2.863918136337579767e+02
2.864601182280678699e+02
2.864409588602374015e+02
2.864748063163802385e+02
2.864359346302757672e+02
2.865090974550064402e+02
2.864141717603700386e+02
2.863736372218566544e+02
2.864446644979648227e+02
2.864864336294904774e+02
2.864018963270743257e+02
2.864588850802541060e+02
2.865739744691010742e+02
2.865779947457908179e+02
2.864485203870248711e+02
2.864259818487860230e+02
2.865214862688412154e+02
2.863345440029179940e+02
2.863449259732883547e+02
2.863730023453700824e+02
2.865838054778042192e+02
2.866560807597532516e+02
2.864163670746455068e+02
2.863816720541454401e+02
2.865124933776847911e+02
2.866099286421744523e+02
2.864912415893160187e+02
2.866002508335307652e+02
2.867778610939724899e+02
2.865830635497415528e+02
2.864046585935957978e+02
2.865845773794655429e+02
2.866908833279767919e+02
2.866087558922463927e+02
2.865552230717830753e+02
2.864547972672785932e+02
2.865660060812538745e+02
2.866409567914154195e+02
2.863960531732023469e+02
2.864064859592595553e+02
2.863650612662967774e+02
2.863723516669622882e+02
2.863841731351330964e+02
2.864109894418710951e+02
2.863161593796043007e+02
2.863778124061187214e+02
2.865187885296247146e+02
2.864340476700904787e+02
2.863702714613892226e+02
2.863193331758218960e+02
2.861701088616919151e+02
2.864366244598163007e+02
2.864762007122427008e+02
2.864580128722526524e+02
2.863592991613288063e+02
2.862492406871867274e+02
2.863034644205533255e+02
2.865412679619458345e+02
2.864439312739814341e+02
2.863726310777230424e+02
2.863163753150872139e+02
2.864699068220654681e+02
2.866588746818184745e+02
2.866015001303256327e+02
2.865871868732344296e+02
2.865211333904007347e+02
2.865701749105261911e+02
2.867471465447571859e+02
2.865797664501453141e+02
2.863987666920414767e+02
2.863757435099230975e+02
2.864803285182795776e+02
2.864389497530128779e+02
2.862971376387229157e+02
2.862374476216780863e+02
2.863401718311326363e+02
2.864831029555260216e+02
2.863862420668911568e+02
2.863809534894392641e+02
2.863396306407477709e+02
2.863211986217871754e+02
2.863198403348953320e+02
2.862882087383770227e+02
2.865277633841294573e+02
2.866703013089750129e+02
2.865319027595651846e+02
2.865809438338511086e+02
2.865521283291065515e+02
2.863115404156346244e+02
2.863312912634650615e+02
2.864304165496454857e+02
2.863384000853478142e+02
2.863996897751956681e+02
2.865999839425813320e+02
2.865753742353705888e+02
2.863649766192403945e+02
2.864329560526136333e+02
2.862901866604905194e+02
2.864862890964323014e+02
2.864674355155947865e+02
2.865177357129757638e+02
2.864063777644251445e+02
2.865709769535898772e+02
2.865188058357833256e+02
2.866518844695435746e+02
2.865782743727287993e+02
2.864426414550403592e+02
2.864894245026304134e+02
2.865721651772784071e+02
2.866732626696188504e+02
2.865880104964393240e+02
2.865233438784671876e+02
2.865988416027370818e+02
2.865887936198808461e+02
2.865508714757622784e+02
2.865964396228509372e+02
2.865457836537709113e+02
2.865170411595478868e+02
2.865721442630846241e+02
2.865953928049137858e+02
2.865185240445104000e+02
2.866522847335073720e+02
2.864375734444159320e+02
2.864194815484258356e+02
2.865234584541926210e+02
2.865339637104666508e+02
2.865025512925791986e+02
2.866582351310647141e+02
2.867118789415019933e+02
2.866330793270604431e+02
2.864887804248866701e+02
2.864834458071140375e+02
2.866150082989501584e+02
2.867569642046269678e+02
2.867166853338557644e+02
2.867702762944777533e+02
2.867517338259763733e+02
2.866730801205310968e+02
2.866459085227050991e+02
2.867118783385809024e+02
2.866971257113032152e+02
2.865908396189707901e+02
2.865102798416190240e+02
2.866236743324990357e+02
2.865473739884502038e+02
2.867158257665468568e+02
2.866513126011768122e+02
2.867286776440020049e+02
2.867684619724813047e+02
2.866797637367576499e+02
2.865751899654100043e+02
2.864710185828980116e+02
2.867266339100422101e+02
2.867009804671708366e+02
2.867369916608340077e+02
2.869515930428898969e+02
2.869475579780763042e+02
2.867073218122581579e+02
2.867253949508041728e+02
2.868519101031376408e+02
2.868008260133565841e+02
2.865696696851744605e+02
2.865004183123803045e+02
2.866710506061968431e+02
2.867063523714595590e+02
2.864658593024153106e+02
2.865161904561393840e+02
2.867335521985071978e+02
2.868258828752663590e+02
2.867107959253791023e+02
2.865617216744761322e+02
2.867735070893647276e+02
2.868224305099748221e+02
2.868259649687940964e+02
2.868053145661296526e+02
2.867405512687788587e+02
2.868385387682485543e+02
2.869209519039687279e+02
2.867465917940670579e+02
2.866464237144257368e+02
2.867100209322209139e+02
2.867842797525431706e+02
2.868095426972814153e+02
2.866439654566544846e+02
2.866758848785978557e+02
2.866917057296798816e+02
2.866131420936046084e+02
2.866916811656116124e+02
2.866364001016464158e+02
2.865593480646931539e+02
2.864202320238874790e+02
2.865241726403931466e+02
2.867283756877564542e+02
2.867720064432094773e+02
2.864322427026933156e+02
2.864536123412232769e+02
2.865215546093563717e+02
2.866417089549036064e+02
2.864375718930712651e+02
2.863738680655154099e+02
2.865620742915293135e+02
2.864784611330328516e+02
2.865089149393032244e+02
2.864746015909406651e+02
2.865646990686928461e+02
2.864902253959183440e+02
2.863905000701688550e+02
2.864472892803469222e+02
2.866211563697609677e+02
2.864359802214049751e+02
2.865396424673426168e+02
2.866623195411986558e+02
2.865544279403834480e+02
2.865227175779655227e+02
2.865324937207662970e+02
2.865842483411677790e+02
2.865687161002990706e+02
2.866713910946861574e+02
2.867188617739442975e+02
2.866661708364408128e+02
2.865502957427692650e+02
2.864204777487491924e+02
2.865363622339951348e+02
2.867245466363725086e+02
2.866272238775041501e+02
2.865579203022163597e+02
2.866176739971218694e+02
2.865980596240035538e+02
2.865468394639875100e+02
2.866109634571362790e+02
2.865578184974178839e+02
2.864719140639170405e+02
2.865899134515719879e+02
2.867249869476525532e+02
2.866012953649974406e+02
2.864705769786961582e+02
2.864292907458941499e+02
2.865667822424846918e+02
2.866284688854352112e+02
2.866590957156245167e+02
2.865164129235413384e+02
2.864228401259659904e+02
2.865714547202995846e+02
2.867112299257537984e+02
2.865691842835619241e+02
2.866233883989642095e+02
2.867604618496314401e+02
2.865322276187459352e+02
2.865948651436378327e+02
2.865077567975573061e+02
2.866443760545224677e+02
2.867373259966773276e+02
2.865372814406891280e+02
2.865323253056498629e+02
2.866017107535496393e+02
2.864526067531559761e+02
2.864806479155907937e+02
2.866303626048049864e+02
2.866654958580587049e+02
2.866611062922871724e+02
2.866740823174415596e+02
2.868411696621462283e+02
2.867166042355966056e+02
2.867092466521590950e+02
2.865726717166288040e+02
2.867292582950064457e+02
2.866369514659604647e+02
2.866039768645841832e+02
2.865700524330768530e+02
2.866736846371060210e+02
2.866793157677279282e+02
2.866950628975800441e+02
2.866896152576293844e+02
2.864417959972600443e+02
2.863684473770868522e+02
2.863775655299279492e+02
2.865154476802849217e+02
2.864813502545970891e+02
2.864724357041929466e+02
2.865029256068437462e+02
2.866494782143916495e+02
2.867192423090323246e+02
2.867628861926708623e+02
2.864552396114347061e+02
2.864566589084776069e+02
2.865709643245829170e+02
2.866258825989497154e+02
2.866768107776077841e+02
2.866141724494747223e+02
2.866519215818323119e+02
2.865651850012012005e+02
2.865670890203217027e+02
2.865507949349517958e+02
2.867023563139287035e+02
2.862951729474486342e+02
2.861894286605372599e+02
2.862807890465902005e+02
2.865073954583133968e+02
2.866288708004729529e+02
2.862517460468392301e+02
2.862982443398927899e+02
2.865905798447844290e+02
2.865758654735555524e+02
2.864651417435537155e+02
2.865975591139586527e+02
2.866487442362270599e+02
2.865224022604398897e+02
2.866485669363681268e+02
2.866254955426655329e+02
2.863847040848787628e+02
2.864656530375439161e+02
2.866311410644594275e+02
2.865083609240897999e+02
2.865039942063080503e+02
2.863856374659133621e+02
2.864973897200171677e+02
2.865659500944764773e+02
2.867295363439804987e+02
2.866293619420668506e+02
2.865638904094743111e+02
2.865829698072613496e+02
2.865490236756439231e+02
2.866093215059048021e+02
2.867948727438725314e+02
2.867273137284004747e+02
2.865010131228106616e+02
2.865113638336461577e+02
2.866749563745693195e+02
2.865744320385272204e+02
2.866059096801619148e+02
2.866901874011794007e+02
2.866533419946814547e+02
2.866154937164820353e+02
2.866228673197730927e+02
2.865637840716958067e+02
2.867849363549187842e+02
2.868610032038607187e+02
2.866725415695518109e+02
2.866271556407895673e+02
2.868058064633985396e+02
2.868546161786131847e+02
2.868215513699406642e+02
2.866705074463962433e+02
2.866418728396217261e+02
2.867233990635763803e+02
2.867401446496241419e+02
2.868572938526766052e+02
2.866160101443040844e+02
2.865814687619406413e+02
2.868027723486094942e+02
2.868138807644569965e+02
2.866969682683914584e+02
2.866578717221920556e+02
2.867011535164929796e+02
2.867293543740306063e+02
2.866819648174183612e+02
2.866832898788013040e+02
2.868042293732900703e+02
2.867613028683928178e+02
2.866437301507926350e+02
2.865709135166362671e+02
2.867180429110033515e+02
2.868749498641700484e+02
2.868119657850153885e+02
2.866506989430093313e+02
2.865632619815683029e+02
2.866937128538979209e+02
2.868161278997287695e+02
2.869540600449537919e+02
2.866801471814404181e+02
2.865813360732391288e+02
2.866412195436309958e+02
2.866675864627322881e+02
2.866876208723343780e+02
2.865700327220067152e+02
2.865322711224897034e+02
2.866835405591231734e+02
2.865638664248015743e+02
2.864169318354831830e+02
2.865527125961854722e+02
2.866235772681287131e+02
2.865583643591683654e+02
2.865793937692523059e+02
2.865080076044083057e+02
2.864375527725674146e+02
2.865011979814552774e+02
2.864024125632651590e+02
2.864473294508073309e+02
2.862790616187946284e+02
2.862225936537624875e+02
2.864536165023723129e+02
2.867178370674155872e+02
2.864257007088567661e+02
2.862964572890961676e+02
2.863981018992728309e+02
