2.400161393985639791e+02
2.399799316267976792e+02
2.398412141230948293e+02
2.400501818980113455e+02
2.400762018109218161e+02
2.397843769179716844e+02
2.398910263538963648e+02
2.398346807327907584e+02
2.401754822334825974e+02
2.403985500691104278e+02
2.401073128113233963e+02
2.395994504157588381e+02
2.397143303007902659e+02
2.398199270332510480e+02
2.398960831809384615e+02
2.399579819084974304e+02
2.401972018929316164e+02
2.401241497020869247e+02
2.400474646455132870e+02
2.401357480177555317e+02
2.402758989875996178e+02
2.400234949272747826e+02
2.400066390705948152e+02
2.402071115996108404e+02
2.398600953601715844e+02
2.399556508099915391e+02
2.398909962791572070e+02
2.402536849213416588e+02
2.402438137058954624e+02
2.402310241426719983e+02
2.402634585684715773e+02
2.400724859817988772e+02
2.400728408602033142e+02
2.394224536989434853e+02
2.385085131797420672e+02
2.392741881215840465e+02
2.392232013926739285e+02
2.397041681749562088e+02
2.396372883457327134e+02
2.398294509759275854e+02
2.398881666921440399e+02
2.397458109281512009e+02
2.398340429479231091e+02
2.401580674525467600e+02
2.400365400557524538e+02
2.397910818577211387e+02
2.398822135532531945e+02
2.401667572259670180e+02
2.400466090045917724e+02
2.399448714047767055e+02
2.399438898630072856e+02
2.398792860411135450e+02
2.397767077824865680e+02
2.394510612630885191e+02
2.396609753771919031e+02
2.397440573872939922e+02
2.395524428246914397e+02
2.393446924322596203e+02
2.398299311400857903e+02
2.399516446322415675e+02
2.398855543373186947e+02
2.398714567156222301e+02
2.390883545819545191e+02
2.392966532753751210e+02
2.397388004929573242e+02
2.398120085083491801e+02
2.399225822639586738e+02
2.397787624885684181e+02
2.400258266901136892e+02
2.399333140882827138e+02
2.400224429960592261e+02
2.398560009146767698e+02
2.399295893023483188e+02
2.399271448406076388e+02
2.395939664846996209e+02
2.396622572734059133e+02
2.402383201881971502e+02
2.399470435957148311e+02
2.400746488098010332e+02
2.396900841984206636e+02
2.400361945495971838e+02
2.398375367669056288e+02
2.395818026736634465e+02
2.399218523451010014e+02
2.395969302311187050e+02
2.397273660768629497e+02
2.401458066429164262e+02
2.399863005573298835e+02
2.399707830022404949e+02
2.399154270725291553e+02
2.396190584148698406e+02
2.392685882615699313e+02
2.397396754429439909e+02
2.397978040628325971e+02
2.397772538955177595e+02
2.397633416063958975e+02
2.400205514442934884e+02
2.399928624848392928e+02
2.399068808269722695e+02
2.395902925935843371e+02
2.398994707405698819e+02
2.396555971494159394e+02
2.397192658460226937e+02
2.397903854061366076e+02
2.398028964637727256e+02
2.397597497861213753e+02
2.396873615219100486e+02
2.399005094041201573e+02
2.402979272288087031e+02
2.400257348375631636e+02
2.398785343678479478e+02
2.397239678591160157e+02
2.395305609865199870e+02
2.389130413793683090e+02
2.387413406455949882e+02
2.390797821625789084e+02
2.391237885271368384e+02
2.386596430762253931e+02
2.391069424141527691e+02
2.391683121687592859e+02
2.389932771728997523e+02
2.387803903290007668e+02
2.389322215962283735e+02
2.392069260966252386e+02
2.389979751183013832e+02
2.388027244736763066e+02
2.390127936428769715e+02
2.391241623802631011e+02
2.391359027245095206e+02
2.391984880323372238e+02
2.390014217567778587e+02
2.390874060874409395e+02
2.389294323174547969e+02
2.386170692279736443e+02
2.388384728289679799e+02
2.390125200935883356e+02
2.391220876694239621e+02
2.393304898955195483e+02
2.390358343104215066e+02
2.391012139468621456e+02
2.392015441787715133e+02
2.388367611345894659e+02
2.380973785433314731e+02
2.386533782682307958e+02
2.389334903683488847e+02
2.390980578947691413e+02
2.390993770844116852e+02
2.392771269203833526e+02
2.393544956916211959e+02
2.395199241303205326e+02
2.397171396633181075e+02
2.396511055001746797e+02
2.398942268035398513e+02
2.399093727544860712e+02
2.403057011038148119e+02
2.401017930894154233e+02
2.399450689756565964e+02
2.398923585508255201e+02
2.398784093057550137e+02
2.399517070123648637e+02
2.397770610125304529e+02
2.402752829291772514e+02
2.401949563476422327e+02
2.403918562925720437e+02
2.403130820158318102e+02
