1.000013541420447041e+02
1.003495244352816513e+02
1.000957167813347155e+02
9.969536597294872138e+01
9.986971229738333022e+01
1.002310573278776502e+02
1.000552547199755367e+02
1.000116468485444443e+02
9.954025883897124061e+01
9.975161407845821770e+01
1.005513393527035646e+02
1.004310260782878004e+02
1.005939605329656530e+02
1.003731451235936305e+02
9.999981525831420015e+01
9.970727099123475057e+01
9.969039351657443149e+01
9.974288280694412379e+01
9.993214763248205657e+01
9.991005944117806337e+01
1.000290593800244920e+02
1.000399631244557526e+02
9.942942126497621302e+01
1.002867824462699531e+02
1.001312355710361004e+02
9.961845957068810264e+01
9.957652925479935391e+01
9.956307099855438025e+01
9.969565629554803365e+01
9.988992794681250587e+01
1.000158645084037374e+02
1.000314700931633070e+02
9.999129859432967748e+01
1.010141490455714006e+02
1.034227015411322697e+02
1.010907787284288588e+02
1.006399245528059367e+02
1.001129137450926549e+02
1.004140092731339990e+02
1.000204823084315962e+02
9.980062735096464621e+01
1.003617583489622831e+02
1.002908813701637456e+02
9.989377703719323165e+01
1.003031906890355884e+02
1.001123421047121838e+02
9.994653617252295419e+01
9.959489171873457281e+01
9.973879131589559677e+01
1.004088358112952477e+02
1.002707735974267536e+02
1.000234177512426612e+02
1.004501328370115374e+02
1.015978086066582620e+02
1.006232267997292951e+02
1.005614541937933524e+02
1.002171554166152561e+02
1.003395429504392240e+02
9.993082041079317435e+01
1.001083475406245071e+02
9.991240711222671678e+01
1.003861577021402667e+02
1.008362403498504136e+02
1.006579970263206718e+02
1.003566102980564096e+02
1.002765506638701680e+02
1.003604962928155970e+02
9.979717264609588767e+01
9.990696418810927071e+01
9.994263134552689110e+01
1.002021471016593210e+02
1.003573372403342887e+02
9.989020493929190536e+01
1.005525358042873592e+02
1.004463470743200872e+02
9.973845013468985599e+01
9.966790064562633233e+01
1.001020932012176559e+02
1.001241056027368472e+02
1.005940884725125244e+02
9.989435734097287423e+01
1.002185296435335999e+02
1.001190403921621197e+02
1.003434893204332496e+02
1.002222309489514487e+02
9.975007549068089929e+01
1.001688341320785156e+02
1.000154380030262899e+02
1.001086410058098863e+02
1.003498121313531328e+02
1.006853081886344512e+02
1.001365906467283935e+02
9.990950789142659971e+01
1.001241208766494992e+02
1.006225432760474945e+02
1.002009893578789530e+02
9.968001036594317554e+01
1.000712560508159328e+02
1.005015113341557509e+02
1.003106189989334354e+02
9.998997375311937219e+01
1.002199079666570469e+02
1.002714045744624372e+02
1.002695666502408613e+02
1.001735891561052654e+02
1.002550083924115114e+02
1.002108873149991126e+02
1.000209251668385519e+02
1.002669242049436349e+02
9.978812437250138601e+01
1.005852595343583715e+02
1.003234840956126703e+02
1.005123131010404904e+02
1.024796211615585548e+02
1.016700576819635558e+02
1.012424637743013847e+02
1.011915327471267148e+02
1.012327803370439909e+02
1.007312758126162038e+02
1.005872577117465454e+02
1.012258477820387270e+02
1.013621314983943904e+02
1.008553063439467650e+02
1.003440834128575716e+02
1.014132135085993696e+02
1.013712306389515021e+02
1.008185131843467133e+02
1.002449058103809847e+02
1.004060517921608380e+02
1.006377075010790918e+02
1.009663275132553935e+02
1.005307357247274780e+02
1.007725081806473924e+02
1.013940514078242359e+02
1.008113352191596306e+02
1.005411331976304723e+02
1.004258448199326921e+02
1.004974845153873417e+02
1.005102473555381692e+02
1.001234257682729236e+02
1.001091754680173267e+02
1.016793414528924728e+02
1.025931373987283877e+02
1.013568060288538533e+02
1.005369274444580014e+02
1.002795786817183483e+02
9.985326219388242919e+01
9.979680242809955359e+01
9.991555098755056008e+01
9.949881138629238819e+01
9.969919647056542544e+01
9.941490228744936530e+01
9.930636404741515832e+01
9.897649455270004637e+01
9.927238197329363345e+01
9.940070602919031728e+01
9.940368997814961460e+01
9.920329833836787259e+01
9.899199189723621828e+01
9.918589599294945458e+01
9.898564541568906350e+01
9.906950012550873907e+01
9.876971040387854828e+01
9.872463161634203743e+01
9.877204488822435735e+01
