2.864850978681039919e+02
2.864778435463357482e+02
2.864268023546512154e+02
2.865931733748289503e+02
2.865812043013414723e+02
2.865276956675422184e+02
2.864653505354096978e+02
2.865515514161368174e+02
2.867502567973462533e+02
2.867111037683309291e+02
2.865844814370305471e+02
2.864368188207492381e+02
2.865257576723097941e+02
2.865342838284815912e+02
2.865259500898421834e+02
2.866355355882428171e+02
2.867720655618905425e+02
2.867451222973161293e+02
2.867431771158940705e+02
2.867365371479584155e+02
2.866961660032035297e+02
2.866426767710250942e+02
2.867391011338829685e+02
2.868421329301932019e+02
2.865330206506534410e+02
2.866177360253486768e+02
2.867183642204064995e+02
2.868032505252609212e+02
2.868296136706293282e+02
2.868591070777373488e+02
2.868389280882096841e+02
2.868507198990302527e+02
2.867481667713798288e+02
2.867635978860719774e+02
2.863256209408160089e+02
2.863617014270209893e+02
2.863589754868724526e+02
2.864732334787232162e+02
2.865328044785901511e+02
2.865017378227177005e+02
2.867263999765526705e+02
2.867303203339943138e+02
2.866749798525706296e+02
2.867631443009974532e+02
2.867253963203043554e+02
2.866396254151570133e+02
2.866033886483842821e+02
2.867362363743000628e+02
2.868081035175503644e+02
2.866960717964477681e+02
2.867472572441631087e+02
2.866553709596132080e+02
2.867927982222814194e+02
2.865626859125272858e+02
2.865448911199089821e+02
2.865832980027217900e+02
2.864872671641272746e+02
2.865405148812351968e+02
2.867339259870672663e+02
2.867531984844454769e+02
2.867331947801787919e+02
2.866753197823924779e+02
2.864407308629595832e+02
2.866278557652453287e+02
2.867258138417655005e+02
2.867360419531281082e+02
2.867653527340195296e+02
2.866690743495630613e+02
2.867834401952730445e+02
2.867549651642662525e+02
2.868261795329732990e+02
2.866903762879358624e+02
2.869239529289839652e+02
2.868799236893038938e+02
2.866607778144946224e+02
2.867697713957552992e+02
2.869547952060116813e+02
2.868696595130627998e+02
2.869736135549091500e+02
2.868274971209557975e+02
2.869276480506802045e+02
2.867847101358360646e+02
2.867982475379477592e+02
2.868626022320563038e+02
2.867129024170603770e+02
2.868656203423959710e+02
2.869211156260170128e+02
2.868725054180453640e+02
2.869830773027042596e+02
2.867883746964339480e+02
2.866511188022760734e+02
2.866630330824678481e+02
2.868216720426689790e+02
2.869566759318969957e+02
2.868729687429496948e+02
2.868504658676941403e+02
2.869279885232596143e+02
2.869516221078756075e+02
2.868553062158700868e+02
2.867834200354552081e+02
2.870207747069170523e+02
2.869404662223345213e+02
2.869172709529070175e+02
2.868870257069210084e+02
2.868866310856664654e+02
2.868337875324053812e+02
2.868114509670583061e+02
2.870536924271530097e+02
2.871151584138551129e+02
2.871362796204345500e+02
2.869978177918960682e+02
2.870046525202461112e+02
2.870245160597634708e+02
2.869013829637469257e+02
2.866846916649702735e+02
2.867286720213239732e+02
2.866382031799556103e+02
2.865402918470858253e+02
2.867277002896192357e+02
2.867927126237640891e+02
2.867531741800573855e+02
2.866436404885162688e+02
2.867055596627320142e+02
2.870117417024036399e+02
2.868304550875682821e+02
2.867847237927607580e+02
2.867739428120171397e+02
2.868374452836137607e+02
2.869941549608700484e+02
2.871081707121002751e+02
2.869345042466410405e+02
2.869594028666983263e+02
2.869968992389637492e+02
2.869787475097697893e+02
2.869964234512402186e+02
2.870795064636791381e+02
2.872224186878362389e+02
2.872475541630308840e+02
2.871203081291909029e+02
2.871891386577574963e+02
2.873166359182926612e+02
2.872767414919634916e+02
2.871671065566103493e+02
2.873474020539291018e+02
2.873033256161067470e+02
2.872925628803221798e+02
2.874137715246814082e+02
2.875575168234653347e+02
2.875514731205861381e+02
2.877177846760176294e+02
2.876837277996747844e+02
2.877463131078279730e+02
2.878748061384545167e+02
2.881302960199901690e+02
2.882440372079657891e+02
2.881112259573097276e+02
2.880324579046601343e+02
2.880704545867987463e+02
2.881023640690772254e+02
2.880617481656459518e+02
2.880561643870439070e+02
2.882372271285560146e+02
2.882615512346827131e+02
2.883446638993354441e+02
2.883327373360787647e+02
