2.382900178118289034e+02
2.382505933886992295e+02
2.383892556249338952e+02
2.381244823523906859e+02
2.384340431816406465e+02
2.381224694032117384e+02
2.383138001587447832e+02
2.385238555822733986e+02
2.385154171810087576e+02
2.385605088022836924e+02
2.384986233705826919e+02
2.381279340849933703e+02
2.380515518646552664e+02
2.385620310487864799e+02
2.381040416192943212e+02
2.386330682671948864e+02
2.384790524930452023e+02
2.380747139047212215e+02
2.385545815543714241e+02
2.382247110269580901e+02
2.381457943400877184e+02
2.387280971731673560e+02
2.379963985299809508e+02
2.380204452417520145e+02
2.386202594707706623e+02
2.380943183137306960e+02
2.380314843655519326e+02
2.385605517847968713e+02
2.384605664166903978e+02
2.382854475407769712e+02
2.380839956553392085e+02
2.380158790693103299e+02
2.385124014123714176e+02
2.379562619712401954e+02
2.372155567407143053e+02
2.378087569062026034e+02
2.381203786338447514e+02
2.380071472338513274e+02
2.380882350717786267e+02
2.383725051656355163e+02
2.380137165851487282e+02
2.383745468610701153e+02
2.379346234435107306e+02
2.380642443959281991e+02
2.383274187900043728e+02
2.380103137450488759e+02
2.380614308950869429e+02
2.382734921166156710e+02
2.381290405249355047e+02
2.382600338317208752e+02
2.380519260435076205e+02
2.382601619869765273e+02
2.381768952730292597e+02
2.377956943270331749e+02
2.379873388589898013e+02
2.384293962967653044e+02
2.380192060026101046e+02
2.382719870820921244e+02
2.385021240258849673e+02
2.382838889929558093e+02
2.382307716836397447e+02
2.384333147752228115e+02
2.379838119730245865e+02
2.379763800783486261e+02
2.381996565726633719e+02
2.381917584230232308e+02
2.385489991468620019e+02
2.380217574634327775e+02
2.383327541004747729e+02
2.380297789599287626e+02
2.382232253499961701e+02
2.382643039816096007e+02
2.381641754709960423e+02
2.380661935690316966e+02
2.381622217699405155e+02
2.380725301891014851e+02
2.381415520595005546e+02
2.377188018235424067e+02
2.378783644715431649e+02
2.380018273915126485e+02
2.377583889302254647e+02
2.378559474838779124e+02
2.380149022898706619e+02
2.379108000927482180e+02
2.375897465299420617e+02
2.379060193298953152e+02
2.378356449311348797e+02
2.383146302365849749e+02
2.378632523680758766e+02
2.378675697855567250e+02
2.383595858168996529e+02
2.378011860045990886e+02
2.379848488220487752e+02
2.380123910583084808e+02
2.379980473272916299e+02
2.378087077279325001e+02
2.379405802667664886e+02
2.380654794629632249e+02
2.376466423293246919e+02
2.381690121247621335e+02
2.380344389863105334e+02
2.375633538469613484e+02
2.382711529566244053e+02
2.378064200314566676e+02
2.376815508101204841e+02
2.379384103668650994e+02
2.380082167736021574e+02
2.378198674655394882e+02
2.380119561926855738e+02
2.378967287953260268e+02
2.378500300297843353e+02
2.378314649567885510e+02
2.374870159162690015e+02
2.371379338788941880e+02
2.371781569496741042e+02
2.373509925463822867e+02
2.374021250963427292e+02
2.373968636086956110e+02
2.373270450077264115e+02
2.373331021375966827e+02
2.371672986792356141e+02
2.377486813156450296e+02
2.374622435764547674e+02
2.372510969413690134e+02
2.371343105361164874e+02
2.372639545884688630e+02
2.376235646071995404e+02
2.371918526494258970e+02
2.368432369010314744e+02
2.374020348366150586e+02
2.373594985396258323e+02
2.371753478099969925e+02
2.374094156839041716e+02
2.372997063889546325e+02
2.373762364179290216e+02
2.374038614048868112e+02
2.374613345822801591e+02
2.372406566787522308e+02
2.374443915036790713e+02
2.375670334926535077e+02
2.372712580912199201e+02
2.372097710595323861e+02
2.366090854229790637e+02
2.367726084191174323e+02
2.371534161402857137e+02
2.371130202441845825e+02
2.367804169608524489e+02
2.373740373597228199e+02
2.373431478188058747e+02
2.373263930201452183e+02
2.374119951885644468e+02
2.371273739638358222e+02
2.373077698574810483e+02
2.374993384532406253e+02
2.371773712237123561e+02
2.372522530403068970e+02
2.375339796913808641e+02
2.371766034519324933e+02
2.374062530993193150e+02
2.372456739563143344e+02
2.376095714209860432e+02
2.373896838082813758e+02
2.376879280571548350e+02
2.378565659645430799e+02
2.375476776417232543e+02
