1.007871764587781627e+02
1.005963036800944792e+02
1.006399043975679888e+02
1.006353080424156161e+02
1.007246798424263972e+02
1.006246759654603551e+02
1.004059766158377585e+02
1.003403282385482242e+02
1.006375207204966813e+02
1.002788608652753766e+02
1.003703823572922289e+02
1.009920927539454283e+02
1.010987916167727008e+02
1.007401921668911200e+02
1.002374841918967689e+02
1.005553022316168352e+02
1.004399799234940360e+02
1.007711741797445626e+02
1.007027507179058574e+02
1.005298568918821474e+02
1.008154174499336904e+02
1.008699853132709876e+02
1.007642345845927281e+02
1.007603725741813463e+02
1.008879349332871840e+02
1.005546521358629661e+02
1.006679222838917127e+02
1.004683089718843831e+02
1.005943193166847891e+02
1.006717985120366023e+02
1.008481762895469984e+02
1.005009486804594872e+02
1.006433170654482723e+02
1.014184480551100336e+02
1.021565671927495060e+02
1.012317400942032890e+02
1.009317485963671288e+02
1.007941870641953983e+02
1.007636748635908361e+02
1.004577027253493071e+02
1.006834330425273123e+02
1.010883486358883374e+02
1.008404709565497654e+02
1.006605865841143697e+02
1.010148347110266656e+02
1.009281979242219478e+02
1.007473200426609452e+02
1.009734051318767598e+02
1.005933740731640427e+02
1.009000358321886921e+02
1.005328566058554287e+02
1.006649685540201205e+02
1.012181883706923458e+02
1.014158257622078736e+02
1.011507234504291972e+02
1.007965780541206868e+02
1.005543996609775945e+02
1.006651803111243595e+02
1.007053145755194947e+02
1.004159190333971452e+02
1.006038951613717956e+02
1.007125450334660854e+02
1.012830516089326665e+02
1.011222550117899459e+02
1.008956974288043824e+02
1.004395474295284316e+02
1.006371836743844028e+02
1.008303739650668405e+02
1.007562046115762513e+02
1.008353234676169876e+02
1.008707677965248877e+02
1.004872901818957729e+02
1.010293850835598590e+02
1.006245032206643373e+02
1.009352413781533642e+02
1.009792289340849720e+02
1.008181298540534243e+02
1.009020197178013518e+02
1.009035081774251807e+02
1.012861146818759011e+02
1.010288973239621413e+02
1.009250821493125017e+02
1.013142705648169226e+02
1.007377207162353869e+02
1.009429055394324450e+02
1.012980643048850453e+02
1.010518761417413742e+02
1.009628554317193760e+02
1.008674793507242811e+02
1.006709881402424145e+02
1.011841577326508599e+02
1.011584136588765688e+02
1.008771830154521894e+02
1.007585466846171443e+02
1.011272307141272933e+02
1.008423739863123387e+02
1.012155847417830188e+02
1.013331196674839276e+02
1.011924277190461083e+02
1.008970212767364245e+02
1.011981035381148786e+02
1.012788321295464442e+02
1.008738717187165292e+02
1.009918192536472219e+02
1.009959702180699566e+02
1.012075267707348303e+02
1.010395501742500102e+02
1.010530742922813943e+02
1.012853580084764644e+02
1.012576297784103900e+02
1.011891046668572045e+02
1.012551025944351437e+02
1.014915540825385705e+02
1.025617530304065639e+02
1.020349440874828133e+02
1.015820538236031325e+02
1.020350553333979491e+02
1.013598782870656834e+02
1.015103986554866538e+02
1.016929398516722785e+02
1.015186437483015283e+02
1.016361485043198059e+02
1.015598056402788387e+02
1.014057936138423344e+02
1.016700563661326981e+02
1.015231885840738784e+02
1.016784005060167715e+02
1.016650468074945337e+02
1.017836054896310856e+02
1.017334324875299814e+02
1.012870461464741396e+02
1.014451459011294787e+02
1.017037434395275994e+02
1.020489756110380171e+02
1.014912115737849803e+02
1.014409683775197806e+02
1.015258305761847168e+02
1.013443186533137492e+02
1.013551472232392854e+02
1.012737191628881419e+02
1.013020720220420543e+02
1.017700911983877035e+02
1.031188256205699219e+02
1.020231321683935590e+02
1.014650303921413155e+02
1.013797773127337223e+02
1.015054864783912194e+02
1.016097401490155221e+02
1.015252735282043659e+02
1.012905483948743921e+02
1.016757677007164062e+02
1.010504883380144747e+02
1.014080302189905609e+02
1.013993430564635219e+02
1.011434289783185250e+02
1.012359705246774553e+02
1.011274012346099340e+02
1.010509266759236766e+02
1.008958582715282688e+02
1.008999485418188442e+02
1.008761799351473769e+02
1.008852944773002349e+02
1.005468429700559341e+02
1.007734860514881206e+02
1.008091383938314181e+02
