2.861717273347790638e+02
2.862125335652825129e+02
2.862352279448116406e+02
2.861104462816883256e+02
2.861484352394547841e+02
2.860196467294405807e+02
2.861643021118965180e+02
2.863105527624617821e+02
2.861686135394084545e+02
2.862395215898803258e+02
2.862003970626622049e+02
2.860951836093702809e+02
2.861089423193765811e+02
2.862083595158046592e+02
2.861009673051209461e+02
2.863000651974692801e+02
2.861875134938099450e+02
2.860885251085511527e+02
2.862827393011609729e+02
2.860900124548582539e+02
2.861079644504861790e+02
2.863221096745970158e+02
2.860077399516119385e+02
2.861285848384939072e+02
2.862164050361992054e+02
2.859943889390449954e+02
2.860847779732818594e+02
2.862022322551421212e+02
2.861608525300001133e+02
2.861793449484389953e+02
2.860281735023880856e+02
2.861090614816015432e+02
2.862230745858562955e+02
2.860494416840115832e+02
2.859449817756712378e+02
2.860360592943742404e+02
2.861657041512761452e+02
2.860602767282950936e+02
2.860937162377553591e+02
2.860672413310064144e+02
2.861707658807054031e+02
2.863186104249545565e+02
2.860351670897105123e+02
2.861600030261300844e+02
2.862632353936060667e+02
2.860744421511319615e+02
2.861208265834109739e+02
2.861807558358382266e+02
2.860763705890945516e+02
2.862634926586338793e+02
2.861046172075821232e+02
2.862834260703643281e+02
2.862350956643630866e+02
2.861276167616014732e+02
2.861192814811435596e+02
2.862860705408555191e+02
2.861222794089090371e+02
2.862492025409356984e+02
2.863529284825952459e+02
2.863752035365367874e+02
2.863326529841860406e+02
2.863544917256776330e+02
2.861512514614156544e+02
2.861840517296030271e+02
2.863039817866180670e+02
2.862931389746853483e+02
2.863833290209144025e+02
2.862531155436357153e+02
2.862182233001202007e+02
2.862507101029682985e+02
2.862756124489256990e+02
2.863865157649159983e+02
2.863555736537234111e+02
2.863333023171191485e+02
2.863650184301263266e+02
2.862848259568101525e+02
2.862569433685409308e+02
2.861355806217385407e+02
2.862229068750497731e+02
2.861868533223571944e+02
2.861106684379580543e+02
2.862143288553206162e+02
2.862304555212382979e+02
2.859779178273523144e+02
2.860802853003298765e+02
2.862698573572688474e+02
2.862690339460917244e+02
2.864969906727131956e+02
2.861402879754244282e+02
2.862321088065475010e+02
2.863647870549045820e+02
2.861650916853771491e+02
2.862775359269306819e+02
2.863876731649248200e+02
2.863299613355100064e+02
2.861411654867435459e+02
2.862954743869935896e+02
2.862630993578041512e+02
2.862008295750042635e+02
2.863347814167403271e+02
2.863431242466500635e+02
2.861956404071093516e+02
2.864607714798769962e+02
2.862610159617640306e+02
2.861281638184631788e+02
2.862603894747676918e+02
2.862470097210593281e+02
2.862721643730579331e+02
2.863000064892972887e+02
2.862291509675878842e+02
2.862209057912530170e+02
2.861370608534014650e+02
2.859880310072649081e+02
2.860043629454291931e+02
2.859675406695238848e+02
2.860651092025801745e+02
2.861230176001135419e+02
2.859610945377071403e+02
2.861559779607230780e+02
2.859532723226937492e+02
2.860057031539504919e+02
2.862669421909993730e+02
2.861266464556971414e+02
2.861544589755590664e+02
2.860577565447730422e+02
2.861935238550446456e+02
2.863664621142472129e+02
2.860808979750561889e+02
2.860763260307772384e+02
2.862255014849508257e+02
2.862564801946770103e+02
2.862593844464786912e+02
2.864612987281812480e+02
2.864023321258433157e+02
2.864786172038201926e+02
2.865387013741511169e+02
2.866113520971666162e+02
2.864414540919697743e+02
2.866283243782138470e+02
2.866781768635033245e+02
2.864791924067934019e+02
2.866982996718526238e+02
2.865600380450944726e+02
2.863714801620803314e+02
2.865162131111785015e+02
2.864896966157771203e+02
2.865089593668769226e+02
2.866691168464973885e+02
2.866495407737415917e+02
2.867144013912047740e+02
2.867495684623031025e+02
2.866945703275184201e+02
2.868373392611433133e+02
2.869140074303193728e+02
2.867219538485459225e+02
2.868501982600444649e+02
2.869463431567779139e+02
2.869242559105613850e+02
2.870337800646121877e+02
2.869948054246260654e+02
2.871753188730504007e+02
2.870858981985095397e+02
2.872349503120784107e+02
2.873122856990650575e+02
2.872178139285038583e+02
