2.345499194530312650e+02
2.341964344977933195e+02
2.346028834150425837e+02
2.349345869651127998e+02
2.344083538454933944e+02
2.342838288308358585e+02
2.340684246322347235e+02
2.346328848205663178e+02
2.350070532705219648e+02
2.342639419526595930e+02
2.342913275633592320e+02
2.344429793554694470e+02
2.343599868844782748e+02
2.342691715500984913e+02
2.347880923112889775e+02
2.345368608238256627e+02
2.345353897037528270e+02
2.345062342970316251e+02
2.341347398171252223e+02
2.343035538973851999e+02
2.345685839493544620e+02
2.345180473572421818e+02
2.348261933185926864e+02
2.349302750173743561e+02
2.341909949246488907e+02
2.344973481292813631e+02
2.341071254252373421e+02
2.344195938694935819e+02
2.344941218383666239e+02
2.347726876586667970e+02
2.344760538095547417e+02
2.344828925067018019e+02
2.345705602424143308e+02
2.344163715498505383e+02
2.345441869297379753e+02
2.344838903942606123e+02
2.342786396678934580e+02
2.344998705077633758e+02
2.342530970502054117e+02
2.342697200241030657e+02
2.345199299782251217e+02
2.348475610591723068e+02
2.343751616639709994e+02
2.341844351786854475e+02
2.346750132752245293e+02
2.347967651415638102e+02
2.343580704877369669e+02
2.339632928643866023e+02
2.340526953779565531e+02
2.343273011268719017e+02
2.342650097343113202e+02
2.344073118807744152e+02
2.343600796875678327e+02
2.343253656614785143e+02
2.343590647101594868e+02
2.344817798601350489e+02
2.345385428459209152e+02
2.344735744592767333e+02
2.342929376053403985e+02
2.342245424391667257e+02
2.346014977562023205e+02
2.338968720946158157e+02
2.343329151870767362e+02
2.343874438746308897e+02
2.345086817433032422e+02
2.349111575275757104e+02
2.348641996947949053e+02
2.342859301871332889e+02
2.340852809139780959e+02
2.339875281751486682e+02
2.346352594374618548e+02
2.349459530523889725e+02
2.347699726468364361e+02
2.346582004774765267e+02
2.344120287104342140e+02
2.346361856005575248e+02
2.343531780624993246e+02
2.347619862790854484e+02
2.347307028740130193e+02
2.347030798028996230e+02
2.343553406253841160e+02
2.345951982818488943e+02
2.346799317833286693e+02
2.346309016605886200e+02
2.348852640271361736e+02
2.345948017463123279e+02
2.345174031406532151e+02
2.344899349896593321e+02
2.347976451510113804e+02
2.342945177890075854e+02
2.345061403158068458e+02
2.346212843376768262e+02
2.349545788158425239e+02
2.347818760989302689e+02
2.350083226991409049e+02
2.341539371982923683e+02
2.344188411794113165e+02
2.345027621242719533e+02
2.344138615999430897e+02
2.347143125430037571e+02
2.346316655544344201e+02
2.347436143212039212e+02
2.344379864095531047e+02
2.343865652991753166e+02
2.345642995573042811e+02
2.350782224854600599e+02
2.348177344625190983e+02
2.346145432009463718e+02
2.341660465541960150e+02
2.342758350415792563e+02
2.348611337591898121e+02
2.348541011622329506e+02
2.351793328611672678e+02
2.345208952080980964e+02
2.345112563203839215e+02
2.345624867893716612e+02
2.347767715849068679e+02
2.348401377420049982e+02
2.343687818242541141e+02
2.343795984514661370e+02
2.346964122467745710e+02
2.342165135728705536e+02
2.345239709356615379e+02
2.344740623245205597e+02
2.345772285273505133e+02
2.348182406287162394e+02
2.344184096514957218e+02
2.353461162357370711e+02
2.346270408665295406e+02
2.344084382955125250e+02
2.346089313115583934e+02
2.345340285401421454e+02
2.345479089995261575e+02
2.349062400778227868e+02
2.347660331750828675e+02
2.342878724938558150e+02
2.346531731274842798e+02
2.345973229593832627e+02
2.345621501373421154e+02
2.342990993032228459e+02
2.340576550237925630e+02
2.345436299152895856e+02
2.347242022185374708e+02
2.342472308174226328e+02
2.346754508483252550e+02
2.346207619440731094e+02
2.344985506329925045e+02
2.347033643460296446e+02
2.346767409645062514e+02
2.349366983054931097e+02
2.347084419055662750e+02
2.347787745277946669e+02
2.346920589839971854e+02
2.347780752892452654e+02
2.344357839423960286e+02
2.346403915177727697e+02
2.350857122484498234e+02
2.345556400084695952e+02
2.343779593997548147e+02
2.347815980808942697e+02
2.346790505368321362e+02
2.347828751619011598e+02
2.347971814456329582e+02
2.343572242332233202e+02
2.344937537842567110e+02
2.349030622391898930e+02
2.345915717661619055e+02
2.345285190965014692e+02
2.345466039605728668e+02
2.344591664544550724e+02
2.341937856429333351e+02
2.342998003543480081e+02
2.346112279569935026e+02
2.348506733668619972e+02
2.348020463336742978e+02
2.347087258711526090e+02
2.345333294364572794e+02
2.342915430310236218e+02
2.347398317887879955e+02
2.349310635050083249e+02
2.350942536320942509e+02
2.344837910241253383e+02
2.346329610346979564e+02
2.343633963120426245e+02
2.344176250989689549e+02
2.349016190076823989e+02
2.345625770082189945e+02
2.344367927041958808e+02
2.347182175489140548e+02
2.346619735841838121e+02
2.344549135925909411e+02
2.347671193063604278e+02
2.348768843550843712e+02
2.343939641976292307e+02
2.342154112900819882e+02
2.345776535211022065e+02
2.344508156022302501e+02
2.347310852268880978e+02
2.353552943103316295e+02
2.343137425206465139e+02
2.345447423353749627e+02
2.347131308022978544e+02
2.345136746937483565e+02
2.344691037091838552e+02
2.345315125152582425e+02
2.344585258911428980e+02
2.345735337528509206e+02
2.347878139810674440e+02
2.346079244046291876e+02
2.352007826265066797e+02
2.345243045585672519e+02
2.344833937889691242e+02
2.348091057086884348e+02
2.352332181089703056e+02
2.347128364055340626e+02
2.341165438109822219e+02
2.342672518282601004e+02
2.342870138821280079e+02
2.349168451304935843e+02
2.348317053054669259e+02
2.345884630975191385e+02
2.346792006304150675e+02
2.347404469769682862e+02
2.346075351244179217e+02
2.349735907463380897e+02
2.346736543771264394e+02
2.346766651952922302e+02
2.346890635753016170e+02
2.348214959699310782e+02
2.345095046139372243e+02
2.347913974632125473e+02
2.348629805610769381e+02
2.349758137750949061e+02
2.348162270859536704e+02
2.343990987660239114e+02
2.344057243730417213e+02
2.344783410741870284e+02
2.344908853626196787e+02
2.346729687106461313e+02
2.346463550575612373e+02
2.345227333019881542e+02
2.347662721231750140e+02
2.345082236804603610e+02
2.344369368523830701e+02
2.348307098337362788e+02
2.344965617068158963e+02
2.345992439063157065e+02
2.348366782108452924e+02
2.346282779328809340e+02
2.344826369857423458e+02
2.346197156533933423e+02
2.348023806159189633e+02
2.349379802599475795e+02
2.348790918424335814e+02
2.343880842843299206e+02
2.347138470711996945e+02
2.346198817061106183e+02
2.350151144543489465e+02
2.345653652287258808e+02
2.346592325310420222e+02
2.347989074463869485e+02
2.344767899337699930e+02
2.345019170373146551e+02
2.349071015586652891e+02
2.350672887207625763e+02
2.344698699845925773e+02
2.347809360511650141e+02
2.345553297344713428e+02
2.342936119099744872e+02
2.347205582400042658e+02
2.342521856282668011e+02
2.345984872052602839e+02
2.348972541293856864e+02
2.346770616290423277e+02
2.349729744575467123e+02
2.344397535553125351e+02
2.345764200979113809e+02
2.346613857812598383e+02
2.348392956642665013e+02
2.349491796943687802e+02
2.349185512711474928e+02
2.350207019490462983e+02
2.346835057704214194e+02
2.345116127946812412e+02
2.347546214167360574e+02
2.348834670160092628e+02
2.350469088395397819e+02
2.343515534221889141e+02
2.342508262282943861e+02
2.344767668330187291e+02
2.344005334544833943e+02
2.344121763266282699e+02
2.348366160869294674e+02
2.354814450265345442e+02
2.346866093097993087e+02
2.343582131120626570e+02
2.345372446626373915e+02
2.344422693043775041e+02
2.345726450906048228e+02
2.349347015288988985e+02
2.344943299509991164e+02
2.343395902187609465e+02
2.345377672798862250e+02
2.346492968842324842e+02
2.346352453436754502e+02
2.343574049663137941e+02
2.344701135874156250e+02
2.349967913235002186e+02
2.348104783883161133e+02
2.346232153370756635e+02
2.346361256083637272e+02
2.349207565930126975e+02
2.348713291224138686e+02
2.345606384078653548e+02
2.344930905242405288e+02
2.342677547000814968e+02
2.343783104726693693e+02
2.348506519085350135e+02
2.342549825759006978e+02
2.343379400367795427e+02
2.341311049358013179e+02
2.344016791528357544e+02
2.346288425971668801e+02
2.343860171082747001e+02
2.345635196929093809e+02
2.345168150306130030e+02
2.342014176963868692e+02
2.345825551582878177e+02
2.346961466875622762e+02
2.346406051107802568e+02
2.343930219871799352e+02
2.347972315778012842e+02
2.350756013595303102e+02
2.351889113122014976e+02
2.345284708050284337e+02
2.346966009495803007e+02
2.344316694027703818e+02
2.345264244263645423e+02
2.347184841884412378e+02
2.344727506200208325e+02
2.345715694647383316e+02
2.347207443532648483e+02
2.344106367158020419e+02
2.343892563910611386e+02
2.342147644672545539e+02
2.342777240945563051e+02
2.342496322618444253e+02
2.344024893019276305e+02
2.344789450343940587e+02
2.342261221030107379e+02
2.342828720060551007e+02
2.342081348517544654e+02
2.343221252236893690e+02
2.347987259370424624e+02
2.345802539588732714e+02
2.343450644927793007e+02
2.344032370463074528e+02
2.343844198656609024e+02
2.344626127262698390e+02
2.345885581725213740e+02
2.343564157817323519e+02
2.346265908576082495e+02
2.345372041627811370e+02
2.342502444520020788e+02
2.345166005260302882e+02
2.344555926022144661e+02
2.345601243363443302e+02
2.343059499027618529e+02
2.343723570328694166e+02
2.348304642213122690e+02
2.346775822133141673e+02
2.347911035425008492e+02
2.343362058990365711e+02
2.347031097221122025e+02
2.343885482328392129e+02
2.347408454376697193e+02
2.349077923198174176e+02
2.349396302878957385e+02
2.343736354028208382e+02
2.344789229856278041e+02
2.351070349645253543e+02
2.343880237225113206e+02
2.343678672749244924e+02
2.346802302030810097e+02
2.351966233041497105e+02
2.344435906753627421e+02
2.346238860452585584e+02
2.348258345430325278e+02
2.344514895385749469e+02
2.349266963360095133e+02
2.344653460410851267e+02
2.343824581630286445e+02
2.345614449680511200e+02
2.347703183416042805e+02
2.346756943402039326e+02
2.344777576641594408e+02
2.346039919221655907e+02
2.342957591339074952e+02
2.344460884274234047e+02
2.347613205243817163e+02
2.343772410081153623e+02
2.344000007329348136e+02
2.348181160907939784e+02
2.347739998489620064e+02
2.345142177519504969e+02
2.344002727430866173e+02
2.346211166605925484e+02
2.346239992235735770e+02
2.344338844910147657e+02
2.344185724200623042e+02
2.347222291147759279e+02
2.344597782226016989e+02
2.344429190530325968e+02
2.350306613886530158e+02
2.345227472152560324e+02
2.346572097631444933e+02
2.345476399271467187e+02
2.346024059241181305e+02
2.345276752567381209e+02
2.343976367761886195e+02
2.344727639567082917e+02
2.350216257275874057e+02
2.351089473697125243e+02
2.348127676762507292e+02
2.344265922228593979e+02
2.344028235433751490e+02
2.342148603885180194e+02
2.343360736249871081e+02
2.349944733176321279e+02
2.346047905064600627e+02
2.344597252613261560e+02
2.346907876945276712e+02
2.347233169701999316e+02
2.347453598220099593e+02
2.345572998990954829e+02
2.347222949642568040e+02
2.346287610675159385e+02
2.346275379020528646e+02
2.346580803573106948e+02
2.344941063174329656e+02
2.353368781862667163e+02
2.347179574094836028e+02
2.344840819637571769e+02
2.342534190824980840e+02
2.344758814657523089e+02
2.342934245536829678e+02
2.345727532231694852e+02
2.343402965634860777e+02
2.345151276052105516e+02
2.339883624143936629e+02
2.345691929206332134e+02
2.347569543765854405e+02
2.349163419348685977e+02
2.346427423669587427e+02
2.347138242613681030e+02
2.343681874813619572e+02
2.344811138305817337e+02
2.346244963626001834e+02
2.346465247703978605e+02
2.345837367295609113e+02
2.345738877698620399e+02
2.342613251727335921e+02
2.342837845083284662e+02
2.345585080599836658e+02
2.344955837083779500e+02
2.347299845628922128e+02
2.348269560048972551e+02
2.345286916178312993e+02
2.347207717475819209e+02
2.350312524054166090e+02
2.345915329937798788e+02
2.347833986848645793e+02
2.349454317285240279e+02
2.351571958829056541e+02
2.349098968884389933e+02
2.345564470511270656e+02
2.343227742747020841e+02
2.347252522760698810e+02
2.346901849226213699e+02
2.345191630852534388e+02
2.342301868607607958e+02
2.343917214444642241e+02
2.346398776126039820e+02
2.351523816047174193e+02
2.347121039151375896e+02
2.347342150078231100e+02
2.348740920001353913e+02
2.342953251008135283e+02
2.343993597986679163e+02
2.345448680260390404e+02
2.343376429917646249e+02
2.345082639981286832e+02
2.349599146541027892e+02
2.355005860748565567e+02
2.345012398907980469e+02
2.344511714457340474e+02
2.345373555602555200e+02
2.345346618985355178e+02
2.348956393474587969e+02
2.345718747285756365e+02
