3.402701037602096790e+02
3.402701038719315534e+02
3.402701038775197162e+02
3.402701038846706183e+02
3.402701038552979753e+02
3.402701039038778390e+02
3.402701039271519790e+02
3.402701038897549211e+02
3.402701038579633064e+02
3.402701038604822088e+02
3.402701039063136363e+02
3.402701038829440563e+02
3.402701038650552050e+02
3.402701038397970024e+02
3.402701039062929453e+02
3.402701038359114705e+02
3.402701038700399181e+02
3.402701038553354351e+02
3.402701038960707933e+02
3.402701038667501052e+02
3.402701038808366434e+02
3.402701038854348212e+02
3.402701039237271630e+02
3.402701038802254061e+02
3.402701038516693757e+02
3.402701039234836458e+02
3.402701038907823090e+02
3.402701039065261739e+02
3.402701038793583166e+02
3.402701038513364438e+02
3.402701038522319550e+02
3.402701038925562784e+02
3.402701039361965627e+02
3.402701038334234340e+02
3.402701039183457965e+02
3.402701038617210543e+02
3.402701038984683350e+02
3.402701038734633698e+02
3.402701038635353825e+02
3.402701038324759679e+02
3.402701038846660140e+02
3.402701039156245884e+02
3.402701038889730967e+02
3.402701038861718530e+02
3.402701038749700615e+02
3.402701039195932822e+02
3.402701038878828399e+02
3.402701038592516625e+02
3.402701039347051051e+02
3.402701038699011065e+02
3.402701038921786107e+02
3.402701038907276256e+02
3.402701038895807528e+02
3.402701038809659053e+02
3.402701038598861487e+02
3.402701039294943826e+02
3.402701038949062422e+02
3.402701038454287641e+02
3.402701038912936156e+02
3.402701038440345087e+02
3.402701039134464054e+02
3.402701038978246970e+02
3.402701038602158405e+02
3.402701038431946472e+02
3.402701038694419253e+02
3.402701038959096422e+02
3.402701039004759878e+02
3.402701038637016495e+02
3.402701038417761765e+02
3.402701038366872694e+02
3.402701039202447078e+02
3.402701038437490411e+02
3.402701038903446147e+02
3.402701038436068188e+02
3.402701038925010835e+02
3.402701038843384254e+02
3.402701038903904305e+02
3.402701038594277065e+02
3.402701039199231445e+02
3.402701038727920491e+02
3.402701038661599000e+02
3.402701038928735784e+02
3.402701038818299821e+02
3.402701038997486762e+02
3.402701038726393108e+02
3.402701038481714590e+02
3.402701038952411636e+02
3.402701039137758130e+02
3.402701039005870030e+02
3.402701038861625875e+02
3.402701038512806804e+02
3.402701039238708631e+02
3.402701039256305080e+02
3.402701038701732728e+02
3.402701038581670332e+02
3.402701038084826450e+02
3.402701038112624587e+02
3.402701038530296955e+02
3.402701038890136829e+02
3.402701039073076004e+02
3.402701038405794520e+02
3.402701038539425440e+02
3.402701038995764975e+02
3.402701039330813160e+02
3.402701038382372758e+02
3.402701038466431669e+02
3.402701038423897444e+02
3.402701038771413664e+02
3.402701038944132961e+02
3.402701038782232672e+02
3.402701038640956881e+02
3.402701039278113058e+02
3.402701039087709773e+02
3.402701038637406441e+02
3.402701038635797772e+02
3.402701039160309051e+02
3.402701038431208644e+02
3.402701038718789164e+02
3.402701038737916974e+02
3.402701039227718525e+02
3.402701039179549412e+02
3.402701037784086679e+02
3.402701038681992145e+02
3.402701038588083406e+02
3.402701038876516577e+02
3.402701039303856305e+02
3.402701038717107735e+02
3.402701039195525823e+02
3.402701038672290110e+02
3.402701038289225721e+02
3.402701039504774485e+02
3.402701038931111839e+02
3.402701038726603997e+02
3.402701039086163632e+02
3.402701038775883831e+02
3.402701038590586791e+02
3.402701038131289124e+02
3.402701038532003963e+02
3.402701038918135623e+02
3.402701039073693323e+02
3.402701039028011110e+02
3.402701038964860913e+02
3.402701038930469508e+02
3.402701038351129341e+02
3.402701038423633122e+02
3.402701038830665539e+02
3.402701038516298127e+02
3.402701038859071900e+02
3.402701038837573151e+02
3.402701038390578674e+02
3.402701038677927841e+02
3.402701038994718488e+02
3.402701038367642354e+02
3.402701038847901600e+02
3.402701038539566980e+02
3.402701039237855980e+02
3.402701038812048182e+02
3.402701038993895963e+02
3.402701039505317340e+02
3.402701038282625063e+02
3.402701038857681510e+02
3.402701038312630999e+02
3.402701038843788410e+02
3.402701039242350021e+02
3.402701039072948674e+02
3.402701038524065780e+02
3.402701039184707952e+02
3.402701038513214371e+02
3.402701038271653147e+02
3.402701038636137696e+02
3.402701038817515951e+02
3.402701038428535298e+02
3.402701038411448167e+02
3.402701038665789497e+02
3.402701038875087534e+02
3.402701039067748638e+02
3.402701038911935143e+02
3.402701038536402507e+02
3.402701038241937681e+02
3.402701038830232960e+02
3.402701038289564508e+02
3.402701038450101692e+02
3.402701038837987539e+02
3.402701039688296873e+02
3.402701039070197453e+02
3.402701038833219513e+02
3.402701038728951630e+02
3.402701039244722097e+02
3.402701038929058086e+02
3.402701039144245101e+02
3.402701038978988208e+02
3.402701038431646907e+02
3.402701039083837600e+02
3.402701038909607405e+02
3.402701039151988311e+02
3.402701038630665948e+02
3.402701039280871100e+02
3.402701038660056270e+02
3.402701038635599389e+02
3.402701038612660227e+02
3.402701038783035870e+02
3.402701038560663278e+02
3.402701039315166440e+02
3.402701038578169914e+02
3.402701038422771376e+02
3.402701038923269721e+02
3.402701039078675080e+02
3.402701038897653234e+02
3.402701038962583766e+02
3.402701038813156629e+02
3.402701038836603971e+02
3.402701039101547167e+02
3.402701038193933982e+02
3.402701038648773988e+02
3.402701039122669044e+02
3.402701038723843681e+02
3.402701038643394327e+02
3.402701038742334276e+02
3.402701038960656774e+02
3.402701038765205226e+02
3.402701038576800556e+02
3.402701038705823180e+02
3.402701038976352379e+02
3.402701038275997121e+02
3.402701038863939402e+02
3.402701038916131893e+02
3.402701038877466999e+02
3.402701038758048639e+02
3.402701038867066359e+02
3.402701038845983703e+02
3.402701038447900714e+02
3.402701039406910013e+02
3.402701038647396672e+02
3.402701039112027388e+02
3.402701038291820055e+02
3.402701039089166102e+02
3.402701039123704163e+02
3.402701038623662839e+02
3.402701038704086614e+02
3.402701038909028171e+02
3.402701038986980961e+02
3.402701038653223122e+02
3.402701038870811772e+02
3.402701038875782160e+02
3.402701038713469757e+02
3.402701038498981347e+02
3.402701038433826284e+02
3.402701038693518285e+02
3.402701038654329864e+02
3.402701038458168910e+02
3.402701038976687755e+02
3.402701038712759782e+02
3.402701038571440790e+02
3.402701038206275257e+02
3.402701038669319473e+02
3.402701038847238237e+02
3.402701038318463134e+02
3.402701038818603934e+02
3.402701038973273739e+02
3.402701038701398488e+02
3.402701039026319449e+02
3.402701039087121444e+02
3.402701039049921405e+02
3.402701039135292262e+02
3.402701038651105705e+02
3.402701039155310809e+02
3.402701038937428279e+02
3.402701038681153705e+02
3.402701038830154516e+02
3.402701038345373945e+02
3.402701039119498319e+02
3.402701038869336685e+02
3.402701038819312203e+02
3.402701039305128461e+02
3.402701039194796522e+02
3.402701038998247896e+02
3.402701039083054297e+02
3.402701038797013666e+02
3.402701038946019025e+02
3.402701038919548751e+02
3.402701039349985308e+02
3.402701038672917093e+02
3.402701038884141553e+02
3.402701038641412765e+02
3.402701038495374064e+02
3.402701038897237140e+02
3.402701038496474553e+02
3.402701038776203859e+02
3.402701038719955591e+02
3.402701038596401872e+02
3.402701038721402256e+02
3.402701038826836566e+02
3.402701038789728045e+02
3.402701038798824129e+02
3.402701039034115524e+02
3.402701038749171403e+02
3.402701038317414941e+02
3.402701039192659778e+02
3.402701038590969347e+02
3.402701038592667260e+02
3.402701039177558755e+02
3.402701038734532517e+02
3.402701038390861754e+02
3.402701038570410788e+02
3.402701038739485284e+02
3.402701038213279503e+02
3.402701038625999104e+02
3.402701038860738549e+02
3.402701038752682621e+02
3.402701038761871359e+02
3.402701038887765321e+02
3.402701038696805540e+02
3.402701038979832333e+02
3.402701039048344001e+02
3.402701038759013841e+02
3.402701038677295742e+02
3.402701039178503493e+02
3.402701038996782472e+02
3.402701038863295935e+02
3.402701038999603043e+02
3.402701038676741518e+02
3.402701039128091338e+02
3.402701038968615990e+02
3.402701038742972059e+02
3.402701038562876761e+02
3.402701038366856778e+02
3.402701038769498041e+02
3.402701039062893074e+02
3.402701038723116085e+02
3.402701038563033080e+02
3.402701038655077923e+02
3.402701038138166609e+02
3.402701038747988491e+02
3.402701038422438273e+02
3.402701038926791739e+02
3.402701039117303594e+02
3.402701038649584575e+02
3.402701039042314051e+02
3.402701038985410946e+02
3.402701038775704205e+02
3.402701038815886818e+02
3.402701038918856398e+02
3.402701038672747131e+02
3.402701039207394729e+02
3.402701038953694024e+02
3.402701038953082389e+02
3.402701038713826733e+02
3.402701038717031565e+02
3.402701038889008487e+02
3.402701039350053520e+02
3.402701039041208446e+02
3.402701038933846007e+02
3.402701039320791665e+02
3.402701039461201731e+02
3.402701038333189558e+02
3.402701038794849069e+02
3.402701039009037345e+02
3.402701038875951554e+02
3.402701038633180133e+02
3.402701038650147325e+02
3.402701039107393512e+02
3.402701039276642518e+02
3.402701039098208753e+02
3.402701039112740773e+02
3.402701039083220280e+02
3.402701038987772222e+02
3.402701038752274485e+02
3.402701039119791062e+02
3.402701038620722898e+02
3.402701039113829324e+02
3.402701038821829229e+02
3.402701038692860607e+02
3.402701038989509357e+02
3.402701039169065211e+02
3.402701038801498044e+02
3.402701039001684649e+02
3.402701038309887167e+02
3.402701039292540486e+02
3.402701038989753783e+02
3.402701038721655777e+02
3.402701038401162918e+02
3.402701038721286864e+02
3.402701039070769298e+02
3.402701038631348069e+02
3.402701038763302108e+02
3.402701038671806941e+02
3.402701038536321789e+02
3.402701038685250410e+02
3.402701039124170848e+02
3.402701038512976197e+02
3.402701038564217129e+02
3.402701038227528443e+02
3.402701038391956558e+02
3.402701038940002150e+02
3.402701038961387781e+02
3.402701038734336976e+02
3.402701038115455390e+02
3.402701039244932986e+02
3.402701039115152639e+02
3.402701038813785885e+02
3.402701038321491183e+02
3.402701038631213919e+02
3.402701038829762865e+02
3.402701039370356852e+02
3.402701038274029770e+02
3.402701038999124421e+02
3.402701039119463644e+02
3.402701038820663939e+02
3.402701038924668069e+02
3.402701038457306026e+02
3.402701038647506380e+02
3.402701038926749675e+02
3.402701038627354819e+02
3.402701038876906523e+02
3.402701039036272164e+02
3.402701038795901241e+02
3.402701038871172159e+02
3.402701039125542479e+02
3.402701039134241228e+02
3.402701038869194008e+02
3.402701038367579827e+02
3.402701038803587039e+02
3.402701038941186766e+02
3.402701039113120487e+02
3.402701038882441935e+02
3.402701039016425852e+02
3.402701038673082508e+02
3.402701038559171707e+02
3.402701038617040581e+02
3.402701039130618597e+02
3.402701039103403104e+02
3.402701039084642503e+02
3.402701038993839120e+02
3.402701039084036552e+02
3.402701038998921490e+02
3.402701038832573772e+02
3.402701039022230702e+02
3.402701039182402951e+02
3.402701038829036975e+02
3.402701038745591404e+02
3.402701038802629228e+02
3.402701038530810820e+02
3.402701038733219434e+02
3.402701039189065568e+02
3.402701039392344455e+02
3.402701038127042352e+02
3.402701038861592906e+02
3.402701038834181873e+02
3.402701038511351612e+02
3.402701038761907171e+02
3.402701039384697310e+02
3.402701038581787429e+02
3.402701039371006004e+02
3.402701039041231752e+02
3.402701039035734425e+02
3.402701038828153628e+02
3.402701039083648311e+02
3.402701039435727353e+02
3.402701038255966637e+02
3.402701038934797566e+02
3.402701038663613531e+02
3.402701039033721031e+02
3.402701039098760134e+02
3.402701038925128501e+02
3.402701038852022180e+02
3.402701038910075795e+02
3.402701038948344490e+02
3.402701038239352442e+02
3.402701039182073259e+02
3.402701038447410724e+02
3.402701038348528186e+02
3.402701038249443286e+02
3.402701038841885293e+02
3.402701038613778906e+02
3.402701038435394025e+02
3.402701038379524903e+02
3.402701038962284770e+02
3.402701039109203407e+02
3.402701038910494731e+02
3.402701038945536425e+02
3.402701038536046667e+02
3.402701038486188736e+02
3.402701039267096803e+02
3.402701038771886601e+02
3.402701039108872010e+02
3.402701039005354460e+02
3.402701039136997565e+02
3.402701039221486781e+02
3.402701038804443670e+02
3.402701038514422862e+02
3.402701038969336764e+02
3.402701039318131961e+02
3.402701038853721798e+02
3.402701038871398396e+02
3.402701038811614467e+02
3.402701038566917759e+02
3.402701038686328161e+02
3.402701039203963660e+02
3.402701039182968543e+02
3.402701039240773184e+02
