2.856727401783769551e+02
2.856624123479913919e+02
2.858984361007658777e+02
2.858932656526524738e+02
2.857177652434061770e+02
2.857033734218067025e+02
2.856896293924970678e+02
2.858849403115951873e+02
2.859656182565685754e+02
2.858345081313589731e+02
2.857681372092360448e+02
2.857463151320239945e+02
2.857031309758694420e+02
2.857665154667782303e+02
2.859058432223277464e+02
2.857838123726079402e+02
2.858161796523431804e+02
2.856586857583534993e+02
2.856075415040762095e+02
2.856963767706996009e+02
2.857728433403201507e+02
2.858385252449126597e+02
2.859012067226391878e+02
2.857763233876894446e+02
2.856686461530941301e+02
2.857514801586464728e+02
2.855890047018611426e+02
2.857215743927236531e+02
2.858418670315341501e+02
2.858884239202088793e+02
2.857590592857486058e+02
2.857988485374782499e+02
2.857572000534861445e+02
2.857576109066001209e+02
2.858166152232477657e+02
2.856651474966541855e+02
2.856828040754137987e+02
2.857746213486637998e+02
2.856687522822114715e+02
2.856921872602350163e+02
2.859081991239722242e+02
2.857103964415330779e+02
2.855905657395920230e+02
2.856926600943936592e+02
2.858767795717339482e+02
2.857905443174328184e+02
2.856293475925569965e+02
2.855296271871663407e+02
2.856103077685677363e+02
2.855875311681125481e+02
2.855891398472613218e+02
2.857393777220308380e+02
2.856917600808655493e+02
2.856086110281666492e+02
2.856266484780210817e+02
2.857329857311987666e+02
2.857115797651022717e+02
2.857123207274981382e+02
2.856965530410998895e+02
2.856485201332630481e+02
2.856462370062994296e+02
2.856093559951722796e+02
2.857330393165782993e+02
2.856330693177522448e+02
2.857793119508255018e+02
2.859218883071210371e+02
2.857793878306483180e+02
2.857454179288541241e+02
2.857398730902415878e+02
2.856819310242490815e+02
2.859465407534190149e+02
2.858925637487957943e+02
2.857480797328808535e+02
2.857722847712746557e+02
2.857573774064304075e+02
2.857826910831701639e+02
2.858724638652310546e+02
2.859870189648192422e+02
2.858613092954512354e+02
2.858778547987849947e+02
2.857512312804433918e+02
2.858362687230736583e+02
2.859850423769576082e+02
2.859525036535944764e+02
2.860082257234270742e+02
2.858527902971582648e+02
2.859238242591914059e+02
2.858477550428734730e+02
2.858683417574316650e+02
2.856949167017344848e+02
2.858473934919427393e+02
2.857782015624301835e+02
2.859388886665903442e+02
2.859192549218132058e+02
2.858553115889296805e+02
2.857061058022424618e+02
2.857904175493470689e+02
2.857659866475264039e+02
2.858178749491804069e+02
2.858641069221438897e+02
2.859043161711630887e+02
2.859507690479217672e+02
2.857930880011835484e+02
2.858459174823490230e+02
2.859625807893094702e+02
2.860472092548067735e+02
2.859039582554693197e+02
2.857632042505098866e+02
2.857785315758389402e+02
2.858211053263689791e+02
2.859189232699458785e+02
2.860864104040766165e+02
2.860642141771184015e+02
2.857157060868409530e+02
2.857635670505033545e+02
2.857294150013391345e+02
2.857844662311234742e+02
2.857706244149628105e+02
2.856950278870868942e+02
2.857816635834923886e+02
2.858094456326459749e+02
2.856710186565116487e+02
2.858546571511495813e+02
2.857801356367922381e+02
2.858052642968632426e+02
2.858802177658847654e+02
2.858843410255045683e+02
2.859218307675423603e+02
2.857798103304228903e+02
2.857160655471754467e+02
2.858354617233093791e+02
2.858473498847409360e+02
2.857742378189027477e+02
2.859400644601381600e+02
2.858678396810500999e+02
2.858242652914708515e+02
2.857811809528165554e+02
2.857641129162273046e+02
2.858620663005779647e+02
2.857620497368104111e+02
2.857130602706446894e+02
2.857967860408857632e+02
2.858738627490583326e+02
2.857842184540392054e+02
2.859082348309586337e+02
2.858538487565066930e+02
2.859663165510966110e+02
2.859348100117665012e+02
2.859050069120020794e+02
2.860117101631058745e+02
2.859476406405235025e+02
2.860437870316235376e+02
2.859987287253815680e+02
2.858919031344645987e+02
2.858535070391382646e+02
2.859334695598831786e+02
2.860113296729820718e+02
2.857640902835566408e+02
2.858120560118497337e+02
2.858407381680812591e+02
2.858962797394962081e+02
2.859551261897159407e+02
2.858298323782634611e+02
2.857274651571278810e+02
2.859051829941807341e+02
2.858982123032958498e+02
2.858413295123852436e+02
2.858289696072108086e+02
2.857943969714951322e+02
2.858131020051063729e+02
2.857089243361646140e+02
2.857526152768321595e+02
2.859281489636156834e+02
2.859476474347291060e+02
2.858888370603029330e+02
2.858314235964358545e+02
2.857134954863931853e+02
2.858183173061984803e+02
2.859300879889345310e+02
2.859725728036517580e+02
2.858872000788239802e+02
2.858103892742266794e+02
2.858082666158393863e+02
2.857040563925272068e+02
2.859012318647374400e+02
2.859681479789080640e+02
2.857077446776498846e+02
2.857569991683195667e+02
2.858039364646978697e+02
2.858037057860144614e+02
2.858118242628722783e+02
2.858732394244612465e+02
2.859323734607646088e+02
2.858143795442001078e+02
2.856615853470435127e+02
2.858260461224315350e+02
2.858241856973151016e+02
2.860914204850943179e+02
2.860113802823887568e+02
2.857733150351611471e+02
2.859513799398820879e+02
2.858421075932919280e+02
2.857575746968173007e+02
2.857837499435441373e+02
2.857758156725637377e+02
2.857807115352606502e+02
2.857722530636305578e+02
2.859080346375326940e+02
2.858845680862047516e+02
2.859336862423758134e+02
2.857739875998205434e+02
2.858383704611429721e+02
2.858593580698174605e+02
2.858924096940145887e+02
2.857987986330937815e+02
2.856794036856258003e+02
2.856583850164404907e+02
2.857586171503263586e+02
2.858684083223618586e+02
2.858679164144256788e+02
2.857864795063553061e+02
2.858137527505974163e+02
2.858005030746978719e+02
2.857850734938601818e+02
2.859885365753382871e+02
2.858252601974780305e+02
2.858727069589924099e+02
2.859580234150564024e+02
2.859323048711875686e+02
2.858318318020677111e+02
2.859235380755101801e+02
2.859687906926534993e+02
2.860187309235344628e+02
2.858846421073674833e+02
2.857924200773888970e+02
2.858080202221443642e+02
2.858295348860432910e+02
2.858865604140296455e+02
2.859101042964106227e+02
2.858183658055236833e+02
2.859236342545201524e+02
2.858723454561117592e+02
2.858576306141034706e+02
2.858778614422536180e+02
2.859558739054805869e+02
2.858222340211963797e+02
2.858971806668477598e+02
2.860010801184015463e+02
2.858390591422009948e+02
2.857608219204585680e+02
2.858109134257042001e+02
2.860063148061522611e+02
2.859343770701323137e+02
2.858446603840944249e+02
2.858892177343270191e+02
2.858863957777485894e+02
2.858672507598514585e+02
2.860263645289682586e+02
2.858365685963975125e+02
2.858377983646221310e+02
2.858467914078921694e+02
2.857628332751297080e+02
2.859590093446403785e+02
2.859619027503414372e+02
2.859162398147408908e+02
2.858024069661826729e+02
2.859288800521392204e+02
2.857818196990206729e+02
2.857656376860192609e+02
2.858001506650707597e+02
2.857331292071482380e+02
2.858274928975367288e+02
2.858197729101474351e+02
2.859229505741138269e+02
2.859823752200690592e+02
2.858799859145034929e+02
2.859523808348670286e+02
2.859724853125654249e+02
2.860569616051431581e+02
2.860040430057154595e+02
2.860287191568963294e+02
2.859805719061984632e+02
2.859050490780392124e+02
2.858163862345630832e+02
2.859214484414503659e+02
2.860394713019167625e+02
2.859016428316079441e+02
2.857853379225057324e+02
2.858135405668609792e+02
2.857138988857687423e+02
2.857972499463921281e+02
2.858895246570100994e+02
2.861596493143493376e+02
2.860710463976631672e+02
2.857901875606860358e+02
2.857972170185217351e+02
2.858649954603203582e+02
2.857293990842814537e+02
2.858309440972458901e+02
2.859856731691872369e+02
2.857367036462478040e+02
2.857015949132909896e+02
2.857352997932441099e+02
2.858331651106710183e+02
2.858336791141835533e+02
2.858123934013250391e+02
2.859545799223302538e+02
2.860137941884047450e+02
2.858319398248779066e+02
2.858368458418943305e+02
2.858219724806494355e+02
2.860139144146355648e+02
2.858385661187907658e+02
2.858620630138839260e+02
2.857919922376222530e+02
2.856911594206268887e+02
2.859146657209238924e+02
2.858572825153123631e+02
2.856518401424725084e+02
2.856791633581599967e+02
2.856699640006680738e+02
2.856753847792511465e+02
2.857986191900318431e+02
2.857948853656556025e+02
2.857592545905528141e+02
2.858126142482827845e+02
2.856964611915733485e+02
2.857922622812155851e+02
2.857950672660969644e+02
2.857706744638967962e+02
2.857548939946830728e+02
2.859935713709841707e+02
2.860397280439921701e+02
2.858864078853668502e+02
2.858991778370677252e+02
2.858202236781507963e+02
2.857688647740923784e+02
2.858549686020411968e+02
2.858202314590839137e+02
2.857587802859523549e+02
2.857762845922948145e+02
2.858024890444742709e+02
2.856972032926815359e+02
2.855798139201472736e+02
2.856099389109113531e+02
2.856053533572197125e+02
2.856601775870744291e+02
2.856870826469763074e+02
2.857883653363488179e+02
2.856272157052928264e+02
2.856856211449184570e+02
2.856350319212384079e+02
2.857909686163074525e+02
2.858650873814292481e+02
2.857221799977349406e+02
2.858029427384423684e+02
2.857976909920462845e+02
2.857566795240961710e+02
2.858422224005759631e+02
2.857992782303119839e+02
2.856929582780697388e+02
2.857590033413680430e+02
2.857147790144178430e+02
2.855960767062533137e+02
2.857616993625080681e+02
2.857995717832886271e+02
2.857868304606286642e+02
2.857071043712429059e+02
2.857731860917957079e+02
2.857966687378366828e+02
2.857990628691310917e+02
2.858063779993756839e+02
2.857107315058323138e+02
2.858171907915672705e+02
2.857992364003880539e+02
2.859505652003275031e+02
2.860470968532826532e+02
2.859220290996401559e+02
2.858404162646260716e+02
2.859063541771080850e+02
2.859177254061260101e+02
2.857955790924456778e+02
2.858172698993336098e+02
2.859963744038166737e+02
2.860084921130582529e+02
2.857600574843233403e+02
2.858627898620406427e+02
2.858695846438517378e+02
2.858012661972787214e+02
2.858744647555668621e+02
2.857498836044025552e+02
2.857757845978133560e+02
2.858727142616498327e+02
2.858539636312587504e+02
2.857975141838413720e+02
2.856894173587738237e+02
2.857110480333722080e+02
2.857512387167138854e+02
2.857013280611268442e+02
2.858454028257690993e+02
2.856823399133884323e+02
2.857201809819269442e+02
2.858195507091713807e+02
2.858074780784091331e+02
2.856785705965033344e+02
2.857836871857388701e+02
2.858437529210113439e+02
2.857779718104664539e+02
2.857890452331876645e+02
2.858692901682484830e+02
2.857988083038691798e+02
2.857826370321248532e+02
2.859088767342324786e+02
2.859775386906852077e+02
2.857353227569878982e+02
2.858427261947327338e+02
2.857868574707026710e+02
2.858201921600511923e+02
2.857502396375455760e+02
2.858033789417040680e+02
2.858565692683536668e+02
2.859806453276523257e+02
2.859792003360665831e+02
2.858850741823678163e+02
2.858295373727938795e+02
2.858067628723155735e+02
2.857001619906205292e+02
2.857843418219682121e+02
2.859215713548218787e+02
2.858407181328707338e+02
2.858759707581656357e+02
2.857810599289647939e+02
2.859084792004009046e+02
2.858439779504297462e+02
2.858958202182206492e+02
2.858513497880153977e+02
2.858295404446586758e+02
2.857731102468202948e+02
2.858258571499939649e+02
2.858835570265563888e+02
2.860233486970407739e+02
2.857636162691646291e+02
2.857057971718092517e+02
2.858079255257566160e+02
2.857573294724905963e+02
2.857366914324221057e+02
2.858104589658620398e+02
2.857698452198287100e+02
2.856895516268115216e+02
2.856348548120845976e+02
2.858183204156782722e+02
2.859059687179558864e+02
2.859234428638479812e+02
2.858634776361415675e+02
2.857872862836709942e+02
2.857747582380770268e+02
2.857892278574731790e+02
2.857713954864043444e+02
2.858613750293494036e+02
2.857382389710233497e+02
2.857997702264859186e+02
2.856505547223650865e+02
2.857022301751455871e+02
2.857961234118670859e+02
2.858141718505366384e+02
2.859007062539738513e+02
2.859067154771089463e+02
2.859529506170551940e+02
2.858794750079159144e+02
2.860031025813372594e+02
2.858845827745763017e+02
2.858990820369902508e+02
2.860799637680207184e+02
2.860294026815604980e+02
2.858223785594063315e+02
2.858015288679740706e+02
2.857088452888121424e+02
2.857689111372469029e+02
2.858283360347028861e+02
2.858580193146326565e+02
2.857225872034012468e+02
2.857828857151642410e+02
2.859098929418090620e+02
2.859898255084572156e+02
2.857989820768921732e+02
2.859543510773873436e+02
2.859159434476003412e+02
2.856751961343175026e+02
2.857673079603367228e+02
2.857286543271578125e+02
2.856870142458809028e+02
2.857695112974960807e+02
2.861040593431040406e+02
2.860236162555178794e+02
2.857609401206198072e+02
2.857002491468982157e+02
2.857436464404290177e+02
2.858136260917127061e+02
2.859217326127008505e+02
2.858464303664131307e+02
