2.864762136135122432e+02
2.863900024240292623e+02
2.866001773428332626e+02
2.866468971841373445e+02
2.864347928143552053e+02
2.863597834430442504e+02
2.865857930954018116e+02
2.866352814735291190e+02
2.864762098969055160e+02
2.865255467647889986e+02
2.864442407221145004e+02
2.863601409291460413e+02
2.863743000696773606e+02
2.864111954682752526e+02
2.865459419481189798e+02
2.866307125324783556e+02
2.866284326655061818e+02
2.865913686179090973e+02
2.865182784153741409e+02
2.865344871247023661e+02
2.865726821237415152e+02
2.865710694002943342e+02
2.866257101105854304e+02
2.865170749106113703e+02
2.866270528528652903e+02
2.866252375385922164e+02
2.865230639440517848e+02
2.865426005629930728e+02
2.865469675012892026e+02
2.867146318009070569e+02
2.865602969058882081e+02
2.865201726147483328e+02
2.864357907699401835e+02
2.865373279460038702e+02
2.861829898333745064e+02
2.862353959345438739e+02
2.863288847409832556e+02
2.863904843263524640e+02
2.866194936940440243e+02
2.866849968917027240e+02
2.865949754882902880e+02
2.866134361374255946e+02
2.866112995165267421e+02
2.866664937264500281e+02
2.866826043047095141e+02
2.867216473261414080e+02
2.867951701061552399e+02
2.867609862680179731e+02
2.867066489478915514e+02
2.868634807898061467e+02
2.869147068578356539e+02
2.866912967720593883e+02
2.866440707886560517e+02
2.865269092032394838e+02
2.868102754989454866e+02
2.867879244531253562e+02
2.867174404717483753e+02
2.867335635339994155e+02
2.867506349056885142e+02
2.869034226954790370e+02
2.869203499630362444e+02
2.869200505509482468e+02
2.865582318075831267e+02
2.864725252975687795e+02
2.867608263474745058e+02
2.868236190050587879e+02
2.867996458662041164e+02
2.867417177288630796e+02
2.868183422331277939e+02
2.869314356814829239e+02
2.869439333610993685e+02
2.867405216802146697e+02
2.868003984907699646e+02
2.868859520736242530e+02
2.867901732735979294e+02
2.867424223706273665e+02
2.866993926628402392e+02
2.868546997238474887e+02
2.869549786288843620e+02
2.868702245143390996e+02
2.868089557687226261e+02
2.868923424413773660e+02
2.869662521573912954e+02
2.869158407239703479e+02
2.868002698332684304e+02
2.867895196758623229e+02
2.867191448184091769e+02
2.866867794011398587e+02
2.867831240461500784e+02
2.868470415638334430e+02
2.868704735273242932e+02
2.866615204805501094e+02
2.866730335762514983e+02
2.867947332389000508e+02
2.867209459907464861e+02
2.865028951032693953e+02
2.865919347767097065e+02
2.867900681547936870e+02
2.866979999628431415e+02
2.866494908768154914e+02
2.867409297014077652e+02
2.866447925440866697e+02
2.866665078065128114e+02
2.867831921909487960e+02
2.867803628183596061e+02
2.867160715365641295e+02
2.866566307076064959e+02
2.867014621343936938e+02
2.868279147015389299e+02
2.868863862386486403e+02
2.867711888215255840e+02
2.867000732504547500e+02
2.867223203655740349e+02
2.865849114020163029e+02
2.862860892067696454e+02
2.863884318045630835e+02
2.866186669232088207e+02
2.866919815989068070e+02
2.866797056155397172e+02
2.866569932220025976e+02
2.865965692206867175e+02
2.866189254652035174e+02
2.868118815950337535e+02
2.868508040368293450e+02
2.867099285262045782e+02
2.865502252254007090e+02
2.867045363490842647e+02
2.868288294343723805e+02
2.867456780069832689e+02
2.866914889897475973e+02
2.866424165844981076e+02
2.868147675950813777e+02
2.869033692040592882e+02
2.866460764371346954e+02
2.865567388340667776e+02
2.866419383345543679e+02
2.868066284831905364e+02
2.868318198631474729e+02
2.867713266632198952e+02
2.868845598514474773e+02
2.871471524718674004e+02
2.871454530698987924e+02
2.864821825946548870e+02
2.865610823112660910e+02
2.868095318295159473e+02
2.867927227079371164e+02
2.868738430134567921e+02
2.869554277962518540e+02
2.870101197931276715e+02
2.870505669534782669e+02
2.871635274186758693e+02
2.872863347278785682e+02
2.872354248942082791e+02
2.871676593024848216e+02
2.872519190998971226e+02
2.871892010585228832e+02
2.871014854033571169e+02
2.871560407554143808e+02
2.872402784261128659e+02
2.873417876489907599e+02
2.872460925936915714e+02
2.872644194531292783e+02
2.874387265700886473e+02
2.875454572100379664e+02
2.872757727789181672e+02
