2.866397058041534933e+02
2.866269312136822123e+02
2.867280553349669958e+02
2.869043992813817567e+02
2.869526707738854725e+02
2.869041616657198119e+02
2.866015086835546413e+02
2.865554436446080331e+02
2.865918736829389104e+02
2.866729986874812539e+02
2.867075776530477356e+02
2.867918671210690604e+02
2.868318207351597948e+02
2.867127582592679005e+02
2.866168612065731054e+02
2.866672124956064067e+02
2.867534062390158169e+02
2.866793800765345281e+02
2.867268433544482491e+02
2.866719948095088171e+02
2.867796946844492254e+02
2.869221164677836100e+02
2.869385348227374948e+02
2.866642993688001297e+02
2.865875541494910408e+02
2.866575816392901856e+02
2.865937582213363726e+02
2.867721444517683835e+02
2.868425742566153076e+02
2.866635791061152077e+02
2.867255241740840574e+02
2.867772012687344159e+02
2.866547616320445400e+02
2.864332996293350675e+02
2.860879873482925291e+02
2.862547093020320972e+02
2.863095072166290151e+02
2.863709882866515954e+02
2.864955698909919306e+02
2.864421189087287303e+02
2.863956422907377259e+02
2.861729950597871266e+02
2.862507802645120591e+02
2.862856939577456501e+02
2.864048658092404480e+02
2.865849539283765921e+02
2.865944646486883016e+02
2.866924602598888896e+02
2.867765206175485559e+02
2.867168550264159421e+02
2.865923993207948683e+02
2.866770316208418308e+02
2.866544062550642025e+02
2.864392300329214436e+02
2.866153455879958187e+02
2.867275841148933182e+02
2.867358950215535742e+02
2.865761333199470755e+02
2.865889133015496668e+02
2.865237465131042427e+02
2.865794042313352179e+02
2.863171829189797677e+02
2.866097845598307003e+02
2.865750660168669697e+02
2.867094975148130516e+02
2.867909103653602756e+02
2.867495776513596297e+02
2.868793280961878622e+02
2.868989565425788442e+02
2.867896105012975454e+02
2.868820311690563472e+02
2.868557575785341101e+02
2.866841467911303880e+02
2.868353868486548777e+02
2.868150609360706653e+02
2.868309265009172009e+02
2.867459084378127727e+02
2.866174761243147486e+02
2.868908780228998125e+02
2.868357326193053609e+02
2.867236379035216487e+02
2.868904262131633800e+02
2.869697389552443951e+02
2.869733997961270120e+02
2.869313010839451863e+02
2.868379104884779167e+02
2.868624319245373044e+02
2.870494298434398388e+02
2.869709441450576151e+02
2.868015965570357366e+02
2.867880481019075773e+02
2.870034057572406141e+02
2.870240487375942280e+02
2.869231733771534323e+02
2.870203815457161909e+02
2.869398325551708240e+02
2.869203138120326457e+02
2.868165363044158198e+02
2.868658227055577754e+02
2.868740977886619135e+02
2.869392316660121764e+02
2.870168620706999718e+02
2.870843712616489256e+02
2.871459061158656709e+02
2.870974314691948166e+02
2.871041115031251820e+02
2.868718009558310200e+02
2.869027457983554541e+02
2.868637825874262148e+02
2.869029412745438208e+02
2.868838191593610532e+02
2.868055001431380902e+02
2.869384816344931437e+02
2.870051707244911654e+02
2.866349290078923104e+02
2.866365753346177030e+02
2.869091083470395915e+02
2.869367915905788209e+02
2.869229554689150063e+02
2.866252219775812478e+02
2.868164080427991962e+02
2.870698824778502853e+02
2.871208086772995216e+02
2.871246105408222888e+02
2.870683074240444057e+02
2.871044182677275103e+02
2.871653139027944803e+02
2.871889091629280415e+02
2.871732754439522068e+02
2.870865108925424920e+02
2.870644765263321574e+02
2.871193491550250769e+02
2.869880532873298762e+02
2.869932425346295872e+02
2.871029896211433083e+02
2.871332722580394261e+02
2.871992610232057359e+02
2.871838616092238112e+02
2.872288707739919005e+02
2.871685017285728918e+02
2.872776364785688656e+02
2.872073524984867277e+02
2.871398278523374188e+02
2.871434872466587080e+02
2.870910273625004265e+02
2.872205972574887483e+02
2.874501711347288619e+02
2.876249601435150112e+02
2.876075506885725872e+02
2.876860580228515687e+02
2.876857896384834703e+02
2.876156928449169641e+02
2.875928967487981822e+02
2.876968952737306040e+02
2.879032345579034882e+02
2.878803484754235456e+02
2.876050487086147882e+02
2.877037341874113849e+02
2.877042488475832442e+02
2.876287464789514274e+02
2.876266245378311623e+02
2.876890595211335153e+02
2.880872995322481529e+02
2.880897819145820336e+02
2.880616234417012151e+02
