2.868784992384498196e+02
2.869157760908470323e+02
2.870819504924870103e+02
2.870762256469764111e+02
2.867296881111445259e+02
2.868393634461716033e+02
2.870763524410896821e+02
2.871762147859558922e+02
2.870955667330936762e+02
2.868460576248457414e+02
2.866653054120267257e+02
2.868708324753427519e+02
2.871148479440633992e+02
2.870396629371342101e+02
2.866940721617211807e+02
2.867601490972805891e+02
2.869997546786670455e+02
2.870994521970578148e+02
2.871191620998117742e+02
2.868288995744615590e+02
2.868065083922105600e+02
2.870158199316489345e+02
2.871230290989620926e+02
2.868727935613100612e+02
2.866121523210130135e+02
2.869020915244290677e+02
2.870621409549376608e+02
2.867220888048514666e+02
2.865775504215412752e+02
2.867989833714470365e+02
2.871918976109445794e+02
2.871876657906904597e+02
2.869528699330380164e+02
2.868072350411923139e+02
2.866316270922761191e+02
2.868973514422986568e+02
2.870576738152352050e+02
2.868589357446164740e+02
2.867154040040592804e+02
2.868853790447151368e+02
2.871758670427924471e+02
2.871168224171124734e+02
2.871176637128032212e+02
2.868994158658738911e+02
2.870467366770103013e+02
2.872174865437036146e+02
2.869817704898566717e+02
2.868594947301627940e+02
2.868972030748896600e+02
2.871040091488809480e+02
2.870390187922923815e+02
2.871048196442566791e+02
2.871488528682859283e+02
2.866894759043093472e+02
2.866906024609216388e+02
2.868515925147295320e+02
2.869692711268014591e+02
2.869196978014639967e+02
2.870093980264679203e+02
2.871512372390040468e+02
2.869629486188940177e+02
2.869716849605625839e+02
2.869108575775515533e+02
2.869410102004804344e+02
2.869954569110588523e+02
2.868277167006539798e+02
2.868667334647574876e+02
2.870226621165889469e+02
2.871582569291649065e+02
2.872497455529651802e+02
2.870594619544105512e+02
2.869571689099107630e+02
2.869432675243922404e+02
2.872212368667920828e+02
2.869784320072455444e+02
2.868439966437248358e+02
2.869679892586635219e+02
2.872663852238443951e+02
2.869396737965831221e+02
2.869074138144197264e+02
2.870524468890374123e+02
2.873337281322474155e+02
2.872877200468088290e+02
2.869445742618953545e+02
2.870373112353667580e+02
2.872952312835562907e+02
2.871571861984955945e+02
2.870121513579991870e+02
2.874266311161080125e+02
2.874861593505255541e+02
2.871109816180066900e+02
2.869485659537351125e+02
2.869526157543004956e+02
2.870412776591164175e+02
2.872385848796012056e+02
2.870364784515588781e+02
2.873004933389317443e+02
2.874011621928909221e+02
2.870432979861384979e+02
2.868729005391535907e+02
2.870327398953225497e+02
2.872440879192712941e+02
2.872416505454273192e+02
2.869331720488552264e+02
2.870051497678462624e+02
2.872579486790954206e+02
2.871538934587483141e+02
2.872431538150553365e+02
2.871071086616835828e+02
2.870597739131940784e+02
2.872561765993553422e+02
2.872202861873183224e+02
2.868105696694346989e+02
2.866984304627822553e+02
2.868577744016758970e+02
2.870282576550469571e+02
2.867483775611050874e+02
2.868107429056727824e+02
2.871492881651092262e+02
2.871970026733990267e+02
2.869744296880683123e+02
2.868294535675505017e+02
2.869166933028904509e+02
2.872025300647321160e+02
2.870083134783143350e+02
2.869804136410571687e+02
2.870731377514610472e+02
2.872571212613101466e+02
2.871698802852080803e+02
2.870927840538088276e+02
2.873199082012089889e+02
2.873339055684882055e+02
2.870265209869495493e+02
2.868871602244045107e+02
2.871055510121492489e+02
2.872127584063478025e+02
2.869999860312964870e+02
2.871007497933671857e+02
2.873358322354105212e+02
2.872811528819532327e+02
2.872067603693434990e+02
2.871760938377975094e+02
2.871229188213619636e+02
2.874036971535232396e+02
2.874442132244647610e+02
2.871540673925352394e+02
2.873587963168423016e+02
2.877895831170379211e+02
2.876092545268380150e+02
2.873942271550886858e+02
2.874797596521605101e+02
2.877383108191656333e+02
2.877485157182900366e+02
2.874547622212886608e+02
2.874086024754103050e+02
2.875009460266207952e+02
2.878259531838787098e+02
2.876830156289240108e+02
2.877208371945237104e+02
2.877038532294876063e+02
2.877943149038098340e+02
2.877102491521802676e+02
2.874773333579900623e+02
2.877483344414986846e+02
2.879464436933603224e+02
