1.006003854099942458e+02
1.002810128343565026e+02
1.004840069082734573e+02
1.005158040483340756e+02
1.003402442189151174e+02
1.004121902359267295e+02
1.005387299671798047e+02
1.005107621432547376e+02
1.006000359108044364e+02
1.007646016783909175e+02
1.003966561212412074e+02
1.006637290378357648e+02
1.010444476085750125e+02
1.006125963711706817e+02
1.006628215712890864e+02
1.007490467826589793e+02
1.006902098438748823e+02
1.006165330603417516e+02
1.009213994070532721e+02
1.006499240064881775e+02
1.008181034852365627e+02
1.008722214329484359e+02
1.009434793955433065e+02
1.007989169797743756e+02
1.008017532718259446e+02
1.012319128808056092e+02
1.007440485492841589e+02
1.009060637797552857e+02
1.011173652813821349e+02
1.011543223914491136e+02
1.007802440313632957e+02
1.012222240323901588e+02
1.009379856561165951e+02
1.015695503734657592e+02
1.028546280404973317e+02
1.016304593361929847e+02
1.009945909521909897e+02
1.009529431019124814e+02
1.009143995447130209e+02
1.008734662909352124e+02
1.007578732908289538e+02
1.012755246034393082e+02
1.014151357236268041e+02
1.010448475559866637e+02
1.010832478448497227e+02
1.007332539601101189e+02
1.009898385474249807e+02
1.010656241058797917e+02
1.012614702881769517e+02
1.007121992023183594e+02
1.010215786320095077e+02
1.010192923475579505e+02
1.011501531575530066e+02
1.016550977421859017e+02
1.013044254535675606e+02
1.011271261287685661e+02
1.009880992844701950e+02
1.014797516800348802e+02
1.013600914044142343e+02
1.009849889324656402e+02
1.009494386625988938e+02
1.011874809345367368e+02
1.014690758996924274e+02
1.012143367399819880e+02
1.012229171034084061e+02
1.009070381699108339e+02
1.010289320817185938e+02
1.007204060171305144e+02
1.010327356128711500e+02
1.011837655187288618e+02
1.012277257821727261e+02
1.012110547338036781e+02
1.009426660475761537e+02
1.012847242974313531e+02
1.013338433050182061e+02
1.010400710578219332e+02
1.009742217365348580e+02
1.010633600112006576e+02
1.011854736687767087e+02
1.008967200971001290e+02
1.010981561042036532e+02
1.012909949697912566e+02
1.014169527287675550e+02
1.011476620163005720e+02
1.012630660501081792e+02
1.010636793373447375e+02
1.009162870677320001e+02
1.009991136824069002e+02
1.012264945567778085e+02
1.010829079354210620e+02
1.012630979497937602e+02
1.012173281755042495e+02
1.010578494217758703e+02
1.011502273333447874e+02
1.012425744295631915e+02
1.010272612753583985e+02
1.010914433772371126e+02
1.012431771566652827e+02
1.008401875695555390e+02
1.009623782626301391e+02
1.013050955535014168e+02
1.010997023264192052e+02
1.011234459882927581e+02
1.011966689475223831e+02
1.010980545058419011e+02
1.011713641140444366e+02
1.011199421819990363e+02
1.012110370648344997e+02
1.013377160442052514e+02
1.013172146641872899e+02
1.012993247349139665e+02
1.013730784778456240e+02
1.013057419383528810e+02
1.022459421117271035e+02
1.017277603377127804e+02
1.017488353004895458e+02
1.012222026600085059e+02
1.013743515565337958e+02
1.015288237857515696e+02
1.011089180757791866e+02
1.013675507012390966e+02
1.013003592142410270e+02
1.014709575874705791e+02
1.012372735500269556e+02
1.013554042624555933e+02
1.016377403673808004e+02
1.014139592006040402e+02
1.012295044193164841e+02
1.013264811294270515e+02
1.014590422408775083e+02
1.011344043346371109e+02
1.010550188648043815e+02
1.015687665009570537e+02
1.017263758231977135e+02
1.013542584015923325e+02
1.010694862481297633e+02
1.013592332136208256e+02
1.009599144673264419e+02
1.011503711228632341e+02
1.010808712446441149e+02
1.010221813743997501e+02
1.015956017724822118e+02
1.026273689070081190e+02
1.020167731608708692e+02
1.013145991230263263e+02
1.013351998184397189e+02
1.013370816868195874e+02
1.011985664054873411e+02
1.011796937808597505e+02
1.012957258944442174e+02
1.014605459673932586e+02
1.009635852477880604e+02
1.009410294064810500e+02
1.009233006681622555e+02
1.011319052507151781e+02
1.012323995786490087e+02
1.009562091673416262e+02
1.010328518645067106e+02
1.010821334934178140e+02
1.009779102499856407e+02
1.010537829998863373e+02
1.010479838705270055e+02
1.009478490773667119e+02
1.008139110731066950e+02
1.007174776384409398e+02
