2.858891797709590037e+02
2.856905294456648221e+02
2.858689088478112694e+02
2.859215538851576071e+02
2.856829563106628598e+02
2.857850412436665124e+02
2.858202980607993027e+02
2.857980050924107900e+02
2.858920915984063527e+02
2.857750436750871472e+02
2.857822441145194148e+02
2.854665402449225553e+02
2.856322945895632301e+02
2.858207341717130134e+02
2.857244594066982586e+02
2.858253414232252112e+02
2.859294428629553408e+02
2.860173267520314653e+02
2.859956890833120156e+02
2.858593056148534401e+02
2.859031343994947747e+02
2.858950562665550592e+02
2.860336935156109917e+02
2.859989227918583197e+02
2.861106064279395582e+02
2.859295263514122780e+02
2.859888875685610401e+02
2.859186980408824752e+02
2.856835158282120233e+02
2.857713018266550193e+02
2.860286244947930641e+02
2.860384784840400698e+02
2.858294591308735448e+02
2.858755014541438300e+02
2.858678210467761005e+02
2.858553673784437592e+02
2.858738929767012564e+02
2.860404447571293076e+02
2.859178152859115585e+02
2.859200461511874778e+02
2.860806280768877627e+02
2.860936705956751780e+02
2.860415235863327439e+02
2.859236544704017433e+02
2.861116040746034628e+02
2.861380020268140925e+02
2.859835241323173136e+02
2.858650532299280940e+02
2.860890154547964812e+02
2.860636295153165065e+02
2.860110212350837742e+02
2.860803433415049994e+02
2.859011154955762208e+02
2.858479173762960386e+02
2.859684217782289579e+02
2.859705665431646935e+02
2.859471977734853567e+02
2.860779167126165703e+02
2.860157841210310039e+02
2.857778929569418551e+02
2.858194574729275814e+02
2.860238072706144408e+02
2.860673568165391885e+02
2.859904170776301271e+02
2.860139754127240508e+02
2.861868600196460761e+02
2.860800495040084002e+02
2.861172087148181049e+02
2.860034593149155739e+02
2.860921430997893253e+02
2.862403178096271290e+02
2.861876600881103627e+02
2.862205365478687327e+02
2.860007456891840434e+02
2.859560357334751757e+02
2.860105626404910595e+02
2.860785760082325737e+02
2.861313235637425123e+02
2.861130492117475228e+02
2.861598874582613234e+02
2.862695250237098890e+02
2.861678952107509417e+02
2.861565707546926092e+02
2.861763509061793798e+02
2.862632819716874906e+02
2.860311527255620376e+02
2.861511471643242999e+02
2.862755899327220845e+02
2.861932121907772171e+02
2.862991358157555055e+02
2.862047017736883276e+02
2.862031741606711535e+02
2.861825779372497323e+02
2.863667276814843490e+02
2.864667684064861533e+02
2.862757216285430673e+02
2.862543639973742415e+02
2.863053320099753023e+02
2.862603575259832382e+02
2.863890715077873210e+02
2.863223866440993675e+02
2.863545740820078436e+02
2.862462019161926605e+02
2.862864593440000931e+02
2.861789808419189285e+02
2.863503013848617798e+02
2.862399941804614514e+02
2.861558579300864835e+02
2.862079439181567295e+02
2.861894904941916025e+02
2.863077988052318688e+02
2.861135667996077814e+02
2.861360458602790686e+02
2.861442265732665078e+02
2.860938368345859999e+02
2.861414420561384873e+02
2.860522321189126274e+02
2.862056151015545424e+02
2.863041165962292780e+02
2.860495608799300271e+02
2.860017822788724402e+02
2.862953363510781060e+02
2.862189924263879561e+02
2.862172375897477536e+02
2.864026288040624308e+02
2.863147584384435618e+02
2.861775637899334583e+02
2.861197755914234335e+02
2.861900311618035744e+02
2.861411679344349182e+02
2.864271097709511764e+02
2.865080060697771387e+02
2.862715936992733532e+02
2.862341737642961448e+02
2.863184520535090201e+02
2.864063573861648138e+02
2.862123145921613627e+02
2.863430270677741305e+02
2.866367135936212094e+02
2.866443222283726300e+02
2.864968821932878313e+02
2.865316921678728477e+02
2.864103855700461736e+02
2.863837558674409820e+02
2.863670726255213594e+02
2.865080323380836376e+02
2.867160157812832040e+02
2.865783116659362690e+02
2.865978040821067339e+02
2.865366114930515664e+02
2.865599969686670079e+02
2.865807273978238641e+02
2.866022317191424236e+02
2.867026849386661524e+02
2.867740819025453902e+02
2.866114996162690431e+02
2.867369713187916318e+02
2.868190038989657751e+02
2.867788745815417428e+02
2.867342208331026541e+02
2.868821796581683543e+02
2.870689048334443214e+02
2.869222933047742004e+02
2.868788244304221848e+02
2.870728728307259416e+02
