2.359919306244309212e+02
2.364260568854093663e+02
2.373620694353607803e+02
2.376554609205939812e+02
2.378884868507332442e+02
2.384824295586861069e+02
2.386432341288274301e+02
2.390398086683877636e+02
2.392711972693959694e+02
2.390932348244530203e+02
2.395445106411389133e+02
2.395130592796292603e+02
2.394713650061667920e+02
2.400927243396729409e+02
2.396641903290013715e+02
2.397355565713877468e+02
2.402151882990325760e+02
2.401046809013346035e+02
2.400511248662655817e+02
2.404614639452300935e+02
2.400969981177896386e+02
2.405039311856846780e+02
2.402472828783769785e+02
2.407914387240390113e+02
2.404575573732674911e+02
2.407116974032719838e+02
2.405459504750038775e+02
2.403805324855577794e+02
2.407132420412855538e+02
2.402781590806731913e+02
2.406102488780302622e+02
2.407318598521211470e+02
2.404793330631180197e+02
2.408774038025160564e+02
2.405541854983649728e+02
2.405250988804805274e+02
2.412405755275084687e+02
2.406160010030544356e+02
2.406561232862736404e+02
2.409219769272384610e+02
2.408401845753470525e+02
2.409317959484232858e+02
2.408193491941132152e+02
2.411768458187058002e+02
2.410503733888027682e+02
2.413196387352921874e+02
2.408333960907528990e+02
2.412304401575585473e+02
2.411323228984739160e+02
2.408858048285001985e+02
2.415859277988420502e+02
2.409774997645197629e+02
2.412855964423755211e+02
2.414547834039474594e+02
2.409968721684511763e+02
2.419836660151246406e+02
2.412023022027434251e+02
2.417257811687744606e+02
2.412228494414549971e+02
2.415191451609035482e+02
2.415057398252535279e+02
2.416379928652659430e+02
2.418274428056869567e+02
2.412107654532909748e+02
2.413683798664412450e+02
2.417525861041427504e+02
2.417217861483499917e+02
2.414483430476576302e+02
2.417290431251504970e+02
2.419104566460629258e+02
2.414266390972851752e+02
2.419018805336503704e+02
2.419330847481889180e+02
2.419286700028873440e+02
2.423153251527070324e+02
2.417966727070697743e+02
2.419825209542577795e+02
2.416920301473324173e+02
2.422266887200709959e+02
2.419627151225399473e+02
2.421448670584959757e+02
2.417927958724946222e+02
2.421365615960570778e+02
2.418980372679642130e+02
2.424962231164137449e+02
2.415915762565684872e+02
2.426832597291788431e+02
2.418401885272569700e+02
2.417232552769924325e+02
2.420892494738627931e+02
2.417234164614021950e+02
2.422475505282112636e+02
2.418576081438999665e+02
2.421303429306779265e+02
2.422136021025419552e+02
2.420265867834475557e+02
2.420129359639524580e+02
2.420716661903986733e+02
2.421417450492615728e+02
2.418890530975355944e+02
2.418139982980126206e+02
2.419744496741658111e+02
2.421987496520503385e+02
2.420043889144546938e+02
2.422596677904935802e+02
2.418021415959631497e+02
2.421416984093180815e+02
2.419851308951469946e+02
2.419700083616524751e+02
2.423045832758760980e+02
2.418142282914105579e+02
2.420932888960297475e+02
2.418530666484947460e+02
2.420268124836194090e+02
2.422096459154876413e+02
2.421889842440211851e+02
2.418839104287394264e+02
2.421393970174682408e+02
2.424418044162601973e+02
2.422023684985153125e+02
2.424627478763279385e+02
2.418253698595181902e+02
2.420025504173268871e+02
2.422883071398680102e+02
2.423666613639507830e+02
2.420099731958893017e+02
2.425291791437153677e+02
2.421968744630499941e+02
2.423814566299024591e+02
2.416279325637991633e+02
2.424677240444155188e+02
2.424679114920450331e+02
2.425313436455853378e+02
2.421611343504495153e+02
2.422972784010733847e+02
2.423867718790337449e+02
2.420422617313251692e+02
2.421466986597222046e+02
2.423635380913248412e+02
2.419354899366139762e+02
2.425123121347535573e+02
2.422918812523381575e+02
2.425362455114523925e+02
2.423116377021498238e+02
2.424110894493250896e+02
2.418333029892522745e+02
2.424820837788755910e+02
2.424333456797799045e+02
2.425138625435367885e+02
2.423237728556557897e+02
