9.763013471922977260e+01
9.746016383189191856e+01
9.712973856810531004e+01
9.669180238342350719e+01
9.665902568817404017e+01
9.678667582578471240e+01
9.608668494209213407e+01
9.638245335710787742e+01
9.631224966211664196e+01
9.610545537308570374e+01
9.613282495635353087e+01
9.598506649320792405e+01
9.583950474426545441e+01
9.616385504452262012e+01
9.581042087253678119e+01
9.602171991118432004e+01
9.592313270431871786e+01
9.511324018168369321e+01
9.556546670826519119e+01
9.569091111913276393e+01
9.537377589241174292e+01
9.571190119031051324e+01
9.556182881802402562e+01
9.554459541876592255e+01
9.542357826816986233e+01
9.551297324664631105e+01
9.561287459128526223e+01
9.570359037740013264e+01
9.568106882585738049e+01
9.569028282563822074e+01
9.567487329427001441e+01
9.548741017445890122e+01
9.564627510719090253e+01
9.576916213996362615e+01
9.533093177498379589e+01
9.560418124634661297e+01
9.537474437363984237e+01
9.566766316623318289e+01
9.546627101442430785e+01
9.553277296504752769e+01
9.524228271961879955e+01
9.528286775154936095e+01
9.520720063056081983e+01
9.553509244225318753e+01
9.510078651294865892e+01
9.567159115419313764e+01
9.506604103841279141e+01
9.550724760295433668e+01
9.529683863866063120e+01
9.506762254095129094e+01
9.526197983098684574e+01
9.502783759328190172e+01
9.512286487398064594e+01
9.510345432641101127e+01
9.486178533226598120e+01
9.500891482745021221e+01
9.489580000123572745e+01
9.505022458008210151e+01
9.490042576814524011e+01
9.496772553335661371e+01
9.502651034692236465e+01
9.493430144123938419e+01
9.529786195960720363e+01
9.488425486045453283e+01
9.490818977911987986e+01
9.488377961054898435e+01
9.497085179868965099e+01
9.493002800843241573e+01
9.473284963720777796e+01
9.495320713914669852e+01
9.442825025096142610e+01
9.483017883923919555e+01
9.472558001347658774e+01
9.484796101716477779e+01
9.487344939308322012e+01
9.430076957271823801e+01
9.499460155736072409e+01
9.462126500050777622e+01
9.458000856286071212e+01
9.448761466988908353e+01
9.492797976811345961e+01
9.466637324829726197e+01
9.476837606631004007e+01
9.451257711002995165e+01
9.453427256960436864e+01
9.453237355152562316e+01
9.470670117612944239e+01
9.452404139618143120e+01
9.462700063913159454e+01
9.512386528167205313e+01
9.487750551672473875e+01
9.492690860839769584e+01
9.433802109957007076e+01
9.461549785098777932e+01
9.472120263759438785e+01
9.474433900958302956e+01
9.474636828523277643e+01
9.472876596326763377e+01
9.451254266172799134e+01
9.453911924532013700e+01
9.479642115209061615e+01
9.460231250941468772e+01
9.486679816206880389e+01
9.470755922908698210e+01
9.484706207627931462e+01
9.463234860062836162e+01
9.498085138850721876e+01
9.492115192591653283e+01
9.513577730613776851e+01
9.475572633353567653e+01
9.466228255678305459e+01
9.502105496356813319e+01
9.461315996123221339e+01
9.489878255309685073e+01
9.462648097434413330e+01
9.491970879284254181e+01
9.465804566608419179e+01
9.462142801904785472e+01
9.442005485361413264e+01
9.470316228027540717e+01
9.471850714718605957e+01
9.466681026933325427e+01
9.466797816095326823e+01
9.461888105969092067e+01
9.496485133378602939e+01
9.447284230397696092e+01
9.469138098574615015e+01
9.448631205805388333e+01
9.496771524836303513e+01
9.462335360362665426e+01
9.447894767132582672e+01
9.450238484731293909e+01
9.462466376165980364e+01
9.462940327871011448e+01
9.475660027287945297e+01
9.475836104689038564e+01
9.452888978385091434e+01
9.452411814903500442e+01
9.461843005008954322e+01
9.484146040059259519e+01
9.454183358005315085e+01
9.451760552471471044e+01
9.440511314413824095e+01
9.452653936101216914e+01
9.467064542127435800e+01
9.454713777185899914e+01
9.465537012835437736e+01
9.462830319944504254e+01
9.463744417157759869e+01
9.435722713150370566e+01
