2.877928026139747431e+02
2.886384283831012567e+02
2.891120765434473583e+02
2.893775212520465061e+02
2.897373035130478911e+02
2.900690403483462774e+02
2.902161259558656070e+02
2.905289824062400044e+02
2.905180906713871423e+02
2.905354556808510438e+02
2.908314412241542755e+02
2.907836286660290739e+02
2.908715159498336220e+02
2.911468928188357950e+02
2.909500754186808535e+02
2.911465806339940627e+02
2.912506208635269900e+02
2.912392373865704371e+02
2.913312630693719711e+02
2.914756622135265616e+02
2.913905683492222920e+02
2.914928135264718208e+02
2.914655938688043193e+02
2.916405987235816042e+02
2.915867261047974353e+02
2.916201833601235194e+02
2.914807876079698303e+02
2.915004308533500534e+02
2.915656528460831964e+02
2.914989266359189060e+02
2.916419231459576054e+02
2.916016209522826443e+02
2.915958584752104912e+02
2.917062327490345979e+02
2.916895769850122520e+02
2.917348016083616926e+02
2.918932502988964188e+02
2.916025491754709265e+02
2.916533316357156878e+02
2.919215534421156235e+02
2.919018580607248623e+02
2.918939403785321360e+02
2.918375849137217415e+02
2.919647884803694069e+02
2.919866874973374138e+02
2.920023730987969088e+02
2.919156740748510970e+02
2.919873624783727450e+02
2.918518634079437675e+02
2.920011631198742634e+02
2.921427759860607125e+02
2.920307142248582863e+02
2.921645528916249646e+02
2.922264367377376288e+02
2.921620593103185115e+02
2.923431294974449202e+02
2.922079538501138813e+02
2.923956572547095334e+02
2.922783269888914788e+02
2.923531894208198310e+02
2.924305821797855174e+02
2.924494770786007507e+02
2.923467985853538380e+02
2.921285377290175802e+02
2.923546671933196990e+02
2.924065225643352051e+02
2.923751376387367031e+02
2.922702194799411473e+02
2.924581172989032893e+02
2.924555860679145098e+02
2.922667322429575734e+02
2.925948195740754727e+02
2.926081332451478261e+02
2.927966820630846883e+02
2.926917323679977585e+02
2.925347660771676033e+02
2.925629543518506921e+02
2.924920831061617150e+02
2.926862870401491250e+02
2.925780487027820413e+02
2.926922395828544836e+02
2.925089955351759272e+02
2.926222523247702156e+02
2.925991564789441668e+02
2.927006334984227465e+02
2.926311593410570140e+02
2.927907460819677112e+02
2.924951563327551867e+02
2.926027442934964711e+02
2.926320683776422698e+02
2.926207706907201214e+02
2.926233435098444033e+02
2.925135707389057984e+02
2.926967347277985141e+02
2.927803870804311259e+02
2.926486576060630682e+02
2.926408458305843396e+02
2.925611603928010140e+02
2.927133093911969013e+02
2.926868839146629853e+02
2.926603332371371380e+02
2.926809112922822464e+02
2.927599292772362674e+02
2.926381948303142622e+02
2.927224777578709336e+02
2.926713842519757804e+02
2.927464191378689407e+02
2.926803626992447676e+02
2.927472382722536963e+02
2.927052880525935734e+02
2.926195594636935198e+02
2.926099081650441462e+02
2.925275905931422926e+02
2.927756190914861349e+02
2.927159325700513932e+02
2.927509953167070762e+02
2.927749409923771395e+02
2.929103051908412567e+02
2.929015527884294556e+02
2.927949021095680564e+02
2.927367037852197882e+02
2.926605457817938145e+02
2.928568570970397786e+02
2.928370067503832956e+02
2.927641035048213212e+02
2.927067390953587847e+02
2.929213377919132881e+02
2.928421542525999826e+02
2.928104078568266573e+02
2.926847267668125028e+02
2.929522782890268786e+02
2.929438514714964867e+02
2.929852114517912582e+02
2.927648900462538109e+02
2.929603483709974512e+02
2.928554332625810162e+02
2.927298857248144941e+02
2.927985683843624543e+02
2.929447443175878334e+02
2.928931552421493052e+02
2.930264956765481088e+02
2.929844668279397979e+02
2.929932007779992205e+02
2.929001195287144697e+02
2.928408626333148845e+02
2.927821511159622219e+02
2.929549243119942616e+02
2.930115378071448049e+02
2.927888203800177394e+02
2.928916715962374155e+02
