1.030528872150499780e+02
1.026323803835903021e+02
1.030563554823533110e+02
1.026615117637360441e+02
1.026005892186912973e+02
1.027726575391829584e+02
1.025513751601318972e+02
1.030743587806571213e+02
1.026973716262243670e+02
1.023590535016965077e+02
1.025125589789274869e+02
1.029996899851273469e+02
1.035336232892768180e+02
1.026934438102826448e+02
1.026786368275858194e+02
1.025664787060770919e+02
1.023726790029257359e+02
1.029239593815825202e+02
1.029683312286359893e+02
1.027874660964436657e+02
1.024950505446936830e+02
1.026757851510798787e+02
1.021189132229733474e+02
1.027662887220696462e+02
1.026230703242288911e+02
1.028685873088328577e+02
1.023810229175496715e+02
1.029074733395484458e+02
1.028226572228477522e+02
1.028172354795063370e+02
1.030921529050099821e+02
1.031726339720064090e+02
1.034225350836610886e+02
1.037845893822553620e+02
1.049944525317628887e+02
1.037521326813949401e+02
1.032519076685897659e+02
1.037716099932732305e+02
1.026671556266606871e+02
1.031230197019652479e+02
1.028734856876865251e+02
1.033001055604296567e+02
1.028430298646918573e+02
1.033942193239349194e+02
1.025801052377144060e+02
1.028536328731808709e+02
1.029301892014321425e+02
1.026552103129274798e+02
1.029026493181867608e+02
1.026878782439531363e+02
1.030468049855196568e+02
1.025975160332988025e+02
1.026787287900062751e+02
1.039209450650070039e+02
1.036450357804019546e+02
1.031204831794745900e+02
1.031928922155047559e+02
1.027259179086852754e+02
1.028192930586080251e+02
1.026990746324378705e+02
1.026975342224780121e+02
1.028396967787089835e+02
1.034177766721249441e+02
1.039374158233933230e+02
1.033142424847823833e+02
1.027371559933018972e+02
1.030204625736610780e+02
1.031813848740887352e+02
1.032724330892391436e+02
1.029811555503732308e+02
1.027214085980075851e+02
1.029297402167519948e+02
1.036747804103838320e+02
1.030402906404176946e+02
1.027828459406076576e+02
1.034364827112646736e+02
1.027975709087773026e+02
1.032103004218133151e+02
1.026281235050852985e+02
1.030398384555862776e+02
1.036140388832118759e+02
1.029353423054994465e+02
1.025784663225247613e+02
1.026613463188643323e+02
1.031325455615698985e+02
1.026891539016979635e+02
1.024209978685183984e+02
1.025317547835239225e+02
1.029692579979412841e+02
1.025587768980532672e+02
1.029330709898889182e+02
1.022912159692348268e+02
1.027641558950049472e+02
1.026964251329856097e+02
1.025743702838827716e+02
1.022629210360300505e+02
1.025447863678770233e+02
1.028411685932097299e+02
1.024724431392055948e+02
1.029744986435468235e+02
1.024259126212174493e+02
1.022817434918554795e+02
1.027043146167883805e+02
1.029051076932301925e+02
1.025178824722856206e+02
1.027289220569783339e+02
1.025436542082836269e+02
1.021644136441700539e+02
1.032033197508960853e+02
1.025540881055468532e+02
1.023671866476115184e+02
1.025977372585362133e+02
1.031572468838367769e+02
1.035362430535012521e+02
1.034407035215741502e+02
1.035377749235666016e+02
1.021711206462351242e+02
1.034258293363091070e+02
1.027505703364382725e+02
1.036035364251614936e+02
1.030410931857196601e+02
1.030299474555611567e+02
1.029483258482096062e+02
1.032315674112627875e+02
1.034412675875348668e+02
1.025847675431623287e+02
1.030568546515902568e+02
1.029912104372584025e+02
1.029807686928646149e+02
1.031613310892529540e+02
1.028329120602950439e+02
1.035280764561109663e+02
1.039380943823721424e+02
1.036851099967606018e+02
1.034668167452607008e+02
1.032170611528353419e+02
1.021410718767969428e+02
1.028145450411575297e+02
1.023037218689499355e+02
1.033664700096488929e+02
1.033080336501003558e+02
1.032853668262066122e+02
1.049778730534892901e+02
1.036289064143191041e+02
1.031286428487862992e+02
1.027806633119081283e+02
1.026417498296762005e+02
1.030017746372201941e+02
1.027269636340138419e+02
1.027451134784892588e+02
1.030148082514096615e+02
1.031096028280725960e+02
1.029876657576473917e+02
1.028468942397247616e+02
1.022247326970666137e+02
1.027440245838708250e+02
1.032227976270041694e+02
1.030107841936525546e+02
1.017837215818150298e+02
1.022274260972305768e+02
1.031176333147086694e+02
1.021766207964488444e+02
1.024117242529810170e+02
1.024126717497921248e+02
1.021254437136254722e+02
