2.866358197531117753e+02
2.866054444685939302e+02
2.866637975469560047e+02
2.866337293327819111e+02
2.866857266761830374e+02
2.865612154251394941e+02
2.865760783574105517e+02
2.863970027162289398e+02
2.863977738316602313e+02
2.863101205317094013e+02
2.862953595865331522e+02
2.865939221971962070e+02
2.866166956588344874e+02
2.866793366386268076e+02
2.864825418318950483e+02
2.865074372863256826e+02
2.865104971444190483e+02
2.864942163248460361e+02
2.865262835905339216e+02
2.866192354911327698e+02
2.868089591236962406e+02
2.867170392457190928e+02
2.865463327041169919e+02
2.863508066661326552e+02
2.864188747827093948e+02
2.863421665519671251e+02
2.863211837895992744e+02
2.865143733419873797e+02
2.864367910237716615e+02
2.865507540086435370e+02
2.866959999991415202e+02
2.863818557746257625e+02
2.865218340513162616e+02
2.864018680622130546e+02
2.860612867435741578e+02
2.861395725405607777e+02
2.861837059288451997e+02
2.860741828763693206e+02
2.862063303021300271e+02
2.861095902409470000e+02
2.859880537837192946e+02
2.861871691725157802e+02
2.860911418565080453e+02
2.861118014575485518e+02
2.863087936070260753e+02
2.863138468774740772e+02
2.863747176162282244e+02
2.863638386468697377e+02
2.864169929292010579e+02
2.865130269696637697e+02
2.866940833261637636e+02
2.866272733184560479e+02
2.866421770088531389e+02
2.864166395937446623e+02
2.863219025439915981e+02
2.863872391119619465e+02
2.862306892546466202e+02
2.861647912007616128e+02
2.863955492977631252e+02
2.865268412429715568e+02
2.866021626095302395e+02
2.865089528960432403e+02
2.865578239008571586e+02
2.866477700186829338e+02
2.866069136066007559e+02
2.863623085404839799e+02
2.864100782880844349e+02
2.865679948171973592e+02
2.865383869008149418e+02
2.864707666700936102e+02
2.865151043364243151e+02
2.866812723424179694e+02
2.866800759178462386e+02
2.868375428371442126e+02
2.866135774917345316e+02
2.865568384675168545e+02
2.863951201072066510e+02
2.865059421147531680e+02
2.866704761157704411e+02
2.868132412305690195e+02
2.868148730921743095e+02
2.867614914890327213e+02
2.868766134990892738e+02
2.868239109156006066e+02
2.867339214673704078e+02
2.866219408518762748e+02
2.866218441468695914e+02
2.866334712888845502e+02
2.867069737439456958e+02
2.866942287573295971e+02
2.866405654655095532e+02
2.866130007914135263e+02
2.866073128629238340e+02
2.868738144133891979e+02
2.868545662247765904e+02
2.868731839223142401e+02
2.868105113176192162e+02
2.868801956253134904e+02
2.870850742746570177e+02
2.870490986145568399e+02
2.868623242089210521e+02
2.868728526813700910e+02
2.869897249532246519e+02
2.868283110565333800e+02
2.868147658434378968e+02
2.867158534014135398e+02
2.867675071206399480e+02
2.869510314836646785e+02
2.870654012666120707e+02
2.869643681313307866e+02
2.868617232093998268e+02
2.867865485944064972e+02
2.868183264242535415e+02
2.867512972198472312e+02
2.866478158422216325e+02
2.866567355140552422e+02
2.867158774199186269e+02
2.868198928884432348e+02
2.868265177925464400e+02
2.867997493910029903e+02
2.868773698009364921e+02
2.870602699522572152e+02
2.870787317370988490e+02
2.869992327596069686e+02
2.869799399971496427e+02
2.868166915905111978e+02
2.868594507114826229e+02
2.869392921172088222e+02
2.868444741714244515e+02
2.869387361550165565e+02
2.869973006752838955e+02
2.871044698479427666e+02
2.871404337751855564e+02
2.868880693076499142e+02
2.871385500909788107e+02
2.872196165183195831e+02
2.873737317446109500e+02
2.874011907472310554e+02
2.874022250563028251e+02
2.874550892869182803e+02
2.871931868808962349e+02
2.871809549369776846e+02
2.868176850436710197e+02
2.870530015352001101e+02
2.872126035412377405e+02
2.871860363437249930e+02
2.873079525850917548e+02
2.872200068668233826e+02
2.873601215872444641e+02
2.875527504529611065e+02
2.874965252388223007e+02
2.874522470902938949e+02
2.872816847759333427e+02
2.872489923182545795e+02
2.874301516391512337e+02
2.874510841438228681e+02
2.876026531599248415e+02
2.877286746073038444e+02
2.877257773814087045e+02
2.878008204940675796e+02
2.877438690532283090e+02
2.877610435994128579e+02
2.878297267796374967e+02
2.877536271126139695e+02
2.877856675901397807e+02
