2.328288331855082163e+02
2.345817930326979024e+02
2.353003943682457759e+02
2.352385665877659449e+02
2.354641700199135812e+02
2.360748853694195475e+02
2.365796073062748519e+02
2.361403299832219318e+02
2.363239602792100129e+02
2.367872979998777794e+02
2.365214305824486019e+02
2.364213544089261347e+02
2.363472341674867039e+02
2.365722940174647135e+02
2.369537296268123328e+02
2.368603768817610842e+02
2.367835320078651478e+02
2.368114384968685897e+02
2.368818920643218746e+02
2.367668216928213099e+02
2.365968838652505610e+02
2.366314540993348317e+02
2.369247803431854891e+02
2.370724549917014485e+02
2.369434581146475409e+02
2.368647838822250833e+02
2.368088498784671003e+02
2.367116391400251416e+02
2.367512617782130349e+02
2.366629981473455189e+02
2.368573720312589614e+02
2.369454556694605571e+02
2.375068420340381863e+02
2.364761071934633776e+02
2.368244186481657891e+02
2.372513803715677625e+02
2.371149484516469954e+02
2.367305589971171287e+02
2.365626160052943590e+02
2.368956729759063364e+02
2.370976355247162246e+02
2.372131244052094416e+02
2.370134432434849714e+02
2.368520314717102053e+02
2.369197395562495103e+02
2.371698089880210034e+02
2.373592004578662227e+02
2.370196970108004280e+02
2.369018137901155114e+02
2.370708715522987688e+02
2.371741075677515198e+02
2.366422913726009085e+02
2.371360368108028354e+02
2.368412487804135651e+02
2.366226322850210124e+02
2.375019334571312868e+02
2.370433671717054267e+02
2.371140591064963985e+02
2.365686011818455370e+02
2.373254064328577613e+02
2.369796089948117412e+02
2.370268020020593838e+02
2.370581494713258053e+02
2.370718444147946968e+02
2.371895134768219862e+02
2.366624715974262756e+02
2.367337562670018372e+02
2.371391577308957324e+02
2.373982688610261675e+02
2.370695640877792130e+02
2.371260168741133327e+02
2.368812212931831880e+02
2.374291951574125221e+02
2.368685975882145840e+02
2.375654165636062487e+02
2.371320837548377938e+02
2.371856205269341444e+02
2.369221487559496779e+02
2.368910091043655086e+02
2.370843981488159216e+02
2.371234203621908421e+02
2.368960104340079624e+02
2.371293159873168008e+02
2.370954438151396459e+02
2.367009949980425461e+02
2.371022177019559365e+02
2.372408758300593661e+02
2.369645953376675322e+02
2.367019995995501347e+02
2.369331057345619627e+02
2.371451691013767231e+02
2.369221683654457991e+02
2.371275106674997915e+02
2.374064619888700634e+02
2.371768941887130779e+02
2.371528059834530211e+02
2.371239267413180016e+02
2.370759490686564561e+02
2.373160022877621316e+02
2.371009014783439852e+02
2.372481018883641752e+02
2.368184247703500489e+02
2.376208874626277350e+02
2.370409638000857058e+02
2.373030278832009117e+02
2.371531181342768662e+02
2.374636611207174326e+02
2.377851329999462280e+02
2.374705157321033937e+02
2.367247618047561843e+02
2.373331418721251964e+02
2.367343088582328221e+02
2.376091865209303080e+02
2.377901065720252518e+02
2.370592419127656001e+02
2.369812999644490503e+02
2.376147043972081008e+02
2.373020619903811621e+02
2.373652265909062180e+02
2.372950727389386429e+02
2.373183317605288494e+02
2.373716994433518721e+02
2.374905880095653856e+02
2.373647272350144419e+02
2.371636686435283821e+02
2.374687685617151658e+02
2.376760540378463986e+02
2.374492927016212604e+02
2.372388209606769180e+02
2.372470837335446561e+02
2.373617086030669725e+02
2.374740914789232704e+02
2.374335306380497457e+02
2.373809523790697824e+02
2.376309384215383034e+02
2.376010953806488715e+02
2.372518990850212504e+02
2.377909239388137621e+02
2.372586252278797190e+02
2.378176324714552266e+02
2.374682861438422208e+02
2.373202633110468014e+02
2.376206124290312971e+02
2.379156699105832047e+02
2.374283443087909120e+02
2.377873585248077291e+02
2.376160198080785051e+02
2.373759617712622401e+02
2.373713119096952653e+02
2.379384495858114121e+02
2.376506221523759166e+02
