2.883994930499380303e+02
2.894756544204492457e+02
2.896560211828405613e+02
2.896544603641366962e+02
2.901002965436243244e+02
2.904639533162434759e+02
2.902882121742403001e+02
2.902211931159062601e+02
2.904585992658481359e+02
2.907945310171905930e+02
2.906927214912738009e+02
2.904956893505146240e+02
2.904815863779351730e+02
2.909251045899364385e+02
2.909141442643795017e+02
2.907047955041354612e+02
2.908022213251744574e+02
2.910689731532712017e+02
2.909301727231695622e+02
2.907665042491547069e+02
2.908580885611331155e+02
2.910448577538392669e+02
2.908574755874987545e+02
2.908260446212642023e+02
2.910461386148736551e+02
2.911466917185962870e+02
2.909173785866183266e+02
2.907317639973854853e+02
2.907857391219739611e+02
2.910527899596656312e+02
2.911465020194178237e+02
2.910545174758840972e+02
2.907778461177642271e+02
2.907274306476182346e+02
2.909995686943161104e+02
2.910338524051609284e+02
2.907911253243991041e+02
2.905902429663365751e+02
2.909051987341354675e+02
2.913017851680016861e+02
2.912229324699241602e+02
2.912906182078263555e+02
2.911598417233510645e+02
2.909860558786346587e+02
2.912502440568206339e+02
2.913291704278302632e+02
2.910783972743997765e+02
2.908840002488012146e+02
2.911896183836664136e+02
2.911771989186443079e+02
2.910936994092765531e+02
2.910602973696684899e+02
2.911819268187807666e+02
2.908499504783490579e+02
2.911630106733968546e+02
2.912903364718748662e+02
2.910598897856437475e+02
2.909441199923493855e+02
2.911157321288969797e+02
2.912399841820703728e+02
2.910199611215339814e+02
2.910508316452774693e+02
2.911347093155013113e+02
2.912515645437576950e+02
2.908172640434810887e+02
2.907117178289000208e+02
2.910521603498112313e+02
2.913055827128414990e+02
2.911207047328396698e+02
2.912863505249554237e+02
2.913548031966172971e+02
2.912416392239242100e+02
2.909980354639467350e+02
2.909285762979768037e+02
2.913143758924212534e+02
2.911710900733920653e+02
2.909205987114179948e+02
2.908575786963652376e+02
2.910184553515792913e+02
2.911505281747378149e+02
2.909442849194858809e+02
2.911860850298871242e+02
2.913032139719865654e+02
2.909707847672654566e+02
2.908437839963054330e+02
2.909695900698343962e+02
2.911298678487201528e+02
2.909576494217702134e+02
2.909565509423382537e+02
2.912522949707026214e+02
2.909649024312978440e+02
2.908411288432097876e+02
2.913449288845113756e+02
2.911730261221308069e+02
2.909512925378888326e+02
2.911894229690411748e+02
2.908357818320073420e+02
2.910595899144330474e+02
2.912571670312153742e+02
2.910316125655136261e+02
2.911022960366813663e+02
2.913040500809121909e+02
2.913231897606298730e+02
2.908597789109655309e+02
2.908650279555794782e+02
2.913658021248532464e+02
2.913494069027494788e+02
2.911938765384772410e+02
2.908578223278961445e+02
2.909745751079635738e+02
2.913393429185609307e+02
2.913324263094798994e+02
2.913753643985905342e+02
2.911413471893215501e+02
2.909913697401999002e+02
2.913051457891027098e+02
2.912890949199375541e+02
2.911346653912573856e+02
2.913234276883559346e+02
2.911906097602918635e+02
2.910100216977792229e+02
2.913930730457427103e+02
2.913084801174475160e+02
2.909397475147900991e+02
2.911088864607270921e+02
2.915351936305756340e+02
2.913140464734372586e+02
2.910254032936426256e+02
2.912693677761398021e+02
2.915416254193105488e+02
2.915293636217139124e+02
2.912849109768499716e+02
2.911141300065986002e+02
2.914080495397168988e+02
2.915718543827153439e+02
2.912372125837480894e+02
2.912474372405070540e+02
2.913654781425676106e+02
2.915894641448637117e+02
2.915324380033177363e+02
2.910690565709222142e+02
2.911387553180829286e+02
2.915573806719908134e+02
2.916237603940315353e+02
2.914651304902697007e+02
2.915798704109197388e+02
2.913457423149736201e+02
2.913752565473415643e+02
2.915572981223227202e+02
2.916037321766643231e+02
2.913207734369258333e+02
