2.336417249877928555e+02
2.335195475678864341e+02
2.335199578185106191e+02
2.335017974797483475e+02
2.332982041408580756e+02
2.338947718818126589e+02
2.333830018739089098e+02
2.336891066967967845e+02
2.334301259585901391e+02
2.335637756471847126e+02
2.335661404537502222e+02
2.340623666767887698e+02
2.336447869723882604e+02
2.333617631918485813e+02
2.337090140396542211e+02
2.338201277415024890e+02
2.336030105092671363e+02
2.334730882010615005e+02
2.337916016893291555e+02
2.335174683229324728e+02
2.336796621819347308e+02
2.338588079430583093e+02
2.335552220730532156e+02
2.337067119002949482e+02
2.335928031292846754e+02
2.337312194234438891e+02
2.334899884433913542e+02
2.336164403121566409e+02
2.336652741415313415e+02
2.333647064309575399e+02
2.334917848509995508e+02
2.338162679391776066e+02
2.338329314605179263e+02
2.333404046617620224e+02
2.333723061078697754e+02
2.335119201399752455e+02
2.332719812280938925e+02
2.334683955992743165e+02
2.334555650272924368e+02
2.339194988578592813e+02
2.332283468105424902e+02
2.335587642250832232e+02
2.335919157955794674e+02
2.336663450191399249e+02
2.336413605982724278e+02
2.334876783612468500e+02
2.334018721602976427e+02
2.336965726133107921e+02
2.338305946795405816e+02
2.336209450315489278e+02
2.337359613371436637e+02
2.331981984926091229e+02
2.333825395731858805e+02
2.337027087903507265e+02
2.334049627566095353e+02
2.333083166465814884e+02
2.337367873143182067e+02
2.334829317041300385e+02
2.336913942097987729e+02
2.337452941322240747e+02
2.333489639658475880e+02
2.338052533242290849e+02
2.333362323132413110e+02
2.333315536325444555e+02
2.339405882880338368e+02
2.336554770304212241e+02
2.335614925100448147e+02
2.335801402682249091e+02
2.338697917491008695e+02
2.334865146349923464e+02
2.339079635706583815e+02
2.332365058602092631e+02
2.334530434953838949e+02
2.335460862952222953e+02
2.336165361501488178e+02
2.337742813243906994e+02
2.336039918990685464e+02
2.337436258016437307e+02
2.337966353115416211e+02
2.335037550840130791e+02
2.341949754692495560e+02
2.336016773486036016e+02
2.336094749680441964e+02
2.334255080825041659e+02
2.333874932555982866e+02
2.335790853748247002e+02
2.335083033532411321e+02
2.335048571856358421e+02
2.338259994812322020e+02
2.339276399729389766e+02
2.332998761202643720e+02
2.332646594011957006e+02
2.340948383819218463e+02
2.337705918832000691e+02
2.334756734844026198e+02
2.335028767319711562e+02
2.336438416536662146e+02
2.335525998268000194e+02
2.335387347771766997e+02
2.335028708220460203e+02
2.335832761218207452e+02
2.334751618579792023e+02
2.333304513190584828e+02
2.336464952550549015e+02
2.335151648477441597e+02
2.332443366327405272e+02
2.336275720064220707e+02
2.337953072678624267e+02
2.335773277788962332e+02
2.341482901408146517e+02
2.335171824073813411e+02
2.338436240851983712e+02
2.334173362051087395e+02
2.333846518814472404e+02
2.337780787686367603e+02
2.334770401460433220e+02
2.335768521594505671e+02
2.340805915512513877e+02
2.336715615851131531e+02
2.335600811255767155e+02
2.336282807841532474e+02
2.335261125702936624e+02
2.339353452260022834e+02
2.338065122632810642e+02
2.337594962888855150e+02
2.336882849961253044e+02
2.336172047246608372e+02
2.333186156627045591e+02
2.338714602919248762e+02
2.336829295704152116e+02
2.330782803086140973e+02
2.334290851788764485e+02
2.337398903944021242e+02
2.334050395654906254e+02
2.338651760935266282e+02
2.334297973322518658e+02
2.338103321595678210e+02
2.335381893361396806e+02
2.332964165532172274e+02
2.335786118335683170e+02
2.334176586363338117e+02
2.333599261325240661e+02
2.338653383820167164e+02
2.336733316681699932e+02
2.336227401857502457e+02
2.333566818390279707e+02
2.338312740998134132e+02
2.339817249815818343e+02
2.334287053995062422e+02
2.336133994292060549e+02
2.337109496125172825e+02
2.336975478328694464e+02
2.331736727802537814e+02
2.334532268959356713e+02
2.333841955332065936e+02
2.336886297083856334e+02
2.333706888878340351e+02
2.333941528035454667e+02
2.333067805790556406e+02
2.333467748166652029e+02
2.336126028052089794e+02
2.335787027067190422e+02
2.335694531593615295e+02
2.338080815524643583e+02
2.337720778734681915e+02
2.336041391657387578e+02
2.333476058013194177e+02
2.332481348088213053e+02
2.334778749250141630e+02
2.337583720202943312e+02
2.333977977817368128e+02
2.336772041670950273e+02
2.335498084015171116e+02
2.335202458198588431e+02
2.338210210843158166e+02
2.337625986676744390e+02
2.335174668112028940e+02
2.337926649814689881e+02
2.338829909224909613e+02
2.336497121865335487e+02
2.337993466149710855e+02
2.337535301607989311e+02
2.336504524395420503e+02
2.335452365645169550e+02
2.333687732915611832e+02
2.334693230037385092e+02
2.337323986392723612e+02
2.333448530451591694e+02
2.336234522775678499e+02
2.333689091223523064e+02
2.338220413618207942e+02
2.336119746638801473e+02
2.330067437404001964e+02
2.339333101723599100e+02
2.337143583604098751e+02
2.335707981381324601e+02
2.337526988390062570e+02
2.335257227400426245e+02
2.339042189993836303e+02
2.338119520698794247e+02
