3.388357308059599404e+02
3.388359576859209596e+02
3.388446628221733476e+02
3.388355243512991706e+02
3.388357523030670677e+02
3.388359787140764183e+02
3.388446674671288292e+02
3.388355458621119283e+02
3.388357729026057541e+02
3.388359992951209279e+02
3.388446724513127606e+02
3.388355671290452733e+02
3.388357938139091630e+02
3.388360209752727883e+02
3.388446776372545628e+02
3.388355881541878603e+02
3.388358147701068788e+02
3.388360416689744170e+02
3.388446823048128067e+02
3.388356094763428246e+02
3.388358364565262946e+02
3.388360620931500193e+02
3.388446874231006518e+02
3.388356307206698261e+02
3.388358573462078880e+02
3.388360839522932793e+02
3.388446916147358934e+02
3.388356518542171329e+02
3.388358788052625528e+02
3.388361041339612143e+02
3.388446971154988887e+02
3.388356733338093250e+02
3.388358997888582849e+02
3.388361252601176261e+02
3.388447012911339584e+02
3.388356942778452776e+02
3.388359209284309941e+02
3.388361467713468187e+02
3.388447068007738494e+02
3.388357159698253440e+02
3.388359420914007956e+02
3.388361677802786858e+02
3.388447112984404725e+02
3.388357366748447248e+02
3.388359627074769946e+02
3.388361888715692771e+02
3.388447165378268551e+02
3.388357584257917665e+02
3.388359847275666539e+02
3.388362100465369053e+02
3.388447208406024629e+02
3.388357791984886944e+02
3.388360057180589706e+02
3.388362311077394793e+02
3.388447261558708306e+02
3.388358011051545304e+02
3.388360271890377931e+02
3.388362523648530100e+02
3.388447310450846430e+02
3.388358223962549118e+02
3.388360477166928035e+02
3.388362732601956964e+02
3.388447357120743391e+02
3.388358435861555336e+02
3.388360694522281733e+02
3.388362942548261003e+02
3.388447408301772725e+02
3.388358653339464581e+02
3.388360909838933139e+02
3.388363156315802485e+02
3.388447462871026801e+02
3.388358859188496695e+02
3.388361113640033864e+02
3.388363364904155333e+02
3.388447512673713504e+02
3.388359076469134834e+02
3.388361330871809400e+02
3.388363577650146112e+02
3.388447562461711300e+02
3.388359296696334582e+02
3.388361543547325141e+02
3.388363790876757662e+02
3.388447608583892929e+02
3.388359502236968979e+02
3.388361760866137615e+02
3.388364002494802207e+02
3.388447650993858815e+02
3.388359720093987448e+02
3.388361972503313950e+02
3.388364207882474375e+02
3.388447703808604388e+02
3.388359930788827228e+02
3.388362179931499440e+02
3.388364423642527186e+02
3.388447748514457203e+02
3.388360147671042455e+02
3.388362395119302732e+02
3.388364629767879705e+02
3.388447798754105520e+02
3.388360356572918022e+02
3.388362602659618119e+02
3.388364844424820035e+02
3.388447851336221675e+02
3.388360566708471993e+02
3.388362813820655788e+02
3.388365052401504158e+02
3.388447899659547033e+02
3.388360783810331327e+02
3.388363029900335732e+02
3.388365267235872125e+02
3.388447945240272361e+02
3.388360995141434842e+02
3.388363234696254267e+02
3.388365475566201894e+02
3.388447991107647681e+02
3.388361206137690260e+02
3.388363452104953808e+02
3.388365686097177445e+02
3.388448039369182538e+02
3.388361421089659302e+02
3.388363656005485609e+02
3.388365896608033268e+02
3.388448092105358569e+02
3.388361636969725055e+02
3.388363871757210291e+02
3.388366102022419000e+02
3.388448133252854291e+02
3.388361846988018442e+02
3.388364081899202347e+02
3.388366306026924235e+02
3.388448180605619768e+02
3.388362058667501628e+02
3.388364288783004667e+02
3.388366517978263914e+02
3.388448228006077443e+02
3.388362261339411248e+02
3.388364497351111027e+02
3.388366723475376716e+02
3.388448275605763342e+02
3.388362482238547955e+02
3.388364711942490999e+02
3.388366936182306972e+02
3.388448322064464833e+02
3.388362685369639280e+02
3.388364921526076614e+02
3.388367148958839152e+02
3.388448371491993498e+02
3.388362897808160028e+02
3.388365127223086688e+02
3.388367355107179151e+02
3.388448415223014649e+02
3.388363102337778514e+02
3.388365341291407162e+02
3.388367568794166687e+02
3.388448463601948220e+02
3.388363321407048261e+02
3.388365551107951319e+02
3.388367772844727028e+02
3.388448500760889601e+02
3.388363528223127901e+02
3.388365759166501334e+02
3.388367985632215209e+02
3.388448551097117161e+02
3.388363738121020106e+02
3.388365970102047982e+02
3.388368186824427539e+02
3.388448593401980133e+02
3.388363947576633564e+02
3.388366171090891044e+02
3.388368393514090258e+02
3.388448640973039119e+02
3.388364161967655832e+02
3.388366385052784722e+02
3.388368598314813767e+02
3.388448688404682230e+02
3.388364372566437623e+02
3.388375211073330888e+02
3.388377403194096473e+02
3.388453348029390781e+02
3.388373218596456695e+02
3.388375412303215057e+02
3.388377603802575777e+02
3.388453388027552933e+02
3.388373423864065899e+02
3.388375617800357986e+02
3.388377803841991636e+02
3.388453419742430128e+02
3.388373625863596885e+02
3.388375822545880851e+02
3.388378010293744751e+02
3.388453467475091543e+02
3.388373828334325708e+02
3.388376018425022949e+02
3.388378204737345527e+02
3.388453503758444185e+02
3.388374041999343831e+02
3.388376227387585686e+02
3.388378402889362633e+02
3.388453544245627427e+02
3.388374238203293771e+02
