1.045805666052424954e+02
1.045858202054232606e+02
1.046845888406349303e+02
1.040864003598475875e+02
1.045739590103396353e+02
1.044365870592807681e+02
1.043968380420056832e+02
1.041927299171364467e+02
1.041777831515590691e+02
1.047049540235332614e+02
1.041361167601111788e+02
1.045896376361877884e+02
1.040185223930181309e+02
1.046576189431795711e+02
1.047344986856800659e+02
1.047877094983310116e+02
1.038407101043011806e+02
1.040328100824132775e+02
1.039294625836499648e+02
1.046288703558730049e+02
1.043862420328192115e+02
1.039612437601078909e+02
1.045769007922870770e+02
1.044874947761500721e+02
1.044793214584260710e+02
1.045917053383918329e+02
1.041387588366154517e+02
1.047114934415574794e+02
1.043724256292923513e+02
1.040803262725949168e+02
1.046745744464646606e+02
1.043414441546653961e+02
1.039460545964177101e+02
1.047716161865955229e+02
1.044367302601959437e+02
1.047560661762227028e+02
1.043954867879583475e+02
1.048918153298029807e+02
1.043463843015773449e+02
1.043278707228527082e+02
1.044825103048610941e+02
1.045364036618490076e+02
1.047604771355183857e+02
1.038899385477486845e+02
1.039035239216131714e+02
1.041775278846833857e+02
1.050185256707143395e+02
1.043319703991626142e+02
1.043704657070493766e+02
1.047630950663284040e+02
1.047832575773640684e+02
1.047064911187603116e+02
1.044174526938365233e+02
1.041741484214561098e+02
1.044848527089261125e+02
1.043611597849839541e+02
1.045306969704448790e+02
1.046516094630316758e+02
1.042602939898599317e+02
1.042461797604773324e+02
1.044194061137571197e+02
1.041544995510267739e+02
1.047147708118154128e+02
1.045241026530540438e+02
1.041094285369962762e+02
1.040489715300180791e+02
1.042158827541222337e+02
1.043063168945077592e+02
1.046887547191445975e+02
1.042567960078506530e+02
1.047645950396751573e+02
1.045115028991093169e+02
1.041044418183901570e+02
1.044827430509584474e+02
1.046041906895149651e+02
1.046484584034079717e+02
1.042728206305488783e+02
1.039409963219035262e+02
1.044745301489680429e+02
1.045888575119792705e+02
1.044110991372632640e+02
1.039612848810768355e+02
1.047285199568634084e+02
1.040121484975219488e+02
1.044309798829763025e+02
1.047474260389626721e+02
1.042314937181152459e+02
1.041032039857226863e+02
1.050656851742944013e+02
1.042732636614284729e+02
1.044995659805114201e+02
1.043567823092805185e+02
1.039430263142193809e+02
1.045287410306580114e+02
1.038986595601799650e+02
1.046197188055903524e+02
1.050117167440993882e+02
1.043339480776555632e+02
1.038083245752858232e+02
1.048174210344900956e+02
1.043244553980542690e+02
1.044677891117229223e+02
1.046856055499408313e+02
1.041151598453765956e+02
1.046132830839821821e+02
1.045159521909175311e+02
1.042640904279152068e+02
1.037387971356741474e+02
1.039078614083153980e+02
1.042877260195635216e+02
1.042776248773536025e+02
1.045795179975043538e+02
1.043829202277089081e+02
1.045090475016367719e+02
1.040559263884396586e+02
1.041864995922378938e+02
1.040111221658868459e+02
1.043570034104307069e+02
1.043775152627324729e+02
1.045101052880531682e+02
1.045582184501749765e+02
1.041789168556027789e+02
1.039346741344951255e+02
1.039759005364441009e+02
1.046849722035450014e+02
1.045917485694582041e+02
1.039624861648982090e+02
1.042652162099023911e+02
1.051712614198987552e+02
1.040065290596159713e+02
1.046583979587405082e+02
1.046324438811323034e+02
1.045020200561381358e+02
1.045662110835956327e+02
1.044161146985110378e+02
1.047240367980805473e+02
1.041421993781041095e+02
1.041028867584098521e+02
1.046673868081198293e+02
1.047423084763034780e+02
1.048795282510988613e+02
1.039738389099628648e+02
1.045820557689460628e+02
1.038723571508881065e+02
1.043277400658566449e+02
1.041725466417502020e+02
1.039707161640358350e+02
1.045067398826956691e+02
1.039890517875331994e+02
1.042567131647151086e+02
1.051658692183745103e+02
1.041633726910418005e+02
1.042071388387483495e+02
1.048655894790248482e+02
1.050762215625201179e+02
1.041054958306251450e+02
1.041788788360479288e+02
1.053340623927135198e+02
1.042251280505507083e+02
1.043591332481671543e+02
1.038205526751695089e+02
1.048410802097027243e+02
1.044890629691229407e+02
1.038433628478525748e+02
1.040205016583789046e+02
1.049500075373204027e+02
1.042805623787779155e+02
1.044858749870756043e+02
1.041930848137041181e+02
1.039520217248736031e+02
1.047010309773423984e+02
1.042189383548118258e+02
1.050401496788200717e+02
1.042269453241286072e+02
1.039545055514127938e+02
1.039881328704267531e+02
1.043778556154813515e+02
1.042254319979901851e+02
1.039538019550063694e+02
1.042266016557911854e+02
1.039868834910905235e+02
1.041930498296925975e+02
1.043375474781341410e+02
1.044170580564882016e+02
1.051639568212486893e+02
1.049989594108622413e+02
1.044384482433926422e+02
1.042265761188324262e+02
1.041204510838316395e+02
1.046501221742676506e+02
1.050442928536267573e+02
1.044796180696967411e+02
1.042282360842423685e+02
1.040975565951233079e+02
1.039317795736828458e+02
1.044885080586669375e+02
1.045595913680175926e+02
1.034725910878046733e+02
1.047693130039503444e+02
1.042845376683620344e+02
