2.870855140251696298e+02
2.871306125140617382e+02
2.871717207739839637e+02
2.870591832399383065e+02
2.872118420943121464e+02
2.872080268413802173e+02
2.870439480947106290e+02
2.871245778701008362e+02
2.870842250685185491e+02
2.870864978314070868e+02
2.871296061100578640e+02
2.872301493927606657e+02
2.871385982861786488e+02
2.873346711921748806e+02
2.872873807030695730e+02
2.871904509601952782e+02
2.870792229484629274e+02
2.871906242947027295e+02
2.873286036388134335e+02
2.872078474228827076e+02
2.872420787467273158e+02
2.872082119255971406e+02
2.873067981665450930e+02
2.871096183884935726e+02
2.872007010110584702e+02
2.871894663259728873e+02
2.870180011609049302e+02
2.870952298638298998e+02
2.871857400988573659e+02
2.869842161113113548e+02
2.871497062906228734e+02
2.872589006986523827e+02
2.871325682353933075e+02
2.870538293543270356e+02
2.870041693561104239e+02
2.871231888046787617e+02
2.870707099819804284e+02
2.871573876734910868e+02
2.871844528815908575e+02
2.872095819112280424e+02
2.870660163057519298e+02
2.870853133049297412e+02
2.871896016633170916e+02
2.871149829987819544e+02
2.871565174549796211e+02
2.872098750490364978e+02
2.871807888912887279e+02
2.871908282817805684e+02
2.872230212813678918e+02
2.871960241904988607e+02
2.871459834227990768e+02
2.869803512873691034e+02
2.870983060324815597e+02
2.871880815267351750e+02
2.870595813130875058e+02
2.870556004440260836e+02
2.872646434329867589e+02
2.871573940210548130e+02
2.871385718324189043e+02
2.871812478473257784e+02
2.870963173201662357e+02
2.872813446923354945e+02
2.870848595287808962e+02
2.870891744055824688e+02
2.872073198751658651e+02
2.872076425239487776e+02
2.872313956085623090e+02
2.872963509124694497e+02
2.873079299542734475e+02
2.871902171126138796e+02
2.872522033649707964e+02
2.869860081989568812e+02
2.870270124861843897e+02
2.870737222281610457e+02
2.872309969859053922e+02
2.872138104527205655e+02
2.870515538979144026e+02
2.872184669483689277e+02
2.872625160690365078e+02
2.872521784303220898e+02
2.872594079759958845e+02
2.872486655775782651e+02
2.871932645623629128e+02
2.870176123844740346e+02
2.872906686631839648e+02
2.872173316658044655e+02
2.870429467391911658e+02
2.872168742348827095e+02
2.872538338360397461e+02
2.872285531475221774e+02
2.870537592060929342e+02
2.871882192587499389e+02
2.872494722935752520e+02
2.872282612959820085e+02
2.870588132006297997e+02
2.872245726531657510e+02
2.872218708932900881e+02
2.870331254293499228e+02
2.870654896368868094e+02
2.870545654482668283e+02
2.871252547477083681e+02
2.871223788874925162e+02
2.870454779056626649e+02
2.870771780025813200e+02
2.870528332129671867e+02
2.870173499458883839e+02
2.871589165030820254e+02
2.871757735864032384e+02
2.872044518596409262e+02
2.872892232502764500e+02
2.871686099698711132e+02
2.872217671568841411e+02
2.870581618341400940e+02
2.871236247615453294e+02
2.871197013659345885e+02
2.870518496436015425e+02
2.872604608222218303e+02
2.873278317842562046e+02
2.871363481970041107e+02
2.871638055614500331e+02
2.871384391268454124e+02
2.872751788144958596e+02
2.873402552776153698e+02
2.873345504449132477e+02
2.872127570733486550e+02
2.872033019980473796e+02
2.870545946481851729e+02
2.871894265263806005e+02
2.872523324252319412e+02
2.870563221418320268e+02
2.870038502509597151e+02
2.871238349710403668e+02
2.871655827153295490e+02
2.871122862070638462e+02
2.871707670676133262e+02
2.870343387455768607e+02
2.870473934454684581e+02
2.870756566418370426e+02
2.871290529735385917e+02
2.872671500560148843e+02
2.871309332956312232e+02
2.871248550508096855e+02
2.872132586846966547e+02
2.871138342643593546e+02
2.871452071914662838e+02
2.870696396150879082e+02
2.873338349841810668e+02
2.872466015405024677e+02
2.871579118720665065e+02
2.871826900122608777e+02
2.872095091870768329e+02
2.869697213483535165e+02
2.870844165739869709e+02
2.871985447845684121e+02
2.871089447248049282e+02
2.871650032528021370e+02
2.871621761439180887e+02
2.871372312094002268e+02
2.870238717392708736e+02
2.871371496951602467e+02
2.872627034841936506e+02
2.873963327194101112e+02
2.871221705177941317e+02
2.871902087407159456e+02
2.873104926126424630e+02
2.871039055835485101e+02
2.870484142291356306e+02
2.869953082156540631e+02
2.870704213502648940e+02
2.872267050188108897e+02
2.871334346060066878e+02
2.872656691596909582e+02
2.872148943283380049e+02
2.871128890459790455e+02
2.872970373510657964e+02
2.872478582386863764e+02
2.872268857371421404e+02
2.873891316127994173e+02
2.872510144395362772e+02
2.871875011457276514e+02
2.871903619174840969e+02
2.872940165489542892e+02
2.872081394730243460e+02
2.871546918788694711e+02
2.871754197806656066e+02
2.871514099867873711e+02
2.869723412547463681e+02
2.869395162149288012e+02
2.872229100029680922e+02
2.871558365577996028e+02
2.873386978474574676e+02
2.870986551992676254e+02
2.868988380904971791e+02
2.873076508318007996e+02
2.871853716697124810e+02
2.873013071017105631e+02
2.871888755348117570e+02
2.870803996730335257e+02
2.872624169652116848e+02
2.871071008313340940e+02
