2.362267214262593598e+02
2.375472836812403727e+02
2.383377315808403409e+02
2.389502486987321674e+02
2.391942269655116888e+02
2.395001514762343504e+02
2.400394240755124144e+02
2.400818881279070922e+02
2.401737695054710002e+02
2.412116300640199142e+02
2.404756825785565582e+02
2.407239386499762475e+02
2.413544517845582504e+02
2.411441815453657682e+02
2.411988006923684225e+02
2.417825542134650902e+02
2.411179729508354797e+02
2.413609841069831816e+02
2.420162842522560140e+02
2.413443278954154323e+02
2.413239416670643607e+02
2.421647727510126913e+02
2.421385945979994005e+02
2.414782100025163345e+02
2.421109616551945862e+02
2.417822666171681760e+02
2.417824461880636591e+02
2.424163763745004871e+02
2.415783874758745924e+02
2.420751679248182882e+02
2.424160860472121612e+02
2.416470457861161094e+02
2.418405810459736358e+02
2.423415378671308247e+02
2.418353580479686400e+02
2.422354858183465183e+02
2.416274886898062562e+02
2.416957343836359087e+02
2.426673849974248185e+02
2.419385283856088051e+02
2.423077904856538396e+02
2.427237770845941895e+02
2.420743897296533760e+02
2.419957731004881509e+02
2.429742933415775781e+02
2.418321135748184645e+02
2.414903900606737750e+02
2.426691914930170242e+02
2.424394931193985485e+02
2.422973634084099501e+02
2.421065728432303956e+02
2.420101783417014758e+02
2.427855194307101101e+02
2.428359829234405254e+02
2.420124419007800896e+02
2.420751689852233994e+02
2.431010661857783646e+02
2.425155518571514222e+02
2.422211044693319764e+02
2.427930731759657021e+02
2.423938886708820348e+02
2.421917096715173727e+02
2.432985750100576468e+02
2.422438430826560989e+02
2.423253519287540030e+02
2.433814026546852745e+02
2.422448460532234265e+02
2.425044865894663246e+02
2.432808951006743712e+02
2.426180017445151691e+02
2.426077460857696906e+02
2.435617077212770880e+02
2.424584209873336249e+02
2.425275781464668228e+02
2.429865899897574479e+02
2.424862015125943060e+02
2.433267459357353175e+02
2.426115208377902661e+02
2.423824122571062674e+02
2.427242780967047509e+02
2.424896221086577555e+02
2.427576712949182536e+02
2.433447815930684044e+02
2.426949260658361425e+02
2.431734141326724910e+02
2.433205078750769133e+02
2.426156897958537684e+02
2.430853860738317280e+02
2.432072622785315446e+02
2.430391137090684595e+02
2.431301403659881828e+02
2.436030000131280246e+02
2.434913555858332472e+02
2.430839933961551935e+02
2.431292844331725007e+02
2.433681887288514645e+02
2.427649585814835120e+02
2.424710228158400014e+02
2.429059267577389107e+02
2.429575259820245492e+02
2.436733169374478223e+02
2.430945902119491393e+02
2.431093683655680024e+02
2.430513412196241916e+02
2.434979420817567473e+02
2.424161287740056423e+02
2.435454002430375624e+02
2.433864372498169644e+02
2.435021730235139614e+02
2.432484005489403955e+02
2.437537773466870874e+02
2.429038738315413468e+02
2.432531491391156351e+02
2.433737376049287775e+02
2.433060402921209118e+02
2.440759501735429069e+02
2.434473799599538779e+02
2.433771282131677935e+02
2.436877149024905691e+02
2.432785842859261436e+02
2.436488525589842595e+02
2.436945904114195400e+02
2.433900668649621650e+02
2.434595203630974254e+02
2.433835166800444085e+02
2.433076650671015102e+02
2.435004394178763789e+02
2.434076491110104143e+02
2.436147381378567331e+02
2.434904833860000508e+02
2.433923512095867352e+02
2.436964716668107656e+02
2.432238613649604133e+02
2.439794985012317738e+02
2.437019676006812858e+02
2.432971926339014317e+02
2.430782942923368921e+02
2.435682239601392212e+02
2.440151890108543000e+02
2.435251261191795322e+02
2.439808421547954822e+02
2.441066303650579812e+02
2.430869583977254536e+02
2.435770548288404314e+02
2.439216088591012124e+02
2.435656049116797988e+02
2.440135709055517452e+02
2.434301151419935820e+02
2.436605357617766003e+02
2.433020981649784744e+02
2.430287827340639240e+02
2.435227475417284211e+02
2.440773305743165054e+02
2.439572322192775289e+02
2.441802916893147142e+02
2.437787722657877794e+02
2.440235493375891167e+02
2.436786473077155506e+02
2.440522125384435412e+02
2.439106056892246954e+02
