9.767799351371667171e+01
9.767630836747673584e+01
9.742898931980681709e+01
9.776307837426651304e+01
9.839498151768424350e+01
9.773901062867832934e+01
9.760781413582998312e+01
9.693520277369215421e+01
9.752183234924150668e+01
9.729230818628036559e+01
9.705029809297151644e+01
9.690499396243728825e+01
9.767540897821545798e+01
9.718237479971683968e+01
9.719496810314269908e+01
9.730723640812361452e+01
9.719817411360821779e+01
9.730338237846400773e+01
9.702722402982458050e+01
9.709672508573670768e+01
9.709646682205898571e+01
9.734413983026070127e+01
9.696057800179505648e+01
9.711704478073197322e+01
9.712941416049962129e+01
9.715180045515641893e+01
9.697885415259889896e+01
9.713302320947944679e+01
9.704050146628371465e+01
9.727738533153994638e+01
9.727119464281558692e+01
9.711033920374461559e+01
9.678270692807673470e+01
9.737965008323284621e+01
9.680537470575274028e+01
9.709929500470634878e+01
9.746554289425517936e+01
9.705670768528727876e+01
9.682305058448277180e+01
9.710982901264644340e+01
9.724422999765776865e+01
9.722092001186324239e+01
9.752508130336229897e+01
9.689932565258651209e+01
9.710403056284712875e+01
9.765799036994445714e+01
9.667028294591132465e+01
9.684402139934341847e+01
9.708849738034193422e+01
9.737432365874848017e+01
9.741083373835114401e+01
9.708419731231498417e+01
9.701013629730351795e+01
9.717522478441607348e+01
9.698643216459049654e+01
9.667198950353402154e+01
9.700192717934663733e+01
9.698908336344869952e+01
9.680299737908531199e+01
9.709292925307947542e+01
9.688556006814663135e+01
9.667826552836548615e+01
9.650588542341638743e+01
9.706600703478540026e+01
9.718175658915839676e+01
9.665714444824588725e+01
9.738643224832027556e+01
9.666942826270003764e+01
9.659156796326931271e+01
9.670717966836519963e+01
9.699012859495780958e+01
9.695506623341491093e+01
9.736574614290869079e+01
9.709015656687425633e+01
9.695720747780346471e+01
9.674901858001145172e+01
9.684586583567319451e+01
9.724206310280938226e+01
9.646518141635567645e+01
9.722080819990598854e+01
9.647643408434477408e+01
9.648035496337990935e+01
9.710075590343815577e+01
9.673272044886373067e+01
9.667970614633453863e+01
9.676683913012493576e+01
9.637888327863036864e+01
9.671945982041485479e+01
9.653573375089051467e+01
9.676419245971919736e+01
9.666980667225938362e+01
9.651818604579848682e+01
9.660223311930157308e+01
9.651867533195228077e+01
9.664129163363692498e+01
9.674484516826608171e+01
9.701256519291170832e+01
9.724214148611908115e+01
9.695160299297111806e+01
9.692985269553521732e+01
9.663341940129497232e+01
9.668212069425045740e+01
9.660845016553282960e+01
9.660239879134179830e+01
9.654761058959610409e+01
9.657844105409974134e+01
9.641374589883633917e+01
9.655608842738801911e+01
9.651988041600797885e+01
9.662559801420972860e+01
9.646318363058405509e+01
9.648801930745263178e+01
9.662425948151224020e+01
9.670647980845721747e+01
9.627813125353189605e+01
9.636211341555865317e+01
9.687496132147309424e+01
9.648746219099153620e+01
9.624590729569048619e+01
9.645370154512767158e+01
9.626795687254319489e+01
9.619872963794374243e+01
9.629765738288666910e+01
9.644535497383321854e+01
9.697320285574686238e+01
9.662103732923840482e+01
9.709805656245866601e+01
9.595756805765437036e+01
9.670610238801937442e+01
9.663810315228339221e+01
9.626490237156805563e+01
9.645775300241245986e+01
9.685717935036244342e+01
9.637954546995096905e+01
9.637855894632902221e+01
9.678284361092818244e+01
9.647221489718099008e+01
9.630658389076081960e+01
9.626524337069052706e+01
9.656865721895145782e+01
9.578323554874440049e+01
9.637348291372990161e+01
9.627705602033597643e+01
9.621952826913934587e+01
9.646922168168025280e+01
9.669816010263194528e+01
9.621163703587966154e+01
9.632421881699569610e+01
9.668455021330477450e+01
9.661254107770754729e+01
9.683623002672635494e+01
9.613873304472498660e+01
9.643875014971736448e+01
9.622538104408714332e+01
9.619962015837295155e+01
9.636587017567205748e+01
9.609834277703210148e+01
9.613861712423177153e+01
9.610181630917405471e+01
9.647807499991186830e+01
