2.355783794465733081e+02
2.371334016608903994e+02
2.377282478495380644e+02
2.382830223956518978e+02
2.387651202513480655e+02
2.392226376430326980e+02
2.397707248730344816e+02
2.398340125424686278e+02
2.400155954871827362e+02
2.403849165073552001e+02
2.405483786898099368e+02
2.408081798745027697e+02
2.413642779870992570e+02
2.411357376661500211e+02
2.412467603924357888e+02
2.415210692294045600e+02
2.419662859541871285e+02
2.420391162606514399e+02
2.418443344146815264e+02
2.418743253837812972e+02
2.417629836742110854e+02
2.419857203073183882e+02
2.422216542804685275e+02
2.425205349129349770e+02
2.427246634442539062e+02
2.424026165808272424e+02
2.422982024975792967e+02
2.424077676764045464e+02
2.425658509587474043e+02
2.425615224650267692e+02
2.426690388863656551e+02
2.426281654292086785e+02
2.425169347009570799e+02
2.428437336012776768e+02
2.430960799860854138e+02
2.429487823031061851e+02
2.428498367293802005e+02
2.432928231976468396e+02
2.432657297694452438e+02
2.429316572315153735e+02
2.430653282200215983e+02
2.432960157895085160e+02
2.431685057491275757e+02
2.430888844924724310e+02
2.433753856832508120e+02
2.437233806051730198e+02
2.432459263269568055e+02
2.432837096663827197e+02
2.436606731244129378e+02
2.433555803569060174e+02
2.436314846835604158e+02
2.434746262080343513e+02
2.434894345449398543e+02
2.438874879494671859e+02
2.436336696751752982e+02
2.438665715042277782e+02
2.437213671123949155e+02
2.439919610615534964e+02
2.439187162127263946e+02
2.438779644983711989e+02
2.442292317388948106e+02
2.436850242509258067e+02
2.439122880597916492e+02
2.438871636723113454e+02
2.437986042733890315e+02
2.440846780358591559e+02
2.441005728261050365e+02
2.438819940077688386e+02
2.441329432759026474e+02
2.440326595229450959e+02
2.437790075410736108e+02
2.442203816283016522e+02
2.441687190780090475e+02
2.440921291493405363e+02
2.443160955849027687e+02
2.437570941603058827e+02
2.443364172588589156e+02
2.443755402092468501e+02
2.443962579646673703e+02
2.444355184013428754e+02
2.443857697691261137e+02
2.444230277168141185e+02
2.443996932532128028e+02
2.440976257806009073e+02
2.443766402254888987e+02
2.440356189942977778e+02
2.443300354686108449e+02
2.448266670027489624e+02
2.444921594133977294e+02
2.444242297678463558e+02
2.444506401932463007e+02
2.445281067646732538e+02
2.447492039405782407e+02
2.447116377151942572e+02
2.445777092271902973e+02
2.445914528934609677e+02
2.447405186098257275e+02
2.446036751702599474e+02
2.445154406202176460e+02
2.447372488175143701e+02
2.446000182546036683e+02
2.445850046442942300e+02
2.447610432737333213e+02
2.445194972445591191e+02
2.446714380536087674e+02
2.449295863810536957e+02
2.447549273961718370e+02
2.448445774757770153e+02
2.448582333512212017e+02
2.451126674499275850e+02
2.447574326168638379e+02
2.448971306234641361e+02
2.452268858547409991e+02
2.446820601808777553e+02
2.448583108111832018e+02
2.451658891182802051e+02
2.449004222057646132e+02
2.447595814507621697e+02
2.449838404749739595e+02
2.449399173778154761e+02
2.448960743480239444e+02
2.446385816133927449e+02
2.449602144834664159e+02
2.451237981461921152e+02
2.449265302221190268e+02
2.450490017201732371e+02
2.448997344580420759e+02
2.451458022195898820e+02
2.451386866343016209e+02
2.450831067537517640e+02
2.448980927227253517e+02
2.454102901006008608e+02
2.450670817172772047e+02
2.452702554787938709e+02
2.447800745800349489e+02
2.450425301583240980e+02
2.454279559770327523e+02
2.450122249859658439e+02
2.450424901919126341e+02
2.451603647928271528e+02
2.455402928719925342e+02
2.451819997568326528e+02
2.452538755676115727e+02
2.453390319067982546e+02
2.453532119765150981e+02
2.450653329850175624e+02
2.451473641322904484e+02
2.451726368291329266e+02
2.451317611367232701e+02
2.454025283872229863e+02
2.455280174403037279e+02
