9.766313083132335748e+01
9.684537023985798498e+01
9.683774615890892790e+01
9.636688068186062139e+01
9.582710599155096531e+01
9.570188227302732287e+01
9.609583644534274072e+01
9.562888037853532808e+01
9.515771701912284186e+01
9.560369838194372960e+01
9.497739568169511415e+01
9.451886980141800620e+01
9.511994502836056142e+01
9.463250647653046599e+01
9.431419327299259692e+01
9.458960214601677308e+01
9.424203870661311555e+01
9.449775133216088818e+01
9.461416213405789222e+01
9.451865737016282765e+01
9.481692201191650327e+01
9.472017840076769346e+01
9.414732609534284791e+01
9.394087871202452789e+01
9.407898679333645475e+01
9.431857867965344155e+01
9.412249629601194556e+01
9.436257799273670344e+01
9.399936441339777105e+01
9.456000595623562788e+01
9.428936409770646776e+01
9.392387053870481850e+01
9.431401194302242175e+01
9.396801819096265262e+01
9.360609202223594139e+01
9.414928374646814291e+01
9.374397817267470145e+01
9.400331486956939386e+01
9.405570429948652134e+01
9.401603662778414616e+01
9.378034956668109601e+01
9.415180394528901786e+01
9.363982379443166337e+01
9.363948600488770069e+01
9.395062128322622641e+01
9.381817041441723859e+01
9.353210659374953195e+01
9.400296210782005346e+01
9.407281399997555127e+01
9.370825325336261358e+01
9.332058552496046389e+01
9.353909672040241219e+01
9.329441824127466987e+01
9.390569618008372288e+01
9.318076906194163200e+01
9.336529245592775794e+01
9.356753663205073224e+01
9.328786423770164049e+01
9.346208758921794413e+01
9.341076615635363112e+01
9.355852790406993336e+01
9.356604323708960180e+01
9.356581614598842123e+01
9.382338530127636034e+01
9.355840386210843462e+01
9.329766652112645886e+01
9.359044877344875601e+01
9.353687553508341068e+01
9.320049346809116741e+01
9.370868190282214982e+01
9.312126010034599233e+01
9.353083480621522483e+01
9.321645311085046615e+01
9.324356702473176028e+01
9.375873232627547793e+01
9.356023326175260024e+01
9.310589607368090981e+01
9.290726446091461810e+01
9.321394470299760826e+01
9.300608706056699759e+01
9.342759495524047963e+01
9.326900430738209025e+01
9.332552496221580896e+01
9.338740411039731271e+01
9.305550686345543454e+01
9.310049735976734553e+01
9.309393266765194141e+01
9.294130094895706407e+01
9.316568349480401423e+01
9.326949505436648735e+01
9.309426227142175492e+01
9.306431225143479935e+01
9.286805470248764038e+01
9.314822618654534381e+01
9.309873053259570952e+01
9.334126121836652601e+01
9.343341703378735019e+01
9.334504137134111090e+01
9.318713199200870179e+01
9.298493181048981171e+01
9.293644738011751372e+01
9.292613416822335637e+01
9.328839293365020069e+01
9.331867873702077532e+01
9.298061624317017504e+01
9.299586509945117996e+01
9.281496432566763133e+01
9.263436489123499484e+01
9.287296641560551791e+01
9.280002036917579744e+01
9.274507717998604051e+01
9.288453973559641952e+01
9.279200633953051636e+01
9.306385210567755450e+01
9.275175443535762554e+01
9.273177031163781692e+01
9.336216722123164402e+01
9.301745000568048738e+01
9.267876883880173011e+01
9.293267704438714816e+01
9.307930262417636413e+01
9.311467768447455740e+01
9.294474832163622580e+01
9.294983143111788593e+01
9.262901326173914640e+01
9.295878554870091648e+01
9.269839423957226643e+01
9.303539676534886382e+01
9.292249502126857408e+01
9.245375878985093721e+01
9.295735475050099694e+01
9.275187760032689255e+01
9.293910837415950255e+01
9.279815484834347217e+01
9.304362041117299498e+01
9.277586799731197686e+01
9.259733631598116688e+01
9.254323103928631156e+01
9.272395531289053849e+01
9.282816870285579114e+01
9.255724487245733201e+01
9.281158814103373800e+01
9.244007445130580436e+01
9.280238117217703575e+01
9.282026947480001411e+01
9.248363697802496119e+01
9.279458514617915910e+01
9.291094730344083530e+01
9.268189994713549140e+01
9.265754151288111018e+01
9.274510629784735727e+01
