2.878329105453314583e+02
2.887718947420320887e+02
2.892334725457309332e+02
2.896637915852440983e+02
2.899446799827066457e+02
2.903681101279677819e+02
2.904240420641160654e+02
2.905125772999346623e+02
2.908212903855836089e+02
2.910612606691615838e+02
2.911586010817441093e+02
2.913562995485418128e+02
2.916597707206694281e+02
2.916643667516502774e+02
2.918108908963277486e+02
2.918254577437624562e+02
2.920283747078551073e+02
2.922500971717622633e+02
2.920850320764423600e+02
2.921078372780306722e+02
2.921514853240822731e+02
2.922701796904141816e+02
2.923795175314821222e+02
2.925840546729308471e+02
2.926120437144750781e+02
2.924790350345664933e+02
2.925667476704450678e+02
2.926421378646834341e+02
2.927591289311695277e+02
2.927386873457347747e+02
2.926824337002194625e+02
2.927661094208073109e+02
2.926958783605393819e+02
2.928065522552598736e+02
2.930554378677040290e+02
2.928937155259393990e+02
2.928918076952169827e+02
2.930878422645592991e+02
2.932083389336054893e+02
2.930511716627400460e+02
2.931640972140540953e+02
2.931492583508881467e+02
2.931459983070566295e+02
2.932490137300722495e+02
2.933523173482311108e+02
2.932921334433305560e+02
2.932096631430571847e+02
2.933469914385382253e+02
2.933080441398886933e+02
2.931763123065064178e+02
2.933113179640363910e+02
2.933686452722064928e+02
2.934483226108841905e+02
2.936249986819443052e+02
2.934700389171396750e+02
2.936121202880671603e+02
2.936063805298949205e+02
2.937883354066389643e+02
2.936177425257420737e+02
2.937116851529642076e+02
2.937359970184491544e+02
2.935295462033475360e+02
2.937897855611573164e+02
2.937325748089779722e+02
2.936713723992944551e+02
2.936840865902610176e+02
2.936378375765931992e+02
2.936226095300003749e+02
2.938508447032938875e+02
2.936455958919850104e+02
2.936791888654443028e+02
2.938962191442291783e+02
2.937793207554029209e+02
2.938899058204947892e+02
2.939028746865654398e+02
2.937308004871933349e+02
2.939422199887727061e+02
2.941057248296626767e+02
2.940139619860796643e+02
2.939979754648558696e+02
2.939333667395407588e+02
2.940883196574714589e+02
2.939971332049648822e+02
2.940372435695819604e+02
2.939985146468195580e+02
2.938774916129100347e+02
2.941288833395798861e+02
2.942624156388840220e+02
2.942376960710812455e+02
2.940923742552043336e+02
2.941270812081326653e+02
2.941496517169161393e+02
2.942958673246930061e+02
2.942790822447422556e+02
2.941407706479238300e+02
2.942615832285646320e+02
2.942492372024599945e+02
2.941162310940057978e+02
2.942154454264770607e+02
2.943611699214109763e+02
2.941648173490768841e+02
2.941483299218687648e+02
2.942217253190987662e+02
2.941432796137638093e+02
2.941885891538177589e+02
2.942950614225039203e+02
2.943230390203218576e+02
2.942826684624987479e+02
2.944148077800130068e+02
2.944311211468003080e+02
2.943223514708433299e+02
2.943327644043044415e+02
2.945143058922050727e+02
2.943182417814725795e+02
2.944735979661706438e+02
2.945839322212853517e+02
2.944078325649751946e+02
2.943197087745607519e+02
2.944938821640121205e+02
2.944562659509040827e+02
2.944560957419442389e+02
2.943318370372894037e+02
2.945044472402319684e+02
2.944483953601520057e+02
2.943801224400519914e+02
2.945200843728692348e+02
2.945295496035213887e+02
2.946362963867269968e+02
2.943974699949467322e+02
2.944256425272883462e+02
2.945514106852743339e+02
2.946467250357301850e+02
2.944864469347447198e+02
2.945792226134444718e+02
2.944304430344678849e+02
2.945945122115316508e+02
2.946868489861851117e+02
2.945248418567461499e+02
2.946720715083789059e+02
2.946773019120705612e+02
2.948375439888177425e+02
2.946139732517796688e+02
2.946933345237827666e+02
2.947654803690787162e+02
2.947229170231174180e+02
2.945362047775553833e+02
2.947620553590912778e+02
2.947454341301651652e+02
2.947636185386861598e+02
2.947571045647321739e+02
2.948033526523478827e+02
