2.377863881583257353e+02
2.379029003167485996e+02
2.377774488969719471e+02
2.377126838133179945e+02
2.379337190245210252e+02
2.379889618932761266e+02
2.380714130374173010e+02
2.378197159761352566e+02
2.378445304764346986e+02
2.380633357251693951e+02
2.381016644412882499e+02
2.379976748509633637e+02
2.377995060557225599e+02
2.376459167486885633e+02
2.376584698867868894e+02
2.376866792254788834e+02
2.376542134726383892e+02
2.378911260438353565e+02
2.374627786145263997e+02
2.377596121030136658e+02
2.381383984824298352e+02
2.376859521072903192e+02
2.376743885870878614e+02
2.381319863740071412e+02
2.376377207725700202e+02
2.378116012791996070e+02
2.382985709449482954e+02
2.376217323026268957e+02
2.379798427527911429e+02
2.380904982002865324e+02
2.378877514010779066e+02
2.378943663687068977e+02
2.380850100709583330e+02
2.376588165982412875e+02
2.369550100893366107e+02
2.375235767215942531e+02
2.374816944743335796e+02
2.378243617434224007e+02
2.378180953140537497e+02
2.378578464926599736e+02
2.380413136365004050e+02
2.377428973291511340e+02
2.376214473906902924e+02
2.377809270339249395e+02
2.378203082532312465e+02
2.376057907775945921e+02
2.375823804897729872e+02
2.380035407882059815e+02
2.380152546848821657e+02
2.376974699860709563e+02
2.378799446643770352e+02
2.380063314709825875e+02
2.378621523733910692e+02
2.376148604434541483e+02
2.374656958965855438e+02
2.376601715017106642e+02
2.377534905423416376e+02
2.377812129415653146e+02
2.380083323982434251e+02
2.377936595120770562e+02
2.379272790844663916e+02
2.376001107893264361e+02
2.377550199916264830e+02
2.379827418256884641e+02
2.375965714759939829e+02
2.375864274214670786e+02
2.378553111493961012e+02
2.378942275932264749e+02
2.378989030902172601e+02
2.378253086663778504e+02
2.381681917778652462e+02
2.381705451553824844e+02
2.378831088799877307e+02
2.376010670237418481e+02
2.376544461478980566e+02
2.380622754445618909e+02
2.376216566108995494e+02
2.376893485642324038e+02
2.377905209610005102e+02
2.379611088000478958e+02
2.379273937363761888e+02
2.379100952640360447e+02
2.379588745168745447e+02
2.379068158775769461e+02
2.379033190112602085e+02
2.381994951291510461e+02
2.379997744247062883e+02
2.379169822988052090e+02
2.383434105972400801e+02
2.381144146202362606e+02
2.377998841041516300e+02
2.380573838612013731e+02
2.383728385756520538e+02
2.379074691780884052e+02
2.377022544376753785e+02
2.381386830470044345e+02
2.380357858888816907e+02
2.380212117425795384e+02
2.381486172485551549e+02
2.385042623373705908e+02
2.379223849460774716e+02
2.379763894581141983e+02
2.378930910220438761e+02
2.379677663348722945e+02
2.379446767777070306e+02
2.378264816963622650e+02
2.378223804346220902e+02
2.378514941910905520e+02
2.383075739257900238e+02
2.378043273424276549e+02
2.377115120708404845e+02
2.376968655157043315e+02
2.375880461978709093e+02
2.372279289677257736e+02
2.372507242130659790e+02
2.375106663729745833e+02
2.374470610581743983e+02
2.371951158876310330e+02
2.371573738743531692e+02
2.370252201968022518e+02
2.374465842659817838e+02
2.374706490829611596e+02
2.371402768033778159e+02
2.373278484372916637e+02
2.370922430903631550e+02
2.370254820397143476e+02
2.372063475917554172e+02
2.370981860550191698e+02
2.372856342845584834e+02
2.372021051632987962e+02
2.373584392377324264e+02
2.372169396200630729e+02
2.371267161312861163e+02
2.370220443537378969e+02
2.370759332830473056e+02
2.371548007232925954e+02
2.366933194017015865e+02
2.367719712453084924e+02
2.366191970903909407e+02
2.370754736950285917e+02
2.369527142048947326e+02
2.365416799336134375e+02
2.361182701605434886e+02
2.363206424587429240e+02
2.366905193147522652e+02
2.368101904774246123e+02
2.366156477642170159e+02
2.366588405356795590e+02
2.365538032043345140e+02
2.366562599637173037e+02
2.364840031810805669e+02
2.368676145132537840e+02
2.371740510777509314e+02
2.371694288117069789e+02
2.365956095069631147e+02
2.368981196115145167e+02
2.368841383320898046e+02
2.368231813965032870e+02
2.367954081364842693e+02
2.369599997276680199e+02
2.369277574046937787e+02
2.370567902657293473e+02
2.373643632300490935e+02
2.365093355059791804e+02
2.367759444548831596e+02
