2.417894952526844179e+02
2.411845772028110275e+02
2.408777873402351304e+02
2.412565736186840013e+02
2.410930039034055881e+02
2.411464212480589424e+02
2.412186454724236739e+02
2.408756346470494520e+02
2.408135480554797141e+02
2.407004264833353773e+02
2.409011898265113985e+02
2.410627366742745608e+02
2.410409796667279636e+02
2.410782117117244354e+02
2.413191943015411027e+02
2.410535093623185219e+02
2.410277198219820605e+02
2.402829712466459284e+02
2.410097648501744914e+02
2.411117983858390801e+02
2.406245596220007599e+02
2.405708654873894545e+02
2.410610053564692805e+02
2.413850274044598336e+02
2.414849044734755807e+02
2.408895754645652687e+02
2.406190325428673589e+02
2.408945122766751012e+02
2.408682458621553621e+02
2.407953139431389502e+02
2.410179308008904684e+02
2.410398411928909184e+02
2.407231802813105332e+02
2.409522917369712331e+02
2.411136078920029604e+02
2.411654562671011774e+02
2.411803930499918067e+02
2.411534759995366528e+02
2.414148269127374533e+02
2.408681214593249251e+02
2.404738022302645675e+02
2.406830500207768466e+02
2.408324311338786856e+02
2.410214980522754615e+02
2.409975537694104730e+02
2.407150347524521123e+02
2.410418557626808536e+02
2.409454051690526910e+02
2.406633976493390321e+02
2.401631739494542899e+02
2.401107841952433546e+02
2.411184972922603720e+02
2.409199688380466853e+02
2.411068085115787198e+02
2.411249985546321284e+02
2.408368256260521321e+02
2.408002585119655521e+02
2.407473739114518310e+02
2.409795147729588791e+02
2.409240231315219773e+02
2.404427898901953995e+02
2.406335253859550392e+02
2.408984671883191879e+02
2.403694669341397514e+02
2.409241363025479075e+02
2.409833995311613535e+02
2.409099812379781440e+02
2.404982729734892644e+02
2.405036378351780968e+02
2.404287422426936303e+02
2.406853592394592454e+02
2.408214613707108356e+02
2.408214277029727555e+02
2.411116194120420744e+02
2.406589491411731387e+02
2.406538835536759109e+02
2.410117475206724293e+02
2.414209895400498453e+02
2.406391802354561094e+02
2.407631551156927401e+02
2.404939628279751105e+02
2.411756135872421964e+02
2.412022346686587753e+02
2.410040163808774878e+02
2.405115899094514589e+02
2.405452757775634609e+02
2.406877334407014644e+02
2.405202549796361779e+02
2.405886194098096951e+02
2.405676276403349902e+02
2.406317217025467983e+02
2.401938710453880788e+02
2.400916094987312590e+02
2.406589067056016802e+02
2.402934581337144380e+02
2.405700207179517065e+02
2.410349820833735350e+02
2.410010766708180370e+02
2.417655634121072410e+02
2.409770909548764166e+02
2.407520514853032125e+02
2.408743404994448838e+02
2.408759968205549740e+02
2.407239118169586334e+02
2.409261756983742941e+02
2.409750709728903075e+02
2.411486512730178902e+02
2.405624102837132341e+02
2.406047009582192402e+02
2.407319161892920931e+02
2.409377400281452140e+02
2.416253302336115212e+02
2.412311654193877928e+02
2.408058747126540311e+02
2.406122739606761058e+02
2.409130332021190952e+02
2.409518058781173693e+02
2.410437233536943893e+02
2.406730546165380531e+02
2.411517616955057690e+02
2.411027419721476406e+02
2.413467911018624079e+02
2.406421812562146840e+02
2.406521727789389331e+02
2.408930795999500845e+02
2.409939746925359998e+02
2.408150955267951758e+02
2.409743204362572726e+02
2.410649662983817336e+02
2.405351789182488744e+02
2.408409614118764637e+02
2.409366304592075210e+02
2.410614621889403395e+02
2.408818145484836748e+02
2.412363540075411095e+02
2.407572138943754680e+02
2.407511728439372973e+02
2.406415496810011518e+02
2.405769610112859311e+02
2.408501973625415076e+02
2.410352511082876106e+02
2.407078842652293815e+02
2.405390875864682130e+02
2.408662986090677407e+02
2.410245420773609339e+02
2.411662165190205087e+02
2.409006134431225803e+02
2.410216972757543772e+02
2.406300772918855273e+02
2.409521029913660470e+02
2.411317894420395476e+02
2.408441039701499733e+02
2.409611765073089202e+02
2.408499315128075011e+02
2.410042523729603943e+02
2.407481137193022960e+02
2.408422933511495501e+02
2.414060725670252339e+02
2.407031707244177596e+02
2.402577670356434112e+02
2.399943246771117629e+02
2.405089375134113254e+02
2.406666452227171646e+02
2.406006722990475453e+02
2.410609977532901667e+02
2.409277611766719644e+02
2.409127104122685807e+02
2.407793974674893605e+02
2.405471714314713552e+02
2.405265632501618711e+02
2.405157392366677414e+02
2.408177398474121844e+02
2.408006424496979889e+02
2.403895361250548888e+02
2.405583402073107209e+02
2.410341087673731693e+02
2.402741114260722100e+02
2.405533220017106544e+02
2.406458931243743393e+02
2.406800586066982817e+02
2.401605980164952996e+02
2.407136013667971213e+02
2.414704346501422378e+02
2.409325142836019324e+02
2.405694397182295177e+02
2.407285116323613750e+02
2.407827503632491073e+02
2.410048079014285349e+02
2.412639590417135196e+02
2.406507994887488451e+02
2.406904296408405060e+02
2.405680035893491322e+02
2.408891845816472994e+02
2.406474547804317581e+02
2.404734815153177578e+02
2.414085086016757202e+02
2.409932002940166456e+02
2.406092646108442068e+02
2.412578192886365969e+02
2.410313609757388633e+02
2.411793603911416710e+02
2.408331412906678963e+02
2.406499566652528586e+02
2.402956632000434354e+02
2.407777487846071836e+02
2.405482552711942787e+02
2.402002654811884668e+02
2.407948921116781094e+02
2.411167413817223348e+02
2.410340419187933776e+02
2.408527894791272956e+02
2.411649204815840619e+02
2.411787577970268330e+02
2.404365823252932444e+02
2.404253432806332569e+02
2.412479846851636296e+02
2.409291530630456180e+02
2.406917939454159239e+02
2.405211070462209193e+02
2.408374377433891311e+02
2.412538203983205278e+02
2.404320307719285381e+02
2.406332066591547800e+02
2.404756967002957708e+02
2.406027856226001802e+02
2.410674397001517661e+02
2.404275075988116726e+02
2.400642701984526468e+02
2.407102989961730088e+02
2.406754942558115999e+02
2.407074186757934910e+02
2.409897509844069816e+02
2.412085169751654803e+02
2.406885620202856444e+02
2.407225861566156198e+02
2.406756219430304782e+02
2.405180828021006789e+02
2.405491166175474120e+02
2.401723161483985223e+02
2.403090736480392877e+02
2.409246764175224769e+02
2.404227213697178058e+02
2.407283230954953694e+02
2.408965530653784981e+02
2.407279687072001764e+02
2.408079827354893894e+02
2.405392680024858407e+02
2.408592249544962272e+02
2.410670270145672021e+02
2.407543898839480789e+02
2.404659847996684618e+02
2.405960239497830742e+02
2.407873868484180093e+02
2.407892140407020634e+02
2.406292889573663558e+02
2.405130262761892084e+02
2.404224499221117242e+02
2.406437674613641775e+02
2.405653259452492421e+02
2.404790103298440442e+02
2.407682319504905593e+02
2.406528840518359686e+02
2.405816088887580406e+02
2.408703023878578904e+02
2.411492840793050334e+02
2.409286189978048469e+02
2.405345961170450266e+02
2.408241245315371941e+02
2.410029457049157884e+02
2.409490757142837083e+02
2.408369507761159696e+02
2.405106260891876389e+02
2.408138907322404236e+02
2.405271060735217645e+02
2.403976824655946700e+02
2.408919208590270671e+02
2.405441012802096736e+02
2.407918276942141063e+02
2.403599720490995821e+02
2.404438482014476222e+02
2.408360257052657971e+02
2.406299960928310782e+02
2.404355882205623800e+02
2.405048308779846593e+02
2.408215710500318494e+02
2.413103537195988793e+02
2.414278443502924176e+02
2.403220515183381849e+02
2.404832516882277389e+02
2.406296639024516253e+02
2.403895146469123745e+02
2.405211767845152906e+02
2.407587867794741214e+02
2.406250878708943901e+02
2.408143428930796688e+02
2.405890279449795628e+02
2.407338556901442246e+02
2.404632388267195040e+02
2.406922331278443892e+02
2.405700395627142143e+02
2.408155860616692507e+02
2.410801388544200563e+02
2.406991057388351862e+02
2.407116198203770807e+02
2.407728041548503199e+02
2.403857187197521625e+02
2.399203541794540797e+02
2.401611963865001655e+02
2.407322888554398617e+02
2.415527205985181638e+02
2.406472511676084878e+02
2.407751857562163025e+02
2.410519772743225815e+02
2.408668940006450896e+02
2.406369137136164227e+02
2.411589830320444037e+02
2.413508648941790398e+02
2.407041181987201242e+02
2.410889398132192412e+02
2.412029284772320068e+02
2.408259890306918862e+02
2.411022186237308063e+02
2.415932838341418289e+02
2.409231962174698367e+02
2.407048669087005237e+02
2.407406408011167969e+02
2.411055631870938498e+02
2.412479525979603068e+02
2.405211600712436848e+02
2.404897551253835388e+02
2.404946003808610158e+02
2.409167908756315057e+02
2.406939006552430556e+02
2.408760930057492260e+02
2.410231645817490289e+02
2.405807893206596475e+02
2.406763459998575456e+02
2.406154435673570617e+02
2.406845933408023086e+02
2.408140924748547889e+02
2.409561958768454986e+02
2.405489272503702978e+02
2.402761053951454642e+02
2.409830965705595247e+02
2.406815703058058489e+02
2.410129202064657932e+02
2.405887225185417435e+02
2.409176398947568885e+02
2.405733255804305770e+02
2.403808182890570606e+02
2.405631110440724285e+02
2.407102281171322602e+02
2.412215803836990347e+02
2.405855861428590003e+02
2.407277858694638724e+02
2.405993900797271863e+02
2.407452092721869406e+02
2.406485416009688834e+02
2.404905479207905330e+02
2.407984056407471769e+02
2.407391864137512982e+02
2.407133246674840166e+02
2.407878148720605225e+02
2.406304049626496351e+02
2.404494492254556235e+02
2.406675190796961203e+02
2.408609132782901554e+02
2.410132215953970842e+02
2.406381092930095065e+02
2.410461637595043385e+02
2.407719090448691759e+02
2.402623592151393268e+02
2.404482015459645652e+02
2.407301033345687529e+02
2.407768417411885196e+02
2.406455959412836307e+02
2.408059126437247244e+02
2.408534130984186561e+02
2.408395818165842854e+02
2.414025546059820329e+02
2.412529832318436718e+02
2.405785895974833295e+02
2.404630168338224792e+02
2.408954328532100817e+02
2.406483578336494702e+02
2.404597957629091241e+02
2.402030345909519440e+02
2.407952909719571437e+02
2.406267535910716617e+02
2.406123861900209988e+02
2.407660618549088269e+02
2.409004563938065928e+02
2.408074046082823543e+02
2.405236456273814554e+02
2.405473450357367255e+02
2.405961109152042070e+02
2.403731247507192563e+02
2.405464047260522591e+02
2.404402711070800933e+02
2.407771285119239622e+02
2.414745205403490900e+02
2.405276877448744699e+02
2.406663334307856132e+02
2.407114464337815036e+02
2.409986817929149936e+02
2.405690471205725771e+02
2.405338790666604325e+02
2.406280482816273150e+02
2.407829112024087408e+02
2.411539367322248779e+02
2.404934665015078679e+02
2.407925599084020689e+02
2.415242093997902941e+02
2.408495511475308604e+02
2.407801584422134056e+02
2.405607078831600347e+02
2.407950200215865664e+02
2.408693138270238023e+02
2.407721506007804635e+02
2.411931753974485275e+02
2.407659492047938841e+02
2.409013283899363387e+02
2.405740369020853677e+02
2.406784104406363269e+02
2.407961422804888798e+02
2.402794718207396443e+02
2.403806876128573151e+02
2.409602221767003414e+02
2.412730761181546484e+02
2.407848452255790050e+02
2.403381575546879958e+02
2.408674836456347350e+02
2.406298300660454004e+02
2.403861937262302320e+02
2.408577198750126342e+02
2.403624747768890586e+02
2.407742794112795366e+02
2.404585131284160013e+02
2.408037566179998805e+02
2.406007040763409748e+02
2.407040046771026311e+02
2.407443221806987594e+02
2.407624493983412606e+02
2.410945559572127479e+02
2.408471129744981454e+02
2.405853435865725487e+02
2.403097336267105959e+02
2.404188462160320796e+02
2.406845662603113567e+02
2.408734346076036275e+02
2.405138337734614709e+02
2.405922229191392034e+02
2.405709750937644174e+02
2.411115804790615869e+02
2.410485125349223381e+02
2.408795973989974755e+02
2.412660053619320024e+02
2.412675483901190603e+02
2.410118091888333822e+02
2.406733484723897618e+02
2.407172272645064197e+02
2.414047136577459014e+02
2.409254126980232513e+02
2.404478791679869119e+02
2.405360665454062712e+02
2.406359805358208632e+02
2.405198755372209973e+02
2.405258354946591624e+02
2.404846987191085361e+02
2.403394897982925329e+02
2.404794207605568772e+02
2.406043289746574203e+02
2.403515378643899112e+02
2.404885278849058068e+02
2.405246513280693250e+02
2.403903732945760794e+02
2.404018414539997366e+02
2.400203357687354355e+02
2.405661103075164817e+02
2.413635201867219564e+02
2.407253608531890166e+02
2.405434194712706528e+02
2.407834104850434471e+02
2.407136789769637062e+02
2.404022148761084452e+02
2.404426657510830410e+02
2.406651446885353778e+02
2.402777788439288145e+02
2.402719601667953100e+02
2.402146528779419441e+02
2.406339469094179719e+02
2.407539245174693576e+02
2.407468331529190948e+02
2.407142031133407443e+02
2.404778018061309979e+02
2.409824081865650953e+02
2.404816810922545471e+02
2.403767691425779276e+02
2.404619998352634411e+02
2.401757366047319238e+02
2.402166406529871381e+02
2.401340118771696552e+02
2.399497634752795818e+02
2.403456812021716757e+02
2.399728846070619568e+02
2.403969235257413004e+02
2.404654498019057485e+02
2.407201845778732832e+02
2.413213053907785763e+02
2.406967134536636195e+02
2.401879587883421152e+02
2.398880519110340401e+02
2.405280614538999941e+02
2.407183808232061608e+02
2.409932719106069214e+02
2.406889229600095916e+02
2.408776857869249000e+02
2.403535618199108796e+02
2.401156368401517227e+02
2.407200117680083906e+02
2.406198516933825147e+02
2.405141357508242379e+02
2.410510164941381674e+02
2.412265248159982036e+02
2.405355536449153249e+02
2.408299324016527692e+02
2.411994260599794586e+02
2.404704062105834907e+02
2.405389530408189103e+02
2.408698819300969944e+02
2.417251713960301061e+02
2.407113486768987798e+02
2.400576557732992740e+02
2.401935580403885240e+02
2.406025528144208181e+02
2.408354571422834454e+02
2.405878765727452162e+02
2.401905476439000324e+02
2.400637124023479316e+02
2.405930987315219909e+02
2.402714161785613953e+02
2.408371991181809051e+02
2.404834444215633482e+02
2.401997949726994648e+02
2.402765322396839167e+02
2.409565189807672141e+02
2.408923685956387146e+02
2.402686545797461122e+02
2.401431943778592597e+02
2.403240549434894717e+02
2.401936740819489842e+02
2.403378272040137915e+02
2.406030187435509049e+02
2.403759338097161447e+02
2.405527731335053829e+02
2.411505968119806766e+02
2.408789635102668001e+02
2.407952910159617659e+02
2.407921237971032440e+02
2.407412363269694708e+02
2.404328621443613656e+02
2.405434920037084510e+02
2.405408810895058025e+02
2.407080065279726284e+02
2.406477660118626716e+02
2.412137723234628766e+02
2.406148373289350104e+02
2.411192697916590362e+02
2.409547009070553543e+02
2.405670266510131512e+02
2.407089314056140665e+02
2.409509310722800990e+02
2.410751506985490096e+02
2.408181967586451719e+02
2.408250465821686248e+02
2.408110514765500056e+02
2.405679858098278885e+02
2.409478664151631904e+02
2.413939630999306303e+02
2.409042237674900662e+02
2.409109725970456566e+02
2.410462694572642306e+02
2.409871655151879111e+02
2.411474473044149534e+02
2.409920316939104907e+02
2.408110052860387498e+02
2.405252944626080023e+02
2.404380171699770870e+02
2.409154329239067636e+02
2.407282094582274965e+02
2.407910235972522059e+02
2.407620509235135842e+02
2.409527984083703416e+02
2.409112734639686266e+02
2.412135506393723290e+02
2.412061077827907809e+02
2.405681363060130309e+02
2.403684540663695373e+02
2.406361418891044650e+02
2.413091415446530164e+02
2.406944434749028687e+02
2.411458373033663349e+02
2.407864977248402738e+02
2.407394028633924847e+02
2.408361681929518738e+02
2.407016731008254737e+02
2.406186569831336044e+02
2.408647983505563843e+02
2.408468505878715575e+02
2.405129273780825372e+02
2.408321707100257072e+02
2.409779377376762284e+02
2.405151502807948134e+02
2.406111071258206096e+02
2.405376780348984767e+02
2.406136142030832161e+02
2.407747654838585447e+02
2.406648267117321041e+02
2.404632088075254330e+02
2.407310620169572246e+02
2.403347976501396488e+02
2.405065145812515368e+02
2.405009147987656206e+02
2.406865201044229536e+02
2.403472196006457864e+02
2.403599831459553968e+02
2.406097591387854493e+02
2.408758539854855201e+02
2.405856981204094893e+02
2.404782134838370951e+02
2.404671349747567035e+02
2.406523400441248270e+02
2.406586972648829885e+02
2.405765175223276344e+02
2.406631129748035676e+02
2.411327945948235936e+02
2.407484017666590432e+02
2.401613511812438162e+02
2.405521134228995379e+02
2.404316009720423892e+02
2.404100835853876958e+02
2.403578979215080551e+02
2.402738077667645484e+02
2.406465699350376326e+02
2.405299838551156029e+02
2.400136905112586589e+02
2.404683211590329392e+02
2.407814630330017565e+02
2.403882955824404632e+02
2.403243463409339711e+02
2.407158876859637076e+02
2.402292273685619932e+02
2.400737200333014414e+02
2.402445536682356533e+02
2.405263931877925643e+02
2.404365890829515138e+02
2.404305958480604488e+02
2.405099326182281345e+02
2.405185172957372970e+02
2.409105347903926031e+02
2.405199680712987629e+02
2.404730400513471693e+02
2.403138987896649894e+02
2.404773994378267332e+02
2.408291708599067817e+02
2.408215549714763881e+02
2.402647372162196859e+02
2.406900274532457331e+02
2.404835422865727139e+02
2.408299513543840078e+02
2.408738832822518816e+02
2.412914005031142040e+02
2.408420745930268367e+02
2.403947332851262502e+02
2.405277236281125113e+02
2.407336126225529540e+02
2.408802092785119555e+02
2.412194086384562581e+02
2.409899593997859881e+02
2.409832282113462441e+02
2.406469116887024313e+02
2.410175765896292432e+02
2.413934636096762461e+02
2.411436733199634261e+02
2.406446823286599681e+02
2.404750805921659378e+02
2.410721934756490157e+02
2.406805012788370277e+02
2.405842432004063767e+02
2.405970418591298028e+02
2.407660568726003305e+02
2.406085315958106321e+02
2.406679714637707548e+02
2.406412667731712247e+02
2.404951010118334125e+02
2.404253241561010270e+02
2.402079142937166978e+02
2.401080990576552097e+02
2.405387389375634086e+02
2.406628767367575108e+02
2.406360250572141979e+02
2.404649256992819062e+02
2.409309745917441035e+02
2.414166922578211540e+02
2.403545923271566664e+02
2.406398856448024617e+02
2.408120482901703383e+02
2.407055273347225750e+02
2.406324004739336999e+02
2.408024276195078244e+02
2.408955400637260311e+02
2.407122945852746341e+02
2.409872236490396915e+02
2.413403247672262353e+02
2.407004471478782932e+02
2.404843754873718353e+02
2.407211791964191718e+02
2.411278085927660868e+02
2.404228199228925860e+02
2.407308701264837794e+02
2.410141881052154531e+02
2.410362604507921276e+02
2.406457778436691513e+02
2.408382968905044947e+02
2.411717905661161865e+02
2.412480287265846357e+02
2.411651507654571560e+02
2.413101852346279941e+02
2.406611647873827451e+02
2.407364811354829328e+02
2.410682065122780386e+02
2.410697824749956624e+02
2.408921295441251971e+02
2.407021349874455609e+02
2.403938835630809479e+02
2.400886607408795328e+02
2.403533111289401347e+02
2.411474210622425574e+02
2.404747637715165922e+02
2.406983306628542039e+02
2.414463380531360883e+02
2.409837242900761964e+02
2.410563017024774410e+02
2.410573246654508921e+02
2.415336909740007343e+02
2.410357739496887746e+02
2.410214242542812428e+02
2.409640102401702109e+02
2.404378912225830334e+02
2.403111313402439748e+02
