9.897796038002657326e+01
9.929627023074824876e+01
9.893228741691507366e+01
9.921807092967890185e+01
9.923811990342163369e+01
9.925316639816783493e+01
9.934518730647096163e+01
9.918434221848713150e+01
9.968554225836989247e+01
9.947722125565498175e+01
9.946338636175950398e+01
9.934719409909637022e+01
9.969922351684435569e+01
9.924830603610784863e+01
9.911762655000559619e+01
9.943009210947877818e+01
9.968904969789547010e+01
9.973001065717910762e+01
9.948105684249173919e+01
9.960324139636271923e+01
9.939884280303631670e+01
9.935673378083974683e+01
9.935691955965221211e+01
9.914842678787840669e+01
9.944243921356103044e+01
9.944275061652632530e+01
9.923080895701377813e+01
9.938249556869730839e+01
9.933405439583050622e+01
9.931285758212538894e+01
9.950626845504511664e+01
9.954001791362789220e+01
9.941885246571938239e+01
9.918501636613370920e+01
9.959126439943310061e+01
9.914232501820161758e+01
9.916125223793243038e+01
9.913275520010056141e+01
9.914558449213332381e+01
9.939280657274260022e+01
1.000071908326753629e+02
9.968321255266828018e+01
9.957740158359605687e+01
9.939870123170724980e+01
9.970713368717916580e+01
9.938395471723045205e+01
9.950883840222748233e+01
9.984186452761470321e+01
9.996131255730172427e+01
9.964266530072585226e+01
9.968306096361084201e+01
9.939921269437697049e+01
9.925734932752048678e+01
9.929036576576767459e+01
9.953128660343116962e+01
9.927738037397408277e+01
9.977291507054754049e+01
9.954795432528845822e+01
9.933591857336807607e+01
9.970655644359213454e+01
9.988726741432337519e+01
9.954415802512694711e+01
1.000085776133226290e+02
9.957459788034229575e+01
9.945732830154513238e+01
9.952626750332240135e+01
9.965706251990901876e+01
9.970258617555974467e+01
9.957217680620526323e+01
9.967509099204336565e+01
9.956558580081214416e+01
9.988204142744903891e+01
9.935128093671819727e+01
9.947731446037808212e+01
9.945992385936530411e+01
9.955240296212765827e+01
9.915958719630765472e+01
9.937467568556570541e+01
9.952746233167448509e+01
9.933077363846199148e+01
9.933544606644994701e+01
9.928114651338107421e+01
9.913848799642329368e+01
9.948465414616084956e+01
9.953430128932926380e+01
9.965496196695512765e+01
9.981375412452895546e+01
9.968804296598291614e+01
9.969399846174320601e+01
9.965628110991910660e+01
1.001917677894689831e+02
1.000141267115888013e+02
9.994703751296658822e+01
9.975841632948804261e+01
9.970344710468775418e+01
9.937215699770649735e+01
9.916524328536836208e+01
9.874686329604674029e+01
9.889694262018547022e+01
9.927810009419901860e+01
9.945716246865551113e+01
9.970444737247130718e+01
9.936792287177162564e+01
9.991057532262045981e+01
9.940576652342798525e+01
9.934850545934874333e+01
9.945340867478357438e+01
9.948975594880469941e+01
9.970039612742191082e+01
9.894608935982459741e+01
9.930474689369653163e+01
9.902332670288637928e+01
9.934631857139991951e+01
9.954643761372615529e+01
9.916836992069049472e+01
9.933218299750051017e+01
9.958564455556425798e+01
9.929382201558229326e+01
9.933795398763624007e+01
9.935789079197043350e+01
9.904122141405194668e+01
9.936315035357684167e+01
9.948053968991331431e+01
9.963435691475972078e+01
9.937124337182963529e+01
9.949848257543850139e+01
9.956239292735243396e+01
9.941929341203524473e+01
9.954784384924435869e+01
9.973281092511160750e+01
9.935136439194310753e+01
9.926293286021488882e+01
9.956168863822415460e+01
9.923770204551942697e+01
9.924186398366617823e+01
9.941472847535881385e+01
9.951028675610746177e+01
9.962219145686759703e+01
9.976770127091030815e+01
9.957375918180468943e+01
9.930933132965645882e+01
9.976453583637903932e+01
9.940588619987454422e+01
9.939637487304737817e+01
9.945270659012771830e+01
9.928138930419184760e+01
9.928094052097799249e+01
9.962310378323043381e+01
9.945932040959303322e+01
9.934257938984571012e+01
9.958821842241015077e+01
9.951233334171782019e+01
9.914350362260439908e+01
9.943717600413815205e+01
9.962470106176000684e+01
9.952427729582676363e+01
9.964082826096542078e+01
9.943434803589686055e+01
9.979100323077177848e+01
1.004278827027616927e+02
9.982501612906004596e+01
9.957333783407494820e+01
9.962132792593233432e+01
9.955966349419010442e+01
9.947568159485207673e+01
9.936592643957095561e+01
9.968053310077539209e+01
9.963301118309429683e+01
9.954487271798167569e+01
9.973071285152741439e+01
9.966874074725073740e+01
9.968577267620258908e+01
9.981531949363103706e+01
9.997967404050683626e+01
9.940812709867405772e+01
9.991604049593924231e+01
9.988191372497500709e+01
9.937660843184353610e+01
9.954905546176182440e+01
9.958144235234136943e+01
9.952526228458951607e+01
9.920578291031392837e+01
9.931579204132158623e+01
9.941493298020590430e+01
9.950236745079087086e+01
9.944263598630305978e+01
9.926882315138691126e+01
9.941790995681776621e+01
9.932602204242208188e+01
9.966083549883724402e+01
9.977361983301300086e+01
9.964866342569821711e+01
9.935547598951698944e+01
9.959216143958866496e+01
9.947274131598523184e+01
9.906044314916692883e+01
9.995820490111033507e+01
9.925497679337587442e+01
9.932394129972296071e+01
9.947245069448501908e+01
9.959429884514042897e+01
9.962877367614269986e+01
9.966466730391341855e+01
9.981135764724655246e+01
9.941770235803572575e+01
1.001128620114238714e+02
9.999621936484879825e+01
9.946640070322921190e+01
9.939577500166137725e+01
9.933499914939658026e+01
9.932934580536202418e+01
9.922760123415139333e+01
9.968025784075892659e+01
9.946307922712088612e+01
9.950101029731060009e+01
9.956293278033781746e+01
9.968108965420388756e+01
9.944594568992346240e+01
9.963929732260324101e+01
9.911994210572196096e+01
9.933040971494317262e+01
9.997453499810745825e+01
9.969206810202034319e+01
1.001358467361382765e+02
9.943117609837163684e+01
9.980180614001956485e+01
9.998193442892058158e+01
9.993566725456872746e+01
9.955890278911364533e+01
9.977344151751778156e+01
9.935897866746684315e+01
9.930764612021089022e+01
9.953529313914572185e+01
9.967791866674116363e+01
9.942870934691204354e+01
9.945305918262414480e+01
9.973320964514464038e+01
9.989003387584408244e+01
9.996474728954812861e+01
9.962997391728701757e+01
9.967865328484303689e+01
9.988437067683612725e+01
9.960262347221059542e+01
9.952913990588803017e+01
9.949368846774054020e+01
9.998355673223876749e+01
9.940157552063196533e+01
9.943564786266104250e+01
9.951043905794006150e+01
9.951372421072842656e+01
9.956571917019010698e+01
9.948634136168335829e+01
9.965789704241286984e+01
9.928847882072132336e+01
9.960612043361987844e+01
9.965442316135947465e+01
9.976633169476798457e+01
9.952773375793493926e+01
9.978611622278741322e+01
9.955375454089198684e+01
9.961329113111098366e+01
9.951242065359402034e+01
9.970551780724476032e+01
9.925261305512945853e+01
9.947999942719972921e+01
9.955906425035335872e+01
9.995002350001637126e+01
9.926893963199501059e+01
9.912605188160335956e+01
9.958650451526671077e+01
9.957457618555839929e+01
9.951589871492170403e+01
9.953263684315574267e+01
1.000380907405497624e+02
9.922644230315017921e+01
9.987553034962735410e+01
9.983620135244734684e+01
9.967354988083349099e+01
1.000491528393621365e+02
9.976455981805793272e+01
9.939058188531869575e+01
9.971041276811543241e+01
9.953485490356409571e+01
9.941955786493787173e+01
9.931076243570511508e+01
9.921665122625171307e+01
9.953305609192955217e+01
9.966239887704630007e+01
9.968113636360133967e+01
9.974875394382422655e+01
9.993284904192991291e+01
9.986476825938950697e+01
9.939916062985487599e+01
9.947575087876118971e+01
9.960033760560658322e+01
9.988456051680395831e+01
9.951444438990533570e+01
9.987543753504094468e+01
9.957376692580011479e+01
9.968618579623479548e+01
9.935134821582583697e+01
9.970453930992727010e+01
9.979777347626826156e+01
9.995723941966501513e+01
9.987919002768400389e+01
1.002628960424470250e+02
9.989049060102037458e+01
9.966168628785719363e+01
9.921768438065781481e+01
9.943069345876619991e+01
9.963208501070026557e+01
9.929567395445496913e+01
9.944131049166907133e+01
9.956922416099358486e+01
9.931126901544251950e+01
9.921582329506981068e+01
9.954849699278895514e+01
9.898793633114713941e+01
9.901891496765694001e+01
9.922328271528533605e+01
9.950175336201895959e+01
9.889251536445773638e+01
9.935792082018686244e+01
9.933254379668977663e+01
9.982470295101585123e+01
9.944186522367287751e+01
9.927309159344741829e+01
9.964435029531131249e+01
9.973906751321301556e+01
9.973668261493349974e+01
9.958439173304147118e+01
9.949530739200393725e+01
9.984786262815369184e+01
9.943563680045171793e+01
9.957357195298591535e+01
9.976707574722809113e+01
9.942904777042697617e+01
9.958310922672551158e+01
9.971415701203746096e+01
9.956544322725439145e+01
9.953607549501860774e+01
1.002046788359278224e+02
9.941716597133331845e+01
9.985707470058186175e+01
9.972578821329558707e+01
9.959283767301126034e+01
9.972375265773473529e+01
9.948869454279589775e+01
9.957685371141474207e+01
9.989436864295517182e+01
9.931233212734848337e+01
9.937324297224832037e+01
9.958352486495739697e+01
9.980830953980660070e+01
9.975848656446534335e+01
9.952459079796044250e+01
9.956736694319539538e+01
1.000989392370608329e+02
9.918085496102224852e+01
9.959521111494539980e+01
9.952272221706681421e+01
9.946868843820568884e+01
9.946122118556432667e+01
9.953735311479518089e+01
9.970433198503475580e+01
9.957699645784379072e+01
9.949492446512425659e+01
9.921248861516012596e+01
9.955871702620004271e+01
9.938589577101969041e+01
9.982833447346634159e+01
9.934576866939289630e+01
9.977012467082651881e+01
9.935752553472680404e+01
9.954633218551657592e+01
9.973059253446696459e+01
9.930280618145103233e+01
9.925386000636514439e+01
9.925630528274787423e+01
9.908094499976995451e+01
9.946962856930106511e+01
9.998207353385571139e+01
9.957462122883390521e+01
9.974163907249059946e+01
9.963316779816209134e+01
1.000440903694923804e+02
9.978667525195355381e+01
9.965032628888684485e+01
9.982000120333788118e+01
9.959675045751349387e+01
9.953368639069840640e+01
9.953705635912376692e+01
9.955498342537528345e+01
9.985971242623925548e+01
9.983808308061337300e+01
9.969478442051881473e+01
1.000635846805601403e+02
9.967403970750751796e+01
9.934395282491463774e+01
9.912323651007136505e+01
9.937422677112597569e+01
9.957216848301915491e+01
9.934023170831699190e+01
9.938410915001345813e+01
9.965772385866334560e+01
9.987885546456237762e+01
9.946217230797871878e+01
9.957401958925520091e+01
9.897166715947112436e+01
9.970010490933248093e+01
9.920741528260589348e+01
9.896089050017015154e+01
9.954167400060920556e+01
9.964141472242609154e+01
9.959471965000271609e+01
9.995175884000586564e+01
9.937523476465121064e+01
9.930898839507091225e+01
9.946750215700558329e+01
9.942516790247832148e+01
9.948978335600709499e+01
9.987708595351439556e+01
9.969786579773334267e+01
9.923541114077272596e+01
9.992787748171188866e+01
9.954808667635562358e+01
9.942625224492694258e+01
9.901927422860154593e+01
9.955172187385018390e+01
9.976024104082246424e+01
9.968600960963111390e+01
9.945217494911689471e+01
9.994346420645935325e+01
9.952181252937357669e+01
9.954317614530970104e+01
9.953127675851207812e+01
9.936807898295376162e+01
9.945403488171739070e+01
9.953378242039495660e+01
9.973859477540402452e+01
9.970168838721787097e+01
9.948433721246334471e+01
9.947598638522366343e+01
9.940210723835093631e+01
9.967826114810070237e+01
9.960124416496211097e+01
9.990535432386502634e+01
9.934953601194956718e+01
9.953387908946002938e+01
9.962320517893761007e+01
9.954775445075610207e+01
9.943157177952404879e+01
9.937980780679045267e+01
9.935536806835257551e+01
9.903241425023730926e+01
9.968814599855529934e+01
9.920499818381692592e+01
9.928678598566142455e+01
9.993912975289907763e+01
9.957150524176013562e+01
9.949142338629047799e+01
9.959178550781564354e+01
9.971101366176669956e+01
9.963413121310669851e+01
9.976591471350398876e+01
9.967016112470948030e+01
9.977920905772133153e+01
9.963702705997728515e+01
9.979633047052597306e+01
9.996278042526552099e+01
9.984987880491877377e+01
9.976173757575016054e+01
1.001688082565290756e+02
9.958894154169013291e+01
1.000169401575877401e+02
9.980535828118298980e+01
9.974558601471716202e+01
9.971839044467871815e+01
9.962400570125281263e+01
9.947303859060401976e+01
9.961201819797595647e+01
9.940161684963673849e+01
9.963152744976814290e+01
9.976289575306395818e+01
9.992505775283906644e+01
9.951657234275812414e+01
1.000755304059142219e+02
9.999148421444408541e+01
1.001712462083579140e+02
9.960943644882792114e+01
9.969360502284314407e+01
9.956884359706346288e+01
9.970166538710037685e+01
9.977004275652365095e+01
9.973604145424782530e+01
9.967184110184341250e+01
9.984487000123483824e+01
1.000345883625905543e+02
1.000673728575074080e+02
9.995741121322646450e+01
1.000177911362426499e+02
1.002096552981530522e+02
9.993030612907170962e+01
9.988656809054499774e+01
1.000553722053076484e+02
9.991992685612312641e+01
9.995662162705099263e+01
9.954303956789662777e+01
9.931445809900054655e+01
1.000650605719635422e+02
1.000271118425876438e+02
1.000526010378636528e+02
9.957348300585806555e+01
9.962940987677326632e+01
9.936054648397056610e+01
9.949689294027230346e+01
9.965363706825515067e+01
9.988303427847129967e+01
9.975740361423426350e+01
9.962282316756501643e+01
9.989163343826345454e+01
9.929742867519280480e+01
9.918478392822431999e+01
9.964909090405397762e+01
9.956579658602720428e+01
9.936523177156128384e+01
9.938206195701582146e+01
9.972450438103773251e+01
9.964308965982711186e+01
9.902550403469298601e+01
9.934025848841243089e+01
9.999289409625383485e+01
9.960780691800606235e+01
9.981676233226026795e+01
9.988583466921063803e+01
9.983852501524158640e+01
1.002011900332635292e+02
1.000245754161820884e+02
1.000428926085190824e+02
9.990082019286565185e+01
1.000458136751845899e+02
9.982331380406394317e+01
9.985014454574587717e+01
9.966249297571032173e+01
9.969701628195200271e+01
9.946915534631263256e+01
9.984119956759842296e+01
1.000713706735290458e+02
9.962107525960750820e+01
1.000099005770551912e+02
9.993521078891826903e+01
9.941686263445434690e+01
9.960742923521253545e+01
9.995674644848601531e+01
9.937471272740496886e+01
9.943252968303649197e+01
9.960442279997725734e+01
9.968609632115145303e+01
9.971772572118584321e+01
9.971839791128799391e+01
9.960934461122462835e+01
9.969308232595535912e+01
9.941253857889103074e+01
9.974289498711914348e+01
9.932847942160985610e+01
9.972603717243674737e+01
9.932380365838416481e+01
9.893179460973162520e+01
9.953359535834617589e+01
9.946930620219798413e+01
9.923410376567362334e+01
9.940639475474358733e+01
9.916772109046434025e+01
9.917157907393921334e+01
9.971196085691225619e+01
9.942285115224365200e+01
9.951347286992849206e+01
9.944912782250652583e+01
9.924459255165005800e+01
9.931142408357037255e+01
9.908461121641998659e+01
9.926693448291543120e+01
9.921937156316819539e+01
9.919335796474490508e+01
9.950610982512820613e+01
9.958035289993146932e+01
9.982284683854361163e+01
9.955424996785764336e+01
9.928463857844617735e+01
9.978588820302837803e+01
9.975308462235913964e+01
9.927626602316388471e+01
9.951210368047436816e+01
9.940051035696735937e+01
9.886842265124327866e+01
9.937052303386853680e+01
9.993428394884988109e+01
9.935081755780809942e+01
9.902538698187055388e+01
9.960969640567908812e+01
9.956057073167407623e+01
9.914408387827801050e+01
9.972487011984787841e+01
9.938434486161200709e+01
9.936364544770408713e+01
9.955171497963202398e+01
9.948469723697429856e+01
9.954609794178325899e+01
9.957540389862759866e+01
9.960320867930870747e+01
9.935130312965520716e+01
9.949631111184385190e+01
9.984237001324835603e+01
9.963095081128430763e+01
9.955181184787528537e+01
9.985069278524197500e+01
9.960747391936598660e+01
9.996155719308200105e+01
9.975929447980236375e+01
9.983074056911891603e+01
9.980946871991464775e+01
9.968257881928052200e+01
9.964237555083032305e+01
9.968401269752918381e+01
9.967305739377896145e+01
9.987423237054423453e+01
1.000515982060298938e+02
9.974083159317341085e+01
9.977820538078636048e+01
9.966652466518623044e+01
9.960285885081248125e+01
9.969741878113734401e+01
9.972378245679431075e+01
9.964642034212238286e+01
9.949341631172374889e+01
9.952468389708917584e+01
9.983540353660288247e+01
9.973827421712267949e+01
9.963021204090880190e+01
9.984780639368780442e+01
1.000456452142024517e+02
1.000031094865131678e+02
9.984058637496390531e+01
9.975065057834751769e+01
1.003693497347040164e+02
9.955228406686092057e+01
9.955278435453418240e+01
9.930847772347890157e+01
1.001134303486256272e+02
9.970663759996034514e+01
9.984107825426171701e+01
1.003131758824353028e+02
1.002566899868140382e+02
9.990102669624651810e+01
9.984927859707998721e+01
1.004025750297521853e+02
9.935938858408690066e+01
9.970013463450857216e+01
9.955318488220744655e+01
9.984799335712516211e+01
9.943931854634934098e+01
9.984221925705948308e+01
9.968746839097748591e+01
9.943543441088819179e+01
9.959512120648014388e+01
9.973605116446060492e+01
9.971342772401192178e+01
9.973021566123325954e+01
9.942005647861081741e+01
9.970352404306652261e+01
9.942452918113097837e+01
9.923972919775447110e+01
9.937759741286826909e+01
9.990978435102407218e+01
9.971357241003683214e+01
9.924595715040472044e+01
9.958819286547849003e+01
9.940166890277033929e+01
9.935934371791454112e+01
9.944680847565815895e+01
9.945351548820224252e+01
9.927247649198773161e+01
9.905532882362602720e+01
9.947075333027605382e+01
9.946744920278648294e+01
9.958281241177326137e+01
9.939783784027345348e+01
9.936232749668936037e+01
9.980052073883882713e+01
9.944044287650599756e+01
9.960179113946396967e+01
9.981327004206623599e+01
9.961102839618803273e+01
9.960426357971107336e+01
9.983449966531514974e+01
1.002872886744165868e+02
9.951914691127423396e+01
1.000156560874440288e+02
9.976510486901611330e+01
9.954332202002262875e+01
9.974920819633241820e+01
9.925942856776896406e+01
9.940677488484688240e+01
9.928198717674631268e+01
9.962511963587327557e+01
9.947281224007885214e+01
9.962898259198924222e+01
9.982739902514242658e+01
9.982854469187515178e+01
9.946561489848075155e+01
9.918099175177742666e+01
9.938226231205051420e+01
9.916558897873456146e+01
9.942651072960121894e+01
9.934613346119830624e+01
9.925984402091910397e+01
9.920151177116849794e+01
9.986128866822544126e+01
9.958204143976212208e+01
9.915014438449348688e+01
9.912842389279101951e+01
9.944288010129554323e+01
9.954457691432254762e+01
9.947928248311096411e+01
9.893482636958059118e+01
9.893897380194134428e+01
9.890856764879902130e+01
9.944492509457876395e+01
9.977287249414301584e+01
9.927429131863756595e+01
9.933143871654290535e+01
9.955109593739415175e+01
9.933442989899947406e+01
9.989942181191254633e+01
1.000241903935564807e+02
9.987223901562451545e+01
9.951785431239962065e+01
9.978096555597117856e+01
9.916929959470751044e+01
9.908437001406177558e+01
9.923546238759244886e+01
9.942749432081073735e+01
9.907227396864118418e+01
9.891439837893858567e+01
9.916167914541892969e+01
9.921059605887440114e+01
9.932931466783323060e+01
9.936409353224077279e+01
9.990162961376512385e+01
9.952143491697154332e+01
9.941571668598813005e+01
9.911514958470024794e+01
9.970834994630143910e+01
9.904692262481171383e+01
9.893068285401393780e+01
9.910686867609429385e+01
9.900813342308056519e+01
9.893370562729892015e+01
9.921542311179844376e+01
9.940565624976835579e+01
9.958071097352177503e+01
9.923720971440103256e+01
9.935193644609204000e+01
9.967135198199993340e+01
9.930355700690374476e+01
9.917533678037655420e+01
9.984949051056243263e+01
9.931123570628379582e+01
9.915858178331706085e+01
9.924722320998456837e+01
9.939915150534523036e+01
9.914070843339946748e+01
9.932198542474939984e+01
9.935153625230843488e+01
9.913913100287710733e+01
9.950327388520895511e+01
9.949038300841714033e+01
9.927880633878230299e+01
9.899858110796004951e+01
9.950094750265402865e+01
9.979544348835322864e+01
9.960194897807606651e+01
9.971136205911102479e+01
9.966942760434547210e+01
9.953676121733947468e+01
9.953505323814987094e+01
9.957746756206097416e+01
9.945595624634476906e+01
9.983143052833656839e+01
9.924954132922022154e+01
9.948289481758094155e+01
9.968484511181766550e+01
9.980063687047912424e+01
9.954321585000866435e+01
9.931370831796357379e+01
9.981948118824152516e+01
9.984355940618348768e+01
9.935362514263839273e+01
1.002906208220521620e+02
9.981690616279858830e+01
9.927546029457757015e+01
9.933487519028706458e+01
9.971688094633039157e+01
9.976689982178815796e+01
9.933948135686061676e+01
9.955702280677606097e+01
9.927437401027147246e+01
1.000211193390527029e+02
9.962537120586746653e+01
9.956243891618815667e+01
9.931190550820907958e+01
9.910790990608222728e+01
9.930058283881790260e+01
9.966987157955924204e+01
9.967255929489033406e+01
9.934115136268366086e+01
9.952192791450589482e+01
9.941177247326271527e+01
9.922981592112382998e+01
9.952043204273117283e+01
9.980018928519102417e+01
9.997148686168303300e+01
9.931017695293770942e+01
9.971136844086497319e+01
9.995853123564602072e+01
9.949311839289681814e+01
9.966085251624883767e+01
9.958280910816063169e+01
9.965680558579528281e+01
9.969577971096747149e+01
9.966460783161022619e+01
9.954408002342506734e+01
9.905720484744198018e+01
9.949052050269484937e+01
9.914876173108750379e+01
9.918750728870276134e+01
9.943277475268364185e+01
9.874918861630885658e+01
9.932537169871481808e+01
9.973635044940421324e+01
9.960095887917731261e+01
9.911625504010629584e+01
9.939789132704190422e+01
9.914942175042857286e+01
9.932242635873319614e+01
9.900225328578581241e+01
9.876611473440556210e+01
9.908723025825854336e+01
9.927886815023153133e+01
9.909610170437541399e+01
9.845253529934173287e+01
9.929282991596390673e+01
9.894947766680587620e+01
9.883567509331862766e+01
9.851124373781506449e+01
9.862571496800438808e+01
9.848032938771196143e+01
9.876914863153750446e+01
9.916503697408994356e+01
9.907171410242067111e+01
9.902683871476246225e+01
9.900938711804245429e+01
9.900848527662611787e+01
9.946731599295726767e+01
9.933927516969878013e+01
9.898899050574088676e+01
9.904653496875947383e+01
9.893669312605243249e+01
9.882091354713020337e+01
9.946866128964391862e+01
9.922372084299752260e+01
9.928773298879589504e+01
9.931536099224187808e+01
9.949008037222336043e+01
9.924623605948742977e+01
9.928264734020395110e+01
9.953856906871909871e+01
9.964593266951010264e+01
9.906945636468675787e+01
9.948004560925397755e+01
9.901299857325439291e+01
9.919780427444804616e+01
9.919323803197028155e+01
9.947364852058962015e+01
9.959912311768374593e+01
9.920894511875228261e+01
9.928151803781088347e+01
9.961566992596704040e+01
9.951401086489882175e+01
9.935009712648832192e+01
9.881634755560287431e+01
9.958747797621698794e+01
9.924785024869407835e+01
9.936561046109376605e+01
9.937325976762348034e+01
9.929958909405532097e+01
9.925474284888325371e+01
9.927384492798331905e+01
9.972509083474648151e+01
9.928590531158333476e+01
9.921355936714074630e+01
9.952867015097905323e+01
9.947369624627280871e+01
9.922512074739900356e+01
9.970356450325057551e+01
9.959920657634904728e+01
9.937971521268929109e+01
9.938162725941369047e+01
9.977746043959440669e+01
9.968775170192527924e+01
9.954578302313161942e+01
9.959621138540789786e+01
9.935754777040652641e+01
9.978788837639052645e+01
9.983331078835935557e+01
9.955860809305112014e+01
9.942217957400866624e+01
9.953744127626573857e+01
9.958191121768989262e+01
9.952829176398041966e+01
9.975246967593147929e+01
9.963402974881739738e+01
9.959846353403709429e+01
9.967411300845147082e+01
9.994361504412852071e+01
9.967771606002469298e+01
9.956848807350972663e+01
9.992775483548875570e+01
9.959828309646199784e+01
9.967536708995997685e+01
9.969677108660498277e+01
9.977949636194517780e+01
9.984824122290955017e+01
9.977498248010452642e+01
9.979724813493426439e+01
9.973224613555230178e+01
9.982995366312360375e+01
1.000302976531564383e+02
9.969024098567602721e+01
9.959221051879644904e+01
9.949741985956676160e+01
9.936836579592987562e+01
9.952830115370794317e+01
9.982263326713659524e+01
9.971705333470185906e+01
9.964838164408853061e+01
9.981685370192194284e+01
9.958944510889294577e+01
9.967579051876327867e+01
9.973907894064656432e+01
9.945214729733811510e+01
9.951738787920355378e+01
9.989741375129597145e+01
9.977318766303859832e+01
9.958677668963143503e+01
1.000009749826209173e+02
9.973480155088573440e+01
9.990037012353457158e+01
9.999167577644357152e+01
9.940866806607130002e+01
9.934549456059573913e+01
9.968441239190913450e+01
9.962551817805062626e+01
9.935901057305802908e+01
9.946249507223417652e+01
9.953545939888975624e+01
9.942515592055154627e+01
9.941658187510699918e+01
9.955984940671883976e+01
9.927154429310262174e+01
9.937017215204478759e+01
9.941000374934090189e+01
9.966565873605931358e+01
9.939179326593739461e+01
9.920004138928334214e+01
9.947052250214728986e+01
9.958133888479358120e+01
9.971512988803551991e+01
9.968812617839323309e+01
9.937465249108932142e+01
9.973120892582245745e+01
9.941390983139854143e+01
9.904111430061072952e+01
9.893082106673637099e+01
9.941680901514600066e+01
9.942664684362621585e+01
9.940913700553566912e+01
9.917977018842135806e+01
9.941066108021981051e+01
9.919680154263564020e+01
9.937964889740847241e+01
9.934917878427707194e+01
9.966026836434029690e+01
9.945132163295045302e+01
9.925947103842695185e+01
9.952913493164616909e+01
9.960003951436691239e+01
9.946416681923047065e+01
9.959752216695567029e+01
9.961296217082355042e+01
9.966045131275244273e+01
9.980823080220436339e+01
9.966120806096633089e+01
9.975126483192570959e+01
9.977075302549955893e+01
9.977156018299122309e+01
9.960078385391227584e+01
9.961263287806616518e+01
9.977775747556727026e+01
9.954494328072964038e+01
9.971621828041106994e+01
9.959856993791730417e+01
9.935579752218893645e+01
9.973577307252115531e+01
9.942528844940521537e+01
9.968855695063399480e+01
9.981033517984074876e+01
9.965934300381142918e+01
9.927334965394805977e+01
9.906429715574797967e+01
9.937736783604732693e+01
9.946770996634033679e+01
9.942851565007295278e+01
9.963035691144671091e+01
9.967566128995491681e+01
9.929376861297693324e+01
9.981897750058863039e+01
9.917206740237143947e+01
9.925649672802889256e+01
9.955377073686419465e+01
9.932051570384940931e+01
9.906013261128862268e+01
9.955062397635320792e+01
9.932284379475852631e+01
9.959143249551487997e+01
9.901455675964110981e+01
9.912422274864576366e+01
9.911810238257487526e+01
9.919487084796934084e+01
9.945666662852075035e+01
9.941359608266485282e+01
9.922539411473285043e+01
9.967138602082769694e+01
9.952736628169616040e+01
9.961898919734967706e+01
9.949577990287166074e+01
9.941130517333367322e+01
9.916330584385100622e+01
9.949524935481595378e+01
9.957220840218310798e+01
9.992358074000749468e+01
9.955009747449678059e+01
9.955482715424994922e+01
9.964625856698502560e+01
9.975132953103394584e+01
9.935795920398851422e+01
9.969232434698581358e+01
9.972984352419679510e+01
9.936427930421308474e+01
9.970663824440408973e+01
9.993045942551664496e+01
9.973200173189941609e+01
9.945219773175585942e+01
9.962089373022888594e+01
9.921552109965996635e+01
9.967190732157189359e+01
9.975893659064365693e+01
9.944768297655939193e+01
9.944053446307550814e+01
9.942675726938733760e+01
9.938494237087040517e+01
9.941585728937253919e+01
9.946204999159328963e+01
9.920421559509219378e+01
9.927100156780574025e+01
9.908276526106739368e+01
9.944520003098942595e+01
9.937201115922856332e+01
9.931483259285768384e+01
9.976405695848467303e+01
9.934478003999994655e+01
9.964118859619593138e+01
9.868890907456786010e+01
9.943364075178554629e+01
9.960149214836741294e+01
9.941761354132357553e+01
9.978556509222978832e+01
9.984628721472513746e+01
9.966435883726745715e+01
9.940923519876673708e+01
1.000333596623847399e+02
9.985799479418834323e+01
9.962040402045771259e+01
9.948169756518382201e+01
9.990081346045747068e+01
9.967260256385361572e+01
9.920711763009994399e+01
9.938120957809083222e+01
9.908643477200807581e+01
9.931654776100465654e+01
