2.400588248252835513e+02
2.399985593508600914e+02
2.400010436181694615e+02
2.398294036593006240e+02
2.398193409292808553e+02
2.401394267013397439e+02
2.400532838959911714e+02
2.398180929002904804e+02
2.398819069773068406e+02
2.400271556146036573e+02
2.399967756223106505e+02
2.398168082551599980e+02
2.394536544163132703e+02
2.398538848780145543e+02
2.398771456537411950e+02
2.397691695017387872e+02
2.397039726510126627e+02
2.398447558578740200e+02
2.398384442453178451e+02
2.398554771158981396e+02
2.400521709363171112e+02
2.398621505356487660e+02
2.397462432502152012e+02
2.394431877066460004e+02
2.397047277415694282e+02
2.396982902628605245e+02
2.396534326939591892e+02
2.397445018805815096e+02
2.400344144127047912e+02
2.399117299078604901e+02
2.398596020476953470e+02
2.396652466984226066e+02
2.396182643909397711e+02
2.390324693317215576e+02
2.381673179344910238e+02
2.387053938881258546e+02
2.391855386387701685e+02
2.392186581758818704e+02
2.394070193315706945e+02
2.396622280343104592e+02
2.394475300652816543e+02
2.396143132624886505e+02
2.395436533014929239e+02
2.397667807949416385e+02
2.399335358065641230e+02
2.397908457594611491e+02
2.397112967080564658e+02
2.395818616900380960e+02
2.395705985519156513e+02
2.395057935501917825e+02
2.395247675024703256e+02
2.397986016438083254e+02
2.395685349196434117e+02
2.392537231334689807e+02
2.398680275835620535e+02
2.396469782106057664e+02
2.399052172010875381e+02
2.396419920756983686e+02
2.399139268770891249e+02
2.397778716233612215e+02
2.395224698902616467e+02
2.399667245846078458e+02
2.393009467914565960e+02
2.392294629530643988e+02
2.393938161152999839e+02
2.400345125417333350e+02
2.396267274120428112e+02
2.398284258325339522e+02
2.399479918559444229e+02
2.400084901536267523e+02
2.396177917054693580e+02
2.396482624873180214e+02
2.397458387766604346e+02
2.397659755752187323e+02
2.396630369374559848e+02
2.399531598155627989e+02
2.398369380041740158e+02
2.397117406436008480e+02
2.398380926039033909e+02
2.397659379976028902e+02
2.398285340158179508e+02
2.397378255595017436e+02
2.399049728442613798e+02
2.399063336706662710e+02
2.395253892718176303e+02
2.396854695423483861e+02
2.398787213924062200e+02
2.398541807533051724e+02
2.400594878893905673e+02
2.400619203870263902e+02
2.398135487023992027e+02
2.399628075211403768e+02
2.398474221144497562e+02
2.397809218705432386e+02
2.394423681604631895e+02
2.395563109088251110e+02
2.395103227660794118e+02
2.396096155110920733e+02
2.398280303770756916e+02
2.398984734023376575e+02
2.398921986453214004e+02
2.396393560324394230e+02
2.395705609887548633e+02
2.396091447960280902e+02
2.396030560899078239e+02
2.393044030699218183e+02
2.393514192388768436e+02
2.393764731537938530e+02
2.396515203531305644e+02
2.396161867158328675e+02
2.395524811032920809e+02
2.393915161751874905e+02
2.392845966004863385e+02
2.388762661465750909e+02
2.387469820823325790e+02
2.392274117002233140e+02
2.391355549197613755e+02
2.391078062210836208e+02
2.391614210718063305e+02
2.388581498075899106e+02
2.390497665033723536e+02
2.392261386634199027e+02
2.391905604649274721e+02
2.391144507479673678e+02
2.393944523109834392e+02
2.393251410737680942e+02
2.390153151379996928e+02
2.392153298302900737e+02
2.392887885557941274e+02
2.391247768957263986e+02
2.390874743645447325e+02
2.392496358175463627e+02
2.392092105315289530e+02
2.386566471528519742e+02
2.389090987365137551e+02
2.390463641789896485e+02
2.391754112685827920e+02
2.390209326668873757e+02
2.392590408636305028e+02
2.395385480167250307e+02
2.395027318234355107e+02
2.393310735001397234e+02
2.377407274542091216e+02
2.384854578251818111e+02
2.387158701823770173e+02
2.390074419979796687e+02
2.395289748057620898e+02
2.392956398847961736e+02
2.393729254366107853e+02
2.395660804015658130e+02
2.395113871835319230e+02
2.398009542942039900e+02
2.399436892452443999e+02
2.398433572584749243e+02
2.396940789835759062e+02
2.395270796711278365e+02
2.394705306965405498e+02
2.397339862577599945e+02
2.397733215808534908e+02
2.396607500934680104e+02
2.398966032185315669e+02
2.399941378950468049e+02
2.399497714637522847e+02
2.399226916769548552e+02
2.401546866471149144e+02
