2.866141110187403456e+02
2.865406911121863800e+02
2.865846571298324648e+02
2.865481842353358957e+02
2.865276051392080490e+02
2.866729143017977890e+02
2.867164972831237151e+02
2.865725906294406968e+02
2.864892799479685550e+02
2.866596655506633624e+02
2.865498654107481684e+02
2.864368929875279832e+02
2.864329172054411856e+02
2.865860570652448018e+02
2.865426325808617776e+02
2.864809505146631636e+02
2.864904579354699194e+02
2.864964444115737479e+02
2.865695706534601186e+02
2.865603035045908200e+02
2.865274663267350093e+02
2.865476617536742765e+02
2.864764300512646855e+02
2.863672713346153955e+02
2.864342548915969360e+02
2.864444346394082572e+02
2.864431474804384266e+02
2.865060249182226357e+02
2.865894911855439204e+02
2.866618568596207410e+02
2.865342837734761474e+02
2.864379112261012210e+02
2.864207333596016269e+02
2.864310430179022546e+02
2.860748290571466441e+02
2.861285886626502588e+02
2.862715030674751233e+02
2.862909268945048211e+02
2.863015697591783919e+02
2.864502587096411048e+02
2.865293633874934471e+02
2.865669837919072620e+02
2.865445659040412352e+02
2.866173435733027191e+02
2.865542701035419100e+02
2.865427025048552423e+02
2.865137689231873992e+02
2.864902812337579121e+02
2.864514283965832533e+02
2.865002838133335104e+02
2.865180076283118638e+02
2.866434840299045277e+02
2.866355075580352718e+02
2.865656981099486984e+02
2.867132304779233323e+02
2.865975766926526944e+02
2.865298023700647150e+02
2.865252736009237537e+02
2.866566132470375692e+02
2.866378961464486679e+02
2.866249123864656099e+02
2.868435832662387952e+02
2.865931692382291089e+02
2.864958907867886069e+02
2.865976541058640237e+02
2.867846331373233966e+02
2.866657404068127448e+02
2.867563033781772788e+02
2.867714925018697727e+02
2.867478217676624013e+02
2.866108082576196807e+02
2.865928337579035770e+02
2.867244880655596830e+02
2.868535674254403602e+02
2.867322275389348647e+02
2.868554264116938270e+02
2.868361465702674309e+02
2.866756168618512106e+02
2.868698394488441750e+02
2.867707496304827828e+02
2.867550822972468154e+02
2.867452591566708406e+02
2.868957117228471816e+02
2.868200638424972340e+02
2.867134833014306992e+02
2.867960795584788798e+02
2.867164911453722311e+02
2.868043672051188082e+02
2.869075472351469784e+02
2.869047579816931943e+02
2.869275885824573038e+02
2.869301182216884740e+02
2.869249356978706942e+02
2.867889968630858561e+02
2.865534767475025433e+02
2.866608700916220869e+02
2.866668629495790697e+02
2.867256659795076530e+02
2.869664852100028725e+02
2.869339906350918454e+02
2.869740332340300597e+02
2.867873820856256657e+02
2.867784203733106665e+02
2.868349245620109969e+02
2.868117006320924247e+02
2.866522136711366215e+02
2.865662927710025656e+02
2.867782046302888830e+02
2.868034734562354515e+02
2.868482095170622301e+02
2.867299440756676745e+02
2.868172300936253691e+02
2.868735398346632905e+02
2.866517976773936311e+02
2.866174669784484195e+02
2.867661795758943413e+02
2.867110471678802810e+02
2.866913448906174153e+02
2.867544680762165967e+02
2.866927062031163018e+02
2.868095893190881611e+02
2.868364632464492274e+02
2.868029399912964550e+02
2.868540031257103919e+02
2.870970943773178874e+02
2.870505740102182131e+02
2.868687512348556652e+02
2.868659624212673975e+02
2.869870178170533563e+02
2.869296918520575446e+02
2.869681943462643972e+02
2.870615501641289598e+02
2.871133595234257427e+02
2.869650707681113317e+02
2.870578190661356643e+02
2.872694000343174707e+02
2.870907372408419747e+02
2.871563504504982234e+02
2.871990050877445242e+02
2.875423177288336092e+02
2.874494724253419236e+02
2.874708512989716951e+02
2.870284994841281900e+02
2.871749550804049136e+02
2.871821055611237057e+02
2.873884695105674041e+02
2.877210233534700023e+02
2.874738417488056825e+02
2.874722917702703739e+02
2.876488645007404443e+02
2.877612930693840667e+02
2.879930559863623216e+02
2.879560251582304318e+02
2.878563059009984499e+02
2.878443330147385382e+02
2.876780653335226816e+02
2.876657921919759247e+02
2.878570466611672600e+02
2.880055494450750189e+02
2.879167942391458723e+02
2.879388963836493645e+02
2.880108867336390972e+02
2.881758246021014997e+02
2.880641177656444825e+02
2.882269068261460347e+02
