2.396832356829693254e+02
2.398754019719673636e+02
2.396317031397216795e+02
2.399550645877794750e+02
2.398369483796365955e+02
2.399289592377100178e+02
2.396043572992931274e+02
2.395925597271738923e+02
2.398285464004288770e+02
2.399067116619736737e+02
2.400169138849666126e+02
2.398438920882366574e+02
2.394621635978860468e+02
2.395657194129544223e+02
2.398159024681609992e+02
2.396972887680547046e+02
2.394302781535958786e+02
2.398283013354406705e+02
2.398263218121485636e+02
2.396822307721646439e+02
2.398098328568659099e+02
2.401595221944539560e+02
2.401086968999562430e+02
2.398971106677385023e+02
2.399223669092453122e+02
2.397713238230397792e+02
2.398279389139819671e+02
2.397047708616093757e+02
2.395238610210421655e+02
2.395882650272590126e+02
2.395936102309229625e+02
2.401788255931894867e+02
2.398212966920912095e+02
2.393449458817171944e+02
2.383779447450215514e+02
2.387955808694649420e+02
2.393061924365692050e+02
2.394825778207916471e+02
2.396596384778538322e+02
2.395918042205640575e+02
2.394975384796917126e+02
2.392439690329530322e+02
2.391373831654343576e+02
2.395788498237426438e+02
2.396477868483118243e+02
2.394927769457792692e+02
2.393038153040743339e+02
2.395955819410262393e+02
2.397990630320326488e+02
2.395443387627489074e+02
2.394361485345285416e+02
2.397130364844774988e+02
2.396112276531660825e+02
2.389906406732724520e+02
2.394654397998604907e+02
2.395378747743320389e+02
2.390573729690578659e+02
2.392633714492033334e+02
2.392167447654005343e+02
2.392901189678935054e+02
2.392501093251550799e+02
2.393857583602010664e+02
2.391438345976642950e+02
2.390149893918504915e+02
2.390290813501476066e+02
2.394322785227242036e+02
2.397342182217771835e+02
2.397065252238696758e+02
2.393848461913316044e+02
2.393409709532539011e+02
2.394410185950715970e+02
2.397073683253951231e+02
2.395172112830325659e+02
2.396430175726817424e+02
2.396858667600771753e+02
2.395432814654842844e+02
2.395868607609125718e+02
2.393611150585105349e+02
2.396307887843489368e+02
2.395253875581056207e+02
2.397524826031301757e+02
2.397866036073437215e+02
2.394558538360214186e+02
2.395100963416200557e+02
2.394559799755390657e+02
2.392880582362267887e+02
2.396375648212400620e+02
2.400096093387012388e+02
2.395112336439085539e+02
2.394101151022122167e+02
2.395185757333927938e+02
2.394186437540023746e+02
2.392786747294680936e+02
2.392715648302936415e+02
2.392746196386862039e+02
2.397383865517352604e+02
2.398024267552333413e+02
2.395251972606276070e+02
2.395593564446413950e+02
2.396540765700895861e+02
2.393628739454535150e+02
2.396832880803492287e+02
2.394499678243045366e+02
2.396441829203904490e+02
2.393870077881466329e+02
2.393439184563298170e+02
2.394759503282448634e+02
2.395959986865788949e+02
2.397875404681310556e+02
2.397188226091101626e+02
2.396652757459820293e+02
2.398216692011671967e+02
2.396727172378273281e+02
2.388934486033592748e+02
2.387537877983747592e+02
2.392014866867021681e+02
2.389993160673888326e+02
2.390268255493765821e+02
2.392847865370744955e+02
2.391236309951029853e+02
2.391940967212769067e+02
2.392947502929227710e+02
2.394241783505959518e+02
2.393573503148907093e+02
2.389936476397359399e+02
2.391851498151467013e+02
2.389901442022318463e+02
2.390586280024815551e+02
2.389982263853745224e+02
2.390467421024061139e+02
2.389800302659285762e+02
2.390736503534131714e+02
2.393996983997077734e+02
2.387187648326106739e+02
2.384752949840964220e+02
2.389507432669173284e+02
2.385882660030943043e+02
2.386557768333792922e+02
2.387580842035780790e+02
2.391478034214660511e+02
2.388841821559825576e+02
2.388667603478393175e+02
2.376757327875726276e+02
2.380946154904456762e+02
2.384978182964146924e+02
2.388816668261650591e+02
2.388424913787592914e+02
2.389261778965653775e+02
2.393520761119038127e+02
2.393192134983850963e+02
2.392162918018057098e+02
2.391629857007390285e+02
2.395095673510550967e+02
2.396440595697256697e+02
2.399742401918785788e+02
2.398184589381463923e+02
2.396090169227773288e+02
2.394822972363749898e+02
2.394279785542584875e+02
2.394537769706363122e+02
2.399360405517682864e+02
2.399634988270368865e+02
2.399019236861715854e+02
2.401453350399334283e+02
2.400760944991408508e+02
