1.002426522057487688e+02
1.003203867325400438e+02
1.002092679791255705e+02
9.993677765336748564e+01
1.000343869232444121e+02
1.002451855021486722e+02
1.001681507000755147e+02
1.001896657507749779e+02
9.995807973341463537e+01
1.001212626328631501e+02
9.961792262436910050e+01
1.009820730757151068e+02
1.011286302365239891e+02
1.003997927576836560e+02
1.000387052775678143e+02
1.004082923728519603e+02
1.001570175474194713e+02
9.989002663865086618e+01
1.001129652450176621e+02
1.004099944109860303e+02
9.987002716454662732e+01
9.974681462173792568e+01
9.997799522504941194e+01
1.002961380233276003e+02
1.001273534474915010e+02
1.002998938874984134e+02
1.000726200057884085e+02
1.003238064326741181e+02
1.003924326477207813e+02
1.000813147938493444e+02
9.995718457519417655e+01
1.000804266923049823e+02
1.001531810994824383e+02
1.015271942571400956e+02
1.031805247994479799e+02
1.015624904146173009e+02
1.002172104784345237e+02
1.003156639109496240e+02
1.004212340332669982e+02
1.004829169608488968e+02
1.008787782504345500e+02
1.005320910264668584e+02
1.005306163265617982e+02
1.004517715616041187e+02
1.002711067665984075e+02
1.007182475670071682e+02
1.003482071529452782e+02
1.002183360941078973e+02
9.998871437111638727e+01
1.007492298068011820e+02
1.000017207715263936e+02
1.002860951886527943e+02
1.005809043341125602e+02
1.015665807760581600e+02
1.007919638319121987e+02
1.007850852431366349e+02
1.010546922119369242e+02
1.006440653742951099e+02
1.008348373532784450e+02
1.005865163271163141e+02
1.006780052211616550e+02
1.003780316185960402e+02
1.012867455062337854e+02
1.012090723820888911e+02
1.003263464828517755e+02
1.003278119575884801e+02
1.004213944886484597e+02
1.003498804198429326e+02
1.006464381504481054e+02
1.004948614773608142e+02
1.003832366746461418e+02
1.004930121985459408e+02
1.002821127040628966e+02
1.003141782256385994e+02
1.001977295339177090e+02
1.008466844382080154e+02
1.002036499771161999e+02
1.004322370231388959e+02
1.004038364775265819e+02
1.007692087539126078e+02
1.002786262922363250e+02
1.001388990529163010e+02
1.008966764855413203e+02
9.998547742692572626e+01
1.004006826716314862e+02
1.005104328004102285e+02
1.000180698142163322e+02
1.004662953935206104e+02
1.001821406175415774e+02
1.001896468515111138e+02
1.006435482815382016e+02
1.004334483885885589e+02
1.007329523332453647e+02
1.002559174953392898e+02
1.005334114868245052e+02
1.001984737252375197e+02
1.004423941755616880e+02
1.006876332916626353e+02
1.004204868731327025e+02
1.005074121932194089e+02
1.003144324605663229e+02
1.002512176891204376e+02
1.007667042912747775e+02
1.004551803782349566e+02
1.007316735945631763e+02
1.003003890290017779e+02
1.006151335498487214e+02
1.002014303390080414e+02
1.003485375950661904e+02
1.004819435874177458e+02
9.967334591153989720e+01
1.003732410922154514e+02
1.009820379927997323e+02
1.021708502937871543e+02
1.016756468755619522e+02
1.011088378239647341e+02
1.011548664205286201e+02
1.010033163954397111e+02
1.009327247789259019e+02
1.011384766790504273e+02
1.006766677992305858e+02
1.005394415178070062e+02
1.005335773834120658e+02
1.004867123050968303e+02
1.010853567611814157e+02
1.007342117387632925e+02
1.010830548122362558e+02
1.006548710738042161e+02
1.007954775548398203e+02
1.008015761286740855e+02
1.006457590032742218e+02
1.005323834173761952e+02
1.009855843465396106e+02
1.017210430648219841e+02
1.013280883106494770e+02
1.007630684125752083e+02
1.011625594088104094e+02
1.009910677740755744e+02
1.003314122297657605e+02
1.006370932574909745e+02
1.004255637353004573e+02
1.016343617261624246e+02
1.034393642722944691e+02
1.019344702144330626e+02
1.005775457217666684e+02
1.004797879049028353e+02
1.004131185809418980e+02
9.992529823783404197e+01
9.947831959769349908e+01
1.001419210148174983e+02
1.000945723894764114e+02
9.994230394099160719e+01
9.971713603620516153e+01
9.916756469069109414e+01
9.948373924424289783e+01
9.945395855408774821e+01
9.957435333753828388e+01
1.000008771568762995e+02
9.932969086816341076e+01
9.954892169454784323e+01
9.869531807803383572e+01
9.960302679541659643e+01
9.919185670432104018e+01
9.864738167301237581e+01
9.899554400872233373e+01
