2.864812707662978823e+02
2.864492752988497273e+02
2.863787809932214259e+02
2.864990216266681387e+02
2.865145802945626770e+02
2.865132020931740158e+02
2.862631264360481396e+02
2.864271801232251278e+02
2.864983412039408677e+02
2.864590610296797308e+02
2.865930688551773642e+02
2.865238224245978813e+02
2.863533484598279415e+02
2.863885676939684686e+02
2.864865554400283258e+02
2.863892042873359856e+02
2.863359829957225884e+02
2.865515645275813768e+02
2.865534080134922874e+02
2.864604709868087866e+02
2.865799999162423433e+02
2.866516084599776946e+02
2.866075319116937976e+02
2.865652143664237315e+02
2.866252006280788578e+02
2.865188236583454113e+02
2.865870542903251703e+02
2.864195812115725630e+02
2.862980374205449721e+02
2.864217954903999726e+02
2.864834488596752635e+02
2.867361086604839215e+02
2.866559074573144130e+02
2.865022698109684711e+02
2.862318983068375360e+02
2.861620550863344761e+02
2.863587507709852957e+02
2.864921054824841349e+02
2.865034774339000592e+02
2.864559755899285847e+02
2.863655355888858480e+02
2.863109381804426334e+02
2.863077431412124270e+02
2.863872972072907146e+02
2.864754989290317440e+02
2.864358714107539754e+02
2.863300891764404241e+02
2.864780140223874128e+02
2.865467426565223263e+02
2.864241784380437821e+02
2.864910736759707106e+02
2.865805878516391090e+02
2.864999969174315311e+02
2.863073653161538346e+02
2.864468891482352433e+02
2.863868926624849678e+02
2.861985388288697436e+02
2.862710618254394035e+02
2.863223470575945839e+02
2.863039738226102600e+02
2.863146030303760767e+02
2.864576555747202633e+02
2.864127586383852417e+02
2.863553329284576989e+02
2.863981837176831391e+02
2.865083995400819390e+02
2.865446650341216355e+02
2.865620394502912518e+02
2.864875295918738516e+02
2.864575375671701067e+02
2.866949151021596549e+02
2.866952064649869385e+02
2.866585178689832674e+02
2.866357443859264436e+02
2.866878183618895832e+02
2.865659548862022348e+02
2.866071878253263776e+02
2.864943375013031073e+02
2.866243600882610849e+02
2.867217244421806868e+02
2.867783038518334706e+02
2.866322133959828875e+02
2.865947843735280003e+02
2.866892225925956268e+02
2.866098606597054754e+02
2.866319659557235582e+02
2.866690607466915139e+02
2.867391664236200199e+02
2.866399842542448368e+02
2.866278766118586532e+02
2.866779479249462952e+02
2.866234505087708726e+02
2.865711961965823207e+02
2.866112087446168175e+02
2.866300934373153382e+02
2.867511358005907596e+02
2.868174057097256195e+02
2.867057857645159515e+02
2.866699115001693485e+02
2.866891007292092013e+02
2.866773680778023845e+02
2.868621652411822538e+02
2.866881312011643672e+02
2.867625376763998588e+02
2.866538838769166091e+02
2.867199709438198738e+02
2.867638593283236901e+02
2.867249729781626684e+02
2.869643287082816983e+02
2.868961870728138592e+02
2.868769121183301536e+02
2.870559354539670380e+02
2.869188758031350517e+02
2.867765300950828760e+02
2.866490527418769148e+02
2.868088600676739475e+02
2.866842994999353209e+02
2.866783375797439248e+02
2.868844547256376813e+02
2.867396454270581216e+02
2.868188460060752050e+02
2.869741857892765893e+02
2.870165428172949191e+02
2.870541062252087272e+02
2.869245310430866880e+02
2.870048326840095569e+02
2.868606433573256140e+02
2.869610133979855959e+02
2.869690363067688281e+02
2.868967994065338303e+02
2.869914238595881102e+02
2.870810581684370959e+02
2.871998337082564490e+02
2.869494654979341135e+02
2.868181221482172418e+02
2.869962266494499659e+02
2.869321221802732680e+02
2.868560536071694287e+02
2.869648531943346939e+02
2.871547325432774187e+02
2.871579809699290990e+02
2.871919234590729957e+02
2.868602706297567693e+02
2.869485981466025919e+02
2.870236944604683345e+02
2.871449546508800950e+02
2.870944468339122864e+02
2.872646157722655289e+02
2.874645081059254039e+02
2.875576464659843055e+02
2.874977596030461200e+02
2.874417876928443434e+02
2.876350345227274374e+02
2.878905133565386336e+02
2.879838692055805609e+02
2.878470251607649857e+02
2.878261706479037798e+02
2.877278091279493424e+02
2.877858205897835546e+02
2.877735516619757163e+02
2.881104375210747435e+02
2.879803870067248113e+02
2.880037209194683214e+02
2.881910621818150275e+02
2.882803915425266723e+02
