2.409202757924156231e+02
2.415195171969592991e+02
2.414241434206959411e+02
2.411188578253907053e+02
2.412730216070578706e+02
2.409029653620970066e+02
2.410778730783931394e+02
2.410198705027740687e+02
2.407115506726532601e+02
2.406616137264766451e+02
2.410715388652838840e+02
2.416593203880846943e+02
2.412732602651294371e+02
2.413004638947903402e+02
2.411006415539833085e+02
2.413940498398161765e+02
2.412219117463480131e+02
2.415665673296532532e+02
2.417639560464347994e+02
2.412215800907942196e+02
2.415857781808161064e+02
2.418867340369382646e+02
2.423349459981618850e+02
2.415558506163953041e+02
2.417232617538569457e+02
2.417312238379422809e+02
2.415809585776061112e+02
2.416659263771603321e+02
2.420966882543342820e+02
2.422260072289910795e+02
2.424650077945575788e+02
2.421296342791904408e+02
2.419881762501522360e+02
2.423612802339456493e+02
2.420253561993007452e+02
2.423500171631824003e+02
2.425948825568334826e+02
2.422378730757679932e+02
2.421845931396814251e+02
2.425152611514239140e+02
2.426337252876166986e+02
2.422854695168837225e+02
2.424749360730121737e+02
2.430767549150072284e+02
2.428101271802826489e+02
2.428980545469011076e+02
2.429665104158400197e+02
2.426812951553827418e+02
2.426605486608629292e+02
2.430570904540441290e+02
2.433060608366553481e+02
2.433056434352857877e+02
2.432243335206056543e+02
2.426382581474763640e+02
2.431580669654519227e+02
2.437173533822624165e+02
2.439831252106280033e+02
2.438082854487250017e+02
2.435910289858173599e+02
2.432747228303735767e+02
2.435421507791206750e+02
2.440910689993311280e+02
2.437461483389842272e+02
2.432165589232266711e+02
2.435559001259150591e+02
2.440593722821784013e+02
2.436085974684578161e+02
2.440583740702890054e+02
2.438108469788487298e+02
2.439853681640518346e+02
2.440871219419268527e+02
2.438624696409002865e+02
2.444783119466109156e+02
2.448839830223342631e+02
2.443120035241725247e+02
2.443022157485522996e+02
2.445478769878062622e+02
2.441966860599040103e+02
2.445747514034352719e+02
2.445529262674498625e+02
2.450652942027276140e+02
2.443497960267798419e+02
2.446769031104558962e+02
2.452891086775897236e+02
2.448477239776966883e+02
2.449454240882522811e+02
2.449388307153463984e+02
2.453375448154047547e+02
2.456090916496977741e+02
2.454437673987452229e+02
2.458810183469424544e+02
2.459358976761223801e+02
2.459858101942635642e+02
2.456662708733599345e+02
2.459575426563315261e+02
2.464742559249861813e+02
2.463645688320335978e+02
2.460274482634619062e+02
2.460410592599886570e+02
2.460549870268741870e+02
2.461339907909433293e+02
2.466621692930998790e+02
2.470975882394129997e+02
2.468099030865839723e+02
2.471024457245294741e+02
2.467666303530643575e+02
2.468745064532228071e+02
2.467810392828647821e+02
2.476454527490733710e+02
2.477669853782048506e+02
2.473703821647166308e+02
2.477931833989924826e+02
2.471204310895718947e+02
2.475214576837888671e+02
2.480787498078284727e+02
2.482987215310869260e+02
2.479742495879834223e+02
2.480706966870397139e+02
2.482628138085972580e+02
2.482006002909979259e+02
2.481850960654584242e+02
2.484452006305526766e+02
2.486908486602876565e+02
2.486445409402407449e+02
2.486229973555502966e+02
2.492093007248650167e+02
2.490599875819897591e+02
2.490495029481241147e+02
2.490004171256364600e+02
2.493067372163492337e+02
2.494869123766929135e+02
2.496875180007504014e+02
2.494722322167946515e+02
2.492650057325128330e+02
2.492529981214228201e+02
2.496420962166078823e+02
2.500618417669116127e+02
2.501135514809313065e+02
2.500983192237088417e+02
2.504190013303562807e+02
2.502882001875493359e+02
2.502301199354051562e+02
2.503008529779215507e+02
2.496017435685792805e+02
2.503547984126330164e+02
2.510361306088648234e+02
2.502051600871276378e+02
2.504690613085554105e+02
2.513087507727668708e+02
2.509706126898402943e+02
