9.891566086823117132e+01
9.898908832088186216e+01
9.881770256127720131e+01
9.872663373036512269e+01
9.885162847957546717e+01
9.883054501003125836e+01
9.875894372185148029e+01
9.891884578829821351e+01
9.895672317179371191e+01
9.864408708178359575e+01
9.851392450096638242e+01
9.844331377409201878e+01
9.828968503186904115e+01
9.817099217891542651e+01
9.853213191806300131e+01
9.840886879281958954e+01
9.836445195926107488e+01
9.814312617918324122e+01
9.810686326803629242e+01
9.806647974770891096e+01
9.767527314965754215e+01
9.756951298839850040e+01
9.771081660044382033e+01
9.761660739079549387e+01
9.759623518560714217e+01
9.757217572557499352e+01
9.774491829052857383e+01
9.746327888411975948e+01
9.714245919563427378e+01
9.705103440190964648e+01
9.716948508785306160e+01
9.717960098513856337e+01
9.695690505858802055e+01
9.731999490095273586e+01
9.718625612258064450e+01
9.673823526407436191e+01
9.698036583175878889e+01
9.700890989011878673e+01
9.664033166492932025e+01
9.660226425594210298e+01
9.633864941224464928e+01
9.646260024844531245e+01
9.615493235439855368e+01
9.623001977205422008e+01
9.629621125116084102e+01
9.606214082281520916e+01
9.645964346463307493e+01
9.630233803185568320e+01
9.607188780233487080e+01
9.587809110612586494e+01
9.564179210523384711e+01
9.576492801666951493e+01
9.561575852093353944e+01
9.589509090933613322e+01
9.543084405247911661e+01
9.523329898440131558e+01
9.502884140605397079e+01
9.495275654041455482e+01
9.509255771326978390e+01
9.519307518679211455e+01
9.515294102233303875e+01
9.500283936632031612e+01
9.505538803997713160e+01
9.496736204913015911e+01
9.492240190613306083e+01
9.514627043175708820e+01
9.456824415567551512e+01
9.477224079895897546e+01
9.438657514387112712e+01
9.451874013336977498e+01
9.465351566183083776e+01
9.422146624322088826e+01
9.400578077149469891e+01
9.386954785971420279e+01
9.401606965543423655e+01
9.395788000912871496e+01
9.391194998730155419e+01
9.379683896410044497e+01
9.365716900958329916e+01
9.360211886693764427e+01
9.337950780817227781e+01
9.387711696988681354e+01
9.315302160842354340e+01
9.338464360307007439e+01
9.296142557223667779e+01
9.306862222999284029e+01
9.304682230702799473e+01
9.283435867227991878e+01
9.275829515926277224e+01
9.259065656042871240e+01
9.225964909845394857e+01
9.226216227337545206e+01
9.216154733055367387e+01
9.212235589967889382e+01
9.197893342524218951e+01
9.144676024960351413e+01
9.190916165169930707e+01
9.185836510370592123e+01
9.179402556478002850e+01
9.170231133258342027e+01
9.163355093168333099e+01
9.108961833453604129e+01
9.120957095595058206e+01
9.131446895660893404e+01
9.062844073570205694e+01
9.100666497315314984e+01
9.084593229508357126e+01
9.053192448935094205e+01
9.052039392021860920e+01
9.045165975303103778e+01
9.010626092023100853e+01
9.033412207687355533e+01
9.024056242899962399e+01
8.991113254062138083e+01
8.980864481267519750e+01
8.941860171661231504e+01
8.966028150317646350e+01
8.939943964916427888e+01
8.937292368305615753e+01
8.942730441682512321e+01
8.914428888862120459e+01
8.904781150528633304e+01
8.871125336010213402e+01
8.893988689550830884e+01
8.875131901154304614e+01
8.841072722185197108e+01
8.858895805700940684e+01
8.852929836328958402e+01
8.844876156987082538e+01
8.802637909573786601e+01
8.791037404845592107e+01
8.783636245562293254e+01
8.795615285470370281e+01
8.817650499545980836e+01
8.791104911816852052e+01
8.763226331578420059e+01
8.745857413498295330e+01
8.728302545591559181e+01
8.731721123966401876e+01
8.691041187962521519e+01
8.712534055984467329e+01
8.716425505488678027e+01
8.698160463377337237e+01
8.707560657883509236e+01
8.671538647135439248e+01
8.632881337389176224e+01
8.682858953211280095e+01
8.636292612536824720e+01
8.591700352145936392e+01
8.597438237429865637e+01
