2.868514397226232973e+02
2.868421075803434519e+02
2.868858550280995132e+02
2.868473536695393591e+02
2.868658728282468928e+02
2.867320596038585450e+02
2.867937798775113833e+02
2.868206911846238540e+02
2.867504585269232393e+02
2.867958428438400347e+02
2.870670200112392081e+02
2.871123225130324386e+02
2.870292051268588693e+02
2.871292078465730242e+02
2.870323200796004244e+02
2.870941935827971179e+02
2.870698342950216784e+02
2.872235597370624305e+02
2.873449955391446338e+02
2.872074966571175878e+02
2.873558297498738057e+02
2.875746464863144638e+02
2.875513599355288079e+02
2.874376261695104517e+02
2.874926897356087352e+02
2.875231642855537757e+02
2.875128376363381904e+02
2.875565831005731638e+02
2.876349164899662014e+02
2.877350843696730749e+02
2.877885676640350425e+02
2.878262268630264771e+02
2.877812378381660210e+02
2.878473053848312588e+02
2.877999728570293883e+02
2.879568267385025706e+02
2.880224111171361869e+02
2.878668932405863643e+02
2.879308316266238421e+02
2.880361037793518904e+02
2.881113728909786005e+02
2.880627825363091574e+02
2.882144347166476450e+02
2.883838736348729412e+02
2.882667186435991198e+02
2.883359392329340949e+02
2.882893826926621728e+02
2.882157520334903893e+02
2.883093921057302964e+02
2.885115804251931877e+02
2.886184499162077941e+02
2.886366075346235789e+02
2.885941563242873826e+02
2.884125938347872307e+02
2.886796808104159595e+02
2.889287531383342298e+02
2.889758889874579495e+02
2.889243658111936384e+02
2.888693863670889641e+02
2.888627103484574832e+02
2.889702673164597968e+02
2.890928033813626712e+02
2.889927367699087881e+02
2.888973302678701884e+02
2.889840684613359940e+02
2.890964043176001610e+02
2.891011754996092122e+02
2.891734329899976501e+02
2.891829118965012526e+02
2.892893277248219874e+02
2.892360515306814364e+02
2.893044009740642082e+02
2.895591939883011605e+02
2.896338790343963296e+02
2.895374424532731155e+02
2.896014756997029735e+02
2.896696903784905999e+02
2.896213811007445997e+02
2.897076702091151219e+02
2.897188551488853250e+02
2.898415130226875362e+02
2.897433412353784661e+02
2.899420457951732146e+02
2.900595823662893054e+02
2.900065396390540968e+02
2.900164495764863659e+02
2.901191894997593295e+02
2.902338751202608478e+02
2.903130818947293506e+02
2.903347499429913228e+02
2.904943593497789607e+02
2.905275531982339885e+02
2.906130776029335152e+02
2.905462409285991043e+02
2.907035853073048770e+02
2.910122800939200829e+02
2.907881975259257956e+02
2.906995046561763729e+02
2.907575651045368659e+02
2.908024281411276775e+02
2.909036923326743249e+02
2.911251857847322526e+02
2.912570395588940073e+02
2.911800882067562384e+02
2.913532246044554199e+02
2.913450790974915776e+02
2.912529822049395420e+02
2.914097154965610912e+02
2.916375366427673725e+02
2.916368101338998144e+02
2.916207401288123719e+02
2.916865600877748079e+02
2.915955274575011913e+02
2.918165825476202713e+02
2.919764851529943712e+02
2.921123250160717930e+02
2.920199111088174391e+02
2.921300077241842246e+02
2.922056101846437173e+02
2.921830439914709245e+02
2.922759741526026573e+02
2.924019883174399865e+02
2.924295972142839446e+02
2.924986872466541286e+02
2.925557086013343451e+02
2.928141826366539817e+02
2.926953597754426255e+02
2.927774638599492505e+02
2.927546929323230529e+02
2.928946081750247572e+02
2.929988512783007195e+02
2.930703779024629512e+02
2.930324432026043837e+02
2.929703492573353856e+02
2.929642173334119661e+02
2.932020578788095122e+02
2.932734468071154765e+02
2.934145963224214597e+02
2.935065181704974293e+02
2.936371480307232105e+02
2.934932460080991063e+02
2.935624869386929845e+02
2.936112286407519036e+02
2.934295271703252865e+02
2.937304490050868822e+02
2.939639117893804041e+02
2.937434726962424634e+02
2.938589831793863141e+02
2.941912245711041010e+02
2.940940239995643992e+02
