1.017797359909166630e+02
1.021710274441443431e+02
1.019532988525451884e+02
1.017558664061016742e+02
1.017853940038412475e+02
1.019914191930638623e+02
1.016988964689572299e+02
1.017873914326971345e+02
1.022174555685518413e+02
1.013701266751146051e+02
1.019680584135014527e+02
1.018326198789180665e+02
1.016462807646295659e+02
1.018030542208513225e+02
1.024918848720144950e+02
1.019366926844020895e+02
1.016335960332210533e+02
1.019605958773763490e+02
1.017340652274364885e+02
1.018761157679949179e+02
1.023990696953340347e+02
1.019668930991971934e+02
1.015425525024642610e+02
1.022444619930080307e+02
1.018569811210498841e+02
1.017743532472403558e+02
1.018397077015273453e+02
1.015423162470445959e+02
1.019740685444102724e+02
1.021309279641220513e+02
1.022552755605171484e+02
1.019175596960458705e+02
1.021150448648613320e+02
1.019455412785932396e+02
1.017696329305051677e+02
1.019740490696352140e+02
1.017161759196752655e+02
1.016385088283854543e+02
1.020495443870673427e+02
1.016338828935368070e+02
1.018420962774698495e+02
1.019572455119861161e+02
1.020342605864761794e+02
1.017896043193745328e+02
1.019202121171272211e+02
1.016868732873789583e+02
1.018134002503251310e+02
1.016691120081041504e+02
1.019856597111738097e+02
1.023146291116485003e+02
1.021953514084368777e+02
1.018620954427824472e+02
1.019698400983085520e+02
1.022125877290163771e+02
1.016663828164154211e+02
1.022890106017001841e+02
1.019355394138678292e+02
1.021575419564588429e+02
1.016816556028976635e+02
1.020166413552134799e+02
1.014118982361462145e+02
1.020409669342180905e+02
1.019315115996253667e+02
1.016729624555641749e+02
1.017926182445763033e+02
1.023990486428749733e+02
1.017749095541133357e+02
1.021282485595269947e+02
1.019077819399456217e+02
1.019447165726798943e+02
1.016289336338895737e+02
1.020131633664926341e+02
1.020919576545867926e+02
1.012783207466708717e+02
1.022348225698698485e+02
1.015383566853153070e+02
1.016281313119365564e+02
1.027138476492425951e+02
1.019138043812975951e+02
1.019809278440995399e+02
1.022311773945662168e+02
1.015027411165274742e+02
1.017782127193636228e+02
1.019574201916150429e+02
1.020174024672276119e+02
1.022189035391029250e+02
1.019691488245757824e+02
1.014420084774018704e+02
1.021701007969551824e+02
1.014000401221520207e+02
1.019152406803933246e+02
1.016422286619618234e+02
1.020238307959953801e+02
1.015443282047818911e+02
1.018501080659315647e+02
1.017549068021839389e+02
1.017905281362653227e+02
1.017403237271738590e+02
1.017808215771550948e+02
1.015131747902594412e+02
1.015332787697213490e+02
1.015731568868288690e+02
1.019050280722334065e+02
1.017887744482902121e+02
1.021854482835004632e+02
1.017608461202734134e+02
1.018052846273812548e+02
1.022622789465476814e+02
1.015611857616956968e+02
1.017200660652038096e+02
1.019280256553823278e+02
1.017629625874055108e+02
1.017682317840821753e+02
1.017663867449945059e+02
1.018111232322770690e+02
1.017237974779163778e+02
1.019042996253279654e+02
1.020127353712949088e+02
1.024524639220869631e+02
1.018723071252524477e+02
1.017453906851784069e+02
1.018762299381401846e+02
1.023607394949015514e+02
1.014974230209344910e+02
1.019827024547851124e+02
1.018206796153485811e+02
1.020338830219057371e+02
1.023400325463940703e+02
1.018966887575350455e+02
1.015589985843763117e+02
1.017294773600021784e+02
1.015978890136733526e+02
1.023891207751646704e+02
1.020495177369133870e+02
1.018897402306676980e+02
1.018190294887744471e+02
1.017945591577863098e+02
1.019844308097948868e+02
1.025361449165817902e+02
1.014981676325483448e+02
1.023263505116323842e+02
1.018798415518555203e+02
1.016650514525463080e+02
1.019239958892064379e+02
1.019514823374953352e+02
1.019114876063093789e+02
1.017490192706425347e+02
1.015118531437450287e+02
1.018265597616294258e+02
1.022057563378318719e+02
1.018163879289405003e+02
1.019288521599306847e+02
1.017386167160279484e+02
1.018752142635001547e+02
1.019517536147498618e+02
1.021445172876400846e+02
1.015015022525738573e+02
1.018800052744924329e+02
1.018799894248340934e+02
1.021797947439053900e+02
1.014465083134502379e+02
1.014696693940757228e+02
1.017414206059937527e+02
1.024037012605734134e+02
1.023243087314002793e+02
1.021955502006021419e+02
1.015398965915548644e+02
1.022792950492879527e+02
1.014480515220946018e+02
1.022313502883660590e+02
1.018124971880196625e+02
1.016071074587683114e+02
1.019497202729452709e+02
1.022423935318664832e+02
1.021319745139712722e+02
1.016168187767483460e+02
1.023678539088616191e+02
1.019571382365693779e+02
1.016578530469768538e+02
1.016227397860316728e+02
1.016404395506118021e+02
1.016686857372077242e+02
1.020267953677561081e+02
1.020013018577462987e+02
1.016041448529940681e+02
1.014723240513839499e+02
1.023233222978774535e+02
1.019095779838174991e+02
1.021803632498319274e+02
1.024879650190077882e+02
1.018296666872637388e+02
1.014923626019633360e+02
1.023710682979387485e+02
1.017224603682562503e+02
1.018316033656943347e+02
1.020296873187752880e+02
1.019628632945938733e+02
1.013971239266069659e+02
1.020729867609881012e+02
1.017010348927836247e+02
1.025420505879353215e+02
1.020478507026602983e+02
1.015524985715648967e+02
1.018981008877544241e+02
1.017396513970148817e+02
1.020344355999800285e+02
1.021928500871805596e+02
1.016176288858886920e+02
1.017232501541403167e+02
1.022400014271392479e+02
1.017299481306696549e+02
1.017918894665158263e+02
1.017996786770977309e+02
1.020039905459949097e+02
1.023460153916126245e+02
1.019774911719681540e+02
1.013178179601189441e+02
1.018034573663380797e+02
1.020229973096861471e+02
1.015556966254897446e+02
1.017915517500024265e+02
1.022067846688575941e+02
1.020270055467166941e+02
1.016819439241869105e+02
1.019407362356609354e+02
1.018681913717397123e+02
1.019266247150397788e+02
1.017793744137127305e+02
1.019054114338653250e+02
1.018392371684515041e+02
1.021752060180122186e+02
1.014020051674515770e+02
1.020052248090669167e+02
1.022189805291337592e+02
1.015719355018355685e+02
1.019564206260712211e+02
1.016743535586758753e+02
1.018315635101548224e+02
1.020927940107494152e+02
1.015092119580217656e+02
1.017815099934598067e+02
1.022662832187487538e+02
1.014515831372194299e+02
1.018896245486755419e+02
1.017953641680135348e+02
1.017900840992660818e+02
1.017829025227198798e+02
1.015046173818779494e+02
1.019884009322570222e+02
1.018072586920030744e+02
