2.872034315123428883e+02
2.872839773785619286e+02
2.868490461534849487e+02
2.869737066284013736e+02
2.871338459987151168e+02
2.870679417414452246e+02
2.869049276405615956e+02
2.870530095327127356e+02
2.870046419307893757e+02
2.869353171848649140e+02
2.871207495322614136e+02
2.869701716837143408e+02
2.870647893391495131e+02
2.872211919800449778e+02
2.871160352048037794e+02
2.869997405306787073e+02
2.870995200247768935e+02
2.871702764278986706e+02
2.869374862235996488e+02
2.872134894022953517e+02
2.871896736485857673e+02
2.868083847021965198e+02
2.868940669271539718e+02
2.870788445919287710e+02
2.870067534311580744e+02
2.871291497233962104e+02
2.871695436930897927e+02
2.870999254609601508e+02
2.872180141327309570e+02
2.871686112150109125e+02
2.869149644125752729e+02
2.870049644661243065e+02
2.871478781508585030e+02
2.869934339753187373e+02
2.871856211201425708e+02
2.872196962825258879e+02
2.871184015921070340e+02
2.869817416397914371e+02
2.871288520020451074e+02
2.869172204758168618e+02
2.869965076450727679e+02
2.871401154443697692e+02
2.871980604045126029e+02
2.871764702585792861e+02
2.872593687074822242e+02
2.870592520497174291e+02
2.871804779891967314e+02
2.870737197013531841e+02
2.871582535296757328e+02
2.871351117292568915e+02
2.871012563680645258e+02
2.870175338880154641e+02
2.871048760399358457e+02
2.870468440003376713e+02
2.870892952158778826e+02
2.871548787494327257e+02
2.869961682069441053e+02
2.869947825414632803e+02
2.870604039686321016e+02
2.870742370665926160e+02
2.870759492858053363e+02
2.871994774983083403e+02
2.870611529140882112e+02
2.870012762718531576e+02
2.871682590740842329e+02
2.871373515285101234e+02
2.869552886638804807e+02
2.871751452093535022e+02
2.871935698978628011e+02
2.871444750003988702e+02
2.871664264235364499e+02
2.872050764934389804e+02
2.870411507927265689e+02
2.870132862049456435e+02
2.871025555953812045e+02
2.869744157158543771e+02
2.870117232820113600e+02
2.870651112391064999e+02
2.870408983876108096e+02
2.869909086879043230e+02
2.869836777535167016e+02
2.869904560388143295e+02
2.871805212122975490e+02
2.871990580867311564e+02
2.871783644021921305e+02
2.872600603596235942e+02
2.869817667620950488e+02
2.871142889963628591e+02
2.872625814490262997e+02
2.870505424443885545e+02
2.872379596923635177e+02
2.871591347836405816e+02
2.872806443535931180e+02
2.872150002739358001e+02
2.872483567229716641e+02
2.872226790193433885e+02
2.871996446181314013e+02
2.871751604928500683e+02
2.872112413806588052e+02
2.871480531242884240e+02
2.871307616305315946e+02
2.871027497775589836e+02
2.871321141828271379e+02
2.870817727144150808e+02
2.872084999287747564e+02
2.872844736341021985e+02
2.871092474006831594e+02
2.871318198830988990e+02
2.871398064144996169e+02
2.872991540710529534e+02
2.872072520377614069e+02
2.871208258434888307e+02
2.871325137150430464e+02
2.872038101148941109e+02
2.871870381516429802e+02
2.871075679594385406e+02
2.872516390646696323e+02
2.870271309596197966e+02
2.871449639780085477e+02
2.870937053494257043e+02
2.871046689693743588e+02
2.873270423234041004e+02
2.871521598367468187e+02
2.871008543723809794e+02
2.871130572212908874e+02
2.871050699944681242e+02
2.872135925499572409e+02
2.872896894762278066e+02
2.870115537087942243e+02
2.872089145725242929e+02
2.872339400465828589e+02
2.873428818082578005e+02
2.872644214475603235e+02
2.872257083163136713e+02
2.872762025567892010e+02
2.871095428967175849e+02
2.869944165852802485e+02
2.871897861614805834e+02
2.872189238060798857e+02
2.870389469249134322e+02
2.870871360650833708e+02
2.871209239633529364e+02
2.871040969444548523e+02
2.872044985367417098e+02
2.872246239925439681e+02
2.871802887830502300e+02
2.871682463722291914e+02
2.872228960991555482e+02
2.872659038402246097e+02
2.871328737861239802e+02
2.870724706127983268e+02
2.871712331283325170e+02
2.871926467127833007e+02
2.871455818149145784e+02
2.872498949255398770e+02
2.872240445828501834e+02
2.871375290175475925e+02
2.871730924869183355e+02
2.871781822391241121e+02
2.872894038950678350e+02
2.870208746233288366e+02
2.871225158655561245e+02
2.872431235383850776e+02
2.873718906022261308e+02
2.870208808356330792e+02
2.869433552284633038e+02
2.871427410633545492e+02
2.872662332235119607e+02
2.871381432245005385e+02
2.871973685760463582e+02
2.870620772311133351e+02
2.869822889686764142e+02
2.871965128906828681e+02
2.870967233851461629e+02
2.869772701142586584e+02
2.870553629916751106e+02
2.871314918624156576e+02
2.869753813444104367e+02
2.870261413133067663e+02
2.870976524786659070e+02
2.872409457807701187e+02
2.872714171192315575e+02
2.872722858222012405e+02
2.872173943764668707e+02
2.869525851101095668e+02
2.873161250978656085e+02
2.872074441468970463e+02
2.869430118747505958e+02
2.872236987651938875e+02
2.870864692634233961e+02
2.869047389842962161e+02
2.870580467017670685e+02
2.870129064299378001e+02
2.869804336123053758e+02
2.872193210387493423e+02
2.872538011483678133e+02
2.872952626758211068e+02
2.873390636100295978e+02
2.871481558501869245e+02
2.872211559627196493e+02
2.872636193043337585e+02
2.871281038530293017e+02
2.871675392725074403e+02
2.871703055743245727e+02
2.870684923420811856e+02
2.871932766802617607e+02
2.872245511059882688e+02
2.871667045001475458e+02
2.872437219183263437e+02
2.872764403379754299e+02
2.870160700928543633e+02
2.871128483436471583e+02
2.871675475240147080e+02
2.873122140501718604e+02
2.873738970694797104e+02
2.869757856379066538e+02
2.870701483083950620e+02
2.872425977013935494e+02
2.872873178603164206e+02
2.871507423333683278e+02
2.872993971704653973e+02
2.872827252756730445e+02
2.872038197455976274e+02
2.870549098491572408e+02
2.871796061700533755e+02
2.871999348609565459e+02
2.871814731251346302e+02
2.872142609542727882e+02
2.870590922089230048e+02
2.871363915002772274e+02
2.872092083312862201e+02
2.870046446463608163e+02
2.871889133525407942e+02
2.870574901701497197e+02
2.870608593334582679e+02
2.871477871405352857e+02
2.871155447623584109e+02
2.873181207091187730e+02
2.871908397375423760e+02
2.871954976167851896e+02
2.872789063490493504e+02
2.873916482517327609e+02
2.872857828820702935e+02
2.872922581354564500e+02
2.873674361332854801e+02
2.874429760735934565e+02
2.872873135510305360e+02
2.871874460037353742e+02
2.873512429564207764e+02
2.872432691187832461e+02
