2.376004337616858209e+02
2.378407363471023928e+02
2.380384978914457577e+02
2.378302898300800905e+02
2.376650454817729781e+02
2.377380297925958814e+02
2.378903308094320721e+02
2.379151006039852803e+02
2.378823956737926721e+02
2.379639792539319387e+02
2.378264648930010026e+02
2.375540220585330360e+02
2.374460465079020821e+02
2.375615412800011370e+02
2.377221270242062303e+02
2.376455125408407696e+02
2.377467971603693968e+02
2.373799079679220085e+02
2.374660005705325432e+02
2.380293025376045364e+02
2.380512513506950256e+02
2.377774955533076309e+02
2.376811059454623773e+02
2.378660495931007119e+02
2.377030882157800136e+02
2.375260841650048178e+02
2.373514869990895875e+02
2.374057436420031024e+02
2.376641015769028797e+02
2.377210019825460279e+02
2.375145714500871179e+02
2.377834019770358225e+02
2.376123642534099361e+02
2.376964424625140566e+02
2.370257249690122592e+02
2.373275804076864404e+02
2.372468561106325353e+02
2.369914116914330862e+02
2.374774725669670090e+02
2.375412675688752699e+02
2.374734460633406741e+02
2.375028719789845297e+02
2.375100655575036797e+02
2.377571439986829489e+02
2.376252803576654458e+02
2.376718447261187919e+02
2.379450867288578593e+02
2.377317751974205748e+02
2.375024430165521778e+02
2.378169002454078225e+02
2.378407104327653769e+02
2.377192617427439529e+02
2.378514223311845228e+02
2.374942728173852231e+02
2.375357970962606089e+02
2.377819696881741436e+02
2.376557734204131691e+02
2.374488229059429898e+02
2.374140177676612211e+02
2.376739304381627278e+02
2.375891233177119375e+02
2.376849801399842192e+02
2.375687226522655919e+02
2.372971422657360279e+02
2.374410613020685048e+02
2.372727526640968847e+02
2.375042467200570684e+02
2.378595648385642960e+02
2.379919659920549293e+02
2.377945423179235149e+02
2.376162094561356355e+02
2.376643499294908395e+02
2.376697524314098189e+02
2.377152994247729794e+02
2.375262217374630609e+02
2.380016471201787454e+02
2.381943922554929713e+02
2.379449682570137554e+02
2.380014944976373670e+02
2.379637257606613900e+02
2.378655108657089556e+02
2.380194812985816668e+02
2.380287363648534154e+02
2.379861728121446731e+02
2.378850937458842338e+02
2.381226723045561755e+02
2.382244044852837703e+02
2.380426568380467245e+02
2.379786670021448174e+02
2.382161738673551383e+02
2.380424635894226810e+02
2.380595778529356323e+02
2.382760863088119265e+02
2.381544986684191088e+02
2.381117068969747379e+02
2.379177991679508750e+02
2.379263704050829062e+02
2.382682389042267914e+02
2.379699637764665567e+02
2.381706948945644342e+02
2.380974355128631998e+02
2.378804144732938823e+02
2.378496849577952332e+02
2.381526546937525097e+02
2.378408514670103386e+02
2.376551610213744823e+02
2.375880522692707757e+02
2.382534285220931736e+02
2.381941859810234803e+02
2.379013442742907500e+02
2.378347476626843502e+02
2.380645062405907311e+02
2.379494210868698474e+02
2.378105392731216909e+02
2.373762860146355251e+02
2.374455015365029169e+02
2.376653513765146499e+02
2.376293919813171271e+02
2.380285111220108831e+02
2.377524252595927692e+02
2.379396189777517066e+02
2.377207129090234332e+02
2.378697640858299565e+02
2.376048313859306234e+02
2.375519945368475589e+02
2.378291976662862908e+02
2.375853159658003335e+02
2.377496137644834278e+02
2.375114558121718176e+02
2.377771533185321289e+02
2.378793019639215061e+02
2.378149914617559944e+02
2.376599009551744928e+02
2.370190228268714066e+02
2.371818162314529275e+02
2.375316739797254968e+02
2.375308161387969506e+02
2.374735552892290968e+02
2.373714332579445738e+02
2.376493732350369612e+02
2.376339591066114565e+02
2.373543232102988441e+02
2.366612906863469732e+02
2.370127830348547775e+02
2.371079431005782681e+02
2.372201326423017633e+02
2.373385917705826671e+02
2.371940081260962643e+02
2.371113256836088112e+02
2.374010953695870683e+02
2.374826426008841906e+02
2.375804395521464585e+02
2.375912260019753148e+02
2.379229972361133321e+02
2.378804517782771484e+02
2.376440497983936950e+02
2.377488575645779747e+02
2.376870369969989554e+02
2.375942175070750864e+02
2.376402172446285022e+02
2.376128305679255561e+02
2.374347606278401202e+02
2.376514256910652421e+02
2.377106449477886656e+02
2.378038918426980217e+02
