1.030796083159727488e+02
1.026980036615787384e+02
1.029283443785136143e+02
1.029779441299206013e+02
1.032966262012847238e+02
1.024057433045063163e+02
1.026424585267806151e+02
1.030121726129047630e+02
1.030001550286825704e+02
1.026527261506402624e+02
1.032090250086486236e+02
1.037330495381551856e+02
1.033264397398388184e+02
1.036612058777946430e+02
1.031139854528162942e+02
1.030431933275927889e+02
1.034111897034748040e+02
1.035606908990300923e+02
1.024171849844454982e+02
1.030698745152119500e+02
1.029270560651296478e+02
1.031549472920979582e+02
1.028654827927998241e+02
1.034065278885147450e+02
1.029327200934195048e+02
1.034401694545846340e+02
1.032187518969873850e+02
1.035189466057431247e+02
1.028914369070200223e+02
1.033845521791256630e+02
1.034602382017406939e+02
1.024367141179716754e+02
1.031460379004004579e+02
1.038621552254201106e+02
1.051685480231507626e+02
1.036444551814267783e+02
1.039362718186231405e+02
1.029115346671283504e+02
1.029808055814868482e+02
1.035609877061289836e+02
1.034366770671086755e+02
1.036643322753731127e+02
1.032167798089592878e+02
1.029483729861131422e+02
1.032896809105950524e+02
1.027855437404815007e+02
1.028805359518564302e+02
1.034560851325485515e+02
1.026275294606268886e+02
1.027391348726920484e+02
1.031607357181065225e+02
1.028324356946850884e+02
1.033749369546803223e+02
1.037877969768831008e+02
1.034042586810070787e+02
1.031121947126915330e+02
1.029458907841652859e+02
1.036047663926312481e+02
1.028954282385853958e+02
1.035759274976123265e+02
1.029597260106957179e+02
1.024540415858817681e+02
1.039866923613926559e+02
1.033963480742847452e+02
1.035784626804937290e+02
1.032812797268616265e+02
1.028047813460041766e+02
1.029183723454394226e+02
1.027521293431391740e+02
1.034645192320560199e+02
1.030228354497845800e+02
1.027333587460526729e+02
1.036282314045347306e+02
1.028288246255643088e+02
1.033143983269653177e+02
1.022042251249481950e+02
1.028390594053276601e+02
1.027897833209433571e+02
1.026913024590879360e+02
1.030834945564103151e+02
1.022284866156439733e+02
1.033278209671174039e+02
1.025708662466912671e+02
1.025346686329444310e+02
1.024195883606686266e+02
1.026204729627559260e+02
1.033527597222423680e+02
1.025082749276927387e+02
1.029724238859880785e+02
1.027162057436598843e+02
1.029566731352689857e+02
1.025947064196018914e+02
1.029145246432589573e+02
1.027558998378054866e+02
1.030677048620066358e+02
1.026970668361993404e+02
1.026089190806020497e+02
1.032039547776327026e+02
1.022902493427191217e+02
1.028366501772310500e+02
1.029282325581650070e+02
1.024371815408295703e+02
1.029235343692049440e+02
1.027860287462433035e+02
1.035668739204152047e+02
1.028255352722936067e+02
1.027251623486280323e+02
1.030378924165691927e+02
1.030329451116283082e+02
1.028087916043452452e+02
1.026348283649119111e+02
1.026413378146724398e+02
1.028736650422489873e+02
1.043063272060229139e+02
1.041142969409285541e+02
1.033246758089915289e+02
1.028238232992881223e+02
1.032566132805217762e+02
1.032104816498667788e+02
1.032525323131245614e+02
1.026978540770434876e+02
1.030674663010276930e+02
1.027850431916774170e+02
1.033745045062662342e+02
1.028027640814565302e+02
1.034489844136569872e+02
1.026535290356028582e+02
1.032505471743027670e+02
1.029363293860097315e+02
1.030807655054508274e+02
1.034364972166083021e+02
1.027554780793132494e+02
1.034467139634067934e+02
1.038124462381292687e+02
1.037266384263056125e+02
1.029442839028280190e+02
1.032897486176222372e+02
1.029779751131024454e+02
1.029269318868463046e+02
1.031061692616413552e+02
1.031715964489926023e+02
1.034451161874895320e+02
1.053535483147367273e+02
1.036704232922179614e+02
1.036673078600168054e+02
1.031108612108474034e+02
1.026171791714532446e+02
1.028479890843216680e+02
1.026875616223857719e+02
1.028815568978476023e+02
1.028632443405767987e+02
1.028123830998259223e+02
1.022574052892582444e+02
1.022807109742462757e+02
1.023603524659282584e+02
1.023584596278946037e+02
1.028543880168833766e+02
1.023876208469794165e+02
1.027396302426098345e+02
1.028054981757023114e+02
1.023341754962128078e+02
1.025052393724103439e+02
1.017991067517774724e+02
1.032131068415215509e+02
1.021537135290938778e+02
