2.856188705948533766e+02
2.857954394164301561e+02
2.859213424986859877e+02
2.857827411651495026e+02
2.856877373332378056e+02
2.858051411226543337e+02
2.858946079388178418e+02
2.859456485041757219e+02
2.859059604265489725e+02
2.859973601075829492e+02
2.859328050743670815e+02
2.857024748588797252e+02
2.857395303156039859e+02
2.858405094743922632e+02
2.858704866315484310e+02
2.858048363733451538e+02
2.858945557414908194e+02
2.855241166958462031e+02
2.857297161783620254e+02
2.859931457277361346e+02
2.858539432222416963e+02
2.857377629584764804e+02
2.858184014128427748e+02
2.858010734249729126e+02
2.858198286107733566e+02
2.856637793701046917e+02
2.855694810840839182e+02
2.857060200599655104e+02
2.857412709228154313e+02
2.858697729365789542e+02
2.856736464279760526e+02
2.857690970825182148e+02
2.858626918434094932e+02
2.858467023821979751e+02
2.855135434371437100e+02
2.856462618900156940e+02
2.854388159804427687e+02
2.854348578867552533e+02
2.858097522721413384e+02
2.858648179414246329e+02
2.857880016601137072e+02
2.857295319235296347e+02
2.856799378634081563e+02
2.858438217027735391e+02
2.857405394622630297e+02
2.858586245937243575e+02
2.859986226853720268e+02
2.858034728165142724e+02
2.857323903587964082e+02
2.860502099093915263e+02
2.860298537227300812e+02
2.859872050317177923e+02
2.861379813472248657e+02
2.858340236758907054e+02
2.859390091001337737e+02
2.859514441151040387e+02
2.858847039616594543e+02
2.857187037211182883e+02
2.858048953509542685e+02
2.859454083321136295e+02
2.858526385664842451e+02
2.860623357809500931e+02
2.859357286460299861e+02
2.857539936208311815e+02
2.858506196758876285e+02
2.857832473381453724e+02
2.859541950215095767e+02
2.861425523157977295e+02
2.862186301674007609e+02
2.860586518864959658e+02
2.859168215170236067e+02
2.861306438133108827e+02
2.859656502750683558e+02
2.859326974951788998e+02
2.859092334564515454e+02
2.862098820081098438e+02
2.862623543129161021e+02
2.860973404840438548e+02
2.861540147155126306e+02
2.860306230419215012e+02
2.861734422213637004e+02
2.863002491006120067e+02
2.861714132786672167e+02
2.861536247166507678e+02
2.861482031084494224e+02
2.862981267144976414e+02
2.863445929664020468e+02
2.861807720623728528e+02
2.862433062297085939e+02
2.863448071568428190e+02
2.862579166742912093e+02
2.863119795439732229e+02
2.864240597967929602e+02
2.864800001503481894e+02
2.864528728459739000e+02
2.861676575491137555e+02
2.862367702681384003e+02
2.862735026316290714e+02
2.861952702579096695e+02
2.865059744126288024e+02
2.862838244184734435e+02
2.862669155643119439e+02
2.863825110315002576e+02
2.863999089853277837e+02
2.862099369162469316e+02
2.860460314697722310e+02
2.862199801771487842e+02
2.864967560324455462e+02
2.863227480635220559e+02
2.861828102758304340e+02
2.862223823438112618e+02
2.864805227504913887e+02
2.864244457973233580e+02
2.865161808576983162e+02
2.860644441831027507e+02
2.860747757884423095e+02
2.862463087432470843e+02
2.864257800421678439e+02
2.865031313487181706e+02
2.862999862573043970e+02
2.864589697085065723e+02
2.863541226668438071e+02
2.864073014517580873e+02
2.862722870453591781e+02
2.862721734565172369e+02
2.863027779026891722e+02
2.863743975530937291e+02
2.864808279414351091e+02
2.864347361082123484e+02
2.866133415182368367e+02
2.866658130204526742e+02
2.865310726184063128e+02
2.865600684518651065e+02
2.863444115221404331e+02
2.864390633657025091e+02
2.865362057529221147e+02
2.866657603395436240e+02
2.865491887248013541e+02
2.866703823220325376e+02
2.868851180806980778e+02
2.867501980469444902e+02
2.865897740732693819e+02
2.864116805211680798e+02
2.865391956666415467e+02
2.866441698664792739e+02
2.865556915596013710e+02
2.866331080482317475e+02
2.866181794816906745e+02
2.865978366525162642e+02
2.868008694286921241e+02
2.868401551861020948e+02
2.869648221403020898e+02
2.868231980973783379e+02
2.871440980584046656e+02
2.869917925203009190e+02
2.870598186534683691e+02
2.871924478344949421e+02
2.869698385655144079e+02
2.870783270191795395e+02
2.869399963140286332e+02
2.870751703733495788e+02
2.870266477362383171e+02
2.872633066835849718e+02
2.872456686174467109e+02
2.873259870863810761e+02
