2.869015101419245184e+02
2.870821015935740093e+02
2.870062496648230308e+02
2.868736893085047086e+02
2.868750144402716842e+02
2.865956168113685294e+02
2.867639688666125721e+02
2.868525364244792968e+02
2.866775140991048829e+02
2.869778395529397699e+02
2.869714344794219301e+02
2.867567966885980582e+02
2.868341409354597431e+02
2.869289329794494847e+02
2.869370868993617592e+02
2.866391317922276016e+02
2.868859208937149674e+02
2.869571938508035487e+02
2.868329358836821825e+02
2.869531981957987341e+02
2.869062987785383143e+02
2.870186592483024697e+02
2.868950395096609896e+02
2.869510397109094697e+02
2.867837060630313886e+02
2.868050749754429489e+02
2.868434726526352279e+02
2.869585699505652769e+02
2.869770602589828172e+02
2.867147041996447001e+02
2.867680827905631986e+02
2.870017856752238004e+02
2.868603072255747861e+02
2.869700696158076312e+02
2.866566153868122342e+02
2.867275003577304915e+02
2.866789940776032495e+02
2.866866357373759229e+02
2.867040622337535183e+02
2.864693677300890045e+02
2.866933947849848323e+02
2.866815848840416834e+02
2.865240258121651209e+02
2.867662647623621979e+02
2.868940955474579937e+02
2.866953207512453332e+02
2.865893551995600319e+02
2.866643485335615082e+02
2.867173663149206391e+02
2.867243018402031112e+02
2.866347160041249822e+02
2.868701104491122464e+02
2.866629186718212736e+02
2.866999841995446445e+02
2.866952942187817257e+02
2.864704742419746708e+02
2.866963618103862359e+02
2.868505410489103156e+02
2.867596719937199623e+02
2.868211937016527600e+02
2.865940338880868126e+02
2.868159940686973073e+02
2.867496100975948252e+02
2.865846169499143912e+02
2.866411264493556246e+02
2.866576027311896269e+02
2.865054703082421383e+02
2.865733731459048954e+02
2.865517046527060643e+02
2.867894061802709871e+02
2.867153983485229674e+02
2.868236183558236121e+02
2.867335788508676728e+02
2.867769716816112009e+02
2.866652895761625928e+02
2.866683963757059246e+02
2.866811212724909979e+02
2.867851488869020500e+02
2.868995918846557629e+02
2.867864800563986023e+02
2.868020615776289901e+02
2.868569827814354198e+02
2.868184683681770935e+02
2.867069851282649324e+02
2.866406661356116388e+02
2.866952362690738596e+02
2.866633318266623860e+02
2.866983516601644624e+02
2.868832737900753500e+02
2.865727035146016988e+02
2.868327764002102072e+02
2.868186898514054519e+02
2.868237359976572520e+02
2.866675245030747874e+02
2.868144541850813880e+02
2.867204657959831025e+02
2.867863786470737182e+02
2.868218249107435440e+02
2.867561345561832127e+02
2.867245522576599228e+02
2.867596533397781968e+02
2.866771113430612559e+02
2.866289706860733304e+02
2.867738488068752645e+02
2.867759680318766300e+02
2.868809978845595765e+02
2.866482014416407083e+02
2.868658822805753630e+02
2.869170937716215235e+02
2.867851718274756649e+02
2.868720451945916352e+02
2.869490770890737394e+02
2.869030320896440003e+02
2.867256123346043637e+02
2.867644975647474439e+02
2.866744995549208852e+02
2.869310580793882082e+02
2.871001628362297993e+02
2.868125566106639894e+02
2.870263144987102919e+02
2.868276479795990213e+02
2.869842117672690165e+02
2.868656659106558777e+02
2.869912155566987053e+02
2.869167046814678770e+02
2.867826271679011256e+02
2.868286527479587562e+02
2.868512721117393198e+02
2.869332080137256185e+02
2.869942406880539352e+02
2.869994050604568088e+02
2.870095582453407701e+02
2.869174535240358637e+02
2.868011898798313837e+02
2.869896801153641377e+02
2.870839219408280201e+02
2.872000393410274910e+02
2.871412961460530369e+02
2.872186516158517975e+02
2.872407525937230162e+02
2.872813714448768110e+02
2.872277238955803682e+02
2.871992915896169620e+02
2.870599816508531035e+02
2.870447443809122774e+02
2.871746942700769409e+02
2.871950106616588414e+02
2.873485643104614269e+02
2.872366490327652286e+02
2.873431644575539394e+02
2.874175881685312675e+02
2.874295625443741642e+02
2.873189484898447290e+02
2.875219534562630770e+02
2.876210818636192244e+02
2.875044540482012394e+02
2.874824294005057936e+02
2.876455027160048985e+02
2.876944785279749226e+02
2.875807986532753375e+02
2.876986865191415745e+02
2.876977652774597232e+02
2.877107655078198718e+02
2.877205209319109258e+02
2.876058188356564642e+02
