2.858693330331939819e+02
2.857501634962873709e+02
2.857869129202692875e+02
2.858190504552815128e+02
2.858140681240578829e+02
2.858072895846393635e+02
2.857884614007035111e+02
2.857731399731858914e+02
2.858309925324789447e+02
2.857748811227163515e+02
2.857911845283148864e+02
2.858321733261149689e+02
2.856915230207608261e+02
2.857150566981313773e+02
2.857998673180289302e+02
2.857255839499999297e+02
2.857382300633938144e+02
2.858904772824242286e+02
2.858981987497201658e+02
2.857224728975321568e+02
2.858407518953687259e+02
2.858353832956805149e+02
2.858261362023326342e+02
2.858656104055010019e+02
2.858676357300602149e+02
2.858579353517559412e+02
2.857977905182896166e+02
2.857610052322938827e+02
2.857018397310289970e+02
2.857040772411743319e+02
2.858981064876239770e+02
2.857596479581266067e+02
2.859444194899896843e+02
2.858324026202080290e+02
2.857072830758230566e+02
2.858110671607662425e+02
2.857240652210340386e+02
2.857472689655473346e+02
2.858013435534788869e+02
2.858648982075821436e+02
2.857729494614376335e+02
2.856605327477806782e+02
2.857603316196876335e+02
2.857708803549986101e+02
2.858390906889663370e+02
2.858062053221711381e+02
2.857143395722600303e+02
2.856329363651191215e+02
2.857464675793586935e+02
2.858978052683840474e+02
2.859524707246202411e+02
2.858574477507970073e+02
2.857312488177630598e+02
2.856603022579236608e+02
2.856811062579483860e+02
2.857437328299105843e+02
2.857318565433296840e+02
2.857349827939418105e+02
2.858270498434708884e+02
2.856113420588660006e+02
2.856606472451745731e+02
2.856673184212306751e+02
2.857586163170155942e+02
2.858019595480505473e+02
2.858877816254835693e+02
2.857795851312955620e+02
2.857665954060455533e+02
2.858280844555951035e+02
2.857802352756420987e+02
2.857850765037694032e+02
2.857733131303096457e+02
2.857055284549335852e+02
2.857702476201982904e+02
2.857827708445364010e+02
2.858999703231197032e+02
2.857875168575555449e+02
2.857559357439733390e+02
2.859063567357050601e+02
2.857632881511910341e+02
2.856715739626446293e+02
2.856400113069549320e+02
2.856870228648385819e+02
2.856871828704537393e+02
2.856991319744396378e+02
2.856872458818986047e+02
2.857973990138339104e+02
2.858065804905839968e+02
2.860079722520017071e+02
2.858423285474827367e+02
2.859387632568007120e+02
2.858205273952743255e+02
2.857634411550621394e+02
2.858057151778424441e+02
2.858344724427875008e+02
2.858418996398388003e+02
2.858373935253882223e+02
2.858581121732704560e+02
2.858900604595306163e+02
2.860556134112269433e+02
2.860253229213578834e+02
2.858693301955929087e+02
2.859277725978662943e+02
2.861250999876349965e+02
2.860792836289838874e+02
2.859666100302936229e+02
2.859406099088727728e+02
2.857382278672919824e+02
2.859350786809778242e+02
2.859853001035626789e+02
2.859296052059455064e+02
2.859649811455928443e+02
2.857108021094542778e+02
2.857192329160883446e+02
2.857870932623272893e+02
2.858966226733853659e+02
2.859681969938808948e+02
2.858650276778578814e+02
2.858063598346087701e+02
2.858932462474608656e+02
2.858850924620535920e+02
2.858581603370874973e+02
2.857433606084193229e+02
2.859203169143033847e+02
2.859098390195173920e+02
2.857436376030281053e+02
2.857236122336558424e+02
2.858474046934731518e+02
2.859224295967181888e+02
2.859433272367082282e+02
2.858011216801615433e+02
2.858745124895455660e+02
2.858627615747871573e+02
2.858494261512179264e+02
2.857511391580642339e+02
2.858689787663356014e+02
2.858478605486608899e+02
2.857825154190231274e+02
2.858262318106778821e+02
2.858443074809214295e+02
2.858248717690145213e+02
2.857879146046008714e+02
2.858547032656636588e+02
2.860418027864440660e+02
2.859350349720925237e+02
2.858466878307207821e+02
2.858046298703765729e+02
2.857765914326890879e+02
2.858116271905765871e+02
2.857990297952446781e+02
2.857751166215268199e+02
2.857202348731329380e+02
2.858676561031052756e+02
2.858403633598899205e+02
2.857549547141369999e+02
2.856974003191960492e+02
2.857704418637542858e+02
2.858088431696297675e+02
2.856791552268270493e+02
2.856907860079641637e+02
2.858948702290944084e+02
2.859153181264462660e+02
2.858777452910795205e+02
2.858159234070049592e+02
2.857431571207597472e+02
2.859167238278976697e+02
2.859111716720250342e+02
2.857501019945319172e+02
2.857622786208784760e+02
2.858304328161557351e+02
2.858183460525124815e+02
2.858380925705710638e+02
2.858475811383912060e+02
2.858276881687683613e+02
2.858209919961427090e+02
2.858045598280730815e+02
2.857102163482159654e+02
2.857475149439957818e+02
2.856473868754326304e+02
2.858209149543970398e+02
2.858605693850149123e+02
2.857933888297409339e+02
2.858198587750758293e+02
2.859503957853196994e+02
2.860168684339648735e+02
2.861031171612209505e+02
2.859677013312099234e+02
2.860125123250899719e+02
2.860011691997235630e+02
2.859232906972481487e+02
2.859243754596504914e+02
2.860327027985793507e+02
2.859672632518568207e+02
2.858650133021732813e+02
2.858211474056478778e+02
2.857718161736584648e+02
2.857107360580112640e+02
2.857745260378289345e+02
2.857882960236891563e+02
2.857771762213664601e+02
2.858036019626629809e+02
2.858957570170065878e+02
2.859643637611945337e+02
2.858573640724050051e+02
2.857454361057012306e+02
2.858278588884274427e+02
2.858978386373370881e+02
2.859568894355647330e+02
2.858822387456959291e+02
2.857200264981756277e+02
2.857754628829202943e+02
2.858342121864404817e+02
2.859336230664894174e+02
2.859504525291985715e+02
2.859540387394159211e+02
2.857185589422959424e+02
2.857411786829609923e+02
2.859020933605143568e+02
2.859203267357229379e+02
2.858810917939604792e+02
2.858454994489928254e+02
2.858100865327122051e+02
2.857857178845818567e+02
2.859040295073917264e+02
2.858881476213729229e+02
2.857615460784163020e+02
2.858120266818126538e+02
2.859012302832672958e+02
2.858127525690188122e+02
2.857809343193610516e+02
2.859331897997389547e+02
2.860785269676339340e+02
2.860162472899775139e+02
2.857664736740282478e+02
2.858657236006182529e+02
2.859157223800092424e+02
2.858461953339552224e+02
2.859089885454449131e+02
2.857833708716133856e+02
2.860240440225613270e+02
2.859285857617462057e+02
2.858002698561517718e+02
2.857809703522920586e+02
2.859761997683248751e+02
2.858610534388371889e+02
2.858290022577143077e+02
2.859081810488605129e+02
2.857943114233731308e+02
2.856937711677899756e+02
2.859520394011519215e+02
2.860454202621728541e+02
2.860680221074451879e+02
2.858967997326642489e+02
2.859026751398815236e+02
2.858409938210228916e+02
2.857923219207106627e+02
2.857395905719844222e+02
2.858623439419834540e+02
2.859128135007291007e+02
2.858791543072454147e+02
2.857193094648200145e+02
2.858647228568858623e+02
2.857843412633777120e+02
2.857875631478046330e+02
2.858459992881477092e+02
2.858446745031177443e+02
2.857320448509428275e+02
2.857881926136163315e+02
2.858105040892103830e+02
2.858091193396783751e+02
2.859329743539067863e+02
2.858245224987578013e+02
2.857610764650419242e+02
2.857941535431754119e+02
2.857442369192678484e+02
2.857398859698271849e+02
2.857975852954141942e+02
2.857209681929313092e+02
2.859097225187890103e+02
2.857824777099089033e+02
2.858682250578224853e+02
2.858408157299859909e+02
2.858315644809056835e+02
2.859277640513011534e+02
2.860256783121387230e+02
2.859894920048022300e+02
2.858608526297923618e+02
2.857971225566572571e+02
2.858550965877632848e+02
2.859260980145014059e+02
2.859313434631088171e+02
2.858966636198812807e+02
2.858881025774142586e+02
2.859737164259097995e+02
2.858200285920278247e+02
2.858219103812149342e+02
2.859908165932997122e+02
2.861870873638014814e+02
2.859752673303622714e+02
2.857539373069663498e+02
2.857343198852483397e+02
2.857061157620680092e+02
2.859116408032813865e+02
2.857518889143998990e+02
2.858407134810301500e+02
2.858119048571263079e+02
2.858183400043711799e+02
2.859517219281411258e+02
2.858033421096810116e+02
2.858088047761862640e+02
2.858258389442061116e+02
2.859765603591718559e+02
2.858704711921798207e+02
2.859358518511587022e+02
2.858060172741615474e+02
2.858358929824076995e+02
2.858251977256210807e+02
2.857410811772273291e+02
2.858558272978617651e+02
2.858812325730991120e+02
2.859695513532003588e+02
2.859003704900025582e+02
2.859138362437520300e+02
2.859583145508266284e+02
2.858995318832192538e+02
2.857896640689206720e+02
2.859671450874431002e+02
2.859028506188458891e+02
2.858212113819606088e+02
2.858311259371037636e+02
2.859603931224938265e+02
2.857802168686625350e+02
2.857155052471697445e+02
2.859157847854658598e+02
2.859900131614274414e+02
2.860203284067329150e+02
2.859430024003794983e+02
2.857944020533636831e+02
2.858136347328382953e+02
2.859517897788313689e+02
2.860411422259997494e+02
2.858069164395663506e+02
2.858462278483773389e+02
2.859738598291688731e+02
2.858460575682102558e+02
2.859197435885488972e+02
2.859262820685059410e+02
2.860871770240528917e+02
2.861094572280997568e+02
2.859935796571639344e+02
2.859985209902891370e+02
2.857710759731814960e+02
2.858420802053774992e+02
2.858786692868873729e+02
2.859850992011205335e+02
2.858930078470610283e+02
2.861478300628052125e+02
2.859248259601304198e+02
2.857701859473888248e+02
2.859171366360520778e+02
2.859726231755279855e+02
2.858612088716993753e+02
2.858781724280752883e+02
2.859093630555640289e+02
2.858781945700878282e+02
2.859444269775573844e+02
2.860083496176230824e+02
2.859741944472788759e+02
2.860625568282486597e+02
2.860345786464247908e+02
2.859668891320024500e+02
2.858360981199418234e+02
2.857491238765064168e+02
2.858412683161469658e+02
2.856572268683170819e+02
2.857214884532821202e+02
2.857942928909390048e+02
2.858843980259155728e+02
2.859326457815657818e+02
2.858274537565318383e+02
2.859105385250871905e+02
2.858868921235436460e+02
2.858750546621679405e+02
2.859221439544683108e+02
2.859217552690617481e+02
2.859471219456259519e+02
2.859715085939490677e+02
2.859988826741700905e+02
2.860041934160316259e+02
2.860379778610615062e+02
2.858460690364985908e+02
2.859413431986725982e+02
2.860945420922005269e+02
2.861250955325791665e+02
2.859037495055499676e+02
2.860613796633840025e+02
2.861187615482152751e+02
2.860347402738568690e+02
2.861596886633288932e+02
2.861102069383802018e+02
2.860535909832074708e+02
2.861084558453032400e+02
2.860152105642570746e+02
2.860549491814754219e+02
2.860607651533075000e+02
2.859564650498971901e+02
2.859830664073655271e+02
2.861046565449850618e+02
2.861576368875456637e+02
2.861554455730102404e+02
2.860093691247102470e+02
2.860133389375504294e+02
2.859212745716311588e+02
2.860103212950878628e+02
2.860320782055259770e+02
2.859793066219137359e+02
2.860665204711703495e+02
2.861257264960366911e+02
2.862423761158123057e+02
2.861426987334354521e+02
2.861325711304971833e+02
2.862208885111123777e+02
2.863190639361451986e+02
2.859903855467073868e+02
2.859297485570722870e+02
2.858947525743791971e+02
2.860006329127652407e+02
2.860040291206914276e+02
2.860168917572131591e+02
2.860673112313382376e+02
2.860088430511369211e+02
2.860234539530824804e+02
2.859948001297706810e+02
2.858073883324895519e+02
2.859348301410809086e+02
2.860359524983003325e+02
2.860589140848500733e+02
2.859912492630341490e+02
2.861605995892606984e+02
2.862862241708731403e+02
2.861606300724761809e+02
2.860593203230548056e+02
2.861687322840513730e+02
2.861299223750290821e+02
2.859947767214000010e+02
2.860182694913729051e+02
2.859111088709297519e+02
2.861119589457891266e+02
2.860535290997128754e+02
2.860769344473506521e+02
2.859562067949306652e+02
2.860126726015017198e+02
2.859694344705083608e+02
2.860810007199452798e+02
2.859998042651978380e+02
2.859700085297570809e+02
2.859756799566274026e+02
2.861202484313823788e+02
2.861046839371128385e+02
2.859549575405748101e+02
2.858717581543612596e+02
2.859511481461495350e+02
2.859979826736130804e+02
2.859021669274033570e+02
2.860012682724368460e+02
2.860227631503450993e+02
2.858869268618447563e+02
2.857882426304788055e+02
2.857821237474046825e+02
2.858479821290159748e+02
2.858671094295350485e+02
2.858925570929935134e+02
2.861116847342087226e+02
2.858863949936374524e+02
2.859758783737128169e+02
2.859777204023304762e+02
2.859329889803163951e+02
2.858487575077547262e+02
2.858277005488243958e+02
2.858566263762119775e+02
2.860078924682251795e+02
2.858798036041541195e+02
2.857966776558261017e+02
2.858094481750870273e+02
2.858327255451231395e+02
2.859844622565961458e+02
2.859101196603802464e+02
2.857838851774734508e+02
2.857201508994731967e+02
2.858286188525633520e+02
2.859125402039663868e+02
2.859214498608628787e+02
2.858014798763222757e+02
2.859873121776790299e+02
2.859856622290097334e+02
2.857686776770072470e+02
2.856662769976793470e+02
2.859309757369027238e+02
2.859191366834728001e+02
2.858697446475945867e+02
2.858610423118020094e+02
