2.870862123337440721e+02
2.870205589807239903e+02
2.867190829315125029e+02
2.866864032899821382e+02
2.870106366507091025e+02
2.870494892238074840e+02
2.868955334757090441e+02
2.869777053404644676e+02
2.870743856286308073e+02
2.868999061222675095e+02
2.867544801042427594e+02
2.868485535963741313e+02
2.868475221444201679e+02
2.868354151453364125e+02
2.869756585208901356e+02
2.868520235787357251e+02
2.868937787155774686e+02
2.868121729472898664e+02
2.869078150283816626e+02
2.870417483572734909e+02
2.865971696987810446e+02
2.867671037765645110e+02
2.869432107356844313e+02
2.868533104403641687e+02
2.868996243249761733e+02
2.870920193207041393e+02
2.870904549183518952e+02
2.866605595822070995e+02
2.866275674253693069e+02
2.869276747844538136e+02
2.870511796446589869e+02
2.868211648550267796e+02
2.868128614458219090e+02
2.870214609492009572e+02
2.868278017415055388e+02
2.867284702814571347e+02
2.867321588199166058e+02
2.868892667659490030e+02
2.871489854881359065e+02
2.869338684925898519e+02
2.867797071049447482e+02
2.869175365110306188e+02
2.870869422283597601e+02
2.872838561115839866e+02
2.871269906590944174e+02
2.869485067544332537e+02
2.869244060465593407e+02
2.870327214360899575e+02
2.871965671373781674e+02
2.868660348628193901e+02
2.868114996002129828e+02
2.869492519180585077e+02
2.870818083740603015e+02
2.870894001312788077e+02
2.867875987754865150e+02
2.867050867263608893e+02
2.870144803779785434e+02
2.870772365054724560e+02
2.867576689510428309e+02
2.867984675345811070e+02
2.869697468869737804e+02
2.868996318251627713e+02
2.866749289394867333e+02
2.865972939341320966e+02
2.869570025610524908e+02
2.871379410651891817e+02
2.869198466770366736e+02
2.869179179257560008e+02
2.871128775668821049e+02
2.871663645889532859e+02
2.872305328676815179e+02
2.872469101465500216e+02
2.872450522893848870e+02
2.868868859314276278e+02
2.869523528256888198e+02
2.872551975925994725e+02
2.872366444338366023e+02
2.872220513595404441e+02
2.869752055535458339e+02
2.869272083316379849e+02
2.870981040383539380e+02
2.870163502051998421e+02
2.870815199458326674e+02
2.872475940796094847e+02
2.872722992525773975e+02
2.872177545709209880e+02
2.868689814243353453e+02
2.866266888179566763e+02
2.870827131667112440e+02
2.873597932621615882e+02
2.870869524628157023e+02
2.868507741200367605e+02
2.869599033723380330e+02
2.872315419019687965e+02
2.871938154599232007e+02
2.870762043444500478e+02
2.872387911578553599e+02
2.873543346902018811e+02
2.870419716680793840e+02
2.870508635784974558e+02
2.871466497944176695e+02
2.871180521993769048e+02
2.873540313335839187e+02
2.874612367791455085e+02
2.871373760987327159e+02
2.869285158224435577e+02
2.870015102632772255e+02
2.872386346431540574e+02
2.870804120051148516e+02
2.868308877094830223e+02
2.869642808988190268e+02
2.871925901829650343e+02
2.868894724992453575e+02
2.867318637541281419e+02
2.868383033855564008e+02
2.869715437277121737e+02
2.868464165725466160e+02
2.867141449513400744e+02
2.868881021563288982e+02
2.872766060810882323e+02
2.872687656549906592e+02
2.868990737319379605e+02
2.868851765930634201e+02
2.871302341038032182e+02
2.873051223411326305e+02
2.869742003341316945e+02
2.870180559321551641e+02
2.870830758996759755e+02
2.873261147137515650e+02
2.869963838703804981e+02
2.869150150350708941e+02
2.871566721586074209e+02
2.873282529835585137e+02
2.868432860475687107e+02
2.870733289852082066e+02
2.873151008708913992e+02
2.870499597911200453e+02
2.870063657867082156e+02
2.873993808154769454e+02
2.875223356036622704e+02
2.874878191536720919e+02
2.872374185381364100e+02
2.871128123264256828e+02
2.872593495830199117e+02
2.870906458880701280e+02
2.871419127952543136e+02
2.874272009811501789e+02
2.875699436787068066e+02
2.875090766945770042e+02
2.875262749809310208e+02
2.876881956270673868e+02
2.875207544981544174e+02
2.875057715037851267e+02
2.878790725300237341e+02
2.878405133642862097e+02
2.875507976106920864e+02
2.874761317570856249e+02
2.876710755482596937e+02
2.878943759691888431e+02
2.876973483762900514e+02
2.877444384297476745e+02
2.879961597762505221e+02
2.880187913623393001e+02
2.876527403410414649e+02
2.875841059979101715e+02
