2.402741474168489049e+02
2.402315026187639830e+02
2.400475636657507437e+02
2.401840801130462353e+02
2.397603206764307231e+02
2.397486299424104743e+02
2.399818746763696709e+02
2.397428513071934049e+02
2.400525160169609933e+02
2.403041467623314986e+02
2.400375127012030418e+02
2.396036058881095130e+02
2.396245959970028707e+02
2.395819085569365541e+02
2.397843089734913349e+02
2.396052791611750763e+02
2.397545245577164224e+02
2.399168026737706612e+02
2.400251682310195065e+02
2.398262518873424085e+02
2.399039656893357062e+02
2.398600505884738538e+02
2.399073054650281165e+02
2.397197977092730810e+02
2.400254633578293522e+02
2.398828125966317657e+02
2.400974354939781108e+02
2.401466553633534602e+02
2.398758947914022883e+02
2.398385708441427084e+02
2.400495480413961502e+02
2.395625375042537542e+02
2.394874026572182117e+02
2.390499617115692388e+02
2.382156570786112582e+02
2.385567536711222090e+02
2.391437481672097931e+02
2.391682091105680854e+02
2.394119415779100279e+02
2.395789207784195014e+02
2.394185043432515840e+02
2.391841839185193237e+02
2.392869035017228327e+02
2.395297409488705114e+02
2.397023476254682635e+02
2.399393234585794517e+02
2.396848591719373474e+02
2.395832339355933698e+02
2.398609663699637338e+02
2.400597260825111050e+02
2.398143813220721938e+02
2.397469474053513068e+02
2.395657423046170322e+02
2.388733469451561859e+02
2.391353104943281096e+02
2.392379894280022370e+02
2.396952540616881322e+02
2.392986461074420959e+02
2.393469447703771777e+02
2.395724343291519460e+02
2.394549860402695742e+02
2.393903352081328819e+02
2.392597284786004650e+02
2.392307414634329064e+02
2.394502802220442845e+02
2.396980640654903425e+02
2.393335895632693564e+02
2.391245871125807696e+02
2.392971189962953815e+02
2.396857591595538963e+02
2.394896734943955892e+02
2.395310465437069354e+02
2.396967152024079439e+02
2.394844953996709762e+02
2.393669164442028716e+02
2.396807359721756541e+02
2.395789678843642321e+02
2.400312410436141306e+02
2.399694956364649272e+02
2.398711836410253397e+02
2.397505236437989140e+02
2.396042609204283451e+02
2.397440525484236105e+02
2.395961467151004172e+02
2.396949077706461537e+02
2.399943264857433007e+02
2.398524560734812496e+02
2.399329162433180898e+02
2.401739770688492115e+02
2.399221313592909155e+02
2.399741335823405279e+02
2.399415898272836785e+02
2.398951977272975000e+02
2.395956261029314476e+02
2.395943937791832923e+02
2.396001044760166678e+02
2.397786986235462052e+02
2.397847067858794787e+02
2.397978443291750636e+02
2.396002415869039339e+02
2.397579605893315602e+02
2.398235664731529369e+02
2.392788319142559601e+02
2.395232351821886425e+02
2.396604476091202685e+02
2.396619132394287988e+02
2.397931561209857421e+02
2.399271955980416635e+02
2.398371194740972498e+02
2.399876403133035581e+02
2.396200280946336818e+02
2.398725660190594908e+02
2.395448219035832551e+02
2.386961839384412940e+02
2.389185150605709680e+02
2.393395992056542809e+02
2.392102248213330995e+02
2.388191166293239860e+02
2.390647579794536739e+02
2.391851532113932137e+02
2.390779393347775112e+02
2.391393206538782863e+02
2.389253663622638442e+02
2.391516053161253410e+02
2.388346109956636099e+02
2.388506795616943919e+02
2.385801959468466293e+02
2.386135058708335634e+02
2.389979999610834227e+02
2.389735244564763832e+02
2.392854926484678799e+02
2.392595589696900049e+02
2.391383170937964167e+02
2.385618741045146010e+02
2.386190953655925568e+02
2.390520417278920320e+02
2.387008542862009790e+02
2.389923519163636172e+02
2.390174232131801944e+02
2.392318970801519811e+02
2.392467699183959269e+02
2.392668307529295646e+02
2.378014467229114928e+02
2.385916454549867183e+02
2.387308493561846774e+02
2.389494411772307387e+02
2.391314668593335284e+02
2.389324800489365543e+02
2.390941348877226176e+02
2.395522419249720372e+02
2.394608577102110303e+02
2.394234731827326925e+02
2.396670930029175395e+02
2.398613212395386824e+02
2.397122742727043203e+02
2.397424410855157930e+02
2.397280422706645311e+02
2.398652012882300824e+02
2.397938154054038478e+02
2.395338806245813714e+02
2.398999930861511984e+02
2.400772274464329428e+02
2.398986762475601893e+02
2.400134713748713295e+02
2.401400602265227633e+02
