2.867877848042451205e+02
2.866101870255303652e+02
2.865652078843123149e+02
2.866559115174322869e+02
2.865314764074464051e+02
2.864897931787526772e+02
2.865178565708485507e+02
2.864338331074785060e+02
2.865862689914161479e+02
2.866340066182798978e+02
2.865743850836071829e+02
2.865371833707643532e+02
2.864295632141222541e+02
2.864778087696041098e+02
2.864757509933701840e+02
2.864326337724269251e+02
2.865625392804046783e+02
2.865908759220527031e+02
2.865580864330001418e+02
2.865588643243286242e+02
2.865071643611747731e+02
2.865016752600513428e+02
2.864741071521779645e+02
2.865966724944222506e+02
2.866683626929012121e+02
2.865906688581667368e+02
2.866518332054045572e+02
2.867451355614027193e+02
2.866678533005274971e+02
2.865875206248522886e+02
2.866922544623769795e+02
2.863471693233254314e+02
2.863570312361212018e+02
2.863466468177570619e+02
2.860396059646979552e+02
2.859270036974369873e+02
2.861575761540906910e+02
2.862988457354263687e+02
2.864134867159303326e+02
2.863992471692649247e+02
2.864001210666711472e+02
2.862246646319115939e+02
2.862739646013508263e+02
2.863844621886913160e+02
2.865497304181297977e+02
2.865342768749094944e+02
2.864404420374949041e+02
2.865418923676368763e+02
2.866436530463558370e+02
2.866956459227988034e+02
2.866003437151311459e+02
2.866375180922057098e+02
2.865199196100778067e+02
2.862482767183375927e+02
2.861882832445361942e+02
2.863352659657309687e+02
2.865377497377433542e+02
2.864060048830222627e+02
2.864242325631557264e+02
2.864912598862687787e+02
2.864952289628591302e+02
2.864835812805438877e+02
2.865027237473282185e+02
2.864405132975393258e+02
2.864671757668867258e+02
2.865820247092499358e+02
2.863661878050514247e+02
2.862859049115398307e+02
2.865250531654094743e+02
2.866383552249649824e+02
2.866318429747781806e+02
2.865110152269432433e+02
2.866907873626415153e+02
2.866241903410622740e+02
2.865727903562614642e+02
2.866859562683658282e+02
2.867168705160954687e+02
2.869093547361059677e+02
2.868474804471586594e+02
2.867848219241054153e+02
2.867540560582397688e+02
2.867007022625968489e+02
2.867715866934505584e+02
2.866733777393533842e+02
2.867756217788580102e+02
2.869217544800214341e+02
2.868661579972182949e+02
2.869593961382694829e+02
2.870172104119070582e+02
2.869087333007425968e+02
2.869196039833653344e+02
2.869010932508182350e+02
2.868868748916351592e+02
2.867202751274752472e+02
2.867815742493361881e+02
2.867359185849140317e+02
2.867887064689036265e+02
2.868991006986338448e+02
2.868477699011747859e+02
2.867752072967662684e+02
2.868293093102856233e+02
2.868613938290874898e+02
2.866576388923071477e+02
2.868289474432530710e+02
2.868396278772638084e+02
2.868640221526673031e+02
2.870436840279945159e+02
2.869018402872310958e+02
2.869294883562397445e+02
2.869621798308028815e+02
2.868845800491636169e+02
2.870266027382896823e+02
2.868493423971768266e+02
2.867103840404869857e+02
2.866972858797526555e+02
2.868320091400833007e+02
2.867973251759487425e+02
2.866633399778602325e+02
2.867723693218880499e+02
2.868022927895959242e+02
2.867949961777703720e+02
2.867464690768345577e+02
2.866697510435990921e+02
2.867394611068636436e+02
2.868581959815975324e+02
2.867474138162696136e+02
2.866326383497944903e+02
2.866844745583687768e+02
2.868141199431393602e+02
2.868681613420340000e+02
2.870106709135122287e+02
2.871037238839725774e+02
2.870725159377125806e+02
2.869106082218527263e+02
2.870045203742660078e+02
2.870784951388072272e+02
2.868963825829990242e+02
2.871101620835913195e+02
2.871790485912526378e+02
2.873118136321270413e+02
2.873283622142276386e+02
2.873766215139869473e+02
2.870257150478303174e+02
2.871670582368269038e+02
2.871873693453814553e+02
2.873474947514033033e+02
2.872852474425201876e+02
2.872964212647439126e+02
2.873739544064828806e+02
2.875140922018169363e+02
2.875967566309396375e+02
2.877364730344332884e+02
2.878031546932068068e+02
2.878329351180061053e+02
2.878274581861524553e+02
2.879029932016845237e+02
2.879154801426441281e+02
2.878950511319519592e+02
2.878017673035803909e+02
2.878326576665991183e+02
2.880646695485244777e+02
2.881497053033326097e+02
2.880883587307932316e+02
2.882153686035809415e+02
2.882546716402287643e+02
