1.002202879099644406e+02
1.002977585758895742e+02
1.001476451523828217e+02
1.001755966151720969e+02
9.999606581797876004e+01
1.003141363314739039e+02
1.000797705996663893e+02
1.001936413518821496e+02
1.002322496913020586e+02
1.002844446122870323e+02
1.001465688011068096e+02
1.010857266944032773e+02
1.004613140809775018e+02
1.001944077521540208e+02
9.999249665992988412e+01
1.002611058890183102e+02
1.004192958944541232e+02
1.001386701819831302e+02
1.002759076591772214e+02
1.003702067668718456e+02
1.000577265837184058e+02
9.984980652513742427e+01
1.000514136402571097e+02
1.007871131602603185e+02
9.988282451315292576e+01
1.003038384211237144e+02
1.001129654630750423e+02
1.003534042018755059e+02
1.000964935609490709e+02
1.001756376986974715e+02
1.000783296809791096e+02
1.005791669120374081e+02
1.004292646620659042e+02
1.011214457530094393e+02
1.033795572760231067e+02
1.017711758792602268e+02
1.007160913689730393e+02
1.001538416485842760e+02
1.005555514001095645e+02
1.003823204118839953e+02
1.005609640716565991e+02
1.009494873770243402e+02
1.001054214346034996e+02
1.000732936496081749e+02
1.000139577447386046e+02
1.002674680550617978e+02
1.004377930343117669e+02
1.004661536332192640e+02
1.005793879096410279e+02
1.004301430351928985e+02
1.004359368292618342e+02
1.002300619968513047e+02
1.009491130029742152e+02
1.016578745953655698e+02
1.009672121042786017e+02
1.007607281602367948e+02
1.002798477562826207e+02
1.006629099426847205e+02
1.003971758702108446e+02
1.004788612839061130e+02
9.998689738382502412e+01
1.008278962572366737e+02
1.013542327237429959e+02
1.008531184096638214e+02
1.005062275107425194e+02
1.002690014643850276e+02
1.002638307936363731e+02
1.004815256274863060e+02
1.000642372340896031e+02
9.968215150681238867e+01
1.002977930814810179e+02
1.001755007026710018e+02
1.001685930740543427e+02
1.004497056271886635e+02
1.005956782226832757e+02
1.002463573511857930e+02
1.002710956792023325e+02
1.004918203824781244e+02
9.991942139405146861e+01
1.008223714671499351e+02
1.004073496520415887e+02
1.005405511646855956e+02
1.003499331948794833e+02
1.007928144152284062e+02
1.001771605917259507e+02
9.957524353283145047e+01
1.002203303631863633e+02
1.001031949825095779e+02
9.972726157921921697e+01
9.991188086241049859e+01
9.977777911675839562e+01
1.002484958901155352e+02
1.004869683261193671e+02
1.000834647204779202e+02
1.000535396589418866e+02
1.002987472026452593e+02
1.003184662673420888e+02
1.002374592865278231e+02
1.001743192234704907e+02
1.001307037780538138e+02
1.004859600868036296e+02
9.999646417975009172e+01
1.004903462029094925e+02
1.002390140396123570e+02
1.002663533149338804e+02
1.004058255902549632e+02
1.003360201451411484e+02
1.001306539854722928e+02
1.004889041962523493e+02
1.004030024083478310e+02
1.006070596603335758e+02
9.996268330269360547e+01
1.006058897825624285e+02
1.023765086847262609e+02
1.015721633501154315e+02
1.014029264518076019e+02
1.010792210936000828e+02
1.010704544898832324e+02
1.011871693750911874e+02
1.011931585806313905e+02
1.014946987666984342e+02
1.011611587776316270e+02
1.010599796328290836e+02
1.013495563938873971e+02
1.013969397225766897e+02
1.012917482186187925e+02
1.012497467173233190e+02
1.012707037847741276e+02
1.010934574466635496e+02
1.010273388651543200e+02
1.005673477475402962e+02
1.007602816146395099e+02
1.014122528380418657e+02
1.018880460522141220e+02
1.009472981227883537e+02
1.009227628633981482e+02
1.008118536627152224e+02
1.006853452362771009e+02
1.001217000987879686e+02
1.004179245312350446e+02
1.000628725583298575e+02
1.014861897209232211e+02
1.031990109493426502e+02
1.018491300385344260e+02
1.004027761758536030e+02
1.004247750317470604e+02
1.002854428733823653e+02
9.981541346675288651e+01
9.978178216736877459e+01
9.985112294797578159e+01
1.000290681170324092e+02
9.946992680028900224e+01
1.000249412818217252e+02
9.977676255203006406e+01
9.970585424693258858e+01
9.927576217507483136e+01
1.000600573354734593e+02
9.992929639059893532e+01
9.985269592110438452e+01
9.959135162103940786e+01
9.875897307300022021e+01
9.893971018404521089e+01
9.935264448310391572e+01
9.938725692015202640e+01
9.923507967844376765e+01
