2.863537704875932945e+02
2.862848030896162186e+02
2.863514372714695924e+02
2.864047542650970968e+02
2.863680494905275964e+02
2.863463983360199450e+02
2.863573212873546368e+02
2.864732597705306034e+02
2.865502118192557077e+02
2.864825300226025320e+02
2.865025308376392559e+02
2.863208341354173285e+02
2.862726975673415382e+02
2.865232922822204387e+02
2.865488551947734663e+02
2.866340669348646202e+02
2.864701431694939515e+02
2.864190556119833673e+02
2.863984546142390286e+02
2.863675406372890961e+02
2.864105418386650967e+02
2.864401456384328526e+02
2.866337246241026264e+02
2.864517831228459386e+02
2.865101194513429164e+02
2.864283629703891165e+02
2.865194193549213537e+02
2.864107967916307302e+02
2.864138038638832313e+02
2.864808491696892929e+02
2.864874464118101400e+02
2.864398456719558794e+02
2.863195144575385598e+02
2.864412311059652438e+02
2.862550372059579900e+02
2.861601063807301557e+02
2.861772332739715807e+02
2.864563275832184104e+02
2.865147271331863408e+02
2.864686953470957178e+02
2.863904103605255500e+02
2.864222240163847459e+02
2.864556011545420802e+02
2.866338357025229584e+02
2.866920900894889996e+02
2.865952688088742661e+02
2.865369089898063635e+02
2.865117006855877548e+02
2.864099617296267866e+02
2.862953006489173049e+02
2.864263700996460216e+02
2.864445934616363161e+02
2.863806817530630155e+02
2.861895993524185542e+02
2.863008527481900387e+02
2.862916785858901676e+02
2.863895401184383331e+02
2.863772264273016503e+02
2.864988061849702490e+02
2.865820224674778842e+02
2.866727272430240987e+02
2.864540003370483419e+02
2.863040699434482690e+02
2.864698840848856776e+02
2.864581402267131693e+02
2.864847180293614315e+02
2.865590750053131046e+02
2.864691302630839118e+02
2.866286273026046842e+02
2.866457802557595755e+02
2.867110057205613884e+02
2.867061332144218113e+02
2.866579063639105129e+02
2.867139119907911322e+02
2.864835632532431760e+02
2.864953198653036566e+02
2.865586758959872782e+02
2.865760191407637762e+02
2.866565686022950104e+02
2.866703434202511858e+02
2.866665856851385001e+02
2.867488192229203037e+02
2.867285468979244456e+02
2.866157939375624437e+02
2.866167054073174540e+02
2.868439626256546831e+02
2.868704543911072733e+02
2.868056406571646448e+02
2.870143853805273579e+02
2.870528457976782306e+02
2.870125384545042380e+02
2.869790181939928289e+02
2.868070351872128754e+02
2.866565446434793785e+02
2.868246293931771902e+02
2.868520774257568178e+02
2.868082338215128857e+02
2.867193239051476894e+02
2.867143432260584177e+02
2.867860424428141073e+02
2.867280697109792413e+02
2.867860608100837112e+02
2.868858857838843619e+02
2.868348625267872762e+02
2.868913409701403907e+02
2.868411175499197157e+02
2.868949802766603625e+02
2.869863525667291242e+02
2.869537049617683806e+02
2.869834845101811425e+02
2.866906565039578823e+02
2.869379101198092599e+02
2.871403604183793163e+02
2.869156553691187241e+02
2.867627695448028362e+02
2.868009190640534030e+02
2.866540889594570558e+02
2.865706384647090204e+02
2.865818860769265939e+02
2.866628421259788979e+02
2.865148915406812193e+02
2.864778433611838295e+02
2.866543470712851445e+02
2.866861814680652856e+02
2.865578287722449886e+02
2.865704892543184883e+02
2.864975661397350564e+02
2.865618886919916690e+02
2.866356257730669199e+02
2.866753693209535072e+02
2.868464167641840845e+02
2.869691993588281775e+02
2.867758139015360825e+02
2.866935752525783414e+02
2.869221372832631118e+02
2.869510447795188384e+02
2.868296347227124556e+02
2.869556831157850070e+02
2.871475681769513244e+02
2.873552191061697272e+02
2.871829324447285785e+02
2.873210759818488782e+02
2.870338511358909841e+02
2.870072791868339550e+02
2.871403149818889915e+02
2.871267176636556542e+02
2.871635261683298381e+02
2.873124775432297042e+02
2.875005430274649711e+02
2.875916778777184959e+02
2.875629085971722247e+02
2.879245358644715793e+02
2.877378931023670248e+02
2.876491138986991700e+02
2.875914482228027396e+02
2.878819203552425279e+02
2.879558873634633756e+02
2.877007889082221368e+02
2.876978188680517974e+02
2.876483218486675355e+02
2.879339366261219197e+02
2.881366933631807115e+02
2.880535226742901500e+02
2.880441971898187603e+02
2.879982728607908484e+02
