2.403421434403156525e+02
2.401986452274445583e+02
2.403364058957252212e+02
2.403948214108594641e+02
2.398973013264034364e+02
2.402288455248720993e+02
2.406239889599431478e+02
2.402794023387526750e+02
2.404294865520238602e+02
2.412330829533717633e+02
2.405190758261771009e+02
2.408870517891830048e+02
2.397784872103614191e+02
2.396890282245980472e+02
2.401616363826487657e+02
2.406760217997247935e+02
2.406098359586654851e+02
2.401516373975183569e+02
2.406650967873891886e+02
2.406438462468097725e+02
2.405665247920707372e+02
2.411605631349317491e+02
2.404553518911443177e+02
2.404849616338610474e+02
2.407062299757432982e+02
2.405615996234412535e+02
2.402729177340303579e+02
2.411783323780397552e+02
2.404315303741563810e+02
2.405427979397422860e+02
2.410007264083120333e+02
2.408343050907926681e+02
2.408705215941958215e+02
2.410674211731752621e+02
2.398213169031447194e+02
2.398737576462203833e+02
2.400789368809910229e+02
2.401898500166282986e+02
2.404071871270845406e+02
2.407041773070100135e+02
2.404771485109838522e+02
2.407020256195923196e+02
2.407235180036723534e+02
2.411679136073356347e+02
2.407920625715036920e+02
2.403898375720272043e+02
2.403818633160531419e+02
2.407062142948061307e+02
2.402331298321979318e+02
2.403415316483864217e+02
2.406050497671947141e+02
2.405966721153348544e+02
2.402687655405003397e+02
2.395502250407124905e+02
2.400261143953310921e+02
2.400396715225805622e+02
2.404100471857314290e+02
2.401171750979186470e+02
2.404448345302428152e+02
2.401550956563724242e+02
2.403625556989381664e+02
2.402093948400156194e+02
2.400724985112717889e+02
2.396528785678602844e+02
2.402962369455541136e+02
2.400666555827974378e+02
2.400116095544407244e+02
2.401140007725302610e+02
2.405533079620008721e+02
2.404552735767273646e+02
2.404840167091677756e+02
2.404602205363678422e+02
2.403682762425686690e+02
2.403780114428519994e+02
2.399930270186546295e+02
2.401920705395626499e+02
2.408819365378079738e+02
2.402510917191399642e+02
2.404883998164368961e+02
2.402671598325665343e+02
2.402670321472613466e+02
2.400865706574329579e+02
2.401062426227542517e+02
2.401404463186530904e+02
2.401590771212698598e+02
2.402320727411088228e+02
2.402361494324926241e+02
2.400299396162664891e+02
2.398302565966804707e+02
2.401542961439518251e+02
2.401044309863586648e+02
2.401025893333999193e+02
2.401248124015014866e+02
2.403502120545164189e+02
2.403973111036982573e+02
2.401569216323496221e+02
2.400036090752016378e+02
2.396002617341871712e+02
2.396409564712308793e+02
2.401129185739522427e+02
2.400013101688317647e+02
2.400359394858749340e+02
2.402147469500785348e+02
2.405080623154610464e+02
2.400003461393237956e+02
2.403335890590571751e+02
2.401160286471101415e+02
2.401886075912632350e+02
2.399117677136954399e+02
2.398055112593883678e+02
2.401042350479242486e+02
2.396288899370995296e+02
2.400639199249619935e+02
2.398137487769855625e+02
2.392270387942187710e+02
2.391207826131158924e+02
2.394686489747019493e+02
2.389911950115929073e+02
2.390329901935092209e+02
2.395761646310820367e+02
2.397713326609167268e+02
2.399436171210970485e+02
2.397776079658038952e+02
2.396163686318278963e+02
2.394202637435292047e+02
2.393840339756032733e+02
2.389589083410546948e+02
2.393569988762318417e+02
2.400434499437752436e+02
2.395994223771556335e+02
2.394599046483558311e+02
2.394587390386230936e+02
2.390259235113765328e+02
2.389753093704761397e+02
2.393358517847893552e+02
2.395102893704142559e+02
2.393400457918666007e+02
2.396176834984275956e+02
2.393573391425171906e+02
2.394908379700304977e+02
2.395260022089521215e+02
2.388747567407613985e+02
2.384105226288141921e+02
2.390718471804874241e+02
2.402359498530803705e+02
2.393224032642562236e+02
2.390744672328804370e+02
2.401491064202487848e+02
2.397989448771331524e+02
2.393308055097296858e+02
2.395749432093469977e+02
2.394407347789816356e+02
2.401400215523208601e+02
2.399501622053672634e+02
2.399033877199961751e+02
2.398323449181160925e+02
2.400429022045272234e+02
2.401321366032641151e+02
2.398221641712636654e+02
2.398837533209822368e+02
2.399653599809122397e+02
2.404793454229851761e+02
2.398361320418196385e+02
2.394200732174152790e+02
2.399868021498154746e+02
