2.869116987128352889e+02
2.869556908813679570e+02
2.870364276984486196e+02
2.870150403485716311e+02
2.869217151940256940e+02
2.870361613769593987e+02
2.870875859336149460e+02
2.869965019198951950e+02
2.871797051726682639e+02
2.872491939139345050e+02
2.870360501894749063e+02
2.871721631874179934e+02
2.868091962898358815e+02
2.868492392508268267e+02
2.870576940661147205e+02
2.871947367603753491e+02
2.870392979464933774e+02
2.870105342122689080e+02
2.872206995112285313e+02
2.871823537623880611e+02
2.871937775450828667e+02
2.873115389838448550e+02
2.870397051508178379e+02
2.872817547635465303e+02
2.872883339626722545e+02
2.871800285629380483e+02
2.873051507097885064e+02
2.873240403639994156e+02
2.870676838145405441e+02
2.872093374960657570e+02
2.874139679333467825e+02
2.874177906403839984e+02
2.874432504538625039e+02
2.874572774774833874e+02
2.870765371281067360e+02
2.869759000574978813e+02
2.869987645855672440e+02
2.870717258926044337e+02
2.870520747287256427e+02
2.872955938260489575e+02
2.871205668545817957e+02
2.873182217815946160e+02
2.874017266690437395e+02
2.875140923692636648e+02
2.873024332855156331e+02
2.871362148966355221e+02
2.872449832822866824e+02
2.872348079189603141e+02
2.870752656241618297e+02
2.871851787606748871e+02
2.872825479887597453e+02
2.872752418149456730e+02
2.870704165738305278e+02
2.869083217744026229e+02
2.870974566593310442e+02
2.870754190147898157e+02
2.871507486884877380e+02
2.871721805544765402e+02
2.872768177181677061e+02
2.871971865450179848e+02
2.872044789393985980e+02
2.872249705482781792e+02
2.871937383400401700e+02
2.871188759569509443e+02
2.872706758417346578e+02
2.870666074963834831e+02
2.871785609171102465e+02
2.872261797944172486e+02
2.874599907353479011e+02
2.873266835671427089e+02
2.874140634543993542e+02
2.873456413076714284e+02
2.873824174015665562e+02
2.873226069239709091e+02
2.873234609049686128e+02
2.874284910590173467e+02
2.875532385052889026e+02
2.872607348940341012e+02
2.873440997097865761e+02
2.873256650957737293e+02
2.872043199290314988e+02
2.872270985637503031e+02
2.872699000247715162e+02
2.872613339214954635e+02
2.872029750887392652e+02
2.873673422914161506e+02
2.872706780906774497e+02
2.871827635817426199e+02
2.872576671890356579e+02
2.871982271458700211e+02
2.872985912314697998e+02
2.872398583525680920e+02
2.873548980114878759e+02
2.874502920932375218e+02
2.874508598899005847e+02
2.872590993007673887e+02
2.872663490682370480e+02
2.871606678400677879e+02
2.871326243583883979e+02
2.872744256635935471e+02
2.872863730376043918e+02
2.872967157179520541e+02
2.875318469605884388e+02
2.874176880921458519e+02
2.873920183588483042e+02
2.874157644315049538e+02
2.873653671617201439e+02
2.873796333249578083e+02
2.872476144882809308e+02
2.873188598746513662e+02
2.874687096750972159e+02
2.873504450634574710e+02
2.873519562619814565e+02
2.874702625998880876e+02
2.871518704926750161e+02
2.870966240923532382e+02
2.871338237839535168e+02
2.869257283622718546e+02
2.871284214432917565e+02
2.872570968893197687e+02
2.875098646901754478e+02
2.874744633516856425e+02
2.874959869379219981e+02
2.874032122485965033e+02
2.873660466192162062e+02
2.873281409107999593e+02
2.872358969091064864e+02
2.874786543209523870e+02
2.875635208508688834e+02
2.874869423661583596e+02
2.874220710485063250e+02
2.874875260627124476e+02
2.874386887387395291e+02
2.874130848524744692e+02
2.875833232104048989e+02
2.875371123935055380e+02
2.875020129125413177e+02
2.876559586619335391e+02
2.876307933368439649e+02
2.876982163791315088e+02
2.877733196281171786e+02
2.875694736316013973e+02
2.873911496721435128e+02
2.877077244488738756e+02
2.879745807835996629e+02
2.875773590437435701e+02
2.876888752399062810e+02
2.878874318116550626e+02
2.877612666150128575e+02
2.877577797109832431e+02
2.878117878897757578e+02
2.879741610384837713e+02
2.881793532800384128e+02
2.881701464840767244e+02
2.881739914784309349e+02
2.882022145490102503e+02
2.882691685001749420e+02
2.883071092544477665e+02
2.883155313899547423e+02
2.882210804827214474e+02
2.883111852970727682e+02
2.882886641889918451e+02
2.880744391978409453e+02
2.880094605649747450e+02
2.883052945428286762e+02
