2.416730518960643224e+02
2.416745785307194012e+02
2.415842314044675732e+02
2.415425422275542360e+02
2.412510464430944239e+02
2.413167290868467205e+02
2.410921787753341050e+02
2.414070833813418631e+02
2.423479004849695855e+02
2.416454125287306454e+02
2.417078501608656609e+02
2.418737608812275539e+02
2.416192413111537860e+02
2.415831845757552685e+02
2.416949946899702297e+02
2.414921454177541591e+02
2.419285065428014434e+02
2.413723602885699222e+02
2.415584455521220661e+02
2.418467236259041329e+02
2.410902266952282673e+02
2.414096093903231122e+02
2.413549782400247068e+02
2.416597473378433563e+02
2.410309046004713025e+02
2.414449158939801521e+02
2.416479662259684176e+02
2.418830027762897714e+02
2.416998920748123680e+02
2.416941872755276961e+02
2.418426356165923607e+02
2.417424251086331424e+02
2.417556239329377661e+02
2.412146710071617406e+02
2.410891126304912007e+02
2.416035071959057348e+02
2.416943582560561481e+02
2.412518246301355305e+02
2.411728776569480033e+02
2.412514340010971807e+02
2.410067450249206047e+02
2.408669871289966977e+02
2.412823560432325678e+02
2.410456182092869994e+02
2.415869529868706707e+02
2.419770826765446543e+02
2.416173942395835184e+02
2.407830720425594961e+02
2.409427445811512598e+02
2.412481761340083892e+02
2.415262309469073898e+02
2.416141087367901434e+02
2.417286360103616971e+02
2.410887080530208380e+02
2.415991252804273302e+02
2.415129902105071267e+02
2.419239941534955562e+02
2.418509646223194238e+02
2.416153731331233132e+02
2.416769041104871576e+02
2.417049963186252626e+02
2.420407649732114805e+02
2.419419518981759154e+02
2.416444163925147279e+02
2.414868016690577406e+02
2.418186155488513407e+02
2.418484727091579600e+02
2.422316151497088015e+02
2.422110932004070776e+02
2.420133639452195951e+02
2.417847918458649019e+02
2.424952402878740259e+02
2.423318936160180499e+02
2.423147469195727410e+02
2.427117714305374250e+02
2.425037004893068797e+02
2.421368453974157262e+02
2.418881990702500673e+02
2.417278043820043933e+02
2.419122349271052599e+02
2.422037386287682921e+02
2.419157195493595225e+02
2.424184459296819796e+02
2.424668526956356800e+02
2.421099868552482803e+02
2.418399578699977610e+02
2.417779079775304751e+02
2.421622376973896564e+02
2.424450900490514016e+02
2.423738046796578658e+02
2.423166429868889225e+02
2.424496029228589293e+02
2.421387148665494351e+02
2.421750292077294091e+02
2.420165963755178780e+02
2.418022270319908102e+02
2.423516234774371298e+02
2.423750276981599256e+02
2.419908268435832781e+02
2.429516869416390819e+02
2.422078675169159112e+02
2.418088521053801685e+02
2.418987433833018201e+02
2.423417602029318232e+02
2.420458565361875856e+02
2.418340370701625091e+02
2.416854622231233805e+02
2.423556009063649697e+02
2.421546299102154478e+02
2.424975764941441412e+02
2.426194155554412930e+02
2.422850875077931221e+02
2.425312743338421342e+02
2.427089480357325613e+02
2.426658840366363847e+02
2.421358393199163004e+02
2.425331743256140555e+02
2.429079072583057268e+02
2.429757150987074965e+02
2.426247106449249884e+02
2.426720752782803459e+02
2.429502332770532860e+02
2.425653401207100615e+02
2.423484072211486762e+02
2.430058268411634401e+02
2.429369120448427850e+02
2.428654029564710584e+02
2.429297662210655915e+02
2.439259401526734337e+02
2.432423467745377081e+02
2.432477172272657242e+02
2.434866751974219881e+02
2.435740983493837746e+02
2.434753263375372114e+02
2.435794876677647380e+02
2.435558025760283556e+02
2.435149008283052865e+02
2.432639605449258227e+02
2.431718346336959087e+02
2.434669640598092144e+02
2.437045312155677266e+02
2.431792879705601536e+02
2.436467108508907984e+02
2.432581641215875550e+02
2.439242491857902166e+02
