2.870030673507442884e+02
2.869635163833191314e+02
2.869855731066327280e+02
2.869706158144584265e+02
2.868937862312578773e+02
2.870006400520288139e+02
2.868308719227061374e+02
2.871135492234948288e+02
2.872925477254103157e+02
2.870362793215103352e+02
2.869807507723202775e+02
2.871109926907262206e+02
2.869576917223968735e+02
2.869975272372636823e+02
2.870202657901251087e+02
2.869838783565103313e+02
2.870864120630573098e+02
2.869451040232775654e+02
2.870774558384548527e+02
2.870855481115011685e+02
2.868440416996666613e+02
2.870086905592981452e+02
2.869190665678773939e+02
2.869301167121737990e+02
2.868047556294362153e+02
2.869639168345781286e+02
2.871002141768161096e+02
2.870686100619620333e+02
2.870020876901147062e+02
2.870375003188735832e+02
2.871433451213421222e+02
2.869791382523170569e+02
2.870473473228735202e+02
2.868438421209234548e+02
2.868721034323017989e+02
2.869951337189442597e+02
2.870216332591528499e+02
2.868522158871416536e+02
2.868391995278919353e+02
2.868542203594231523e+02
2.867783003765703711e+02
2.868053408605354093e+02
2.869009619672514759e+02
2.868093705432864340e+02
2.870084245223634980e+02
2.871367076745376039e+02
2.869484018528656861e+02
2.868531407399078716e+02
2.868826580031050071e+02
2.870133936385697666e+02
2.870172285191675314e+02
2.870037757860393413e+02
2.869630572351821343e+02
2.869070257931697938e+02
2.870077754764232054e+02
2.870417356261432928e+02
2.871677476187867342e+02
2.870737987149641413e+02
2.870425862628824802e+02
2.869949237015243284e+02
2.871269502963048694e+02
2.871553968134260799e+02
2.871115047520810890e+02
2.870541512085731597e+02
2.869856866610650172e+02
2.870718420204379413e+02
2.871597383232343077e+02
2.872690027830034865e+02
2.872672579925131799e+02
2.871595585080027604e+02
2.871502954325002861e+02
2.873698225257542731e+02
2.872802275750859167e+02
2.872348139878068309e+02
2.873810383140220210e+02
2.873536151849517637e+02
2.872249761553835015e+02
2.871790671174681506e+02
2.871416060618745973e+02
2.872018583293345841e+02
2.871525082966336413e+02
2.871953059665546562e+02
2.872810777858533697e+02
2.873599888046127830e+02
2.871627404178012739e+02
2.870819667067806336e+02
2.870961252139708222e+02
2.872641334211491539e+02
2.873207362249418111e+02
2.872979827890730462e+02
2.872878659119355689e+02
2.873198373206047904e+02
2.872375303813617506e+02
2.872995602867494540e+02
2.871746490897788249e+02
2.871392225412919856e+02
2.872242704711295573e+02
2.871822597913213144e+02
2.872617908520263086e+02
2.874427293849283274e+02
2.872369132342735156e+02
2.870885423805240748e+02
2.872648823105079146e+02
2.872409114309572828e+02
2.870962952297356310e+02
2.870895275037121905e+02
2.870545524233464221e+02
2.873131227058178183e+02
2.872191453785258659e+02
2.873404385892336563e+02
2.873983746761767293e+02
2.873372005988983346e+02
2.873505758299573927e+02
2.874625033232496207e+02
2.873196379087792707e+02
2.871938253346262968e+02
2.873543288038696346e+02
2.874745762652290750e+02
2.874759856129317654e+02
2.873906317656148417e+02
2.874776502412470904e+02
2.874691785928286549e+02
2.873698015788390308e+02
2.873576491197313771e+02
2.874443679079122376e+02
2.875087766772031159e+02
2.874489218354466402e+02
2.875942540928446647e+02
2.877581181555743228e+02
2.874102915405634917e+02
2.875001430799131867e+02
2.876316430028417699e+02
2.877188340753761508e+02
2.877019306609289515e+02
2.876445481103262978e+02
2.877719400923321018e+02
2.876688397613007169e+02
2.875880096815896536e+02
2.875702519190436419e+02
2.876407512578856540e+02
2.876503021487246201e+02
2.874918347814768822e+02
2.877346582702502928e+02
2.877189633553572321e+02
2.877976941036541803e+02
