2.373394019918437436e+02
2.378408960838283122e+02
2.378165309690851643e+02
2.379029657950369767e+02
2.374667515246832465e+02
2.375585678873088966e+02
2.374973586717468095e+02
2.376016146014170261e+02
2.377620247645750169e+02
2.377843627531579216e+02
2.378277620004878088e+02
2.375871162513248009e+02
2.375051259979998974e+02
2.377563251051277575e+02
2.377367804144547847e+02
2.376528884274179063e+02
2.378537866217573935e+02
2.375912190905720536e+02
2.378257907864608285e+02
2.378185345450289958e+02
2.378841916277565360e+02
2.377510788418367440e+02
2.376483495034257203e+02
2.379155583910363987e+02
2.375984813249837089e+02
2.378696834374319735e+02
2.380162616431565539e+02
2.378678113266781793e+02
2.379186920611155074e+02
2.378204768611923043e+02
2.377501217944373195e+02
2.381441992554718752e+02
2.380070797666263616e+02
2.375936185237215170e+02
2.373056768625468465e+02
2.372377685691951683e+02
2.374752184092780283e+02
2.376982743893750296e+02
2.378419768400358123e+02
2.379721718320014361e+02
2.378929118666693796e+02
2.378778045315678185e+02
2.377981256298990900e+02
2.379714419366054869e+02
2.381219272941872589e+02
2.382319595885512626e+02
2.379211534461558415e+02
2.380989853040309754e+02
2.382843637946758975e+02
2.379822628623666390e+02
2.377339185373816974e+02
2.381405480462471189e+02
2.380035019129336717e+02
2.376505527984375874e+02
2.378713888871879760e+02
2.380986396539682630e+02
2.381566320747029977e+02
2.378978700492843643e+02
2.381330537491905091e+02
2.382491246055187446e+02
2.382238395308552299e+02
2.380260826320279932e+02
2.378533600210747920e+02
2.378598443677164198e+02
2.377445689292704571e+02
2.383642592848731567e+02
2.381859164504534476e+02
2.379912220885471470e+02
2.379853545895151967e+02
2.379430921923775770e+02
2.381224606425096226e+02
2.381005588971346469e+02
2.381256218110274858e+02
2.379781597632926662e+02
2.381781152936113131e+02
2.380267198869471486e+02
2.382174526127920160e+02
2.381411390963460235e+02
2.383135941417191361e+02
2.384532606825434868e+02
2.385270000783961848e+02
2.382420125613936932e+02
2.380746671999105217e+02
2.379813410563218383e+02
2.377566597709340783e+02
2.379636835574483769e+02
2.384702822976400682e+02
2.382982900440689491e+02
2.381044514454673333e+02
2.379941581059886460e+02
2.379920238950063549e+02
2.379464299094923092e+02
2.378166368231101160e+02
2.379262567346126218e+02
2.382264691963089263e+02
2.383363894765517728e+02
2.380460514206280607e+02
2.380097815658733396e+02
2.380586216706479092e+02
2.378449555674799569e+02
2.380778470139913168e+02
2.382907131751200041e+02
2.377225295798797333e+02
2.380771228359877796e+02
2.377662975775471352e+02
2.378785576566231441e+02
2.378142806324671312e+02
2.381698476119925090e+02
2.383463813472604045e+02
2.381751642898099419e+02
2.382802529302535106e+02
2.380031810676574651e+02
2.377298788424628810e+02
2.377036411309644848e+02
2.375035920254858866e+02
2.376905166898552579e+02
2.377468877844162023e+02
2.378433939305009233e+02
2.379291284770873460e+02
2.381350226744972360e+02
2.380823683020383896e+02
2.378487667367189715e+02
2.378859220634014093e+02
2.379598042996535412e+02
2.376372669738168497e+02
2.376384279815942762e+02
2.377926337410154076e+02
2.378669787564532783e+02
2.376995718788717795e+02
2.378412488503498707e+02
2.377519518138065848e+02
2.377899903652545390e+02
2.376336831942340098e+02
2.373096659013986311e+02
2.375122665683570631e+02
2.377592001383247862e+02
2.375306553554825371e+02
2.374986745555552261e+02
2.374096823191965484e+02
2.375019448161016271e+02
2.377603911904259633e+02
2.373351043876066058e+02
2.371060223678747434e+02
2.373252380786126139e+02
2.373761147409441037e+02
2.372490086583889877e+02
2.371811851224927352e+02
2.373557240214255444e+02
2.372438489133955670e+02
2.375296733695471687e+02
2.376887824378934511e+02
2.377867496443675748e+02
2.376129311121966055e+02
2.377967418518763623e+02
2.377082923882152272e+02
2.378337836138753971e+02
2.376716825438062699e+02
2.377045081426553281e+02
2.379399788009490067e+02
2.378419786859987823e+02
2.375410263603316707e+02
2.377240279671364362e+02
2.379187834205741581e+02
2.380327785347850806e+02
2.378519800849992123e+02
