1.027353374208320105e+02
1.031419265239205743e+02
1.034867150110731728e+02
1.029833378327212046e+02
1.034139716829302955e+02
1.032722775839986440e+02
1.031461930846573836e+02
1.030987720533197916e+02
1.028703834951064806e+02
1.030624937548584370e+02
1.031404338128412093e+02
1.037812776418962244e+02
1.036123620783331347e+02
1.035867831746408569e+02
1.029324613879457360e+02
1.028358687807255905e+02
1.036640689525818715e+02
1.028080169929441325e+02
1.031886281283497055e+02
1.029347854702236447e+02
1.028803465819275544e+02
1.027499213925544694e+02
1.033716299556235043e+02
1.029279395490708993e+02
1.033588592945916957e+02
1.026208724922155824e+02
1.029582832906046974e+02
1.028831767150830814e+02
1.027538141885840020e+02
1.031431256067273665e+02
1.026026264153332477e+02
1.032028555414207602e+02
1.029306142187005406e+02
1.032427624873716780e+02
1.052720140295642750e+02
1.040648711689909902e+02
1.034374387070977406e+02
1.027066227490456782e+02
1.023763242557814124e+02
1.026679980865471435e+02
1.027811820110171652e+02
1.038567468653361772e+02
1.027914324594056694e+02
1.025705303071842991e+02
1.024388000910160486e+02
1.033507212420699233e+02
1.023655938103675993e+02
1.029004039302853357e+02
1.030270216044496152e+02
1.031443642348489362e+02
1.022570672459330012e+02
1.026400360542239127e+02
1.029405805024592269e+02
1.035885467587289810e+02
1.032917723198869027e+02
1.029472392344200813e+02
1.022593889632502737e+02
1.032349791479081773e+02
1.022553093763863217e+02
1.027589115066182757e+02
1.031914153524015774e+02
1.027045952505541635e+02
1.030685135315691383e+02
1.032498326660012253e+02
1.027002045843510700e+02
1.023250241772225309e+02
1.029360586752615490e+02
1.029399359051486869e+02
1.026506194505555669e+02
1.030044421981536829e+02
1.022939432549016630e+02
1.026694061825350985e+02
1.030604585023522901e+02
1.028166069193566301e+02
1.025662027098704812e+02
1.027584897338087586e+02
1.026810618193223235e+02
1.023205864111850474e+02
1.025743891293332553e+02
1.029200462232162323e+02
1.022586680936977359e+02
1.029934398732505230e+02
1.028167984397847050e+02
1.023503247703761758e+02
1.032368330478601592e+02
1.021105238429681066e+02
1.023571777759199080e+02
1.026949841038667302e+02
1.030514526846553309e+02
1.028300917618626471e+02
1.028902416320091220e+02
1.024109712894800026e+02
1.029133005996540220e+02
1.028829984917027076e+02
1.027567385560465851e+02
1.031682029547321235e+02
1.025456757555596283e+02
1.027645410098157868e+02
1.025297101215546292e+02
1.028487970121331472e+02
1.027765921458428693e+02
1.033354363093558845e+02
1.028926147110076386e+02
1.029178636381707292e+02
1.027840473877503058e+02
1.027929388804862612e+02
1.029798765627549955e+02
1.026802274170784557e+02
1.032714029432896012e+02
1.026746050080096921e+02
1.028346026470566130e+02
1.032934195405249511e+02
1.027817139410944236e+02
1.042943063127068655e+02
1.037591402105549747e+02
1.036647916424755209e+02
1.021731707718735578e+02
1.029204767774645433e+02
1.030996650908103902e+02
1.030983358831238803e+02
1.027657369375776710e+02
1.032030054996194366e+02
1.032813769007827744e+02
1.027880420557113581e+02
1.035285883254327928e+02
1.027327575156029837e+02
1.026828503419428813e+02
1.029554484242530492e+02
1.032309944612389359e+02
1.027709302024035054e+02
1.031222491474230765e+02
1.029592326533025215e+02
1.030869916990425992e+02
1.037797480142651665e+02
1.027644154851106606e+02
1.036811990431593671e+02
1.029922091513092823e+02
1.027407757916305826e+02
1.033309868951342452e+02
1.028704190458982026e+02
1.032195917995454693e+02
1.033543624073796963e+02
1.047881165325231905e+02
1.040443025978068903e+02
1.034935873851456591e+02
1.031423877033555527e+02
1.027295679168081364e+02
1.028633962781856468e+02
1.028954725146085849e+02
1.024309464480724614e+02
1.030000147765267684e+02
1.025317051857218331e+02
1.026692562507734010e+02
1.022886297730836986e+02
1.029301704538485751e+02
1.026272353760786444e+02
1.023318909293272583e+02
1.023754509156832313e+02
1.020561770943768778e+02
1.025242559195970529e+02
1.022375811366484442e+02
1.022688338946367139e+02
1.022514907360628484e+02
1.021435075562232413e+02
1.021387239379578062e+02
