2.855695678483568258e+02
2.859063856046882961e+02
2.858047416789249269e+02
2.857932400188473707e+02
2.856411410442893839e+02
2.856384837786849289e+02
2.857254002428024364e+02
2.857233863111724759e+02
2.857111957905884196e+02
2.858089923718470686e+02
2.856928310145602268e+02
2.857220586953404222e+02
2.858207319184611492e+02
2.858762573824525930e+02
2.856660777579823502e+02
2.857957597939033008e+02
2.858046003537863839e+02
2.857622364055932280e+02
2.859057794496184783e+02
2.859018783978388569e+02
2.857764799578039856e+02
2.858339765543503290e+02
2.858007244221857377e+02
2.858521140928373256e+02
2.858262647419684868e+02
2.859063313562937196e+02
2.860872825812788278e+02
2.858546931456596099e+02
2.859835627765220920e+02
2.857953242753254131e+02
2.860333022007734485e+02
2.862277778377281834e+02
2.860136411400043812e+02
2.859337380735082093e+02
2.857377591265101842e+02
2.857324463443716809e+02
2.857340006730739219e+02
2.858864339339272078e+02
2.858701594668452799e+02
2.860116201561513094e+02
2.860834353910195205e+02
2.860760825999869326e+02
2.858519854423694255e+02
2.859855268111169266e+02
2.861840202725741733e+02
2.860983543259955582e+02
2.862030882279847788e+02
2.863374240351459434e+02
2.862719343981532916e+02
2.859501039020881876e+02
2.858932482803445509e+02
2.862292806089799910e+02
2.861042206559448005e+02
2.860436491895961240e+02
2.862451015298443622e+02
2.861112651210062268e+02
2.861921258706094591e+02
2.860669187855546625e+02
2.862056493747534773e+02
2.864815166709384471e+02
2.864423825525631173e+02
2.861308726326154783e+02
2.862336653339219197e+02
2.860471665402953363e+02
2.860778018910730225e+02
2.863216150164809051e+02
2.863094015481777319e+02
2.860819431130711905e+02
2.862122836865941622e+02
2.861176857815628978e+02
2.861967436348713250e+02
2.862998362209147558e+02
2.861640156866861275e+02
2.861549022393209043e+02
2.863175538743535640e+02
2.862059529909270736e+02
2.863071713420192168e+02
2.863122240388231035e+02
2.864906356531752181e+02
2.864714827043647460e+02
2.864450257904355226e+02
2.863982031243124879e+02
2.861706371751818097e+02
2.862109518166860767e+02
2.860511278721083386e+02
2.862981190994605072e+02
2.864802242747908281e+02
2.864133569515630029e+02
2.861766655630361811e+02
2.861977535945054569e+02
2.861688544793677806e+02
2.861136763896341790e+02
2.862700032973659177e+02
2.863063355031098354e+02
2.865399281543539587e+02
2.864291429987246715e+02
2.862174234432330877e+02
2.862121457436292644e+02
2.862373069598832558e+02
2.862944779508054012e+02
2.865601075131798439e+02
2.864906236843051488e+02
2.861624219585161768e+02
2.862776566744284423e+02
2.862075531641316388e+02
2.862772825706333606e+02
2.861623364115533832e+02
2.865506872923920128e+02
2.866030907396333873e+02
2.864367274015660882e+02
2.864806686396501050e+02
2.863615115899821717e+02
2.862874128480521563e+02
2.863846426458744077e+02
2.862589487010537255e+02
2.861402277211000182e+02
2.862879525970245709e+02
2.863623460502874991e+02
2.864764176315506461e+02
2.865436659302005751e+02
2.864408369542937294e+02
2.865313653026315706e+02
2.865669772205943673e+02
2.866477561978458652e+02
2.863898297994334712e+02
2.863873990390524114e+02
2.865314979579675878e+02
2.864814409628669978e+02
2.865499724372376136e+02
2.865445768109887581e+02
2.864426189882969425e+02
2.865333602904711370e+02
2.865532998879820639e+02
2.863625471948531072e+02
2.866677876606354971e+02
2.867178640406043542e+02
2.865091069103792734e+02
2.866955328058133432e+02
2.866866368857118914e+02
2.867321547130624140e+02
2.867720872362176578e+02
2.866778614936774261e+02
2.867434864861856454e+02
2.867100518715549811e+02
2.867620170421286616e+02
2.865827371872983917e+02
2.866420654547028448e+02
2.867698892448858601e+02
2.866993307039082879e+02
2.869135328068811077e+02
2.870313345872299919e+02
2.869542495617533291e+02
2.869430165286366332e+02
2.871474558899794829e+02
2.871185515280982941e+02
2.870774653752829408e+02
2.871544834563486006e+02
2.871662997517277063e+02
2.872500137705825978e+02
2.871804451620587315e+02
2.870054759136027656e+02
2.871832692013651922e+02
2.873343459648828571e+02
2.873279813101678428e+02
2.873746058459745996e+02
