2.376357991743677758e+02
2.377026795488083053e+02
2.376937507974252242e+02
2.375631733086572410e+02
2.378950480289944096e+02
2.380114708594996102e+02
2.378846989769221238e+02
2.378263952440862852e+02
2.380181332857017935e+02
2.379016151524428722e+02
2.378882067197711194e+02
2.378978388883476498e+02
2.378712655742621394e+02
2.378232454096966251e+02
2.377904966872390844e+02
2.379245636555660042e+02
2.381151855325937561e+02
2.378574416430058989e+02
2.380190357779794397e+02
2.376432109120288487e+02
2.379874503493682312e+02
2.381171481388640814e+02
2.377420485722129797e+02
2.378757685071849721e+02
2.376743864737899230e+02
2.377880386665436845e+02
2.379382197727814798e+02
2.380068432290254634e+02
2.378569632582124029e+02
2.378955054446586246e+02
2.382349523954018480e+02
2.379847890372623169e+02
2.380462304027327889e+02
2.378250169007984596e+02
2.379389002499066237e+02
2.376125175202931530e+02
2.373984144488168511e+02
2.374832656963823183e+02
2.375862668120397529e+02
2.375123756182285035e+02
2.376384456933794525e+02
2.376828691670369551e+02
2.377689892640454730e+02
2.380414101870892409e+02
2.379424945118358892e+02
2.379929950833596877e+02
2.377930356042454889e+02
2.376805103344850068e+02
2.381006832612228834e+02
2.381996057600210861e+02
2.380626119064305612e+02
2.380823480796678666e+02
2.377704807007515058e+02
2.377163394921917927e+02
2.378691846778319814e+02
2.379964995035831237e+02
2.381524287531976540e+02
2.379471201192069714e+02
2.379835546434374862e+02
2.379153348601579694e+02
2.376085208185292004e+02
2.378531064951099268e+02
2.376880712305414818e+02
2.375120642919262082e+02
2.376058272206963977e+02
2.377285153931414072e+02
2.376743180476973691e+02
2.380188163520226965e+02
2.379108287031690452e+02
2.379913754219252269e+02
2.381583396112572757e+02
2.382244381084086342e+02
2.381743936299852464e+02
2.380044837344745758e+02
2.379828001312898778e+02
2.382554451947718235e+02
2.381665947582435763e+02
2.380948455948029050e+02
2.384486296094609372e+02
2.380670735864244989e+02
2.380234412669288986e+02
2.379470567501124094e+02
2.382033121197057710e+02
2.379565746709625955e+02
2.379290274156062708e+02
2.381419274230831888e+02
2.383002927893710705e+02
2.382274734120167068e+02
2.381615841016620436e+02
2.379621243601491472e+02
2.379850545175667946e+02
2.383802542580807824e+02
2.381302774068336419e+02
2.380278124877133052e+02
2.378527668498786625e+02
2.380650337185226988e+02
2.381780218974901118e+02
2.381310323384259391e+02
2.385559607477784709e+02
2.382757539623779905e+02
2.382403237758992418e+02
2.380943806970386731e+02
2.382841597803910929e+02
2.382422903979443447e+02
2.380560212082728810e+02
2.383367239584252104e+02
2.383575853387850714e+02
2.380938998841438945e+02
2.383886546918592160e+02
2.381150319241432669e+02
2.380165876315032563e+02
2.382055885332058267e+02
2.377831636076677171e+02
2.375680872561422632e+02
2.377608996633065317e+02
2.381180206783092217e+02
2.382516314561686386e+02
2.381056821703951698e+02
2.382411046284335043e+02
2.380902630020146091e+02
2.381076090078877314e+02
2.382590920281140541e+02
2.379293993395812095e+02
2.378503299474020594e+02
2.377895398464954724e+02
2.379395599819007714e+02
2.375762370519838385e+02
2.375657735161572361e+02
2.374017197875058400e+02
2.377528202243825035e+02
2.375935115136843194e+02
2.373790029447714289e+02
2.375185058369446836e+02
2.372322878005074074e+02
2.370488965681621210e+02
2.375100869160536092e+02
2.378587946129756574e+02
2.374617568756716537e+02
2.375716027739018443e+02
2.376268730221582075e+02
2.373825260900176772e+02
2.373982723143170972e+02
2.366903395606529159e+02
2.367782548098402629e+02
2.373951574735165480e+02
2.369995159367350936e+02
2.373503768629001627e+02
2.375761484664787133e+02
2.376024958814940362e+02
2.374256886570022971e+02
2.375870065855798146e+02
2.375462220333494372e+02
2.374085912013851214e+02
2.374787516643102663e+02
2.375133018519806853e+02
2.375108401275881533e+02
2.377948730513338660e+02
2.377595981387347592e+02
2.376796999146538667e+02
2.377369110054226837e+02
2.375420300047765352e+02
2.375753812698997081e+02
2.378278408107078121e+02
2.376943523640412650e+02
2.377889376940400155e+02
