1.033360441312706683e+02
1.029777537707405486e+02
1.030696578196771753e+02
1.030307760883202235e+02
1.027035727392072886e+02
1.027079080794563453e+02
1.029824506984970753e+02
1.025075432261315882e+02
1.029827497331813220e+02
1.031650150829527632e+02
1.028537695161409573e+02
1.032623621869866639e+02
1.031426785060036906e+02
1.030859708186972483e+02
1.028503476674541304e+02
1.024554107094462978e+02
1.029603409862609169e+02
1.030235843215077125e+02
1.025732048049486167e+02
1.032833084010028415e+02
1.027754118682165796e+02
1.026046243963440503e+02
1.031153372604789382e+02
1.031407659669426238e+02
1.028516965476344467e+02
1.027079469818857120e+02
1.025983272388230176e+02
1.030746139639895205e+02
1.026358782484124816e+02
1.025577734420719480e+02
1.029461853971663459e+02
1.023360904982195194e+02
1.025663406676853242e+02
1.030429652811400842e+02
1.050910114426516344e+02
1.039309908436596714e+02
1.036385510603671065e+02
1.034532162586200599e+02
1.030763418276716266e+02
1.032133270007492456e+02
1.025739372138643688e+02
1.031992545232401852e+02
1.026642779280136324e+02
1.028520762592486903e+02
1.026562662345107242e+02
1.034489607616804392e+02
1.028029435667720008e+02
1.029509683728737599e+02
1.024239955569851048e+02
1.029244248283002463e+02
1.025588864613636844e+02
1.029227271348233472e+02
1.029936447054825521e+02
1.038330916775745436e+02
1.032407484055355980e+02
1.024077089926557704e+02
1.027801661461346185e+02
1.029079186620422917e+02
1.031231143128659511e+02
1.029181951420580532e+02
1.029954877173984755e+02
1.026875583716437177e+02
1.039963301584521247e+02
1.034237620430393321e+02
1.030900475259828539e+02
1.033438376311975020e+02
1.026857618498856937e+02
1.025149008727158702e+02
1.031788898016224749e+02
1.028214287412508128e+02
1.024388142420215644e+02
1.024590569820967403e+02
1.030002048060547253e+02
1.028844491361736715e+02
1.028189966937923714e+02
1.026006644563203025e+02
1.028540778187903726e+02
1.025770937693850016e+02
1.023641679827937452e+02
1.032295737598967804e+02
1.029888753109959225e+02
1.022346730760828706e+02
1.027567966112699054e+02
1.029045817767148066e+02
1.023709834463806061e+02
1.026845365850097238e+02
1.023364955209046769e+02
1.025395044053644682e+02
1.026439593898501954e+02
1.029387960352011220e+02
1.026950341384836491e+02
1.022361110179970609e+02
1.032781663502821630e+02
1.023796689808085603e+02
1.031933143996604230e+02
1.024849424930743140e+02
1.030528525163567082e+02
1.025353244806349267e+02
1.030603071385323659e+02
1.026948046366035072e+02
1.028793220195974953e+02
1.022750489949167303e+02
1.021680701079462352e+02
1.027404059322328180e+02
1.025452539982148465e+02
1.030250808432576832e+02
1.027082400049561244e+02
1.025221886356371073e+02
1.025616430545614293e+02
1.030251213171872138e+02
1.029174109379155624e+02
1.028702893196281707e+02
1.032199609275048147e+02
1.037364867915707265e+02
1.027901348234862695e+02
1.030941663213259432e+02
1.028207379913624351e+02
1.023490173872627764e+02
1.026408255858912781e+02
1.034182656089741954e+02
1.027638251037923709e+02
1.028412502830100124e+02
1.032947397872662947e+02
1.026045006728594586e+02
1.034533557643462132e+02
1.027225063263772995e+02
1.032571003070570583e+02
1.031239907268270031e+02
1.026762498188174959e+02
1.038461961001860487e+02
1.029908516599363679e+02
1.032218099721940092e+02
1.033450673159789091e+02
1.042226893461474333e+02
1.036335342275844908e+02
1.026630384060941168e+02
1.032105737249354291e+02
1.028070241382471153e+02
1.032790814393965206e+02
1.028311126353727758e+02
1.024300775969098964e+02
1.042657374084021029e+02
1.052460093067889346e+02
1.040361286232582785e+02
1.035189659566441946e+02
1.030432233812706926e+02
1.022570994445432149e+02
1.025730293828918178e+02
1.030731133649107818e+02
1.026242495705114237e+02
1.032229900067765129e+02
1.026531931449645896e+02
1.027240245943792161e+02
1.028167238503846761e+02
1.023555222114242866e+02
1.025180949466272438e+02
1.025181657797599399e+02
1.028287182386537637e+02
1.020521137872954114e+02
1.026722252372118618e+02
1.031682479424253387e+02
1.020093054977236164e+02
1.023130395111016355e+02
1.024507479119053102e+02
1.018017315659732702e+02
