1.000630782304064752e+02
1.001588079225047636e+02
1.003541099007685062e+02
1.003029653902584499e+02
1.004504533828293802e+02
1.003261099924570061e+02
1.002285047724843707e+02
1.004112184688482472e+02
1.000072510814567295e+02
1.000283112690772640e+02
1.009365119316069013e+02
1.010553268393507125e+02
1.010727383487431439e+02
1.007846785566419356e+02
1.004837330884093944e+02
1.000598362668033161e+02
1.005656764491837549e+02
1.000684182434903704e+02
1.000584392757551910e+02
1.002338285351060136e+02
1.002765399801942436e+02
9.976343252696671016e+01
1.000866667935781749e+02
1.006819357480546131e+02
1.006223660860014775e+02
1.004566697260453338e+02
1.005029482020240579e+02
9.993599465818526539e+01
1.001638750896091778e+02
1.004671082619405951e+02
1.001218786781605985e+02
9.996995123813779571e+01
1.000139979108487864e+02
1.013597140511286199e+02
1.033029743809676120e+02
1.010058020912226766e+02
1.009609648197586012e+02
1.006808998414047522e+02
1.005060796980056210e+02
1.000210975660493062e+02
1.000142284530553667e+02
1.009691616370962350e+02
1.008463358730350166e+02
1.003313795124214067e+02
1.007020378935752518e+02
1.005792752214275225e+02
1.001673405741227469e+02
1.005600300719026308e+02
1.005862754989113199e+02
1.003452208057236703e+02
1.005324470606986864e+02
1.006531799831079041e+02
1.006896129821640926e+02
1.018286751914983483e+02
1.008495414814251347e+02
1.008415555879299745e+02
1.002412153016993983e+02
1.008096779791818705e+02
1.004822607784035995e+02
1.008165863706883982e+02
1.001998227881692998e+02
1.005542590133969014e+02
1.013586838210413674e+02
1.009448255470934868e+02
1.004481957918741983e+02
1.002805508781649451e+02
1.004696910948064357e+02
1.003804897129380151e+02
1.006662725655654640e+02
1.004955296831555529e+02
1.002024216901061635e+02
1.002481960679943569e+02
1.004507873153768713e+02
1.004867334944502062e+02
1.007612786583982967e+02
1.008461588990200113e+02
1.004467931660042410e+02
1.001657552897187315e+02
1.005747007517109495e+02
1.009357962186408031e+02
1.001742549991322022e+02
1.003476690405864247e+02
1.006860038195327007e+02
1.009206689874713874e+02
1.004893030070017659e+02
1.004930390947974246e+02
1.000392425168821546e+02
9.997230313983540384e+01
1.001893824722420163e+02
1.006239092032154616e+02
1.004120139981285291e+02
1.007065700820057970e+02
1.004674853806579762e+02
1.001262013846939425e+02
1.002097666050144795e+02
1.004558312538330256e+02
1.003799999029137808e+02
1.000557857546753695e+02
1.005573499108117517e+02
1.005791926002364676e+02
1.005919915796461197e+02
1.003901152223589150e+02
1.005016903023761898e+02
1.003957496255276425e+02
1.006917097223673778e+02
1.005919182977817741e+02
1.003371316408836265e+02
1.006853503783391233e+02
1.001232589442804937e+02
1.005583842936571273e+02
1.010186058744505004e+02
1.004762573055174499e+02
1.009524074783459326e+02
1.026636746307643620e+02
1.020590663793154818e+02
1.013730055819079467e+02
1.009395132150356034e+02
1.015602381851099949e+02
1.008695398981941480e+02
1.006193089316713412e+02
1.011782584788674058e+02
1.009627634346627474e+02
1.011646568063354010e+02
1.009826235003817061e+02
1.009636559545967316e+02
1.014968615746863065e+02
1.013400099546975071e+02
1.008894431866626320e+02
1.011247126669812957e+02
1.008526468498813671e+02
1.008039748270995943e+02
1.009208019655711155e+02
1.014954577303539054e+02
1.011056254456564290e+02
1.007601348195609461e+02
1.011005334507882480e+02
1.011933626458328348e+02
1.004975631785996910e+02
1.006574301643349116e+02
1.005694152238224746e+02
1.009461877651367985e+02
1.014394122131786418e+02
1.030380098618139897e+02
1.015837321206035000e+02
1.001637616539513687e+02
1.002195552480313410e+02
9.973114937189177454e+01
9.994515806388210422e+01
9.998295881227410575e+01
9.984805708996935891e+01
9.974930997940128918e+01
9.969370711181625211e+01
9.966805487527356888e+01
9.917353027230181794e+01
9.966592934027119099e+01
9.977973175848580922e+01
9.967912469843530232e+01
1.001588603745651511e+02
9.953667852093288104e+01
9.918918416980085340e+01
9.886918440050347101e+01
9.969730757279849342e+01
9.911529661785796463e+01
9.894036490998229283e+01
9.924385362866847515e+01
