2.395309284665770235e+02
2.392015136003734597e+02
2.394130910361641611e+02
2.394484999314048537e+02
2.397093351994925854e+02
2.397693079332034358e+02
2.396800739230229453e+02
2.395293685026352648e+02
2.395588353177692795e+02
2.399344355431397560e+02
2.399186813720911857e+02
2.396859640469501755e+02
2.395493443955238320e+02
2.395044140265279111e+02
2.397031231916060960e+02
2.397570621248087548e+02
2.397541793401920529e+02
2.396891414933282931e+02
2.399499733659153264e+02
2.400249423612600879e+02
2.399613221435474770e+02
2.402422652699089269e+02
2.401585097065709533e+02
2.397869750005596643e+02
2.397117788364006401e+02
2.399232529662654372e+02
2.402257888851225971e+02
2.399896795646178589e+02
2.402672051049203219e+02
2.401405724406556601e+02
2.397999909266904979e+02
2.398997905209210160e+02
2.399089084006157009e+02
2.396371739353427586e+02
2.384009149973462343e+02
2.389167243257976736e+02
2.395720696683107462e+02
2.395470561404997909e+02
2.397550547909722525e+02
2.398426326195231866e+02
2.393494286262839523e+02
2.396853395736932271e+02
2.397266864796343668e+02
2.401555562460296187e+02
2.397966427531532361e+02
2.397186185830438205e+02
2.398829334421979809e+02
2.399932321226422118e+02
2.397881406185478284e+02
2.398806270329743882e+02
2.393376845857978878e+02
2.398305723646613785e+02
2.393789696072766731e+02
2.387096086489292475e+02
2.392604897372502535e+02
2.393738210380094245e+02
2.396782256614785638e+02
2.392863823583875558e+02
2.394327629069179011e+02
2.393973478487239106e+02
2.395325156709907617e+02
2.397592099577629767e+02
2.391439511954659736e+02
2.396020462900811765e+02
2.394162841762828293e+02
2.396900772749771988e+02
2.397677829703651753e+02
2.398389808159738550e+02
2.400380550653933369e+02
2.397452385781882924e+02
2.398201625067798375e+02
2.397804361390877546e+02
2.398625946150414450e+02
2.394096326129481440e+02
2.395143012110046072e+02
2.395936726721876369e+02
2.399489669434829295e+02
2.397379911979237761e+02
2.394680227662990717e+02
2.395846575540266770e+02
2.398475433618552870e+02
2.396301493843749029e+02
2.392265277514648290e+02
2.389509552773132270e+02
2.394213441372895943e+02
2.394228570376698997e+02
2.395337573375483089e+02
2.395762517857166358e+02
2.395796245073743478e+02
2.398748591699817041e+02
2.398361880774213262e+02
2.398051739562071418e+02
2.393133796881701016e+02
2.392262728009891077e+02
2.393193110616546164e+02
2.397695629682416154e+02
2.401754384528713047e+02
2.395796090744295554e+02
2.395395974637361860e+02
2.396654628070740216e+02
2.395489067541313091e+02
2.392481130131062628e+02
2.395959651011927178e+02
2.394838372074130746e+02
2.395289343507971580e+02
2.395369519231082052e+02
2.395613386869246142e+02
2.395489418592933362e+02
2.396956226099934781e+02
2.395625544841808505e+02
2.395371836581688569e+02
2.394458941745962477e+02
2.391488655831750236e+02
2.389756801501949610e+02
2.388114252737096876e+02
2.389651382691857577e+02
2.388749139656115403e+02
2.388433201649734201e+02
2.389890072640948802e+02
2.388447816272215789e+02
2.389538733338988266e+02
2.387466339745939194e+02
2.389665188243255614e+02
2.388126926164445365e+02
2.387731727062016205e+02
2.388939948393135353e+02
2.385715913661297236e+02
2.388702270647380885e+02
2.387926556588779192e+02
2.389562814269555986e+02
2.389922289504936259e+02
2.393141239922456691e+02
2.389870391286282256e+02
2.386684774420789381e+02
2.390365552092011967e+02
2.388574363060972701e+02
2.390941750983378142e+02
2.386812849478965290e+02
2.388950749497729475e+02
2.388443599043262395e+02
2.390558412860034139e+02
2.386865512242438570e+02
2.381570083236914286e+02
2.385164657398626105e+02
2.389392489263262576e+02
2.389299985331747109e+02
2.390346978828471549e+02
2.391860805920857445e+02
2.395159684965271651e+02
2.397365330962230701e+02
2.395821932336640714e+02
2.396123022662989399e+02
2.399858053016872930e+02
2.395843222877981589e+02
2.399365899020906454e+02
2.400665947989051574e+02
2.401057466250086634e+02
2.397747146792683282e+02
2.398886852928074802e+02
2.398047166134270185e+02
2.400229079444415277e+02
2.401318923592213253e+02
2.399835244714613509e+02
2.401579069461660083e+02
2.401888806980763036e+02
