1.008063199176345250e+02
1.007591006431848228e+02
1.003371401844052571e+02
1.002845684738740033e+02
1.000076049664804572e+02
1.003272969247403381e+02
1.001134116377868963e+02
1.003270477160042589e+02
1.000193954874924174e+02
9.980305071116687543e+01
1.000038998333202045e+02
1.010414431486282183e+02
1.004653797372972264e+02
1.003486461098024023e+02
1.003673479595269811e+02
1.001896411980729766e+02
9.990157921746724412e+01
1.003537548262952441e+02
9.973188739334317177e+01
1.000383657588987063e+02
1.000918361683414872e+02
9.948754745526208865e+01
1.000157801655149541e+02
1.004071261424928565e+02
9.998570138324930667e+01
9.957682568995825534e+01
1.001100890108733097e+02
9.983247598066208184e+01
9.962645662516997902e+01
1.000530316943308549e+02
1.002815684008456145e+02
1.000686517532813582e+02
1.000883410067089727e+02
1.015064779992863322e+02
1.034039307754155317e+02
1.011239105206383897e+02
1.003766189665593487e+02
1.002597918264110746e+02
1.002019936893210144e+02
1.001374070802481810e+02
1.008263693731632173e+02
1.002589806006269129e+02
1.003745621755175677e+02
1.000245926723698631e+02
1.003155868472895662e+02
1.000895934994344429e+02
1.000522642408928249e+02
9.983387411923503407e+01
1.000523129657809704e+02
1.006272906499676623e+02
1.005134729159778573e+02
1.000443163479025657e+02
1.006914845476858460e+02
1.022888486059583784e+02
1.005928562537745279e+02
1.005473301567875524e+02
1.001241299007247818e+02
1.008894292383909033e+02
1.005086664363979452e+02
1.003860528046794371e+02
1.002444325532329117e+02
1.000824501066832823e+02
1.009757836689041568e+02
1.007426173386660508e+02
1.004674819410554392e+02
1.006783102162804653e+02
9.987284048201559017e+01
1.003605999011567320e+02
1.005005028677346814e+02
1.002816565149040713e+02
9.996619572280582133e+01
1.001977956263797438e+02
1.003661310015322101e+02
1.006182011279034896e+02
9.993964488728455819e+01
1.002648077245651308e+02
1.002077908011261371e+02
1.005575139845124824e+02
1.001486776361292499e+02
1.005546384909250861e+02
1.003795456662567176e+02
1.006722772811193067e+02
1.007105990722455857e+02
1.007200118634567616e+02
1.004557384601242660e+02
1.006420368756952399e+02
1.002786375416921913e+02
1.004740824152465279e+02
1.000013280025592621e+02
1.001548655466241939e+02
1.003134818176116454e+02
1.003727804106810737e+02
1.007192191118701743e+02
1.004317778542523882e+02
1.003029303353857387e+02
9.987732564199190222e+01
1.005810664280642328e+02
1.007791091631856943e+02
1.002714168605556750e+02
1.002478650426796065e+02
1.007071349275263827e+02
1.004894175447854536e+02
1.002461830422714115e+02
1.006388527656905438e+02
1.005430591219396064e+02
1.006007119842808635e+02
1.003928792762841766e+02
1.002666506378873805e+02
1.006536931463100615e+02
1.002908420470837285e+02
1.004955756568189855e+02
1.007184457631356764e+02
1.009111185450971817e+02
1.024321846577911828e+02
1.015011343983794774e+02
1.013823379403607987e+02
1.013583291097452843e+02
1.008094000330267477e+02
1.013530594556610964e+02
1.013935801427157344e+02
1.007218314551006415e+02
1.011298424898660784e+02
1.011481195843977190e+02
1.010768889499189100e+02
1.011499330609855889e+02
1.016134499249306344e+02
1.008603966513559698e+02
1.008403027932507854e+02
1.008272571145080860e+02
1.007569102501642391e+02
1.004557802452302866e+02
1.006786926446013695e+02
1.011038193381294121e+02
1.017072408167671256e+02
1.006491313392433398e+02
1.005976979699974976e+02
1.008521558855596680e+02
1.011153574211804766e+02
1.005886634692217854e+02
1.003875627643221122e+02
1.004073251878351556e+02
1.012596667521859928e+02
1.028905336122329430e+02
1.014551164988447027e+02
1.005283910855719114e+02
1.000196339699262893e+02
9.972071388254239821e+01
9.983261785318819648e+01
9.950998321701990790e+01
9.989910272460100771e+01
9.994693724408710978e+01
9.949197018558744787e+01
9.942495881459262819e+01
9.970548610551300328e+01
9.903410770945122010e+01
9.911388143404975892e+01
9.967685202187233529e+01
9.938090782933414857e+01
9.883538038655366620e+01
9.930496349873828876e+01
9.907395715595737329e+01
9.917255134085745283e+01
9.922559932713420494e+01
9.904668672784218586e+01
9.909013507053742842e+01
