2.862315237282518297e+02
2.860702397987318477e+02
2.862140748670443031e+02
2.862661577096452561e+02
2.865013314611387045e+02
2.863952271254885886e+02
2.863889712438234483e+02
2.863641547315672824e+02
2.863579384200187405e+02
2.865096630669190745e+02
2.865841656031861362e+02
2.864582451495778059e+02
2.864102578372788344e+02
2.863926080206559845e+02
2.863899475815572373e+02
2.864826283340540272e+02
2.865424853027890890e+02
2.864996845197281914e+02
2.866763574670256958e+02
2.866724190951971991e+02
2.865652557450623021e+02
2.866663804642897162e+02
2.867320542236822689e+02
2.864871034781229469e+02
2.864859076246788732e+02
2.866297068865380311e+02
2.868080216387714927e+02
2.867446286020440880e+02
2.867916515999623357e+02
2.867119599975600863e+02
2.866139991791625903e+02
2.866002838743286816e+02
2.866823174037362492e+02
2.867000252519935088e+02
2.861489614218113502e+02
2.862227460607793432e+02
2.864603780357405753e+02
2.864930673205014386e+02
2.865063427185349383e+02
2.865767184232362865e+02
2.864073889797386414e+02
2.864693883758278616e+02
2.866753155407689633e+02
2.867197556825188371e+02
2.865528052472524791e+02
2.865501201405193683e+02
2.865164522916164174e+02
2.866982566427165580e+02
2.867303796812652195e+02
2.866150404242659988e+02
2.864326951858497523e+02
2.865834146071359783e+02
2.864928348642450828e+02
2.861635782008480078e+02
2.863034203305594474e+02
2.863476714464196107e+02
2.865781364674821248e+02
2.864232473819183724e+02
2.864769051685272530e+02
2.864518819024969503e+02
2.865597206276985958e+02
2.866017158297640322e+02
2.865500186207632964e+02
2.866260956504535784e+02
2.866503128932131403e+02
2.865409707271792854e+02
2.866579125116741693e+02
2.867303589186187196e+02
2.867180513534027568e+02
2.866950797170341048e+02
2.867682873287074585e+02
2.866401815986098995e+02
2.867178972537822688e+02
2.866575856721381683e+02
2.867081001130108575e+02
2.866843300401934016e+02
2.867514588856867590e+02
2.867054023488601047e+02
2.866405221099221308e+02
2.867232947353126633e+02
2.867963218161609689e+02
2.866411438616887608e+02
2.864699813575924736e+02
2.863983917379012496e+02
2.864942020106441305e+02
2.864959764688083510e+02
2.866146281420284936e+02
2.866139403549022404e+02
2.866902665022294059e+02
2.868324107559893719e+02
2.867488884764293857e+02
2.867068707053012986e+02
2.864820230975288382e+02
2.865066570985270005e+02
2.866584188144706218e+02
2.869232974962735057e+02
2.869155912039856844e+02
2.866645736285238399e+02
2.866835300425594824e+02
2.867824373921259280e+02
2.866463018829797420e+02
2.865857290537892368e+02
2.867509088115137956e+02
2.866686763043592805e+02
2.867186370081848850e+02
2.866819438319586766e+02
2.866974172003537547e+02
2.867603640990112126e+02
2.867704550835756550e+02
2.867923248679855988e+02
2.867482641868111841e+02
2.867083795496898233e+02
2.867472213596873303e+02
2.867739031942404040e+02
2.867142422011349367e+02
2.866688051577784222e+02
2.864740106906264714e+02
2.865998635461677964e+02
2.866533266769733928e+02
2.865273277600901451e+02
2.865916157192575042e+02
2.866457112352458125e+02
2.866864447800027165e+02
2.867067243477500824e+02
2.867077321371380663e+02
2.866227130989631178e+02
2.866011581005732864e+02
2.867313846874974956e+02
2.867372164138908488e+02
2.868948168458428540e+02
2.868941225828273787e+02
2.871143849160069408e+02
2.870830159570259639e+02
2.868934704094555741e+02
2.870944280167071270e+02
2.870511105430709904e+02
2.870812413607594067e+02
2.869838542114088682e+02
2.870173525902744700e+02
2.871108231508014796e+02
2.872186116712217654e+02
2.872661848537802030e+02
2.872958309430434269e+02
2.872984573569086706e+02
2.872952026362142419e+02
2.872832529966659081e+02
2.873827065361861628e+02
2.874305771768420072e+02
2.877410801030000016e+02
2.877783107634645603e+02
2.876877115090724146e+02
2.877291769186666102e+02
2.879357118339643193e+02
2.877884418410426974e+02
2.880170884965273785e+02
2.882324464787718057e+02
2.881845467473496569e+02
2.878494391045684893e+02
2.880510588964235126e+02
2.881352974351034959e+02
2.882436597557654636e+02
2.882831047864821130e+02
2.882761699047794082e+02
2.883658561729679946e+02
2.883262559556555971e+02
