2.408688764392912844e+02
2.408843461381416091e+02
2.408747204080748077e+02
2.405849724728822139e+02
2.401351073589599991e+02
2.403312848878928492e+02
2.407188079672193908e+02
2.409060574430849613e+02
2.402823250762050691e+02
2.407034348909306516e+02
2.408553989436812515e+02
2.410864280207607351e+02
2.401278084738727614e+02
2.401654407534838640e+02
2.402184874458497745e+02
2.403474228772055028e+02
2.410768172644175991e+02
2.404871631419301536e+02
2.405014678233218604e+02
2.404182087366294525e+02
2.406882931848169562e+02
2.409254820149517400e+02
2.405840349839017165e+02
2.403909366624808115e+02
2.408891653769891548e+02
2.405944305326041501e+02
2.411140489218478251e+02
2.402815258996514274e+02
2.400755785297338036e+02
2.402750908042363278e+02
2.404962290158188125e+02
2.403354027314201176e+02
2.408850580777218227e+02
2.401885109004554408e+02
2.394211115182310721e+02
2.401868889933548132e+02
2.401238085197943803e+02
2.399666300661479283e+02
2.403370038502265515e+02
2.401503719270802719e+02
2.406922495637291775e+02
2.403270045509467820e+02
2.402188710774239837e+02
2.402405078711561828e+02
2.405168031008969081e+02
2.406499123816843166e+02
2.404024328703767139e+02
2.406851791949716244e+02
2.402151972096392853e+02
2.405486692826309536e+02
2.407073232872315032e+02
2.403540383998937671e+02
2.405802819098369980e+02
2.399126647630046136e+02
2.395276103436707444e+02
2.400243527560033669e+02
2.403594477095297464e+02
2.401488271307942171e+02
2.404145683634141051e+02
2.399029758997305350e+02
2.400897689751781172e+02
2.400032770813997729e+02
2.395198119499501956e+02
2.402888150551920887e+02
2.400981316309323290e+02
2.401271964994144810e+02
2.402855471782473558e+02
2.403835584795402553e+02
2.400983288344976927e+02
2.407610709539417257e+02
2.404440462774167884e+02
2.400996183939591901e+02
2.405091271532589872e+02
2.404667718897937618e+02
2.400670438705427614e+02
2.406886217021204004e+02
2.402982930399392387e+02
2.398271371569189796e+02
2.403938310939318228e+02
2.403574064360533669e+02
2.398473933645451552e+02
2.400922601043392888e+02
2.402741482718958252e+02
2.403118230938354998e+02
2.406819273850072705e+02
2.402330719675571515e+02
2.398404004371698477e+02
2.401614217903668305e+02
2.403241210102146681e+02
2.403066375656722187e+02
2.405809003241062953e+02
2.405829631883759419e+02
2.408670144412161562e+02
2.408348640192558605e+02
2.401815810645234706e+02
2.402136629556334526e+02
2.402133994937891828e+02
2.398797825453953294e+02
2.407072168901328553e+02
2.402220862998778728e+02
2.398490137547854602e+02
2.403101484224163187e+02
2.405693208121719806e+02
2.399395165661732392e+02
2.398600764584001581e+02
2.403262019834398018e+02
2.400037868874858020e+02
2.401588601555779405e+02
2.404345834636259269e+02
2.399104014671525817e+02
2.396590006039931779e+02
2.396935272056493886e+02
2.401569815473380061e+02
2.392798409272221818e+02
2.390517940165583752e+02
2.392818218299333921e+02
2.395099319913353213e+02
2.393092728724767539e+02
2.391456938316638343e+02
2.393521693993374981e+02
2.392557064378131599e+02
2.398487518033910817e+02
2.397159309273243935e+02
2.395916649513964387e+02
2.396608782695254547e+02
2.395373447596477092e+02
2.394396232895564651e+02
2.396910489540904621e+02
2.397387471941800925e+02
2.401780883301913718e+02
2.393916007757095485e+02
2.396656136065637099e+02
2.393706401616854862e+02
2.389270993516646797e+02
2.392969700494649885e+02
2.394596871712128348e+02
2.391602060285955815e+02
2.391332264769914673e+02
2.391510796793260454e+02
2.392871464796992029e+02
2.397503172832627172e+02
2.387528035521161200e+02
2.393936569538717833e+02
2.387420454675409758e+02
2.389994055104439497e+02
2.399025569485459357e+02
2.395638380104685439e+02
2.399606050431626727e+02
2.393207340205940170e+02
2.395872064635570950e+02
2.396581943920167532e+02
2.398356881505170577e+02
2.403325715446703725e+02
2.393897768878647696e+02
2.392754693774413681e+02
2.400911144880036829e+02
2.399042191132868140e+02
2.403781923320689202e+02
2.394447710864209569e+02
2.395408305992778821e+02
2.400645495116696964e+02
2.403984939282603648e+02
2.400631737559830583e+02
2.402693779213124117e+02
2.407032188896544085e+02
