9.833790790760603784e+01
9.839984363450297167e+01
9.896644600102324318e+01
9.925056195692258143e+01
9.939501532063104605e+01
9.821017214848872356e+01
9.863637091234160437e+01
9.902079892180238119e+01
9.914951775641468146e+01
9.853452310391632807e+01
9.819277026319171853e+01
9.920029797320607656e+01
1.000335783585426128e+02
1.000364768858532329e+02
9.862386851927702480e+01
9.875845543549290539e+01
9.871825131361426031e+01
9.878859189661459084e+01
9.874183497114277941e+01
9.907414659608541285e+01
9.813890566310384145e+01
9.932325453865341558e+01
9.931378493738323243e+01
9.845190080910138875e+01
9.888799387444727529e+01
9.841221703087103378e+01
9.933265710342840293e+01
9.973667983084386890e+01
9.947258657451182273e+01
9.850257968992656288e+01
9.921362158814326904e+01
9.867897315064207930e+01
9.858635996840594373e+01
9.920705138519734589e+01
1.009444951905211951e+02
1.005659266958245865e+02
9.921128625274225499e+01
9.944927588507185590e+01
9.852811034748636132e+01
9.869602198795082870e+01
9.959292017048825585e+01
9.893992074105943857e+01
9.955256657496823891e+01
9.866268503991425121e+01
9.943379126260428791e+01
9.871290272923432951e+01
9.867218691982486689e+01
9.955563586593500247e+01
9.867258722414941019e+01
9.900302443466830482e+01
1.000207832683263547e+02
9.872423133170433118e+01
9.897803672752770865e+01
1.008118626124306871e+02
9.956656482896518412e+01
9.905568637162582490e+01
9.885852995968319590e+01
9.939602640991695637e+01
9.999356453282906898e+01
9.978055784037819365e+01
9.935956251490017621e+01
9.937919603618405517e+01
1.000363418775567226e+02
9.993906337426454911e+01
9.950496595170513103e+01
9.855199858345707753e+01
9.967991097226051522e+01
9.943420561340032293e+01
9.904947720961781954e+01
9.925053914547430622e+01
9.867270421193495622e+01
9.920227757617402631e+01
9.902509248504556183e+01
9.879303282338200631e+01
9.942521057263972750e+01
9.925695687315597127e+01
9.989529376285598516e+01
9.924076874230694045e+01
9.851389192067132683e+01
9.999903949588347984e+01
9.954566883099238339e+01
9.860087443747856639e+01
9.969526348156186657e+01
9.891748010155828297e+01
9.965245335573327168e+01
9.948009360498276976e+01
9.933186174834526128e+01
9.891153669177776919e+01
9.935110173712807580e+01
9.892756398523310679e+01
9.923152419810020319e+01
9.900523454179744931e+01
9.864606324009746174e+01
9.923544568359881168e+01
9.919442109632775839e+01
9.944936120782644196e+01
9.903558796163171962e+01
9.941373680881120833e+01
9.954191768763466541e+01
9.966480269078419951e+01
9.878992067650750641e+01
9.899875593990164191e+01
1.000021141260442619e+02
9.961223480772805772e+01
9.916829652669547102e+01
9.896935612328394427e+01
1.003462087490296568e+02
9.982002215187122829e+01
1.003086143708000009e+02
9.982993302425659010e+01
1.003336812562027234e+02
9.919728593650363280e+01
9.981959975236993898e+01
1.014365840277477560e+02
1.013014311450657061e+02
9.999799969219627371e+01
1.008495286043015682e+02
1.003839723572901477e+02
9.993648337294628448e+01
1.000219854937356985e+02
1.002049498826949474e+02
9.996815691943363902e+01
1.002834471575772994e+02
9.972267262357314621e+01
9.963584901769915803e+01
1.005978802386558755e+02
1.004749062082373570e+02
9.998106711592548379e+01
9.916731132928413217e+01
1.003343555957006856e+02
1.002051759434891665e+02
9.997627297916653788e+01
1.008904895423868879e+02
1.010301018370040111e+02
9.964410546242572764e+01
1.001225623637556055e+02
1.007822931033050367e+02
1.003424920355843852e+02
9.996515688531451360e+01
9.943609608038319436e+01
9.999396711351938904e+01
1.010287803842581837e+02
1.021260513153917913e+02
1.003341608135777250e+02
9.956332293285414892e+01
1.001759485830061038e+02
9.950939527709776655e+01
9.968632179830252937e+01
1.001229532308500865e+02
9.931835879230089859e+01
9.889467272295422617e+01
9.879479181493563544e+01
9.968872081649142558e+01
1.006439277769149498e+02
9.893467936620248793e+01
9.857392570070486215e+01
9.915503500770542189e+01
9.951315689792988906e+01
9.931556045573783820e+01
9.863699119862928910e+01
9.873230892416476934e+01
9.886178902276826364e+01
9.861392221349997556e+01
9.917971273885250127e+01
9.929035833688857338e+01
