2.871503180703764997e+02
2.872977777470342176e+02
2.873126130633615389e+02
2.870942517221437242e+02
2.869922920683728762e+02
2.870495602640581296e+02
2.872559148213275080e+02
2.872468316105911299e+02
2.871236534131402891e+02
2.871778672231749852e+02
2.873188075299564730e+02
2.873229229670703262e+02
2.870725185330894078e+02
2.868878737567374060e+02
2.869392803156280820e+02
2.871853919112524522e+02
2.873906605174071842e+02
2.871619844406949369e+02
2.871342131869667469e+02
2.870057588348955733e+02
2.871380065620083428e+02
2.872802152611920974e+02
2.871453748530736334e+02
2.872001890181359727e+02
2.873543481912500965e+02
2.872209014740598718e+02
2.874276448010277250e+02
2.870618849455898385e+02
2.869272735855146266e+02
2.869670021358123790e+02
2.870025135375378227e+02
2.870637037814971109e+02
2.872510868401315633e+02
2.871211260624336887e+02
2.870689045729759528e+02
2.871161504273119931e+02
2.870090706115700527e+02
2.870710648854159786e+02
2.870859806544880826e+02
2.871357728684860149e+02
2.872376124235094608e+02
2.871352765549593755e+02
2.870653607176129185e+02
2.870932319271564097e+02
2.873266941870424489e+02
2.872704940114173837e+02
2.872458733189554323e+02
2.872012892915410589e+02
2.872556031995855506e+02
2.873378385171808418e+02
2.873708655973665032e+02
2.871446893634752087e+02
2.873372640590078504e+02
2.870809319359120764e+02
2.869661481479000713e+02
2.870622144784458101e+02
2.872008431275900762e+02
2.871698749745742703e+02
2.871574642603057441e+02
2.869788418746953198e+02
2.870878322947878019e+02
2.871466234072260590e+02
2.871028753837828731e+02
2.872727016781975635e+02
2.871549109406623188e+02
2.872349613078417292e+02
2.872380271295618854e+02
2.871918153242525023e+02
2.872447569964749050e+02
2.873971507462217687e+02
2.872050043418893779e+02
2.872597472694767475e+02
2.873350577575706666e+02
2.873579978666135162e+02
2.873327836975564082e+02
2.873790529753810574e+02
2.872199759545910069e+02
2.871859245709146649e+02
2.873182918335225509e+02
2.872781338986614514e+02
2.870620745053587939e+02
2.872682293268621265e+02
2.872323003669377499e+02
2.873319161625339007e+02
2.873810580041127309e+02
2.872132778575858651e+02
2.872346252172092704e+02
2.872984837258928223e+02
2.873342173101873414e+02
2.874555623924794077e+02
2.876354847024205696e+02
2.875840740255555374e+02
2.876936279400086391e+02
2.875413984564726775e+02
2.873471094347481767e+02
2.873656695076862206e+02
2.874194491844806407e+02
2.874509239549285553e+02
2.876248382236311159e+02
2.873595454135329987e+02
2.872818933167561681e+02
2.875349082441744031e+02
2.876195896116127528e+02
2.872491616838977961e+02
2.873428028009950026e+02
2.875208561184924179e+02
2.874782972246981103e+02
2.876738619701682182e+02
2.874772377366361980e+02
2.873216463192969741e+02
2.872149238771867772e+02
2.873432077738818293e+02
2.874104108949036913e+02
2.872049886503994571e+02
2.871933150213715180e+02
2.872969042459849902e+02
2.873149932318397077e+02
2.870751230329648820e+02
2.872156719213324436e+02
2.872427609855404285e+02
2.872621037692496202e+02
2.874398101390903548e+02
2.875294660965824960e+02
2.874199340342556184e+02
2.874753299529130004e+02
2.874748254477438536e+02
2.874447433850197058e+02
2.875041373530282840e+02
2.877654124383826115e+02
2.877132828634442490e+02
2.874492420941406294e+02
2.875661116419411769e+02
2.875818328228352243e+02
2.873864869161640172e+02
2.875636595094169365e+02
2.875738429786197798e+02
2.874719907828094279e+02
2.874286679087301764e+02
2.873849618384575137e+02
2.875795566834069064e+02
2.877416208824612909e+02
2.875965494993951097e+02
2.875723897728041152e+02
2.873728006712840966e+02
2.875971255857290316e+02
2.879067402203768893e+02
2.878932162529661696e+02
2.879295254983705945e+02
2.877585897671623343e+02
2.878258307793583413e+02
2.879321493423587413e+02
2.882547728302143923e+02
2.881972015937451488e+02
2.878702714116308812e+02
2.879745883169711078e+02
2.881883719843647214e+02
2.882839585932065916e+02
2.884234674485635992e+02
2.880482249396577572e+02
2.881552545192518551e+02
2.883521871540844472e+02
2.885120596349027551e+02
2.882781984796621373e+02
2.883983181966796110e+02
2.885068155885442707e+02
