2.340626547666323916e+02
2.355827991931969621e+02
2.362425394506480814e+02
2.368456998300797522e+02
2.372428747112134317e+02
2.376575422168399143e+02
2.377153181886555728e+02
2.380042293131285476e+02
2.383934060077470747e+02
2.384516651299655052e+02
2.385786903888086954e+02
2.388496599401944707e+02
2.392403192159075331e+02
2.391279186821548990e+02
2.393900384715638268e+02
2.398839584835230880e+02
2.397276518680541528e+02
2.396467991170445941e+02
2.398377592169956927e+02
2.403903311222315722e+02
2.403889106731051015e+02
2.403291780659039034e+02
2.405847181887797035e+02
2.405842042945016601e+02
2.405814694632946669e+02
2.404071256672721120e+02
2.405776303266356138e+02
2.409169665225880124e+02
2.410416455786175050e+02
2.415135009703837170e+02
2.413671085951480109e+02
2.412710437869662599e+02
2.412549553773750119e+02
2.413013311525881193e+02
2.411042193950975445e+02
2.410427178274102573e+02
2.413211235018003151e+02
2.413289984365239604e+02
2.414021264538931746e+02
2.413998297640521571e+02
2.416923196408115473e+02
2.419823816185839576e+02
2.414125865537796187e+02
2.416496910027022125e+02
2.417696625066178910e+02
2.415638303801954692e+02
2.415976226434014222e+02
2.420615298444235748e+02
2.419411148555699640e+02
2.418178934825452018e+02
2.417092909258966245e+02
2.417915193295066558e+02
2.414840498502619255e+02
2.414330664084749003e+02
2.414254575660135913e+02
2.423238783523661084e+02
2.420077148790605861e+02
2.418530848905485300e+02
2.418767599628808114e+02
2.421765193787073542e+02
2.420583228886194149e+02
2.424108375842224348e+02
2.422074028928743985e+02
2.420054392340944389e+02
2.424030092251735198e+02
2.425011814730852109e+02
2.421622645318085176e+02
2.420070286042358418e+02
2.422367752887333552e+02
2.423884030142297945e+02
2.428215707371277006e+02
2.423693857825481643e+02
2.420782674554326093e+02
2.420996016055312055e+02
2.430771368377052113e+02
2.426567282545774162e+02
2.422098930284413427e+02
2.423380770886477933e+02
2.427999866680437435e+02
2.427614639079715744e+02
2.423793865373027927e+02
2.420206895903664872e+02
2.426982793040744752e+02
2.430118559002322911e+02
2.425426201927763259e+02
2.427936192967536329e+02
2.424209994369410879e+02
2.428902214305299196e+02
2.428028448199934530e+02
2.423605753821064184e+02
2.425100381936772180e+02
2.427396772587561600e+02
2.428690932777520004e+02
2.429218276549294444e+02
2.428887718979400745e+02
2.426297024457271334e+02
2.427347646640494077e+02
2.428471042867276992e+02
2.431900292064008511e+02
2.431016722782788690e+02
2.425691787895201230e+02
2.427958110349781009e+02
2.430569118737074916e+02
2.430182179636350668e+02
2.427029096076001053e+02
2.429488559233796252e+02
2.436382682322508515e+02
2.432658829216355514e+02
2.428361983071716850e+02
2.427557076647885594e+02
2.430109224461221231e+02
2.433736616425364900e+02
2.432490844042699791e+02
2.429075642744092249e+02
2.432307231844231126e+02
2.435057335973077954e+02
2.429823693293963061e+02
2.437860931805802522e+02
2.436145503610825074e+02
2.429241519916848802e+02
2.429606764498803670e+02
2.433061248451543008e+02
2.434312410133825608e+02
2.434712493157202573e+02
2.429107345051603204e+02
2.431479746436114340e+02
2.431297685722188362e+02
2.436705828554927109e+02
2.430259390471816232e+02
2.428668350669264555e+02
2.432696519226135763e+02
2.430787590265138363e+02
2.431347495469243256e+02
2.437139132705258362e+02
2.434324761332193248e+02
2.432592036677162639e+02
2.436516511408713370e+02
2.437447965787654596e+02
2.432576344990741291e+02
2.432486765835816414e+02
2.428930080000030785e+02
2.431470038230371813e+02
2.428971857490110722e+02
2.432881687051167319e+02
2.437148670844416358e+02
2.434748530847584789e+02
2.434048836546307655e+02
2.435761162866002678e+02
2.433387128410107323e+02
2.435107817932421312e+02
2.440763474793776311e+02
2.440008156644303483e+02
2.438143003483556015e+02
2.433496969819951516e+02
2.434198625463543522e+02
2.434649601180665286e+02
2.438377648615960425e+02
2.436570346014899542e+02
2.434017232916367277e+02
2.436495141395989776e+02
2.432459936563767258e+02
2.430422594267495526e+02
2.432061098773718015e+02
2.442016663906993017e+02
2.439680189705722171e+02
2.435726554513701956e+02
2.435800857421218382e+02
2.440304534137008261e+02
2.437542763997111308e+02
2.433821033104963192e+02
2.435684823007465241e+02
2.438926066741418310e+02
2.436740783918328361e+02
2.432533382014465815e+02
2.439944745066918870e+02
2.439946109422593565e+02
2.432066679053129121e+02
2.443260054147458504e+02
2.440721745361134651e+02
2.438770653485620130e+02
2.435364179802282649e+02
2.439104689240062953e+02
2.443998663961680222e+02
2.442969519254419311e+02
2.438174051260014039e+02
2.438540272165523959e+02
2.437689278247337086e+02
2.440879264633542505e+02
2.436633210245741168e+02
2.434976176548226476e+02
2.443466879118324186e+02
2.439377811710886590e+02
2.441403953206890094e+02
2.441386628174203395e+02
2.436129468221805610e+02
2.444521128333814204e+02
2.442506735562797076e+02
2.440675074684271806e+02
2.443453016881471740e+02
2.438876677617401754e+02
2.442225323645013475e+02
2.442828958014637522e+02
2.443488833148673791e+02
2.439515490464767993e+02
2.440674820339282860e+02
2.439629511095868395e+02
2.440571323426489698e+02
2.440999105097972688e+02
2.447830040926013737e+02
2.444697643315039386e+02
2.439665650672621098e+02
2.444694346206574380e+02
2.444088728974915341e+02
2.443637374990591979e+02
2.443436353583974494e+02
2.442724748545364264e+02
2.444203558275323758e+02
2.439504873975543262e+02
2.441634789848507978e+02
2.449634229528633966e+02
2.443571742092124168e+02
2.443897218868239349e+02
2.449485490423433021e+02
2.443282098852938873e+02
2.438656071709780235e+02
2.444804394392058100e+02
2.446555384045386461e+02
2.441010694772940326e+02
2.439609671332391656e+02
2.439581771868773785e+02
2.448187363078534702e+02
2.446415174010844282e+02
2.442809981440055083e+02
2.446407298002316111e+02
2.444788105289221960e+02
2.446851245260090764e+02
2.443955663895790167e+02
2.442827481673982675e+02
2.447096604517376193e+02
2.449587369061845266e+02
2.445945316101696392e+02
2.446212835693746968e+02
2.448731746025332257e+02
2.446940119962319216e+02
2.444065881456322984e+02
2.446908572748369579e+02
2.450658190399794876e+02
2.447874651447465055e+02
2.443084619247036073e+02
2.443491467230305432e+02
2.446239862060542407e+02
2.450007516399004999e+02
2.446289651176093400e+02
2.446128405347159571e+02
2.449706445848136127e+02
2.444203179703931710e+02
2.451799121114179343e+02
2.449280902287464414e+02
2.447227674692783239e+02
2.442533235002213132e+02
2.447137067354181283e+02
2.448057483102345770e+02
2.446570302689925711e+02
2.443399149208212293e+02
2.448097235857835585e+02
2.449073645025318910e+02
2.445152213706728332e+02
2.443603167678749344e+02
2.450202169151032194e+02
2.455197443912493043e+02
2.450986495768156601e+02
2.446619536107775446e+02
2.446624357407881405e+02
2.452104425539311308e+02
2.451246185357532568e+02
2.450115091081396486e+02
2.445726156110702050e+02
2.447808090320171743e+02
2.443372978582683572e+02
2.453728978334795841e+02
2.453943722321444341e+02
2.444674330406309366e+02
2.451526113082157678e+02
2.444020564648553488e+02
2.443695866107005941e+02
2.450075300963532356e+02
2.448268808347462482e+02
2.454572456235776770e+02
2.451190652604751676e+02
2.446387366149450600e+02
2.449461477564710492e+02
2.452633660213410849e+02
2.449020677563472361e+02
2.447981481059440227e+02
2.454597472446692734e+02
2.447431140108308227e+02
2.446408437669873877e+02
2.450045963783341278e+02
2.450820158852542647e+02
2.454221653287615936e+02
