9.938203580595694575e+01
1.001771096801880532e+02
9.979749687859332141e+01
9.961092750448193556e+01
9.952717196611610007e+01
9.905352567778061257e+01
9.932212739398751467e+01
9.848849160201365294e+01
9.933185927770688295e+01
9.817962242304366782e+01
9.880224390074197061e+01
9.841264433885784513e+01
9.856688001501134977e+01
9.833587969032890896e+01
9.825381758409561428e+01
9.804733232011268740e+01
9.831366398412744445e+01
9.797298618403299031e+01
9.834612312043161353e+01
9.755669627026202306e+01
9.793166287434873141e+01
9.803214801818872104e+01
9.734122801856055673e+01
9.772007640101470827e+01
9.784774244299347856e+01
9.810674806682889937e+01
9.735922326446261366e+01
9.786661506741241112e+01
9.676942558105885439e+01
9.719087445866699682e+01
9.706582634470815663e+01
9.761246215108099022e+01
9.680371778788054371e+01
9.808842758565937459e+01
9.688353782813904047e+01
9.756210113468591771e+01
9.726906200297018756e+01
9.757149646594133685e+01
9.721320186974696753e+01
9.715220867050668119e+01
9.681477402200914639e+01
9.727729892378791021e+01
9.698290225356454641e+01
9.702534919724259055e+01
9.742658726300983574e+01
9.703083267772520060e+01
9.702721018987936930e+01
9.705438901791616502e+01
9.697262543399550339e+01
9.661784332207123782e+01
9.717948212287916476e+01
9.728168269138059543e+01
9.748760024211516395e+01
9.755929887519720012e+01
9.676587057681422266e+01
9.664646278027633741e+01
9.690003062333471462e+01
9.707047021249888985e+01
9.723222005038752513e+01
9.663004850045093974e+01
9.668665144797846267e+01
9.667713958785803641e+01
9.701335280555900908e+01
9.665841451721824740e+01
9.625504656517078672e+01
9.688512524974954943e+01
9.678938400530317665e+01
9.651771550024695046e+01
9.701428711667399796e+01
9.622858567113742367e+01
9.658135328815360765e+01
9.674970868738955687e+01
9.700445657869924787e+01
9.625650308355231743e+01
9.622616995617278235e+01
9.707349155422656395e+01
9.678763589213639307e+01
9.673695777046350486e+01
9.609752730560171585e+01
9.683617993283053238e+01
9.707401352395504546e+01
9.649623037211897270e+01
9.621746164184635575e+01
9.649067073386244431e+01
9.627640195526423383e+01
9.675103429441305991e+01
9.658405470968324380e+01
9.619185241884396476e+01
9.683696513907949566e+01
9.651669677453499219e+01
9.659163090154397935e+01
9.636381255463972195e+01
9.622288059965963214e+01
9.616072603067122770e+01
9.630601459971980205e+01
9.614479350549954972e+01
9.649160358364927959e+01
9.619301451439288542e+01
9.614238702797167946e+01
9.654040671084480607e+01
9.637957815272265805e+01
9.590353446552012429e+01
9.648135872649676514e+01
9.629403372279402618e+01
9.647930905177717875e+01
9.564119968094399837e+01
9.634385255846093798e+01
9.588648223698420736e+01
9.680892555868007321e+01
9.584312694644323471e+01
9.676994537504367599e+01
9.576403604958322546e+01
9.599446380518047306e+01
9.668530753661214305e+01
9.519102626123890332e+01
9.651193242222394986e+01
9.560388391762819538e+01
9.574820517881090609e+01
9.610405469536009093e+01
9.644466320758648692e+01
9.561667452586959826e+01
9.646445794319267009e+01
9.566586569897803827e+01
9.636117461749022084e+01
9.630984748160039999e+01
9.620749539701709807e+01
9.602715888294456192e+01
9.599390788303037425e+01
9.665372606261814781e+01
9.621589217665142257e+01
9.666913373666905329e+01
9.585796225100172308e+01
9.596440859095891085e+01
9.578936070513005063e+01
9.616696164010183168e+01
9.580979014021660589e+01
9.582212200378279476e+01
9.584928260256612020e+01
9.627957841291281227e+01
9.641486712264141090e+01
9.647727511938444422e+01
9.603592873881588332e+01
9.691165743712487313e+01
9.561601767325986145e+01
9.615903540246399928e+01
9.581570198418455675e+01
9.627633980652859691e+01
9.571341253688119366e+01
9.596241633660760328e+01
9.576081812584574493e+01
9.579886605794901300e+01
9.550613911926370747e+01
9.621022901383969383e+01
9.596573249017802709e+01
9.591003558521644834e+01
9.583776125452743599e+01
9.569828871101474022e+01
9.572274227883106335e+01
9.593670476246899170e+01
9.622653105812976548e+01
9.609288086096478310e+01
9.643725267556595782e+01
9.566290242335738014e+01
9.516717761394760089e+01
9.623463397854010282e+01
9.584317000557417998e+01
9.597966915884786943e+01
9.568263654588601241e+01
9.619165953773716637e+01
9.587548793296097926e+01
9.563641060626730450e+01
9.570359258688399962e+01
9.578095560868503355e+01
9.609957145152587543e+01
9.551295462250988066e+01
9.608198490029106154e+01
9.574363958407842290e+01
9.531543953159273030e+01
9.538532755425104881e+01
9.574917024979662017e+01
9.591053869724335357e+01
9.534474439438993443e+01
9.528336778004045016e+01
9.571496666021255351e+01
9.542447161786934373e+01
9.586080908403816636e+01
9.579751239479998048e+01
9.552508300679124886e+01
9.625690324011434029e+01
9.551270501268476210e+01
9.538667801868946583e+01
9.562396387558048616e+01
9.498869808815094018e+01
9.597929112207738456e+01
9.547120273073306862e+01
9.474330419077053023e+01
9.552597629736503393e+01
9.533614528558695156e+01
9.530426368432495110e+01
9.550374295398084712e+01
9.540237983568529501e+01
9.581703335263641463e+01
9.513620100590526363e+01
9.535853180678297747e+01
9.575817127466102363e+01
9.528963500313567181e+01
9.566251957504414349e+01
9.537514641278295358e+01
9.510508661541858544e+01
9.519813737218210292e+01
9.571316252724636797e+01
9.499055291292735603e+01
9.552379320597755452e+01
9.492654759512750218e+01
9.557070463482277489e+01
9.522025844811497564e+01
9.555951545618667353e+01
9.553062323561782421e+01
9.521928962671613306e+01
9.456158163192594657e+01
9.573357219097304949e+01
9.534171643334970270e+01
9.493854893784060778e+01
9.569544166385765038e+01
9.543389688856268549e+01
9.512593169939918880e+01
9.523661979980316517e+01
9.539762535280031841e+01
9.624416469313545974e+01
9.543755885167773556e+01
9.491084176514088711e+01
9.544766931988839076e+01
9.513211538797152400e+01
9.517190135021952813e+01
9.506041136985031414e+01
9.509467822899235045e+01
9.527305496916279992e+01
9.529790664844836101e+01
9.483116350911178927e+01
9.513395726253867224e+01
9.497213986955686948e+01
9.529819161519679938e+01
9.492892727121407859e+01
9.494985575157521396e+01
9.533741908121720599e+01
9.485272617940084672e+01
9.480358146254384621e+01
9.509420789085076819e+01
9.530267056029838102e+01
9.512648293012493639e+01
9.536512223896401963e+01
9.495825519802097858e+01
9.541222982327035140e+01
9.478674275286955719e+01
9.552684354206212447e+01
9.493656508796651394e+01
9.510908167947854963e+01
9.516457728295493723e+01
9.511908353275704542e+01
9.526597005394133078e+01
9.523981725616268079e+01
9.469257329051413308e+01
9.510125950170970555e+01
9.564293815766781393e+01
9.488874925765476576e+01
9.535395388874638911e+01
9.544997703224767349e+01
9.483448610426444247e+01
9.449249324198457600e+01
9.447473566641519938e+01
9.515861682074960015e+01
9.553703246132248239e+01
9.447176699139704681e+01
9.491872668760170484e+01
9.447051363922908251e+01
9.557958099903372329e+01
9.468216974028733546e+01
9.532595310579263526e+01
9.473360611541977505e+01
9.463465089736047275e+01
9.528555861803594951e+01
9.468033306505672897e+01
9.488902360809100855e+01
9.573867723816408670e+01
9.513159916778867853e+01
9.460824338062211325e+01
9.497099387047956043e+01
9.446195453681572474e+01
9.501368575741109623e+01
9.489931111640322570e+01
9.490883419685542322e+01
9.500924798196048471e+01
9.523646813817607892e+01
9.474730799271151227e+01
9.445109476834143436e+01
9.554656045243275742e+01
9.482466620158861303e+01
9.486094759694437073e+01
9.503594369581469437e+01
9.439320142689098248e+01
