2.872420148883288107e+02
2.881074736521251793e+02
2.885584354767217405e+02
2.889722792732993639e+02
2.891959124998422226e+02
2.894301292514332431e+02
2.895557626590169775e+02
2.896362392819062848e+02
2.898792995557101904e+02
2.898661666687956426e+02
2.900474403488062194e+02
2.902423914792423147e+02
2.904305521367420511e+02
2.904369626869644776e+02
2.905948922139070305e+02
2.908275668118456565e+02
2.906788229841347970e+02
2.907387481805245102e+02
2.909141291130376317e+02
2.912354131308267711e+02
2.912918963032665829e+02
2.912419024256748799e+02
2.912989238051624739e+02
2.913612744896857976e+02
2.913392953816291424e+02
2.912239342409216647e+02
2.914309884306347271e+02
2.915448611227593005e+02
2.915671001571886904e+02
2.917895408194318065e+02
2.918578600447272038e+02
2.916242196675619311e+02
2.917558336928754557e+02
2.916860796025978289e+02
2.916285642971183165e+02
2.916307976580974923e+02
2.917244876400383191e+02
2.917012463938937685e+02
2.917452167632091573e+02
2.917644555085300340e+02
2.920227599132259115e+02
2.920581733676692124e+02
2.918456996039595310e+02
2.920299424138965492e+02
2.920016704385552089e+02
2.919030234195859066e+02
2.920248216043880234e+02
2.921295268835750107e+02
2.920617754619217408e+02
2.920657940140364417e+02
2.920524046575486636e+02
2.920562813320232181e+02
2.919173080204211033e+02
2.918993537560892264e+02
2.920130695198537865e+02
2.922963743390134823e+02
2.922345639332136784e+02
2.920480151284161252e+02
2.921666996402286713e+02
2.921964656048796201e+02
2.922554245678299480e+02
2.924480586400832749e+02
2.923156777762191609e+02
2.922179267145700692e+02
2.924677591853358081e+02
2.924058416653727477e+02
2.922572282837169269e+02
2.922394102709516233e+02
2.923339626248052809e+02
2.925225048331946596e+02
2.926078572454697451e+02
2.923767916716224704e+02
2.922400273370620312e+02
2.923306377981007245e+02
2.927964458052340433e+02
2.925609298973869841e+02
2.924056493457185866e+02
2.924728070394193651e+02
2.926619687445349314e+02
2.925733217298686100e+02
2.923115306976812917e+02
2.922544326735232403e+02
2.926110481920881057e+02
2.926872899946926054e+02
2.926106519776316759e+02
2.925813994236317512e+02
2.925590142033401548e+02
2.927108581786851005e+02
2.926769593816340489e+02
2.924726190263954777e+02
2.925373618890952798e+02
2.926432921350570950e+02
2.928298246662723727e+02
2.928638918179086659e+02
2.927084357043316345e+02
2.927011479342301072e+02
2.927730158582007221e+02
2.927895456683032194e+02
2.929110006957358792e+02
2.927734688422668228e+02
2.925413619241788297e+02
2.927410455875582898e+02
2.928610901979484424e+02
2.927228488825384716e+02
2.926330234123170726e+02
2.927949017768116278e+02
2.930549364863803135e+02
2.929049207236987513e+02
2.927091200796092494e+02
2.927604065860620608e+02
2.928646322831114617e+02
2.929230425370270154e+02
2.929554266039776280e+02
2.926964217078158867e+02
2.929405353223886550e+02
2.929837613955899656e+02
2.928960025750505451e+02
2.932108435885495510e+02
2.930072493998813457e+02
2.927340509986016173e+02
2.928419268489898855e+02
2.929203471679018094e+02
2.930489556792250028e+02
2.929951089486352203e+02
2.927622794096005805e+02
2.929211910402955255e+02
2.930552428235151865e+02
2.932239239118052296e+02
2.928935099310112946e+02
2.928333334324290718e+02
2.929450230329894111e+02
2.928708422023001958e+02
2.930027971828245654e+02
2.932424879118723879e+02
2.930045310022687204e+02
2.928455833873661618e+02
2.931610618638171104e+02
2.931687644609272070e+02
2.930566770629684470e+02
2.929148679790866368e+02
2.928762584072956088e+02
2.928356879014890524e+02
2.927900719050398379e+02
2.930554549866386651e+02
2.931871404185571350e+02
2.930663570120953523e+02
2.930418626043901895e+02
2.931859936987683000e+02
2.930808059490266260e+02
2.930990759782101236e+02
2.933258905217594474e+02
2.933135513211562966e+02
2.932376129095920305e+02
2.930280471390537969e+02
2.931064792691405501e+02
2.931166817917659841e+02
2.932352654730481731e+02
2.931948759109675393e+02
2.930834381256944994e+02
2.931098272166680658e+02
2.929851792219275808e+02
2.929209933315490275e+02
2.930314175930364513e+02
2.934172560892872639e+02
2.933419577470348827e+02
2.931612988507854425e+02
2.931975346871772103e+02
2.933215060716864286e+02
2.931313235296237281e+02
2.931057195903867978e+02
2.931971182895367747e+02
2.932548761066053089e+02
2.931919975389262163e+02
2.930626388778606497e+02
2.933657865505875293e+02
2.933435098748806809e+02
2.931072050739463748e+02
2.934310507396555749e+02
2.934978437540101481e+02
2.933175619974302322e+02
2.931552073545191774e+02
2.933697479880943888e+02
2.935343390437030280e+02
2.934669898208707650e+02
2.933393873845793109e+02
2.933391798421539534e+02
2.932991214300699880e+02
2.933256322768932023e+02
2.931640174168274484e+02
2.932413527934380113e+02
2.935341361409765000e+02
2.933891881580447603e+02
2.935117623019866642e+02
2.935185904257868970e+02
2.932686754087000622e+02
2.936492759582974941e+02
2.935445741549598324e+02
2.935283376618755824e+02
2.935742623043497019e+02
2.934169871009216308e+02
2.935415550493534624e+02
2.935564036486613304e+02
2.934705704981551548e+02
2.935448234437348560e+02
2.934399533146633416e+02
2.934895396044889821e+02
2.934623052040225843e+02
2.934841949639103973e+02
2.937405360911467938e+02
2.935814945358184218e+02
2.934791067798208246e+02
2.936407295760731699e+02
2.936039197308671760e+02
2.936432952096716349e+02
2.936193342719050179e+02
2.936286194156012357e+02
2.936324880526452716e+02
2.933642983050091857e+02
2.935475442182418533e+02
2.939447360906319204e+02
2.936502077993599755e+02
2.936354139989371106e+02
2.937915399629324611e+02
2.935826805594765005e+02
2.934884561173462885e+02
2.937464792629728549e+02
2.937925398719821146e+02
2.935671629061997123e+02
2.933830728735757134e+02
2.935469134401910765e+02
2.938464779089023864e+02
2.937448635917857018e+02
2.936555208546097333e+02
2.937498184973865136e+02
2.937608371057937688e+02
2.938478070110352860e+02
2.936355659832494212e+02
2.936305549915181246e+02
2.938573700386073710e+02
2.938654029869916258e+02
2.937466182128432024e+02
2.937629334694626095e+02
2.938727057854756026e+02
2.938548255984362640e+02
2.936595985271632685e+02
2.938530078665375527e+02
2.939223036458778893e+02
2.938603958780672087e+02
2.937259529121768082e+02
2.937386074958819222e+02
2.937834597037681874e+02
2.939335145900261637e+02
2.938367073021499891e+02
2.938040449303283594e+02
2.938357982297557669e+02
2.937118762317473966e+02
2.939761614734468935e+02
2.938966130003412900e+02
2.936455630800035692e+02
2.936922490328432787e+02
2.937093232561455238e+02
2.938906672380934992e+02
2.938180639087111672e+02
2.936391161227130624e+02
2.938482919375265396e+02
2.938949822032210477e+02
2.937499137066344588e+02
2.937621896611126999e+02
2.940893297496881473e+02
2.942772639903167828e+02
2.941136331154988852e+02
2.937176242422503947e+02
2.938587260985817124e+02
2.940702200795671502e+02
2.939719439252431243e+02
2.938930986320614807e+02
2.937820156582178583e+02
2.937589612596144093e+02
2.937064517224329165e+02
2.941973543058887230e+02
2.940476443209036574e+02
2.937738559362555293e+02
2.939678270786910161e+02
2.936684989263806074e+02
2.936848841552323393e+02
2.939932597968061714e+02
2.939588269314020295e+02
2.942432884981870416e+02
2.940283109881590349e+02
2.939387494151979467e+02
2.941138649898160224e+02
2.940798252740771659e+02
2.939823823512901981e+02
2.939208120534896125e+02
2.941875694390675449e+02
2.938130272577888604e+02
2.938631168246770358e+02
2.940659567419581322e+02
2.940901231899011350e+02
2.942660669359989924e+02
