2.386584152050382102e+02
2.386660421996060393e+02
2.390518405625140019e+02
2.388698232189806561e+02
2.386853325180174181e+02
2.385131066528320218e+02
2.388582796164113233e+02
2.386080350394464347e+02
2.387874533436503555e+02
2.388100479372000109e+02
2.385992626868787738e+02
2.390096707889405536e+02
2.384835124127896222e+02
2.386300839374116549e+02
2.389138516417925757e+02
2.387605786030570414e+02
2.388378735739829324e+02
2.387993771968772307e+02
2.386105990211804340e+02
2.386025089587188006e+02
2.388250918260280002e+02
2.386801845170064382e+02
2.387358317385475459e+02
2.386017629139707878e+02
2.387563496703312751e+02
2.387385562939233807e+02
2.393620378001343454e+02
2.389523710882944272e+02
2.386728268925328109e+02
2.388042783952600132e+02
2.392628659969775242e+02
2.387793816736864585e+02
2.386627275497568519e+02
2.387649197701965704e+02
2.388364694135002253e+02
2.394170323306376531e+02
2.388436961332255350e+02
2.384623507805460747e+02
2.386811616807259497e+02
2.392005663712522789e+02
2.389581904512295978e+02
2.387870382280683828e+02
2.385754363551833706e+02
2.393041309495009727e+02
2.387731077820543533e+02
2.388199555948281443e+02
2.383950188129274750e+02
2.387925072709558663e+02
2.393275343627637994e+02
2.388476903657188757e+02
2.386987996195636867e+02
2.391135766023906797e+02
2.388445462834815771e+02
2.389195413427760286e+02
2.385991941294481649e+02
2.387598856729723309e+02
2.390696205330013697e+02
2.388763033333343344e+02
2.384820436179480510e+02
2.384777525810554550e+02
2.387333453710263882e+02
2.391118042983623582e+02
2.391783480656407903e+02
2.389345140978028610e+02
2.387002845931628769e+02
2.387940265222885046e+02
2.390595632985620114e+02
2.390709528233684296e+02
2.391299270102388164e+02
2.386262683417966173e+02
2.391940598607518211e+02
2.389045922020025046e+02
2.385670393268275404e+02
2.393474688446092102e+02
2.389299280731252964e+02
2.388558126460079905e+02
2.389218663635529367e+02
2.389331999105830562e+02
2.389974729138547218e+02
2.388242892490746101e+02
2.389817211016767544e+02
2.389290367602719698e+02
2.385833954103303824e+02
2.384567859945806561e+02
2.388319852192252029e+02
2.392199973546195508e+02
2.391982972440614503e+02
2.386594081849314080e+02
2.386528636831751271e+02
2.390644276873024410e+02
2.391306788664519161e+02
2.387627730505629131e+02
2.387065791627419458e+02
2.384459533780745630e+02
2.395889497571248796e+02
2.387680451199091749e+02
2.384821978270250611e+02
2.384270653412248464e+02
2.388918620776344142e+02
2.390351711239844690e+02
2.389370786722372486e+02
2.391002428136258970e+02
2.386237330458330064e+02
2.392406099113460698e+02
2.391005958413416863e+02
2.386921767511105372e+02
2.389070407927057431e+02
2.390578627322719285e+02
2.392234721470632621e+02
2.388914665434518554e+02
2.387698474858011650e+02
2.388068342030463498e+02
2.393604750744102603e+02
2.391069625617595023e+02
2.387210600440553492e+02
2.386294280729306081e+02
2.385519656813625318e+02
2.392409610202657859e+02
2.388102272582236765e+02
2.387477887851772778e+02
2.388201771485512381e+02
2.391808300217277008e+02
2.390846637383040445e+02
2.385232422072809868e+02
2.382806170339679284e+02
2.390935442084722524e+02
2.389292973856123865e+02
2.392225132734291435e+02
2.387021521298648565e+02
2.386049325809301536e+02
2.389970772114233171e+02
2.392965824342220742e+02
2.387520821380844325e+02
2.388882936867235287e+02
2.386558445071754022e+02
2.389920389957924556e+02
2.385922281553932578e+02
2.390554929388883068e+02
2.386320438457735520e+02
2.386895085753790511e+02
2.388110108727074419e+02
2.392742957566970290e+02
2.387428683092850576e+02
2.386559894423922685e+02
2.388688521269301361e+02
2.390215039693379140e+02
2.390284580904510392e+02
2.387532922332905798e+02
2.382682226968764496e+02
2.390157986106809460e+02
2.389968059132466180e+02
2.387172418965145368e+02
2.387002680650962247e+02
2.392088714748809650e+02
2.389078751089410559e+02
2.387346211381247656e+02
2.389126008205927008e+02
2.391003842475154215e+02
2.391255212840991646e+02
2.386480475307820086e+02
2.387269401691222868e+02
2.392482312731900436e+02
2.391138998942377327e+02
2.384076839831082282e+02
2.388849857846874158e+02
