1.019212190266727447e+02
1.017347580556953659e+02
1.015602203934453200e+02
1.013590904266254569e+02
1.011352871523923369e+02
1.013476011695690318e+02
1.019594081526795577e+02
1.017311125713731172e+02
1.012965781619048897e+02
1.009618519845375317e+02
1.018257856782709041e+02
1.016185051244096798e+02
1.015431441249510272e+02
1.011559942281469517e+02
1.012457452199193426e+02
1.016577768473351142e+02
1.017707806150579728e+02
1.013376222137755605e+02
1.013409588704577828e+02
1.015534613608334524e+02
1.018635222029237326e+02
1.017097914499282183e+02
1.012688920228055878e+02
1.012033071257815777e+02
1.012599505407249154e+02
1.017592300997980033e+02
1.013964354331618978e+02
1.011080560128773271e+02
1.009798706345905543e+02
1.016108815585252501e+02
1.013393355684180506e+02
1.013496498905032723e+02
1.008869553669110104e+02
1.012622693818119757e+02
1.017465535905736260e+02
1.014519604528633892e+02
1.009746262955189167e+02
1.011897396793235089e+02
1.015965711361236004e+02
1.016326352664008397e+02
1.011415169535856222e+02
1.011723853847897203e+02
1.015402352367874101e+02
1.014774967355035216e+02
1.013031035451463850e+02
1.009789315425925906e+02
1.014343530963700601e+02
1.016906557052046196e+02
1.013442452169717143e+02
1.012514882254619835e+02
1.013903120382980916e+02
1.016661178109366119e+02
1.015921807348266839e+02
1.013308433177603689e+02
1.011635424491093573e+02
1.015325356136322057e+02
1.014386420660256221e+02
1.014334183971541705e+02
1.012378775047746018e+02
1.013525694140023887e+02
1.016625367510623619e+02
1.014887352346399183e+02
1.008490662632254953e+02
1.005394453648455624e+02
1.010977603570000838e+02
1.016685076157544216e+02
1.017525407534940172e+02
1.012427992232180856e+02
1.010040473518367321e+02
1.017520671130936734e+02
1.015800506563483765e+02
1.012074300388725732e+02
1.011987086560797025e+02
1.012093672282841368e+02
1.013811226489074073e+02
1.015642914668852654e+02
1.012534283664994064e+02
1.013012811338154648e+02
1.011866244777234698e+02
1.011211477120828022e+02
1.017127043918978160e+02
1.013465661868370233e+02
1.011926180757813398e+02
1.011482521401275676e+02
1.016122406773874332e+02
1.015719365161936452e+02
1.011258593659572966e+02
1.012611001456261874e+02
1.013693146884065897e+02
1.017925688803802728e+02
1.016324270380401487e+02
1.014322965239854994e+02
1.012412753428406376e+02
1.016172259002829179e+02
1.012580562657229279e+02
1.010983849445104426e+02
1.010431928198868832e+02
1.013505395528472377e+02
1.016489062235052216e+02
1.014075417148880547e+02
1.010417499165940853e+02
1.006697919358111761e+02
1.009734606092797691e+02
1.013612798291012069e+02
1.013786672929957575e+02
1.011651001615185947e+02
1.014473108234750072e+02
1.015121806071230139e+02
1.013810194261715196e+02
1.013264880687333402e+02
1.009039672101066998e+02
1.013762176700374056e+02
1.014614493035373357e+02
1.011020113861820136e+02
1.012522705154719205e+02
1.012493222358743736e+02
1.016973778351874103e+02
1.014130112739717902e+02
1.015506428861487365e+02
1.011033764353036446e+02
1.015469944696319544e+02
1.016181099637421283e+02
1.013884354782611439e+02
1.011683642381835710e+02
1.012766462748133307e+02
1.015941729287777520e+02
1.017145914324574392e+02
1.015682099758503369e+02
1.011449123597965496e+02
1.012354148396178317e+02
1.017285693900862356e+02
1.011326718835636029e+02
1.014493032005421043e+02
1.016678023207322354e+02
1.014506364062509221e+02
1.011852770273019502e+02
1.014875140012433121e+02
1.016205022042164927e+02
1.012853781415547587e+02
1.013033196136070728e+02
1.016776769243219434e+02
1.010301523130741543e+02
1.015216400803775372e+02
1.015570658535065149e+02
1.017447395911573409e+02
1.016918899223290964e+02
1.011925090041957986e+02
1.010276571393417839e+02
1.015041986209967035e+02
1.016213746322637377e+02
1.012092122180281422e+02
1.011618010236752951e+02
1.015016281613717979e+02
1.014623258322907446e+02
1.013059716799377838e+02
1.010964878757971093e+02
1.015912724862134837e+02
1.016219533573989082e+02
1.012351607577597719e+02
1.010874695767454341e+02
1.010841335170794082e+02
1.015046897863122695e+02
1.012359402829646768e+02
1.012839602635053211e+02
1.018026774090881048e+02
