2.869103174186632828e+02
2.868942525132857213e+02
2.870129066847574109e+02
2.867458756517727920e+02
2.865964104317469037e+02
2.868274180116272305e+02
2.869662537471575092e+02
2.869494845259939666e+02
2.868060179140775290e+02
2.867965001679322654e+02
2.869796998315864016e+02
2.869949033321228740e+02
2.867543025458185753e+02
2.867802881565677922e+02
2.869359092055297538e+02
2.869984482756797206e+02
2.870152136005562511e+02
2.868627553885675638e+02
2.868235206743744925e+02
2.870642173597421447e+02
2.871764446961033741e+02
2.870028455426182177e+02
2.868495979642278257e+02
2.868227973318751083e+02
2.869659612666941371e+02
2.870785154101048988e+02
2.871668380743885791e+02
2.868260560288883880e+02
2.867427230690786359e+02
2.870281911709340079e+02
2.870983912166887535e+02
2.867160255846156929e+02
2.867532114549912308e+02
2.868592087990326718e+02
2.870353664231906805e+02
2.871315403037685883e+02
2.867540071037033726e+02
2.868531834697233762e+02
2.871243341780642027e+02
2.871223235248889409e+02
2.869098722170153337e+02
2.867640616859096667e+02
2.869746915889482466e+02
2.870612312471210430e+02
2.868187351296969609e+02
2.868145653242165167e+02
2.867696569971213307e+02
2.871124604036761525e+02
2.871266020320143184e+02
2.868525657269316866e+02
2.868781223009675045e+02
2.871227282291399092e+02
2.870288625773386570e+02
2.867798958857902107e+02
2.867673297472837817e+02
2.870350499244362936e+02
2.869536395680682404e+02
2.867977029260371182e+02
2.866551186003940188e+02
2.868131862826571137e+02
2.870967529773748765e+02
2.871349836411654337e+02
2.869490093908036670e+02
2.867489689335963021e+02
2.870244458567738661e+02
2.871406568096880960e+02
2.871753871893627661e+02
2.869903988172749223e+02
2.870848258169876317e+02
2.871289956598285471e+02
2.871873177987283157e+02
2.868827964601424014e+02
2.868844871665035612e+02
2.871025645239217852e+02
2.869740567664939022e+02
2.870105988428722412e+02
2.869759448878330090e+02
2.869597269229749941e+02
2.869750467048044698e+02
2.869455405161828594e+02
2.870669110503546335e+02
2.868487560750133980e+02
2.866947898176420608e+02
2.868530722715008210e+02
2.870502677364143551e+02
2.871949713210433970e+02
2.869252908120856205e+02
2.867943138686179054e+02
2.869195864492910459e+02
2.870575342334381617e+02
2.869702078845193682e+02
2.868655303671263823e+02
2.867309797492595180e+02
2.869608533107494281e+02
2.871904366221748433e+02
2.867380829654187551e+02
2.866300383330510044e+02
2.868840391471306361e+02
2.871428656125703469e+02
2.869958478271811941e+02
2.868080025470573560e+02
2.868856394606323192e+02
2.869013587586781000e+02
2.871538032760141164e+02
2.870612681669758786e+02
2.868356198534627310e+02
2.870981709690747152e+02
2.871995662203116808e+02
2.869830751265358231e+02
2.868425089525006797e+02
2.868117889002448351e+02
2.870216062424234451e+02
2.870937732069463664e+02
2.868881246599772794e+02
2.867391965755689966e+02
2.868321500886157196e+02
2.869855929319882080e+02
2.870993237404815659e+02
2.869306457961885712e+02
2.868346482947853247e+02
2.870468054216602809e+02
2.872213030279277746e+02
2.869216139423055552e+02
2.867108874383525858e+02
2.868955916857750594e+02
2.871349400101283322e+02
2.871971548305267561e+02
2.870211119780161084e+02
2.867835816575864669e+02
2.869362343209222104e+02
2.870896043360121439e+02
2.869528667624841773e+02
2.867855753085957531e+02
2.869298426215647737e+02
2.868630503011466999e+02
2.868755451473155063e+02
2.869197271761805155e+02
2.869539944721553866e+02
2.867637161776885364e+02
2.868447543914637095e+02
2.870200934977827387e+02
2.869602042350241504e+02
2.869393927886961819e+02
2.868888046973152655e+02
2.870944957650218043e+02
2.871280255845434795e+02
2.868612073836390550e+02
2.867707730699963236e+02
2.869270610769338532e+02
2.871129987726635022e+02
2.869270951472029196e+02
2.868293784062394707e+02
2.870517846742571919e+02
2.871519715530928920e+02
2.868842706825742539e+02
2.868443727759780018e+02
2.870031648744657105e+02
2.870672999612853005e+02
2.868462014670043914e+02
2.866885568163623361e+02
2.869681801843673270e+02
2.871595487350436429e+02
2.868836337169004764e+02
2.867983231846671401e+02
2.870009013602614232e+02
