2.863465044662277137e+02
2.863827201422466260e+02
2.866323076025112186e+02
2.867068147612799862e+02
2.866412499057180412e+02
2.865432254847769968e+02
2.866796696810724825e+02
2.865026884040219670e+02
2.865150595668052347e+02
2.866161867391771239e+02
2.866195551121243739e+02
2.865979340892406526e+02
2.865727933658002371e+02
2.867309307138288546e+02
2.869353500109487527e+02
2.867443154046043787e+02
2.867986362060867123e+02
2.868258269539974776e+02
2.868857643695999968e+02
2.869683343867847611e+02
2.869119948574703471e+02
2.869954605881211478e+02
2.870606156154629502e+02
2.871516527737783804e+02
2.871635473528513671e+02
2.871907106459667602e+02
2.873922491060704374e+02
2.873042889456189073e+02
2.871956265747627981e+02
2.872445016015402643e+02
2.873712409628186037e+02
2.873380599531702160e+02
2.872887296625125373e+02
2.872187701966861368e+02
2.873663942088776935e+02
2.875249140649481774e+02
2.876739211676860464e+02
2.876577880653920261e+02
2.876886059471814860e+02
2.877796887806435961e+02
2.879149117844460193e+02
2.880019619526448196e+02
2.879677425426427249e+02
2.878997404308050250e+02
2.879737715817694834e+02
2.881447151750062403e+02
2.881134162779435997e+02
2.882440900397674568e+02
2.882289404437589724e+02
2.881605478945546679e+02
2.882663121255415604e+02
2.883448134692158646e+02
2.883454144397695131e+02
2.883712907030304109e+02
2.886280652837573939e+02
2.885079284438712079e+02
2.884416434177878159e+02
2.885772787464767930e+02
2.886225302815401506e+02
2.887261891888394985e+02
2.888731445708404522e+02
2.889032074401491741e+02
2.890226402820060798e+02
2.891047764998291427e+02
2.890204843139558761e+02
2.889574452695875948e+02
2.889930467187552381e+02
2.891614921805214067e+02
2.891771169430709278e+02
2.891766158104738906e+02
2.892743057591778211e+02
2.892456174511316362e+02
2.893692651715523994e+02
2.893491299188737571e+02
2.893370879568223017e+02
2.894081138762602450e+02
2.894066240410857063e+02
2.895498746387085021e+02
2.896818805591821615e+02
2.895896197129679877e+02
2.896421541234090569e+02
2.898060996967339520e+02
2.897383071543058009e+02
2.897408559909345058e+02
2.899894817080415237e+02
2.898329228661546040e+02
2.899376224575461833e+02
2.901768877902296140e+02
2.900281175252312664e+02
2.901252825641004165e+02
2.901645455932961681e+02
2.902116706792705259e+02
2.902726290117826125e+02
2.904473876565875230e+02
2.904302648686308999e+02
2.904816151772071180e+02
2.904930165588164641e+02
2.906050294006482204e+02
2.906752033180652575e+02
2.905997004553528882e+02
2.908490594064187462e+02
2.908023923330965204e+02
2.906949840977389954e+02
2.908564432255739689e+02
2.909386298549146090e+02
2.910745265176759631e+02
2.910756084200865530e+02
2.909488731202887379e+02
2.910480493888679234e+02
2.911600279454967222e+02
2.913270541335837720e+02
2.911435517640048261e+02
2.914838212312199630e+02
2.916458437983343401e+02
2.915393020772057184e+02
2.916017621058641112e+02
2.917097875108683525e+02
2.917345103702716074e+02
2.917542253177583120e+02
2.919943378273687244e+02
2.918295320115539084e+02
2.919238660049493888e+02
2.920370834848523032e+02
2.922950440985318323e+02
2.922015050390133979e+02
2.922740401145491091e+02
2.922137641194925664e+02
2.922585367275306112e+02
2.925474773521276006e+02
2.924627145532666077e+02
2.923212191446732504e+02
2.924015666499285544e+02
2.925272639248211703e+02
2.925969994288889779e+02
2.927753023280176308e+02
2.927867199646938730e+02
2.928860489680570822e+02
2.928909149546539652e+02
2.929911110269534333e+02
2.931582030815464464e+02
2.932359686920472086e+02
2.932291911953257681e+02
2.930691029966872634e+02
2.931786199061623961e+02
2.933215503369405610e+02
2.933288969655133656e+02
2.933665910287356837e+02
2.935009575589914448e+02
2.936033147285889982e+02
2.936134082408257200e+02
2.937032194345918583e+02
