2.856960109553029952e+02
2.856018768980897562e+02
2.856588020164675186e+02
2.857151699521049864e+02
2.858414228198803926e+02
2.857414926698288014e+02
2.857299244982571622e+02
2.856446194947114350e+02
2.856731685605413986e+02
2.856828319498493443e+02
2.857069822711227403e+02
2.858563186190831971e+02
2.857401105585743721e+02
2.858718117031947941e+02
2.858360700295289689e+02
2.856458540072613914e+02
2.857592229610168602e+02
2.857250449911936698e+02
2.856880306614467031e+02
2.858245274339280400e+02
2.856542275717410462e+02
2.857066771461932149e+02
2.857023827811590877e+02
2.856193800287562112e+02
2.856611441839202712e+02
2.857087725102354057e+02
2.857764130461448531e+02
2.858636266208965253e+02
2.858049750811055105e+02
2.858502628996234307e+02
2.857979527077504827e+02
2.858727496210692607e+02
2.859627419511924131e+02
2.857529202561045736e+02
2.856341106135052428e+02
2.856443450094249670e+02
2.855741868778073353e+02
2.856942176728102254e+02
2.857778371671058721e+02
2.856753370290016392e+02
2.854438870045547674e+02
2.855757036639108151e+02
2.856338989865562894e+02
2.857544209526049599e+02
2.857703669334090364e+02
2.857155564387025493e+02
2.857059384083490841e+02
2.856623460326492250e+02
2.856344191980848564e+02
2.858061553893534210e+02
2.858785731014184535e+02
2.858570719686251209e+02
2.857874305144537743e+02
2.857488480349940687e+02
2.857400299550400291e+02
2.857266686178986674e+02
2.856910695117781529e+02
2.857256742907547391e+02
2.857610513848355822e+02
2.857453517136768824e+02
2.857990194104119723e+02
2.856274731282160815e+02
2.857013366056465316e+02
2.857233834905526351e+02
2.857252439257496803e+02
2.856112239227756504e+02
2.855761396284504485e+02
2.856705205152369444e+02
2.856544873260012878e+02
2.857163873537586483e+02
2.857106564411960221e+02
2.857998415853904817e+02
2.857706985122170522e+02
2.858043635507597173e+02
2.858425756492685537e+02
2.859237032024470295e+02
2.860173388707430036e+02
2.858348632441339419e+02
2.857856402839577186e+02
2.857238139551760128e+02
2.857493116738712047e+02
2.857437959885141368e+02
2.857542900618867066e+02
2.856817974007252019e+02
2.859819187380854260e+02
2.860893592544726971e+02
2.858115884383834668e+02
2.857243076353924494e+02
2.857490441727741768e+02
2.857996769070869618e+02
2.858728815622537240e+02
2.858469537463043366e+02
2.858746721942206364e+02
2.857586012762705536e+02
2.858515764504838330e+02
2.857845706317161216e+02
2.856079094339061726e+02
2.856970337337598380e+02
2.858052671192130560e+02
2.858399716505170431e+02
2.857879936556591929e+02
2.859120194472921526e+02
2.857598879048715048e+02
2.857565290385959997e+02
2.858291127834239091e+02
2.858519728115683733e+02
2.860134206805231543e+02
2.858933587437703636e+02
2.857155373937175682e+02
2.857568027166053071e+02
2.857643539684575558e+02
2.858766840100160493e+02
2.857356350287479358e+02
2.857221246869814877e+02
2.858060404699452306e+02
2.857393683013564782e+02
2.857277502606495432e+02
2.857626964554494862e+02
2.857388029604189228e+02
2.858176618649331999e+02
2.856673840274271470e+02
2.857777596277675798e+02
2.857234602918666155e+02
2.856951481650182814e+02
2.860055025662964567e+02
2.858601150314008805e+02
2.856900976727488910e+02
2.857803953388661853e+02
2.857243094980655655e+02
2.857093247193527077e+02
2.857624384014127941e+02
2.858921938013999693e+02
2.857178611308701761e+02
2.857771701331878944e+02
2.859099769595844123e+02
2.858045412882025857e+02
2.857761778499161096e+02
2.857648932246386835e+02
2.857623032521727851e+02
2.857992679763166848e+02
2.857193545165395108e+02
2.857524784388538706e+02
2.856700252019859931e+02
2.856046231670145517e+02
2.856442261722921216e+02
2.856201534646659752e+02
2.857181240414998342e+02
2.857714238714411863e+02
2.858640857819280541e+02
2.858649174084314382e+02
2.856881361582738919e+02
2.858287272150276408e+02
2.857632312133463870e+02
2.858127921923626786e+02
2.858945245702408897e+02
2.858395018277396957e+02
2.859260433471574743e+02
2.858202713497377658e+02
2.857678714095859505e+02
2.858150101828187530e+02
2.857520470209742030e+02
2.857247224722825649e+02
2.858295336054345626e+02
2.859961603809310304e+02
2.858523772791571673e+02
2.857701821025861477e+02
2.857105223682985979e+02
2.857506852268396642e+02
2.858641594150006426e+02
2.857824543629771483e+02
2.858209851030684376e+02
2.858773059044096385e+02
2.858329111780327025e+02
2.858503986215568489e+02
2.856953766913732693e+02
2.857648919135934875e+02
2.857556372579030608e+02
2.859065565243741389e+02
2.859606258169797570e+02
2.859645922451504134e+02
2.858720783196544630e+02
2.860443003471825705e+02
2.859977440077628899e+02
2.856876765270170040e+02
2.858005550141490971e+02
2.858915651802585103e+02
2.859301506650968463e+02
2.858405156575929595e+02
2.857587415542625422e+02
2.858944967290810837e+02
2.858226015715520703e+02
2.859147715211332184e+02
2.859883248153405475e+02
2.858292382313222220e+02
2.858604944367887128e+02
2.858663216812483938e+02
2.858602361711206754e+02
2.859797387568959266e+02
2.860379862807370728e+02
2.858683470616912814e+02
2.859321563448861525e+02
2.858408803238066298e+02
2.858843098843250345e+02
2.858808755685267897e+02
2.858688156311296211e+02
2.858277549254516430e+02
2.859546211473313519e+02
2.858410033969012147e+02
2.858499418966551957e+02
2.857479802827749040e+02
2.858282538649168032e+02
2.859683834711750023e+02
2.859426869421475317e+02
2.858054075365235462e+02
2.858588661991155391e+02
2.860041331092247674e+02
2.859414601250516057e+02
2.858549410831499813e+02
2.857933840897777600e+02
2.859203223182868783e+02
2.858938623048908880e+02
2.859747771513671637e+02
2.858794193444649068e+02
2.858150031836414655e+02
2.858512609861261922e+02
2.858645690931351169e+02
2.859337999009720193e+02
2.859647455154855606e+02
2.857624370311395410e+02
2.858582746990910550e+02
2.859469628948817217e+02
2.859066055636185979e+02
2.859064158130997271e+02
2.858437650282139657e+02
2.858567051365610041e+02
2.858646461169923327e+02
2.859175836944508546e+02
2.858249605404121780e+02
2.859097615601004918e+02
2.860082144394602324e+02
2.859214841599240344e+02
2.858068551113734657e+02
2.858018608959536664e+02
2.857333482221995951e+02
2.857486957047267424e+02
2.858152332652636005e+02
2.858199146306191665e+02
2.858093778307397201e+02
2.857417838692276177e+02
2.858655713763441781e+02
2.857337775027729663e+02
2.857153576328247482e+02
2.856982398083879389e+02
2.857413653747443618e+02
2.858522816303937475e+02
2.857229643988663383e+02
2.858695007387146347e+02
2.858223482560886168e+02
2.856673951127209534e+02
2.858454663763448593e+02
2.858394697344037354e+02
2.858547922471562401e+02
2.857385793509512837e+02
2.858479101466147654e+02
2.858459005777615403e+02
2.857754293299054211e+02
2.858368404151398749e+02
2.858200689266346330e+02
2.858922249029586169e+02
2.860884878362805352e+02
2.860231662671366735e+02
2.859367900327560506e+02
2.857344885283117151e+02
2.857497307387640149e+02
2.858124972650028326e+02
2.859053421657960143e+02
2.858461865733486889e+02
2.858616551480758403e+02
2.857659487431506022e+02
2.857315458438285418e+02
2.857921675850791416e+02
2.858239436681766961e+02
2.858723353146447153e+02
2.858405986049362468e+02
2.858161537759831390e+02
2.860364205901560695e+02
2.858836322522304840e+02
2.858263638223841667e+02
2.858059543839505636e+02
2.859063619702143342e+02
2.858613968892126991e+02
2.859531791419300930e+02
2.858894158273562311e+02
2.859797059055682098e+02
2.858160995522623011e+02
2.858440440292936273e+02
2.858243323079522611e+02
2.856608445863050179e+02
2.857654352119001828e+02
2.856866223505147104e+02
2.857320900819333360e+02
2.858995198330451331e+02
2.860132266142639992e+02
2.859560589254207912e+02
2.859399302698088263e+02
2.857612046651623245e+02
2.857707963713953063e+02
2.856884663719943660e+02
2.856936527854557539e+02
2.857627132762110591e+02
2.857208363737317427e+02
2.856414144087011664e+02
2.858213765003490039e+02
2.858989176350398793e+02
2.858103296502110311e+02
2.856916187134863208e+02
2.858010221415796650e+02
2.858401552931999277e+02
2.857288242618923846e+02
2.857655720385618565e+02
2.856601198792249079e+02
2.857523714798403489e+02
2.856390739739674132e+02
2.858354767352713566e+02
2.858562466455737194e+02
2.856276704933783890e+02
2.856556058460745930e+02
2.855756637453856115e+02
2.857050325675264162e+02
2.856605840373011347e+02
2.857419005929149307e+02
2.858229393642499758e+02
2.858161536449104574e+02
2.857335032438616622e+02
2.856540733099775480e+02
2.857802706634047922e+02
2.858893183104723335e+02
2.858915082598547883e+02
2.858940060685409321e+02
2.859544090165786088e+02
2.858473571545524123e+02
2.858763187632742415e+02
2.859217801121573643e+02
2.859186238314921980e+02
2.859165894791213987e+02
2.858938551797650689e+02
2.857926400611913778e+02
2.858672409081354431e+02
2.857731834314031971e+02
2.857259936340499280e+02
2.857936395996269994e+02
2.858675369261684409e+02
2.859432591886795194e+02
2.857468485196420716e+02
2.857919466493585219e+02
2.857871516333069621e+02
2.857615682112263471e+02
2.857416677222882413e+02
2.857598870776499211e+02
2.858250576494224333e+02
2.858016086978669819e+02
2.859576160615326330e+02
2.859202116688354067e+02
2.858199022537882001e+02
2.857758011025857172e+02
2.858082151555264545e+02
2.858936304169777145e+02
2.859807360934314033e+02
2.859397373399186222e+02
2.858676892933776230e+02
2.859284588302300563e+02
2.858667935859793374e+02
2.858407511859973624e+02
2.857837342734340496e+02
2.857504102744366605e+02
2.859255514310607964e+02
2.859594679726846493e+02
2.859715580604092793e+02
2.859254806770999835e+02
2.858859617327049705e+02
2.857750651263728514e+02
2.859171845944647998e+02
2.858172929823392110e+02
2.858460233391054430e+02
2.859314330165831848e+02
2.859644909531546091e+02
2.859602569814932167e+02
2.859644229638606134e+02
2.859764123165937804e+02
2.859257936005824945e+02
2.859382513339791103e+02
2.858878081317524789e+02
2.857498639292409734e+02
2.857618566690240414e+02
2.859685291774886764e+02
2.859208172818335925e+02
2.859877617704083832e+02
2.861138700884907848e+02
2.858636046029691329e+02
2.859302283398154145e+02
2.858490999256793543e+02
2.857956880974225555e+02
2.856748347091149753e+02
2.857853506871046534e+02
2.859668469340451225e+02
2.859517969605531107e+02
2.858519129566390689e+02
2.857936179113103776e+02
2.858893286723589995e+02
2.859131854995698063e+02
2.858275801134130347e+02
2.858327033755135176e+02
2.859372923921135339e+02
2.859216665350838866e+02
2.858462472679202051e+02
2.859034982630547574e+02
2.857826316751839499e+02
2.857510973735398352e+02
2.858755511637389759e+02
2.859336359695947181e+02
2.857388999851419840e+02
2.857764896436336244e+02
2.858357070928169037e+02
2.858727100054678658e+02
2.858313701697287570e+02
2.860455627091527617e+02
2.858524591734969817e+02
2.858108310063314548e+02
2.858647200126847565e+02
2.858905957713569137e+02
2.858823130369523255e+02
2.858729463551972572e+02
2.859054865885706818e+02
2.857581922935294756e+02
2.857602273803677235e+02
2.858478103364661820e+02
2.858321657346519942e+02
2.858670611198081701e+02
2.858469897188114714e+02
2.858340783891302976e+02
2.857643926963571062e+02
2.858933186432985849e+02
2.858633326018961611e+02
2.858717177142194714e+02
2.859571418563577367e+02
2.859448380790369129e+02
2.860044154069900628e+02
2.859213790854194031e+02
2.859679532032889142e+02
2.858039093381528346e+02
2.857041805305648836e+02
2.857434032828987824e+02
2.858126925454807292e+02
2.858530482324657100e+02
2.858946987048282722e+02
2.859594555862996117e+02
2.858954459023757408e+02
2.858637196667070270e+02
2.859211998620461941e+02
2.859280643757574580e+02
2.858481897865875112e+02
2.858152575947091805e+02
2.858664823882952533e+02
2.858318342286778488e+02
2.857269568438371721e+02
2.858206815340578828e+02
2.859345073637362020e+02
2.858802333616994815e+02
2.857782175916761958e+02
2.857857702444288179e+02
2.858751478598506424e+02
2.858016858314196043e+02
2.858584892286668833e+02
2.857632267541200122e+02
2.859011392242670695e+02
2.859557586889533809e+02
2.859805662673589381e+02
2.857721625884402670e+02
2.858343964302110862e+02
2.859362852259905594e+02
2.858540456101248992e+02
2.859458996253601981e+02
2.859513950804441151e+02
2.856886617961275192e+02
2.857155084533304148e+02
2.858212311289198624e+02
2.858781721628952823e+02
2.858567882091691672e+02
2.858179539052144378e+02
2.858067710385652731e+02
2.858355426377124218e+02
2.858748386780808346e+02
2.859569188886823667e+02
2.858144907553451617e+02
2.859533013634762142e+02
2.860276789204269221e+02
2.859360828983142824e+02
2.858420809949224122e+02
2.857218732065085760e+02
2.857545800459357110e+02
