2.379852568141490394e+02
2.381499353416676001e+02
2.378846668340375743e+02
2.379184573694629989e+02
2.381281214426755639e+02
2.378233052865259651e+02
2.377766091391456484e+02
2.380701317060221527e+02
2.380146456811944233e+02
2.380000892847324678e+02
2.379744071658504083e+02
2.379315424025427603e+02
2.375771462446809608e+02
2.376404202882934271e+02
2.378140524261633857e+02
2.375957066183724464e+02
2.381028025808760731e+02
2.381001348323149216e+02
2.377722137940046139e+02
2.376202692040389763e+02
2.379619309953723985e+02
2.380566889568826809e+02
2.376639462590334517e+02
2.382317371919544655e+02
2.380232377142219491e+02
2.377649505323213077e+02
2.378978977237047445e+02
2.379981872950001218e+02
2.379581319648321767e+02
2.378270160829166286e+02
2.377213314587012292e+02
2.379528888470633490e+02
2.377892320521637828e+02
2.374251311080854521e+02
2.374723735747083992e+02
2.373261296587882896e+02
2.375522537041744329e+02
2.377477593016078288e+02
2.379221056523349489e+02
2.377711289820506408e+02
2.378417748456400886e+02
2.373917863640514270e+02
2.378859935229197333e+02
2.380282762901155138e+02
2.376900757137459834e+02
2.380086273092244653e+02
2.381047766853531584e+02
2.376985790122463698e+02
2.376139060316765779e+02
2.380090710912538441e+02
2.379734285410571886e+02
2.379078979355716683e+02
2.378939468599957934e+02
2.375122911463297157e+02
2.374681086882504530e+02
2.377009187578512410e+02
2.376758501544823048e+02
2.375379525615177272e+02
2.378708972236690045e+02
2.379318537007085581e+02
2.377043777997629377e+02
2.377321742081152536e+02
2.372351146719131805e+02
2.373153272579188240e+02
2.374455450124675338e+02
2.375852792499938744e+02
2.372712522114701414e+02
2.379138481330611512e+02
2.381042791299033752e+02
2.379218255120563015e+02
2.379044219617510691e+02
2.377885682393726086e+02
2.379109507664915384e+02
2.378728957762816663e+02
2.380191630082412075e+02
2.381618188923008290e+02
2.381347198052398824e+02
2.381834147487189455e+02
2.378331272043879778e+02
2.379259477631118500e+02
2.378830774995283548e+02
2.379235225086115406e+02
2.378558445288298060e+02
2.379162108993880054e+02
2.378234452062336288e+02
2.380244094177302259e+02
2.379835883702909314e+02
2.376535051207456490e+02
2.379675281983969626e+02
2.378678234903015891e+02
2.378029209366351608e+02
2.376941461560450932e+02
2.375225885828293713e+02
2.378408966318879436e+02
2.380907620876722319e+02
2.379393639928835000e+02
2.380478729668340065e+02
2.382765528393773877e+02
2.382913998948772871e+02
2.381253274961420630e+02
2.381806627534741381e+02
2.384459236203340424e+02
2.381305325154376931e+02
2.382547088361137924e+02
2.381403344445664061e+02
2.380366527634684246e+02
2.378773489321514205e+02
2.376794874946515392e+02
2.376392601609346400e+02
2.380011943045718397e+02
2.383524522735255289e+02
2.380266396361572561e+02
2.378623653232087918e+02
2.376047884592384491e+02
2.375111867691705356e+02
2.378133858511097571e+02
2.378134208433681067e+02
2.376687089859234732e+02
2.375362987623343543e+02
2.377148848650767832e+02
2.376135139092004920e+02
2.378069283903305404e+02
2.376660801554210423e+02
2.374138022642051737e+02
2.376039524363628743e+02
2.378608375587160708e+02
2.377334011951056993e+02
2.377548261722247673e+02
2.376663410427197221e+02
2.375041039328529848e+02
2.374108282990995633e+02
2.376092582487388825e+02
2.377126576562084210e+02
2.369535618017785339e+02
2.372399149485294458e+02
2.375828065335431063e+02
2.373598751191058227e+02
2.371595216034476152e+02
2.373647815070047500e+02
2.375040579053758449e+02
2.375489745791260532e+02
2.372984383321912389e+02
2.365865476023937788e+02
2.366031899170574206e+02
2.368904359011932286e+02
2.372613702549382708e+02
2.372397042747475950e+02
2.374188192832267816e+02
2.376396153659480603e+02
2.375942481863164915e+02
2.375425567858505076e+02
2.376483834887562807e+02
2.375254819053116933e+02
2.375719072739535989e+02
2.372409088515941846e+02
2.374227995218142269e+02
2.371235209846473708e+02
2.376050909864939911e+02
2.375122668400655073e+02
2.373580663917161644e+02
2.373248350516917924e+02
2.374617240512594378e+02
2.373744339911556551e+02
2.371396603905502332e+02
2.375597309366887941e+02
