9.976012727930431367e+01
9.954645096034460039e+01
1.000716991193803409e+02
1.001255392442554353e+02
9.980589648101216937e+01
9.967311395866471457e+01
9.998838154615769724e+01
9.995809282726253286e+01
9.974097477878393647e+01
1.001990978242191517e+02
9.978533903992440912e+01
1.003375324936997686e+02
1.006539952602680756e+02
1.005037428976070828e+02
1.001713899025555179e+02
9.986572883402591572e+01
1.000377635148450821e+02
9.995786851735225298e+01
1.001287145593727246e+02
1.000183391447533978e+02
1.000269237938983480e+02
9.939848882480417558e+01
9.969711203449726611e+01
1.003544260186564685e+02
9.998255901504201404e+01
9.988346773223798891e+01
1.000672136121879845e+02
9.957560234691459300e+01
9.941811447581227412e+01
9.987708179642204698e+01
1.001995745263132989e+02
1.002501280417393872e+02
9.965955481385235259e+01
1.013090658055874655e+02
1.028988881303381078e+02
1.010051439767168517e+02
1.004834137910910954e+02
1.004326508977898271e+02
1.005345008663285995e+02
9.976350150791682836e+01
1.001102362038965197e+02
1.006299357848471203e+02
1.002789303946447177e+02
9.980895299680594235e+01
1.002367451445109481e+02
9.995997461126843575e+01
1.000272117378176517e+02
1.001652449380076320e+02
9.975587504453505971e+01
1.000270624001563107e+02
1.003038247428691960e+02
1.004073125509746092e+02
9.991797411897573511e+01
1.014116875993547495e+02
1.007997926240176412e+02
1.002356040898257419e+02
1.001094617405498894e+02
9.990600534759924756e+01
1.001754518051164951e+02
1.002654176547940637e+02
1.000318984657203032e+02
1.000790896703123423e+02
1.011483542865289422e+02
1.008193963175523322e+02
1.002179251217221605e+02
9.944971909979091151e+01
9.994457186845353647e+01
1.002557793592648210e+02
1.001335736420232791e+02
9.991021858550261925e+01
9.996136354790276357e+01
1.003191268468619199e+02
1.002677307467014316e+02
9.984107828509173999e+01
9.997502281271886204e+01
9.999229218779414907e+01
1.000978673375756358e+02
9.982373684244599588e+01
9.987672582994434833e+01
1.002987530083768064e+02
1.003917010376950856e+02
9.957846922320815963e+01
9.944107700621823653e+01
9.993919299736955963e+01
9.972262982435559309e+01
1.003762706428616980e+02
1.000202078000339583e+02
9.994163160745272023e+01
9.990160283142228081e+01
1.001430388940189147e+02
9.984204259286342165e+01
1.001039670082928836e+02
1.000651325137663434e+02
1.000002100754656595e+02
1.002518166031901501e+02
9.992233107680306148e+01
1.000717537724960238e+02
1.003215676327284740e+02
1.000271947103279189e+02
9.993713290567001195e+01
1.002943799256316311e+02
1.004187501853208460e+02
1.002260856476819555e+02
1.005033168234885892e+02
1.006514232812085083e+02
1.002099534182717235e+02
1.002996786623217673e+02
1.000191580564281821e+02
1.003793026775538664e+02
1.002092099277128341e+02
1.000350986260420285e+02
1.003929968722106452e+02
1.003051666543052676e+02
1.023720805509276914e+02
1.020065837202115944e+02
1.019873110876055051e+02
1.004040932553421044e+02
1.009158763793816860e+02
1.005095517300492105e+02
1.007701673743822681e+02
1.006943561368838829e+02
1.010044510991708648e+02
1.003424055930662888e+02
1.006927467647956291e+02
1.003150453187478774e+02
1.008419105052588378e+02
1.005813557821117996e+02
1.004944551959737282e+02
1.002391578208888490e+02
1.006543204294566181e+02
9.982877545457660062e+01
1.002082301990822231e+02
1.008570026734829668e+02
1.015248481663231672e+02
1.008249000792361585e+02
1.004203369219198834e+02
9.996302450497391590e+01
9.994582428578650024e+01
1.005380260244517530e+02
1.003125933821442004e+02
9.964722621392076007e+01
1.009871654688922149e+02
1.027438878819418591e+02
1.013573118672971560e+02
1.003446304316588709e+02
9.987030151106694120e+01
9.995500166796648500e+01
9.983390034257668333e+01
9.946407065182067697e+01
9.927784236882011726e+01
9.979322878202297886e+01
9.907556198536322256e+01
9.919100473270391660e+01
9.959350703244361114e+01
9.932563567004189053e+01
9.938554715206868195e+01
9.966685996213021781e+01
9.930037749543988923e+01
9.901668703167349861e+01
9.924480475008620317e+01
9.906718667158207836e+01
9.914969474596874477e+01
9.899944293294748832e+01
9.928980091514445405e+01
9.903844092457659087e+01
