2.865104446606985107e+02
2.867363453369756598e+02
2.866981631322010458e+02
2.867252233811694282e+02
2.866134320320182951e+02
2.866880356851349916e+02
2.865717369075035208e+02
2.865080093767947460e+02
2.866572027252807970e+02
2.866744665192303501e+02
2.866561366698932147e+02
2.865449299223461708e+02
2.866077621501270869e+02
2.865902980811296743e+02
2.864555059380206217e+02
2.865791658080094066e+02
2.865933740030002355e+02
2.866318863772603436e+02
2.864537617150057827e+02
2.865727401427366772e+02
2.865108100600629655e+02
2.867021988616830299e+02
2.868170677252521159e+02
2.867439345782734677e+02
2.866646718886610756e+02
2.865498091792771902e+02
2.864851068958581095e+02
2.865637572510301538e+02
2.869016772906683741e+02
2.868430203479703664e+02
2.867147488317478405e+02
2.865999583198028517e+02
2.867472560928027292e+02
2.866067433705081271e+02
2.864031048765312448e+02
2.864480717976358051e+02
2.864429314835679179e+02
2.865213642049664600e+02
2.863251992675296265e+02
2.865097317389415252e+02
2.866577141712488697e+02
2.864360225870961472e+02
2.864986600097184350e+02
2.867018241781559595e+02
2.866197515484103064e+02
2.866576490052849522e+02
2.867451012915733486e+02
2.866064431786376190e+02
2.867023893936178069e+02
2.867453117079849676e+02
2.866561002138475374e+02
2.865567538771724116e+02
2.866323826146952456e+02
2.865539171470459223e+02
2.866001161434587630e+02
2.866449869482534609e+02
2.866799246083751314e+02
2.868271645104243817e+02
2.868129156197176712e+02
2.867393433091751263e+02
2.866992430994252459e+02
2.867572502625222910e+02
2.866218758154120678e+02
2.866220974568219617e+02
2.866332689322192095e+02
2.868795899426065148e+02
2.870112223825071283e+02
2.867559903073112082e+02
2.867752960174971690e+02
2.867669770947571237e+02
2.868992361126390733e+02
2.867224497862122803e+02
2.866666436709622303e+02
2.867818420925669329e+02
2.868461964461764069e+02
2.868812086762789022e+02
2.868972423937386793e+02
2.869790473389805356e+02
2.870081191131399692e+02
2.869664003101689218e+02
2.867911233319313737e+02
2.869819875098050375e+02
2.870812357815082123e+02
2.870539524562452698e+02
2.869934698352128635e+02
2.868746814917783468e+02
2.868045356994688859e+02
2.868971841769183015e+02
2.868702792989656132e+02
2.869383801596412127e+02
2.869962462119080442e+02
2.869790055581516413e+02
2.868761048241328240e+02
2.869033194031733842e+02
2.868926795122533804e+02
2.870669169735049309e+02
2.871124711390939410e+02
2.868795459206633609e+02
2.868374614749112084e+02
2.870259542154004180e+02
2.869909297715410617e+02
2.869264209937535384e+02
2.868875661540416786e+02
2.867846062202367534e+02
2.867146675831934886e+02
2.867821426100476856e+02
2.868579161411860809e+02
2.870759577587633657e+02
2.870434121816596758e+02
2.868810675809851887e+02
2.868692556600108787e+02
2.869565112243658405e+02
2.870151290978251382e+02
2.868801507190066218e+02
2.866943476944750842e+02
2.865180292669234063e+02
2.866370797063320310e+02
2.867262682247219914e+02
2.868803360164095579e+02
2.868473698851975655e+02
2.868366616804116802e+02
2.868096695530429088e+02
2.869484409156530660e+02
2.870477483519198358e+02
2.870392993336254790e+02
2.871211166656607929e+02
2.870725986694096150e+02
2.870359129545278734e+02
2.871447756945198080e+02
2.871062380461797829e+02
2.872527013571843213e+02
2.874310640686225611e+02
2.873923645194147980e+02
2.871568702544966527e+02
2.871376735072892643e+02
2.872666561431608443e+02
2.873721455646440859e+02
2.876984465832761089e+02
2.875261761286453179e+02
2.873380649965440057e+02
2.874282128732496631e+02
2.876649714412855019e+02
2.874177808726791454e+02
2.873017850453348956e+02
2.874272472134144323e+02
2.874928928013726477e+02
2.875405413287434726e+02
2.874748461916552174e+02
2.876481335221399718e+02
2.877612229097134673e+02
2.876948225795763960e+02
2.878798153936743347e+02
2.878954315372130282e+02
2.879159006868158031e+02
2.880419500720000201e+02
2.881612145165572656e+02
2.879022813366149194e+02
2.879526921803891355e+02
2.879653867931447166e+02
2.881214326842426203e+02
2.881059596937790843e+02
2.882051581264031483e+02
2.883271024377323215e+02
2.881276784168927065e+02
2.882347941101200490e+02
