2.869231404899744575e+02
2.868499066406707811e+02
2.867553183300861406e+02
2.868718977454904575e+02
2.869808356872812851e+02
2.867132984916032683e+02
2.866533413619689554e+02
2.867136104767059237e+02
2.868654660175262165e+02
2.867029975726169937e+02
2.866479619969330201e+02
2.867211666153183955e+02
2.869043007829652652e+02
2.867495578606794311e+02
2.866320543028328984e+02
2.868154841913873838e+02
2.869593574909563927e+02
2.866301149027802353e+02
2.865613292430842307e+02
2.866149947375581064e+02
2.868572021367311891e+02
2.869086382491619247e+02
2.868019528544414811e+02
2.868739056127212734e+02
2.865898280622128595e+02
2.866059117407066310e+02
2.868016055210646300e+02
2.869577882948837555e+02
2.865864912400917888e+02
2.865498179969379748e+02
2.867987865048722256e+02
2.869749244861629904e+02
2.866094110031994546e+02
2.865225714222769966e+02
2.866098208746668092e+02
2.867481315860462132e+02
2.869056394869597284e+02
2.865447481994601731e+02
2.865118365829695222e+02
2.867826095540632991e+02
2.867315711205448565e+02
2.870291305999526230e+02
2.870497543680787658e+02
2.868374894404385032e+02
2.867480629646597663e+02
2.866639971571603951e+02
2.868931373025040443e+02
2.869453696046213054e+02
2.865512853007389822e+02
2.865736702054736611e+02
2.868936600407710102e+02
2.869896262201776267e+02
2.867163529418554049e+02
2.866804831139980934e+02
2.869525038221256068e+02
2.870039008229370552e+02
2.867012346478128961e+02
2.867704743450613023e+02
2.869940276487041046e+02
2.868207994291367413e+02
2.867447724446897723e+02
2.867734169762887291e+02
2.868757936047189219e+02
2.868434757144721630e+02
2.868602275711893412e+02
2.868388115380711838e+02
2.869071439472441511e+02
2.868242542937674671e+02
2.866962961021803835e+02
2.868744703824484077e+02
2.870119903727982660e+02
2.869451384466109403e+02
2.870320599999757292e+02
2.868449808719341831e+02
2.866675934707364490e+02
2.867211801624009126e+02
2.869369225063545059e+02
2.871194232033049616e+02
2.871889198377870684e+02
2.869491119073791765e+02
2.867939859020075346e+02
2.869885735602323962e+02
2.869957176437985709e+02
2.866719815430433300e+02
2.865814851056709927e+02
2.867754059097885033e+02
2.870686460840439054e+02
2.868064285051621596e+02
2.867597200330098417e+02
2.870314938689512019e+02
2.870723041587559123e+02
2.867063959062685967e+02
2.867246389421759432e+02
2.868712533710489652e+02
2.867182412630099293e+02
2.866514458135609402e+02
2.867752296816896092e+02
2.868789508072163130e+02
2.868936975803439395e+02
2.866027908912432736e+02
2.866511178523075500e+02
2.867472226634054664e+02
2.869226258798561275e+02
2.869695444757876999e+02
2.866409257164202131e+02
2.865166042189731570e+02
2.868208943491403602e+02
2.870321221771444584e+02
2.868444160141653470e+02
2.865236744447910837e+02
2.866228812633540315e+02
2.867440298804363010e+02
2.870358814229379618e+02
2.868003512864501658e+02
2.864187192670179911e+02
2.866371155805839521e+02
2.867804703748640804e+02
2.867485753437187554e+02
2.865171878499250511e+02
2.867201430740929595e+02
2.868777605425672164e+02
2.868335733173239532e+02
2.865147073951446259e+02
2.863793770351267653e+02
2.865245356883935415e+02
2.868454640279995260e+02
2.869977230564414299e+02
2.866501672996471370e+02
2.864972093217194811e+02
2.866386743691971901e+02
2.867948129189506403e+02
2.869864191840445642e+02
2.869138228161392021e+02
2.866028426800527882e+02
2.866254394045348590e+02
2.869036612098330465e+02
2.869630612464717956e+02
2.866470718496803443e+02
2.866805529482175530e+02
2.867646777391561841e+02
2.867198358620192380e+02
2.868886667892135165e+02
2.867411559537155767e+02
2.866949742826702163e+02
2.866775437413123768e+02
2.866394225570480216e+02
2.866483447375042601e+02
2.867314254691294764e+02
2.865951327375870505e+02
2.866350887706503272e+02
2.868406511994725747e+02
2.869287315800890497e+02
2.865173231550236892e+02
2.864690161042004206e+02
2.867321237899162725e+02
2.867959907846795318e+02
2.867993272489399601e+02
2.866997247693544182e+02
2.865971331705093235e+02
2.869203983711559545e+02
2.868460875017401577e+02
2.864451673597228023e+02
2.864791528586476375e+02
2.868400595765431831e+02
2.869966167763921021e+02
2.867066892463272438e+02
2.864884994361096915e+02
2.865595268871460348e+02
2.867603884814782305e+02
2.869834742936294560e+02
2.870192073126076480e+02
2.865897828631291873e+02
2.866503471887178307e+02
2.867897003818550843e+02
2.869099011610118168e+02
2.867892572167456819e+02
2.869133914268207377e+02
2.867692268116558125e+02
2.866849600071000168e+02
2.867530627903252594e+02
2.868067684434374769e+02
2.867579311760248970e+02
2.867403324451611866e+02
2.868601828508121798e+02
2.867415763176576888e+02
2.866044498571355348e+02
2.866533355999925448e+02
2.867323831656394759e+02
2.866844970182503403e+02
2.864981637039231259e+02
2.867367385444153456e+02
2.869304782919337526e+02
2.867281065710470216e+02
2.865191126239989217e+02
2.865853122301518283e+02
2.866958086714874412e+02
2.867944775728767581e+02
2.868395816126550812e+02
2.867941550778428450e+02
2.868302785825850378e+02
2.870267200650102382e+02
2.868510770022791689e+02
2.866661704341991594e+02
2.868037698551322023e+02
2.868582838183706940e+02
2.866699201231854204e+02
2.866342817616629191e+02
2.868280484462901541e+02
2.869712800824985379e+02
2.865622161782760600e+02
2.865845429174806327e+02
2.867803278901116641e+02
2.869757111478481875e+02
2.868661620591765882e+02
2.864242411616752406e+02
2.864637068752933260e+02
2.867073654180121025e+02
2.869541284453088110e+02
2.867225129419487644e+02
2.865478441926633764e+02
2.865430376430143156e+02
2.867372263533859496e+02
2.869062908918240282e+02
2.866452518300528709e+02
2.866038355710936116e+02
2.866850094836368612e+02
2.868307811438367594e+02
2.868867264635545098e+02
2.867158255088515375e+02
2.866804515452380997e+02
2.867683238628180220e+02
2.868714777566472094e+02
2.868736037009780944e+02
2.866932923654691763e+02
2.866434717771729197e+02
2.867557566309798176e+02
2.868824327484724677e+02
2.868034910368240844e+02
2.865026071439269799e+02
2.864608300117998851e+02
2.866190775430929989e+02
2.867673154014300394e+02
2.868426442165798562e+02
2.865753441674610826e+02
2.865115809373673414e+02
2.866073875343818713e+02
2.866177452821721658e+02
2.866796626223432440e+02
2.865627303471250116e+02
2.864820296465969136e+02
2.865195209004086223e+02
2.868137314876225332e+02
2.868099238197288514e+02
2.863628017947472131e+02
2.864226453555142484e+02
2.866874119823212368e+02
2.869649237503594463e+02
2.868618261944929486e+02
2.867044446405916460e+02
2.866007817097584507e+02
2.867692021111532199e+02
2.869275188874206606e+02
2.868580668651993051e+02
2.864618438119101143e+02
2.865294825417716424e+02
2.868473208436615209e+02
2.868421818279771855e+02
2.866226275746064971e+02
2.866922627278507889e+02
2.866727761642885639e+02
2.866197598419894348e+02
2.867456921765835318e+02
2.868266287097681584e+02
2.869182494434698469e+02
2.868821446137549742e+02
2.866222705210339541e+02
2.865632972047657745e+02
2.867867962069825012e+02
2.869670072683800868e+02
2.866601543818276809e+02
2.867020731474779609e+02
2.867138518514814791e+02
2.866787135319800086e+02
2.866424772194225739e+02
2.869118930905456750e+02
2.869349034684382218e+02
2.866743415092417422e+02
2.866366506116513619e+02
2.868476747100296507e+02
2.868082741489638465e+02
2.866314732065847579e+02
2.866605562987238613e+02
2.867477730931208839e+02
2.869083757043715082e+02
2.868103158302461679e+02
2.865442607736549121e+02
2.865090411082730952e+02
2.868495091927831027e+02
2.869470149190527195e+02
2.867520398253327016e+02
2.867038978371197686e+02
2.867721637669135930e+02
2.869209999729770857e+02
2.868237909963731340e+02
2.866378261644071017e+02
2.865733178439075459e+02
2.867070764038224979e+02
2.869147500335105860e+02
2.868004869064117770e+02
2.865506795230512580e+02
2.865688953019610494e+02
2.867424315662668732e+02
2.867686787285811647e+02
2.866313494689942445e+02
2.868609304037370862e+02
2.869509911674832097e+02
2.868202528433428711e+02
2.866968631271329855e+02
2.868043531638824675e+02
2.868869229746457563e+02
2.865680573413782781e+02
2.866200005013557188e+02
2.867440594896162338e+02
2.868797152104183965e+02
2.866729714037965664e+02
2.865344553326788741e+02
2.868284423232755103e+02
2.869106919295497846e+02
2.867546177184132716e+02
2.867949802642858117e+02
2.868618296054611960e+02
2.867304294628889352e+02
2.868083855280510761e+02
2.867815579803265678e+02
2.865815344984682156e+02
2.863727657879160802e+02
2.866404914442012455e+02
2.868076992128325742e+02
2.866964282875110825e+02
2.865227008314752197e+02
2.867005821740368106e+02
2.867954036589515567e+02
2.866391272284328124e+02
2.866815739331061650e+02
2.867603792932537203e+02
