2.318497443239884035e+02
2.331971933357123135e+02
2.335299422879073461e+02
2.341944540869859281e+02
2.348547912928447943e+02
2.345571124383020560e+02
2.349077737874793002e+02
2.352310181404796197e+02
2.352372420485269515e+02
2.353065341611278143e+02
2.352056304668035693e+02
2.357160660069552307e+02
2.353019557073405394e+02
2.359341586301106588e+02
2.355343958185139854e+02
2.360274441166045563e+02
2.360831238746788756e+02
2.359181889768880467e+02
2.360144181593148858e+02
2.361769074700465865e+02
2.360330896389112070e+02
2.359776059749193848e+02
2.359716552631680599e+02
2.362517168610285125e+02
2.359766920204376390e+02
2.360652193227465148e+02
2.361223509474249056e+02
2.360695837932879613e+02
2.358861970160482713e+02
2.362716164930484410e+02
2.362723851799532895e+02
2.362826363456559022e+02
2.363959574893051467e+02
2.362819144488139784e+02
2.360824402966551361e+02
2.365781720663601675e+02
2.359375791937082738e+02
2.367504216919447515e+02
2.364373115954492732e+02
2.365284666071695199e+02
2.364283868953642411e+02
2.363431025502593172e+02
2.364139773130941364e+02
2.367542082157618495e+02
2.363167185873736855e+02
2.364240836895689029e+02
2.363815482121563036e+02
2.365899238932098854e+02
2.363071936405294480e+02
2.368032073041245837e+02
2.364048123075135663e+02
2.367426847886967778e+02
2.365809512482659329e+02
2.365181261105682324e+02
2.367075753591357170e+02
2.365854307743327354e+02
2.364781266138518561e+02
2.368156016828176860e+02
2.365211637308192678e+02
2.365180379429044422e+02
2.367810092370224595e+02
2.361666395442886994e+02
2.363396220658652567e+02
2.370018218836970334e+02
2.365653706097897100e+02
2.367220474926433269e+02
2.366395373071731854e+02
2.367485452828842938e+02
2.366447371521709329e+02
2.363940744037299453e+02
2.367845168381719532e+02
2.365901239059226953e+02
2.367701426155290392e+02
2.365853939818825893e+02
2.363978702382517270e+02
2.369298937451042377e+02
2.362795911273443323e+02
2.367364761779440414e+02
2.368514256866726839e+02
2.366448508975351785e+02
2.371922113138101338e+02
2.365203605381924490e+02
2.366926439213812898e+02
2.365550213135228148e+02
2.365075749961071097e+02
2.368490996591132500e+02
2.365578453705862501e+02
2.367443455298584070e+02
2.369937439285974961e+02
2.369104790899481543e+02
2.368108621630463233e+02
2.367245954289410577e+02
2.368206741812264227e+02
2.367809931905044323e+02
2.370297722866494325e+02
2.371848719178441627e+02
2.371910395420859459e+02
2.367978372748105187e+02
2.370492777003242679e+02
2.370369733908094076e+02
2.367499826353243577e+02
2.371639586024078596e+02
2.368016289531525729e+02
2.370463911389935276e+02
2.368314325532664100e+02
2.372083908389842861e+02
2.370362223839743763e+02
2.369873227039510937e+02
2.370934188669159823e+02
2.370149545012125145e+02
2.372943273676105207e+02
2.369618660696944232e+02
2.370003248619711940e+02
2.371399766657489181e+02
2.371704083730503498e+02
2.371697233279780050e+02
2.371822856928349665e+02
2.371455121868926597e+02
2.367836007205406474e+02
2.372783135994372685e+02
2.373563681064819377e+02
2.371397113604402591e+02
2.371056222575747370e+02
2.371441295811014243e+02
2.369443049861827149e+02
2.373415479833204245e+02
2.373112341153803300e+02
2.370739258861107430e+02
2.371042579057487671e+02
2.372305408429824638e+02
2.371909416038233758e+02
2.367095648736298870e+02
2.372244514346223241e+02
2.371633939996435174e+02
2.370203120806167192e+02
2.369408894812619621e+02
2.373416959499492975e+02
2.369547441246812411e+02
2.373716086985760683e+02
2.372178346598346650e+02
2.370306111982972652e+02
2.371266289508894261e+02
2.371146211646112079e+02
2.372241261065901483e+02
2.373262842265145025e+02
2.374584355272409937e+02
2.367716744954466321e+02
2.373901638306158759e+02
2.371035306088776053e+02
2.374061611854581031e+02
