9.963078188039004601e+01
1.004318921991543903e+02
1.005026687858273817e+02
1.000112375231681909e+02
1.001228408984679135e+02
1.005933444163691064e+02
1.001863925502896109e+02
9.964658949429268375e+01
9.985620950460646839e+01
9.960671920652329447e+01
1.000002317120394224e+02
1.003920406172234294e+02
1.004268979210485213e+02
1.003952172701724521e+02
1.001338628095557937e+02
1.000631773510296370e+02
9.963470013990756513e+01
1.001918816844277131e+02
1.001071741235189165e+02
9.975939740666841260e+01
9.980932723062132084e+01
9.998944118541722048e+01
1.001006209867770309e+02
1.007868530659593489e+02
9.990559475183438565e+01
9.997665351369651887e+01
1.003772287561164234e+02
1.001652933897550923e+02
1.000599145288073402e+02
9.976562418380603958e+01
1.000704045239475164e+02
1.003715683894909603e+02
1.005096628121711575e+02
1.009392058929610698e+02
1.036990875554654536e+02
1.012664878027533035e+02
1.004740126781119756e+02
1.006094677605457406e+02
1.003102035538546488e+02
1.000990691792356415e+02
1.010515787998723596e+02
1.008710708212918803e+02
1.005011212021992151e+02
1.003810209785925167e+02
1.003676047649487373e+02
1.004335484098183571e+02
1.000698464170147730e+02
1.002699160524786777e+02
1.000611244028268061e+02
9.968591651917512309e+01
1.004764990286297603e+02
1.007826779010586478e+02
1.005157216343658888e+02
1.017717347618536934e+02
1.008116936287315610e+02
1.006963962623956945e+02
1.008008947712345389e+02
1.003979195583096242e+02
1.007957843704615897e+02
1.001167132775975546e+02
1.004629201911323548e+02
1.003048784816641756e+02
1.016991704412223072e+02
1.011480757157556098e+02
1.008057445349560766e+02
1.007137165758252735e+02
1.003182273685176966e+02
1.001142140883723783e+02
1.000949251362603150e+02
9.999060285850049468e+01
1.005605303268484363e+02
1.000396662128184744e+02
1.008672487303521592e+02
1.001818055754990127e+02
1.001500447960628009e+02
1.007408595269356084e+02
1.007131061800966307e+02
1.003504647583606157e+02
1.006574116155828733e+02
1.006797639759072496e+02
1.003684322549030412e+02
9.963923738808995267e+01
1.008696655936911952e+02
1.003652281585361692e+02
1.004107737903670454e+02
1.002376627766826260e+02
9.993240752125734616e+01
1.004022757251913163e+02
1.005625761862609124e+02
1.000645499205343043e+02
9.993635090222569772e+01
1.004591887056609920e+02
9.999705970094369434e+01
1.004166345943911409e+02
1.003519305868406519e+02
1.005045398869009290e+02
1.001634537704661767e+02
1.002648414713181211e+02
1.004818303117748286e+02
1.003500456251044710e+02
1.005833002412174864e+02
1.004004453401451542e+02
1.004406236412508662e+02
9.994325670079460622e+01
1.002443321034206321e+02
1.005140437996245737e+02
1.008377609325410305e+02
1.006661104622689464e+02
1.001098171402248198e+02
1.000310140162161474e+02
1.003814376002906670e+02
1.008784596590215727e+02
1.007737843516233482e+02
1.022998654184762728e+02
1.017711801586538769e+02
1.018981359595306770e+02
1.007994167966616459e+02
1.011015355167647272e+02
1.008510495887775136e+02
1.014148966180410412e+02
1.010450054638723287e+02
1.011082907702771507e+02
1.009246773531828438e+02
1.011947832943175172e+02
1.011299316365704470e+02
1.011853907274527842e+02
1.008894835828507439e+02
1.006399536644101005e+02
1.011103465816970015e+02
1.003360818917839197e+02
1.005328013239296894e+02
1.004632295375089939e+02
1.009156904964784047e+02
1.022039080123901869e+02
1.009387315686900166e+02
1.006192966487842995e+02
1.006238146621113145e+02
1.000465783364137593e+02
1.003579810491081616e+02
1.007699662510071761e+02
1.004213877898397556e+02
1.014797746508221508e+02
1.031228975372220589e+02
1.015871840124808614e+02
1.006804039196168787e+02
1.003015675561413644e+02
1.000114611448875479e+02
1.005083048904055971e+02
9.968528771204690031e+01
9.966876532027534097e+01
9.986612370556967733e+01
9.965687662819482284e+01
9.939051659531553184e+01
9.975438873724023381e+01
9.940044925840719259e+01
9.931117452781917621e+01
9.920880522910998423e+01
9.946663565172282517e+01
9.962142539042763190e+01
9.942398653824595556e+01
9.968992081222809531e+01
9.904195605765853827e+01
9.927860083733305885e+01
9.881073319689177481e+01
9.854210437831032721e+01
