3.404905042367182091e+02
3.404907221347023665e+02
3.404986006958350231e+02
3.404902856008368985e+02
3.404905042367182091e+02
3.404907221347023665e+02
3.404986006958350231e+02
3.404902856008368985e+02
3.404905042367182091e+02
3.404907221347023665e+02
3.404986006958350231e+02
3.404902856008368985e+02
3.404905042367182091e+02
3.404907221347023665e+02
3.404986006958350231e+02
3.404902856008368985e+02
3.404905042367182091e+02
3.404907221347023665e+02
3.404986006958350231e+02
3.404902856008368985e+02
3.404905042367182091e+02
3.404907221347023665e+02
3.404986006958350231e+02
3.404902856008368985e+02
3.404905042367182091e+02
3.404907221347023665e+02
3.404986006958350231e+02
3.404902856008368985e+02
3.404905042367182091e+02
3.404907221347023665e+02
3.404986006958350231e+02
3.404902856008368985e+02
3.404905042367182091e+02
3.404907221347023665e+02
3.404986006958350231e+02
3.404902856008368985e+02
3.404905042367182091e+02
3.404907221347023665e+02
3.404986006958350231e+02
3.404902856008368985e+02
3.404905042367182091e+02
3.404907221347023665e+02
3.404986006958350231e+02
3.404902856008368985e+02
3.404905042367182091e+02
3.404907221347023665e+02
3.404986006958350231e+02
3.404902856008368985e+02
3.404905042367182091e+02
3.404907221347023665e+02
3.405045035409360139e+02
3.404902856008368985e+02
3.404905042367182091e+02
3.404907221347023665e+02
3.404986006958350231e+02
3.404902856008368985e+02
3.404905042367182091e+02
3.404907221347023665e+02
3.404986006958350231e+02
3.404902856008368985e+02
3.404905042367182091e+02
3.404907221347023665e+02
3.404986006958350231e+02
3.404902856008368985e+02
3.404905042367182091e+02
3.404907221347023665e+02
3.404986006958350231e+02
3.404902856008368985e+02
3.404905042367182091e+02
3.404907221347023665e+02
3.404986006958350231e+02
3.404902856008368985e+02
3.404905042367182091e+02
3.404907221347023665e+02
3.404986006958350231e+02
3.404902856008368985e+02
3.404905042367182091e+02
3.404907221347023665e+02
3.404986006958350231e+02
3.404902856008368985e+02
3.404905042367182091e+02
3.404907221347023665e+02
3.404986006958350231e+02
3.404902856008368985e+02
3.404905042367182091e+02
3.404907221347023665e+02
3.404986006958350231e+02
3.404902856008368985e+02
3.404905042367182091e+02
3.404907221347023665e+02
3.404986006958350231e+02
3.404902856008368985e+02
3.404905042367182091e+02
3.404907221347023665e+02
3.404986006958350231e+02
3.404902856008368985e+02
3.404905042367182091e+02
3.404907221347023665e+02
3.404986006958350231e+02
3.404902856008368985e+02
3.404905042367182091e+02
3.404907221347023665e+02
3.404986006958350231e+02
3.404902856008368985e+02
3.404905042367182091e+02
3.404907221347023665e+02
3.404986006958350231e+02
3.404902856008368985e+02
3.404905042367182091e+02
3.404907221347023665e+02
3.404986006958350231e+02
3.404902856008368985e+02
3.404905042367182091e+02
3.404907221347023665e+02
3.404986006958350231e+02
3.404902856008368985e+02
3.404905042367182091e+02
3.404907221347023665e+02
3.404986006958350231e+02
3.404902856008368985e+02
3.404905042367182091e+02
3.404907221347023665e+02
3.404986006958350231e+02
3.404902856008368985e+02
3.404905042367182091e+02
3.404907221347023665e+02
3.404986006958350231e+02
3.404902856008368985e+02
3.404905042367182091e+02
3.404907221347023665e+02
3.404986006958350231e+02
3.404902856008368985e+02
3.404905042367182091e+02
3.404907221347023665e+02
3.404986006958350231e+02
3.404902856008368985e+02
3.404905042367182091e+02
3.404907221347023665e+02
3.404986006958350231e+02
3.404902856008368985e+02
3.404905042367182091e+02
3.404907221347023665e+02
3.404986006958350231e+02
3.404902856008368985e+02
3.404905042367182091e+02
3.404907221347023665e+02
3.404986006958350231e+02
3.404902856008368985e+02
3.404905042367182091e+02
3.404907221347023665e+02
