9.828019530920683167e+01
9.801761151342465439e+01
9.762199413331774167e+01
9.741151815746394504e+01
9.709961098532805579e+01
9.725763383475293722e+01
9.674700371013341282e+01
9.655849316320586695e+01
9.655830742943294354e+01
9.652206052868969266e+01
9.611631742150761681e+01
9.626120196682758490e+01
9.607603328392900721e+01
9.597314651086020376e+01
9.625023326274326507e+01
9.596995719265090941e+01
9.601319463447829605e+01
9.593199638852483702e+01
9.591714161917194303e+01
9.563185892437978453e+01
9.574641917116503009e+01
9.577706022155787480e+01
9.562433855483419620e+01
9.581007192676908346e+01
9.561465406488734686e+01
9.584011733814679701e+01
9.563983691744776650e+01
9.573271202932328094e+01
9.543771790805520538e+01
9.531401063368086568e+01
9.550781588780277787e+01
9.554211636838782340e+01
9.554838060592834381e+01
9.542656926927689653e+01
9.560595490977398470e+01
9.554079290140599312e+01
9.547659175141457411e+01
9.546485528465011328e+01
9.519361359069641537e+01
9.506880431577610580e+01
9.530622197864335021e+01
9.550268442277514680e+01
9.530447644269746377e+01
9.538094238893125976e+01
9.537069936658133429e+01
9.525569849452442384e+01
9.519062328099649051e+01
9.527104558770120946e+01
9.543089569303531050e+01
9.540093154088178551e+01
9.513211936852002282e+01
9.533727839358124356e+01
9.502960470879069987e+01
9.513653866258535174e+01
9.525443484795029292e+01
9.526628564949690769e+01
9.505422013575737594e+01
9.514902861203268003e+01
9.543407343160781409e+01
9.533504464433366365e+01
9.523478995880464026e+01
9.518396348770768611e+01
9.539849158238389748e+01
9.511420651152245398e+01
9.506057612731054007e+01
9.531156205648380819e+01
9.536333154918135335e+01
9.511325887584735028e+01
9.531484281610990195e+01
9.542480664449298899e+01
9.503898512364689566e+01
9.504405130144998282e+01
9.534815224520669119e+01
9.507068281897308282e+01
9.517311744698885434e+01
9.511037927764051858e+01
9.539214829816130248e+01
9.525608790445754437e+01
9.523221500052352440e+01
9.509398874338357643e+01
9.506518476287182295e+01
9.515098939337138972e+01
9.494444299924587938e+01
9.526805349072115803e+01
9.537344770108667547e+01
9.525659769916534003e+01
9.536388507035935902e+01
9.517444908863716080e+01
9.514893501908717610e+01
9.515141167758866914e+01
9.512215012606458231e+01
9.499400887601541399e+01
9.521122284631621824e+01
9.509315617921878072e+01
9.495544954560494944e+01
9.523430985829945428e+01
9.517095438055770273e+01
9.510634553561521898e+01
9.495640358671890624e+01
9.507734891408914280e+01
9.498324481579463452e+01
9.505603599485267807e+01
9.524444172240019668e+01
9.512831181129486424e+01
9.499312516723067290e+01
9.480452282530639252e+01
9.500973854434180055e+01
9.496629596864202938e+01
9.502450381672913693e+01
9.481920889258259422e+01
9.496465526185035344e+01
9.484045054073062886e+01
9.516103589757591408e+01
9.503781792433142073e+01
9.510976269982789688e+01
9.515289336180580904e+01
9.500592664447606239e+01
9.500560900775171547e+01
9.495717593654342181e+01
9.496975728916650894e+01
9.490942918052651578e+01
9.518111119914948404e+01
9.491076632694000637e+01
9.454759241796359959e+01
9.491013219621270025e+01
9.476906533421656320e+01
9.481470921997298262e+01
9.500246076949157725e+01
9.495496849807643969e+01
9.479724831269919605e+01
9.491693595622272994e+01
9.482244100061626568e+01
9.490574353532620933e+01
9.491380719644904218e+01
9.514557174011606833e+01
9.498592046916115805e+01
9.493735562060969357e+01
9.479418986204598241e+01
9.484531481766292416e+01
9.486427868479911751e+01
9.507259008234417763e+01
9.499719756635720103e+01
9.485971678706368948e+01
9.483220468135557724e+01
9.491733457131203977e+01
9.478988205616616369e+01
9.481618778075618081e+01
9.476548759060545990e+01
9.488852935786574960e+01
9.480381466623721565e+01
