2.865457942119259656e+02
2.865239887633309195e+02
2.865178656329316027e+02
2.865659126635865164e+02
2.863306938948466609e+02
2.863506898125878593e+02
2.864190522302407658e+02
2.865265225725480605e+02
2.864385950258459275e+02
2.865471752671791705e+02
2.866062660726062745e+02
2.866301609440141078e+02
2.864569153637744989e+02
2.863091174988643957e+02
2.864387533777649537e+02
2.866222884340363066e+02
2.866926120507992550e+02
2.866591894936275366e+02
2.866623838823625761e+02
2.865677915165680929e+02
2.865058818390880901e+02
2.866360454367948023e+02
2.866424536466500967e+02
2.866628687582779662e+02
2.866959045005496023e+02
2.864649882416093192e+02
2.864949995763314519e+02
2.864791273022755718e+02
2.864806949817011059e+02
2.865729637714843534e+02
2.866036244524247536e+02
2.865831179869160792e+02
2.865929977674521751e+02
2.865428301963441413e+02
2.861482043781833795e+02
2.860792057151012955e+02
2.862102232099144317e+02
2.862216304586665387e+02
2.862642615107667439e+02
2.864072278629273001e+02
2.864855284073702819e+02
2.863794616987409540e+02
2.863678294835862630e+02
2.864070881355398228e+02
2.861827536148693412e+02
2.863875283942577425e+02
2.865238094740643078e+02
2.864898763282279219e+02
2.864961876998200410e+02
2.862287313925307899e+02
2.863887115547915414e+02
2.865139234028353599e+02
2.866027033702092126e+02
2.863209180265869804e+02
2.862842901253242758e+02
2.862991710038719475e+02
2.864250980168133083e+02
2.864843095576302971e+02
2.864033313431560259e+02
2.864361616489136395e+02
2.865086531382282260e+02
2.866521386375399629e+02
2.864678218471449327e+02
2.863419208148680468e+02
2.863554995636336002e+02
2.862811897814166855e+02
2.863499390490677570e+02
2.865533787354367519e+02
2.866525001111090774e+02
2.866672620152785953e+02
2.866475373958247701e+02
2.865933524606269316e+02
2.867129476908247625e+02
2.866770643884529477e+02
2.866206375074038419e+02
2.866506201959988402e+02
2.866145115669341408e+02
2.867160344358498492e+02
2.867880328180886522e+02
2.866877088107850682e+02
2.866315968882856851e+02
2.865837520653288379e+02
2.867574931442922548e+02
2.868116858672348712e+02
2.867894424215484719e+02
2.869361310087248285e+02
2.870154592519669450e+02
2.869439746759256877e+02
2.868841647017760010e+02
2.868445971667488266e+02
2.867477948398607737e+02
2.868097109911827829e+02
2.868549572929944702e+02
2.867823069402957117e+02
2.866832962460949261e+02
2.869241744038573074e+02
2.869526161724038502e+02
2.869493841269469954e+02
2.867915606326505440e+02
2.868239846811863458e+02
2.868100780772707594e+02
2.865945717341546128e+02
2.865528819056425505e+02
2.865760418102673839e+02
2.866338362339926675e+02
2.866652949046709296e+02
2.867903353974905372e+02
2.866066736446084633e+02
2.866316679319921263e+02
2.867486595682627808e+02
2.868246779193015072e+02
2.868635603602699007e+02
2.867239649521876572e+02
2.866950238244635898e+02
2.864924413411586102e+02
2.865419152142715689e+02
2.865575199990937563e+02
2.866840045664321792e+02
2.865832233510125775e+02
2.865116318900434749e+02
2.865945023098129809e+02
2.866003484034820303e+02
2.866431913829511586e+02
2.867493612023761784e+02
2.869043920091705218e+02
2.866831535768838535e+02
2.867243729834265196e+02
2.867459141330307943e+02
2.869095316861868810e+02
2.869437788737567985e+02
2.869811850788713059e+02
2.870414984114131016e+02
2.871037794498940343e+02
2.869790993315615992e+02
2.870003015935226358e+02
2.869621025681210540e+02
2.869552812179534271e+02
2.870425455221057405e+02
2.872148868125135550e+02
2.870845065409344556e+02
2.872842017588544081e+02
2.871403416299386890e+02
2.869813069891063719e+02
2.869093959382052503e+02
2.869258051840759549e+02
2.872645390835754711e+02
2.873620406676655534e+02
2.874874221146915829e+02
2.874729957525287318e+02
2.874775756678125163e+02
2.875795944640479433e+02
2.877573555700701604e+02
2.878969419300922254e+02
2.879147425830733482e+02
2.879677217589021438e+02
2.880214352629222958e+02
2.879119769337989396e+02
2.879338674374211564e+02
2.879779427673620944e+02
2.878346034663460955e+02
2.876596670680789316e+02
2.878644930331328737e+02
2.881042298048866428e+02
2.881223672494016341e+02
2.881616858639094403e+02
