2.883341311163296723e+02
2.889399983727147969e+02
2.893900100492909928e+02
2.896987554287733815e+02
2.900104501468092053e+02
2.900453643329062174e+02
2.901553223394780048e+02
2.903052572044069848e+02
2.903811992487642897e+02
2.904237854130728351e+02
2.906136170623670409e+02
2.905645325584119405e+02
2.906022053367772173e+02
2.906355160281410122e+02
2.907134619482422409e+02
2.907701447488778967e+02
2.906874652241307899e+02
2.905858959465974181e+02
2.905465616807978790e+02
2.908146523219033952e+02
2.908065895695743279e+02
2.908327581652400227e+02
2.908015835508682585e+02
2.908466463319302306e+02
2.908682254396630356e+02
2.909670690300567912e+02
2.908829886871329791e+02
2.909512735860350858e+02
2.908793713957481373e+02
2.910129413042639612e+02
2.911068587786884905e+02
2.910936332305888641e+02
2.910301144381192557e+02
2.911298177222395793e+02
2.910747229124036153e+02
2.910518187987608485e+02
2.911754938884315607e+02
2.913055790619468439e+02
2.912761221374840375e+02
2.911862132445554039e+02
2.912302649997650974e+02
2.912085136164020582e+02
2.912070908420281512e+02
2.911589767089697602e+02
2.911651454886628585e+02
2.912418170943324753e+02
2.912613012097194201e+02
2.913083818938700347e+02
2.912634608664348548e+02
2.911515408529531328e+02
2.912752556828556862e+02
2.914525628057336348e+02
2.913688288780081166e+02
2.912913615209283762e+02
2.913265321028038670e+02
2.913117031592957460e+02
2.914593671709380374e+02
2.912738632529180336e+02
2.911787237917281459e+02
2.912917553570472364e+02
2.913740434914593038e+02
2.915526349731216555e+02
2.915511486284109992e+02
2.914334268507065531e+02
2.914274477803825789e+02
2.914231164246670573e+02
2.914092113637746593e+02
2.915109834785591261e+02
2.914776367055010837e+02
2.914902532888438600e+02
2.916071854136883985e+02
2.916926162040597887e+02
2.916473103356627234e+02
2.915129893284158129e+02
2.915467664729654302e+02
2.914147789167462292e+02
2.914309134524124261e+02
2.914971581886193803e+02
2.916158107185471522e+02
2.916260504889517620e+02
2.916569272863682727e+02
2.916527941713348469e+02
2.917064304262866585e+02
2.916342985742221003e+02
2.915445112808575914e+02
2.915135907895814285e+02
2.916190469686082452e+02
2.916544496941956481e+02
2.916529357467101704e+02
2.916559397790682056e+02
2.917528629353652150e+02
2.918151589576091851e+02
2.917182090960302503e+02
2.917248889264919285e+02
2.917671588698078722e+02
2.917755600499393722e+02
2.918420444888573115e+02
2.918648173144750899e+02
2.917696928523051270e+02
2.917625385594622003e+02
2.917613779663680020e+02
2.916577622808898695e+02
2.916823636655008727e+02
2.917750295016945188e+02
2.917746374265885834e+02
2.916795702140683488e+02
2.916768549689180077e+02
2.918754081285852067e+02
2.918347904589027166e+02
2.917506627832615322e+02
2.917264055501505027e+02
2.917545442797043620e+02
2.917526897931547865e+02
2.917462192408701753e+02
2.919202878220301045e+02
2.919021135708331940e+02
2.917835003523738351e+02
2.918765325880734167e+02
2.919031540438650723e+02
2.919532832234630746e+02
2.918901911231881172e+02
2.918469149652790406e+02
2.917385390466508852e+02
2.918424951723707181e+02
2.919700411060202327e+02
2.920083162832098083e+02
2.920019368136630078e+02
2.920154966822043434e+02
2.919627213865166482e+02
2.918509726072845183e+02
2.918222095784997236e+02
2.918808420230456591e+02
2.918520552762284979e+02
2.919339433397960875e+02
2.920124602184432092e+02
2.918630831597940301e+02
2.918326540193760366e+02
2.918548983253933216e+02
2.919065581701035512e+02
2.919541772051632051e+02
2.919513240168631114e+02
2.918752390144567812e+02
2.921301492357371217e+02
2.920796040782191767e+02
2.919938983738327920e+02
2.919491491462808881e+02
2.920678515452474926e+02
2.920277980166884504e+02
2.919931471492618584e+02
2.920413164581515275e+02
2.921575521322889131e+02
2.920018134525088840e+02
2.918522783007170460e+02
2.919834462798639834e+02
2.919702951513850735e+02
2.919390403336308850e+02
2.919223225054809632e+02
2.918779566084489829e+02
2.919712759645119036e+02
2.920452684130362400e+02
2.921241313527914940e+02
2.921656893890511242e+02
2.920847787171053369e+02
2.920220438547875688e+02
2.921188817077170370e+02
