2.335992988101795902e+02
2.352730610976497303e+02
2.362219231789097478e+02
2.366338858056113565e+02
2.369018267074779658e+02
2.367828549896968013e+02
2.370748951555796964e+02
2.373754097107618293e+02
2.375266250914517911e+02
2.374885118710621157e+02
2.374320036218951770e+02
2.379462583119527608e+02
2.377660586228338673e+02
2.381872010688532555e+02
2.382196999437769591e+02
2.384957721213144168e+02
2.379508792388256779e+02
2.380509655745476323e+02
2.384535026468166450e+02
2.383757597524302980e+02
2.382854005640723756e+02
2.388089367999528179e+02
2.388982220298103414e+02
2.386444385579773098e+02
2.390979638228238855e+02
2.388170738447021506e+02
2.390008176086514595e+02
2.392014181608256251e+02
2.388449216862254900e+02
2.393973409660319192e+02
2.393948657100526987e+02
2.392315499963031868e+02
2.390270792771436845e+02
2.394320607709219928e+02
2.392870134257651387e+02
2.396820162103407199e+02
2.395512063933169600e+02
2.393222434866040658e+02
2.396513510054258802e+02
2.398180054222008266e+02
2.395923536485315992e+02
2.397103594081236224e+02
2.393658359496890000e+02
2.400972736437630317e+02
2.393963365798653911e+02
2.394539783222839731e+02
2.399534521538752188e+02
2.396756453738671837e+02
2.396828565125714761e+02
2.398939543464359474e+02
2.398409022569438775e+02
2.398005814657533108e+02
2.399181918956953439e+02
2.403219092543135673e+02
2.399970724703183578e+02
2.400640841495279858e+02
2.400553954093610685e+02
2.399252204522751697e+02
2.399565520134323151e+02
2.399425526930142496e+02
2.399217312795797454e+02
2.399255080306914181e+02
2.402940305442069473e+02
2.401710286838014952e+02
2.401346026616499785e+02
2.395833486692436054e+02
2.401081499925201967e+02
2.397897247469182105e+02
2.401303123699024411e+02
2.399213527446638352e+02
2.401377125761437128e+02
2.402682096141012096e+02
2.403372803089225727e+02
2.403947778251226453e+02
2.400218779876819610e+02
2.399629793410098273e+02
2.404177392740934920e+02
2.403259838373512878e+02
2.402768401471471122e+02
2.406183071234383988e+02
2.400027780747567476e+02
2.401624385878776593e+02
2.404467333308555510e+02
2.403595939168393443e+02
2.401932709390983689e+02
2.402698521290600695e+02
2.405506633469154565e+02
2.402105221733424969e+02
2.402137168344646909e+02
2.402511930764564170e+02
2.400214062422365657e+02
2.402168201939383323e+02
2.402216436969460744e+02
2.402684830333103889e+02
2.403327175408400080e+02
2.400764485741052852e+02
2.405411436528732736e+02
2.402579286024378291e+02
2.405220481690959389e+02
2.401894705655641928e+02
2.403830975291481309e+02
2.404444007888156420e+02
2.405749148632845333e+02
2.404974815090646700e+02
2.405178821027658671e+02
2.404559878476233905e+02
2.405439557680693667e+02
2.402847752440999614e+02
2.408274676349062418e+02
2.405001577179604340e+02
2.406209315079392184e+02
2.408549452463921909e+02
2.403612749613209871e+02
2.403682238474080748e+02
2.403543239950257941e+02
2.404360567851208259e+02
2.404975067268255486e+02
2.404868144339295952e+02
2.409805187941806253e+02
2.407448854199277832e+02
2.402206989520159084e+02
2.405530507604975412e+02
2.404997562797298940e+02
2.405678102053874454e+02
2.404270767692241009e+02
2.402186419320342736e+02
2.403439471179982263e+02
2.404395769198271466e+02
2.404795144667366174e+02
2.404969492026425542e+02
2.406128889531966308e+02
2.404394345264890092e+02
2.406333064890490903e+02
2.404828799260972119e+02
2.406693996195787122e+02
2.406156555981803251e+02
2.404767178581601854e+02
2.406349317521562625e+02
2.405932376925732115e+02
2.406733722289050945e+02
2.406535146899276469e+02
2.406814027498226380e+02
2.406635840093925935e+02
2.406608501459893432e+02
2.403651856924090282e+02
2.405527427823132030e+02
2.406857262221672045e+02
2.405852952235563578e+02
2.409804522315193083e+02
2.406013160369742820e+02
