3.408853799485651734e+02
3.408811448873127574e+02
3.408862291838815395e+02
3.408839002812233616e+02
3.408827390636111545e+02
3.408849156941235492e+02
3.408859771004975414e+02
3.408809080525961690e+02
3.408827557090382925e+02
3.408793011060799358e+02
3.408853293343281052e+02
3.408855469855467959e+02
3.408829624071108810e+02
3.408847090178011854e+02
3.408860440252660169e+02
3.408814774394315350e+02
3.408860520204520981e+02
3.408815228069581735e+02
3.408865710936349842e+02
3.408838156418401582e+02
3.408797222102678575e+02
3.408824946018828541e+02
3.408853768113719411e+02
3.408817073596744081e+02
3.408860025188226359e+02
3.408801104464520222e+02
3.408864735982568845e+02
3.408852800530041236e+02
3.408834238898710964e+02
3.408858799355127189e+02
3.408867276471095806e+02
3.408805757640274123e+02
3.408828878753858476e+02
3.408788245579055456e+02
3.408853652524963991e+02
3.408855882514865812e+02
3.408826045235527431e+02
3.408841035724868220e+02
3.408866757977983752e+02
3.408819464509760451e+02
3.408856490998410322e+02
3.408819238468053641e+02
3.408852592261004588e+02
3.408844774455678817e+02
3.408802318528951218e+02
3.408828861519211273e+02
3.408875623139613822e+02
3.408821318971375263e+02
3.408859034068159417e+02
3.408805925780831103e+02
3.408809457064381263e+02
3.408865846940555571e+02
3.408835042804997215e+02
3.408855198076140027e+02
3.408879809422347194e+02
3.408805964936353234e+02
3.408842728613660142e+02
3.408800929872638221e+02
3.408859649551052939e+02
3.408868889136147686e+02
3.408835099370468811e+02
3.408846737489397469e+02
3.408881329487527410e+02
3.408833613653703196e+02
3.408867834311726597e+02
3.408828595990829058e+02
3.408851576158305647e+02
3.408841138142949490e+02
3.408808913164909313e+02
3.408828840631950357e+02
3.408884201935246097e+02
3.408838037805095951e+02
3.408857171826369949e+02
3.408827909949258697e+02
3.408855099905796919e+02
3.408871779822410417e+02
3.408844394971850988e+02
3.408845564422610437e+02
3.408881637253963959e+02
3.408807776320991820e+02
3.408837338629614919e+02
3.408815876905449613e+02
3.408858685825780981e+02
3.408868933228874880e+02
3.408832176696795955e+02
3.408835886465154772e+02
3.408887074457026642e+02
3.408833129503175883e+02
3.408870230353631428e+02
3.408829175462001899e+02
3.408858245006517222e+02
3.408844682005652089e+02
3.408818347702659821e+02
3.408834380114658984e+02
3.408885966169596600e+02
3.408838530944863692e+02
3.408851449117769903e+02
3.408823026123533850e+02
3.408863177047109616e+02
3.408865013988550459e+02
3.408847304066392212e+02
3.408842700299101693e+02
3.408872704910860421e+02
3.408816413383846111e+02
3.408829270740870356e+02
3.408826111258479159e+02
3.408869288292490864e+02
3.408871173697914969e+02
3.408843602825388075e+02
3.408839677426952335e+02
3.408890143880449273e+02
3.408840085318905153e+02
3.408859813637975549e+02
3.408824853651181570e+02
3.408849248907747551e+02
3.408838011330263384e+02
3.408819837774545363e+02
3.408838579418587074e+02
3.408894400244270741e+02
3.408837844350248361e+02
3.408855719913717053e+02
3.408819607559440215e+02
3.408873682895657566e+02
3.408869840207939887e+02
3.408849434443334303e+02
3.408849551222509149e+02
3.408871560351499852e+02
3.408819145669434079e+02
3.408836244736392018e+02
3.408817946041252185e+02
3.408872474299314490e+02
3.408857024505835511e+02
3.408834403098540520e+02
3.408846347299005402e+02
3.408887813195903504e+02
3.408853798087814653e+02
3.408860416653217271e+02
3.408825352333598744e+02
3.408853765847035220e+02
3.408838315581839993e+02
3.408824524875806219e+02
3.408846650435110064e+02
3.408897322019683429e+02
3.408843065722327879e+02
3.408856915109293482e+02
3.408822538929350117e+02
3.408869871245132686e+02
3.408866019648153269e+02
3.408837695679008561e+02
3.408840816669325591e+02
