1.004137734029224589e+02
1.004718687844109013e+02
1.001667575655430511e+02
9.978807563593801433e+01
9.990376590571435145e+01
1.000367712572165857e+02
9.973994672283458840e+01
9.962980603717845440e+01
9.929724518236504593e+01
9.949290027054036045e+01
9.930179563555812194e+01
9.891703911173520680e+01
9.920336314249804843e+01
9.882759784018891480e+01
9.895189004142780220e+01
9.913017919266428635e+01
9.886341512077272853e+01
9.898152339443014114e+01
9.922456681336571194e+01
9.891130229544199892e+01
9.872178930538625252e+01
9.909365525008661280e+01
9.844802952253540695e+01
9.894261147049303418e+01
9.879301282054389333e+01
9.840421992686877672e+01
9.847159247909387148e+01
9.869427449529702301e+01
9.876866089689501393e+01
9.860991537121130079e+01
9.867519759287209524e+01
9.865193062215149666e+01
9.838494408765230048e+01
9.847728581184729535e+01
9.841640071501774401e+01
9.852288045618853118e+01
9.855442442475468567e+01
9.826852711866565926e+01
9.822773925137728668e+01
9.810337169512148137e+01
9.821584851752153611e+01
9.843241260713757868e+01
9.861731275338576097e+01
9.840490820014611018e+01
9.856379484661549384e+01
9.876829727083740806e+01
9.860755422811625692e+01
9.803637770336763424e+01
9.821290739783766810e+01
9.837232086898228545e+01
9.804481047981386155e+01
9.802388693127186059e+01
9.817841877406367246e+01
9.820561405424594170e+01
9.817998612477407505e+01
9.810821133189831755e+01
9.832653785205054930e+01
9.823121343049228926e+01
9.861795780544163392e+01
9.835635827819258736e+01
9.847076825924233390e+01
9.813680531590368616e+01
9.824813179205564495e+01
9.812237286948936799e+01
9.801414963984352369e+01
9.865388726512315998e+01
9.838601462488647087e+01
9.798263203999489690e+01
9.828960450991986875e+01
9.822667233174884416e+01
9.823205349203794867e+01
9.800037087355212861e+01
9.807305858437207746e+01
9.820616055510278386e+01
9.803526441213300302e+01
9.823713161300047148e+01
9.816669075952513879e+01
9.823411697412922194e+01
9.818455458058514296e+01
9.797559110013293093e+01
9.827025042709554725e+01
9.831440822348929487e+01
9.813961794238730363e+01
9.826239898579717646e+01
9.835329159769368346e+01
9.819822709515635495e+01
9.804785980605514339e+01
9.842857783230181212e+01
9.856929239696006562e+01
9.839313907237219325e+01
9.856475037244210569e+01
9.808443448717599722e+01
9.841001276426568722e+01
9.828179683694672519e+01
9.797270750004247475e+01
9.848343390370048667e+01
9.793019945949298233e+01
9.828160345716331392e+01
9.833140207173541114e+01
9.815417019042290292e+01
9.809933461634098251e+01
9.827812632099026757e+01
9.809513557758866398e+01
9.765968169856553516e+01
9.790755169538941516e+01
9.834500711987190869e+01
9.793289437128862573e+01
9.813197580499530659e+01
9.789344019095352678e+01
9.823837700836425313e+01
9.833749073308882771e+01
9.805010981034286033e+01
9.800768292385366465e+01
9.784517636679804298e+01
9.830804826234988525e+01
9.808540834628479388e+01
9.833073743308989378e+01
9.810473274905768903e+01
9.785420679637707053e+01
9.811043125749745286e+01
9.795327515186023959e+01
9.807440984434133213e+01
9.834001948893855172e+01
9.806144087465838766e+01
9.828113807863398677e+01
9.812406397847998107e+01
9.850830041837849649e+01
9.819957333881633588e+01
9.768548428214923263e+01
9.814520387880038754e+01
9.826762040088040351e+01
9.782373980849244788e+01
9.827141511354932391e+01
9.798045131370328420e+01
9.787606643555653818e+01
9.801414901264462287e+01
9.865420470782800066e+01
9.825064063987296947e+01
9.814664570918182562e+01
9.830564891661076388e+01
9.795588183952379779e+01
9.835750255303661049e+01
9.790103369602293526e+01
9.803585637181970469e+01
9.814328850984622932e+01
9.841522208906955882e+01
9.788401212372491500e+01
9.830388472381025622e+01
9.803070757113057709e+01
9.794326212053164227e+01
