1.029542883660405863e+02
1.029824604569689086e+02
1.032276123953211027e+02
1.027105411592432205e+02
1.030639206988823418e+02
1.034503257117340951e+02
1.033037318428751092e+02
1.030763833138312435e+02
1.024963781440544466e+02
1.025523396258675461e+02
1.026237234505619540e+02
1.033616031730434059e+02
1.031705041565805345e+02
1.027383904113115705e+02
1.028625452875389925e+02
1.031893333936699264e+02
1.025714195743941985e+02
1.023228804038200792e+02
1.035940503150473404e+02
1.030551710325930088e+02
1.026104142357064148e+02
1.027279118103281661e+02
1.028018540024878149e+02
1.032063200118754906e+02
1.029475022119189163e+02
1.025116180527195269e+02
1.029158520869959119e+02
1.026393333498921407e+02
1.028583791888466550e+02
1.026537494269833388e+02
1.028959182966665935e+02
1.033294267828168103e+02
1.025256483567379036e+02
1.037786576496531410e+02
1.047580553527644724e+02
1.038853874242777806e+02
1.032099345878369974e+02
1.033549366902061166e+02
1.031794878073065291e+02
1.025515749383403801e+02
1.034280461350072500e+02
1.033684701303914864e+02
1.032618060836654053e+02
1.030771144722612149e+02
1.032840967518749125e+02
1.027859844466098451e+02
1.030115267511655475e+02
1.028304256176621720e+02
1.025644387581165233e+02
1.026184380561313247e+02
1.027213972023712500e+02
1.029779354053654998e+02
1.027497073316103950e+02
1.041289799191851557e+02
1.029237521150298562e+02
1.027487627464068964e+02
1.027981852394521667e+02
1.028759944783299574e+02
1.036596963223888110e+02
1.031503293542940440e+02
1.027162931405411683e+02
1.029421507961952784e+02
1.033855492770074420e+02
1.034338544532344173e+02
1.025297340474318872e+02
1.029575430243210548e+02
1.024161534382985934e+02
1.024865122115277813e+02
1.034202129743885763e+02
1.027313200933738813e+02
1.023523610864296529e+02
1.028566362014749558e+02
1.028328399464446790e+02
1.023842973173527184e+02
1.028315956066349486e+02
1.027451697439627196e+02
1.029065672814502364e+02
1.025805326868789393e+02
1.024115131676582138e+02
1.036016115248831255e+02
1.024145506704657578e+02
1.023430417884612353e+02
1.028177176912309534e+02
1.023599141294520933e+02
1.026585577681044015e+02
1.027864359438174375e+02
1.025089445323800419e+02
1.029724362762217282e+02
1.029318664016657436e+02
1.026788995763636052e+02
1.026196872336576718e+02
1.020965460854530278e+02
1.028174810514271798e+02
1.028897163478373358e+02
1.026678007023078436e+02
1.025983654424428551e+02
1.024437277361465704e+02
1.026229203662344247e+02
1.024749991825157878e+02
1.029681405389852102e+02
1.024084824913632019e+02
1.022906629683628665e+02
1.027063471486337249e+02
1.034180632640976825e+02
1.026232024694052001e+02
1.027357881254351497e+02
1.031836312307642203e+02
1.026276732028024412e+02
1.032532665972536989e+02
1.026219314478467481e+02
1.033290500770115301e+02
1.027838816101334487e+02
1.024599660708775417e+02
1.037403473821833018e+02
1.030108761344962289e+02
1.035912201365965046e+02
1.024014784241934279e+02
1.032264012011224850e+02
1.029290104461393156e+02
1.031302948293525077e+02
1.033121083725778107e+02
1.027083708815973040e+02
1.029914546392980697e+02
1.029933119371421952e+02
1.033031153271817146e+02
1.033206318360983715e+02
1.033216196601218684e+02
1.026297502407190478e+02
1.031393463234468442e+02
1.034957879492452122e+02
1.026849926796213168e+02
1.027121269248676896e+02
1.036699115681880841e+02
1.040653978228468191e+02
1.036108014339671399e+02
1.030235940963674892e+02
1.031199245355698082e+02
1.030647777855651981e+02
1.026576554058789128e+02
1.035198766758013136e+02
1.032646088628191734e+02
1.036831947721682496e+02
1.057030875812596236e+02
1.040126733065152393e+02
1.032827903181016467e+02
1.027341304378884814e+02
1.025522478747708419e+02
1.026170278069952815e+02
1.029588142268547557e+02
1.030381073560055256e+02
1.021628080229644837e+02
1.029678927444115288e+02
1.029060230807040597e+02
1.027288743228523344e+02
1.036574809056880753e+02
1.026309321521102476e+02
1.027732478860319958e+02
1.027618913249956023e+02
1.020756349568030288e+02
1.029534423115432702e+02
1.022340533815134904e+02
1.023993504003429820e+02
1.028878629174992199e+02
1.019838332028775767e+02
1.026099796738116510e+02
