2.859260389990485010e+02
2.858700323693318524e+02
2.859433526723163368e+02
2.858561490013809703e+02
2.859515106760301819e+02
2.860099054887128887e+02
2.858836482419592926e+02
2.856927284487671272e+02
2.856773452683034975e+02
2.860021201775173836e+02
2.862244457248764320e+02
2.859581642501527199e+02
2.859886565190632837e+02
2.860438860433588957e+02
2.862595326458595650e+02
2.860375267928411631e+02
2.858887719624559622e+02
2.861231745948455796e+02
2.859787355178166877e+02
2.857587085832002458e+02
2.858701100173890950e+02
2.859956683081819051e+02
2.860771966921604985e+02
2.859412755393067869e+02
2.858133542474657247e+02
2.860288751625032546e+02
2.861273395006897431e+02
2.858753772653988676e+02
2.859011629516460857e+02
2.859021421398409188e+02
2.861443098657831001e+02
2.860019652559726069e+02
2.860023605195071355e+02
2.859738545263841161e+02
2.857185999437176633e+02
2.859456223758656392e+02
2.859030490415180452e+02
2.857235914485586932e+02
2.858285137715113819e+02
2.858222609153331177e+02
2.858991140646006670e+02
2.858637668188507064e+02
2.857498382099882406e+02
2.859379812187525545e+02
2.858298905260567722e+02
2.859457085664018337e+02
2.861155194156818879e+02
2.861942659273824461e+02
2.860917922396346285e+02
2.860038446784266739e+02
2.861245674238157335e+02
2.859569399809833499e+02
2.861133223794043374e+02
2.858587845741728302e+02
2.859680506409601435e+02
2.861063107976926290e+02
2.861525795122086038e+02
2.861653682737606346e+02
2.861166597274564651e+02
2.859556960665904626e+02
2.859229666357252313e+02
2.859516994471942439e+02
2.859643034061347748e+02
2.858941170882913525e+02
2.863572140231059961e+02
2.863471554322090356e+02
2.862136556690680891e+02
2.862576293962906107e+02
2.862564983272922063e+02
2.861166108371932637e+02
2.862250884201233703e+02
2.862968799083954536e+02
2.860689708259567965e+02
2.861909251045319138e+02
2.863794447882685290e+02
2.863093094228279369e+02
2.862615099131565444e+02
2.860954020416546655e+02
2.863590675493247204e+02
2.862485644097368436e+02
2.861950201634617201e+02
2.863945054211906154e+02
2.863483236133902778e+02
2.862082135779729128e+02
2.862394363754904703e+02
2.863641857935382973e+02
2.863287957074875862e+02
2.862669556910381061e+02
2.863576192662220024e+02
2.864017336864097274e+02
2.863612505747080945e+02
2.865048295071465532e+02
2.865195415538316865e+02
2.862968384242043953e+02
2.863497081663966242e+02
2.865205316033075746e+02
2.866347503328803441e+02
2.863959231134106176e+02
2.864826621010261647e+02
2.864158166655020636e+02
2.864254554525962249e+02
2.865541339736253690e+02
2.866740901372975827e+02
2.864371957183862492e+02
2.863317098949104889e+02
2.865195021027948883e+02
2.863094905566418902e+02
2.863869271199886839e+02
2.863708501468525469e+02
2.862710326826692153e+02
2.864297857081792813e+02
2.863031468203625991e+02
2.863897841321022497e+02
2.863304336897172107e+02
2.864527166240056317e+02
2.865282968694909869e+02
2.864621981357000209e+02
2.865758145436411155e+02
2.865722929145738362e+02
2.865889681108531590e+02
2.863226601810291072e+02
2.862809291751568139e+02
2.865209552654142158e+02
2.865675988161837608e+02
2.863510976602727851e+02
2.863530840084488318e+02
2.861852320883155016e+02
2.863410093216106702e+02
2.864714874643336771e+02
2.865385553247359667e+02
2.865908452203255479e+02
2.865979405200640144e+02
2.864149433722105300e+02
2.862777003306260326e+02
2.863010585229851017e+02
2.864503073832938753e+02
2.864970536053237993e+02
2.864175292208450969e+02
2.865731950932950554e+02
2.867828385614558897e+02
2.867741757854443563e+02
2.867177519627543347e+02
2.862912802307910738e+02
2.863486772217846124e+02
2.864899806507688140e+02
2.865680128361767629e+02
2.867274165287872165e+02
2.867125841782519728e+02
2.866863618950882255e+02
2.867462815281260191e+02
2.869188368216387630e+02
2.871116001082695561e+02
2.870608524244848354e+02
2.870870192272495842e+02
2.870055410346047324e+02
2.868330305976757586e+02
2.868344897749038296e+02
2.867347879312910663e+02
2.868798870307527977e+02
2.870634198924063298e+02
2.868309338630004390e+02
2.871633133007618994e+02
2.871378455615546841e+02
2.871817155884755834e+02
2.872567421744709009e+02
