2.256231467355888753e+02
2.271449325041495513e+02
2.281103085530013743e+02
2.290443761049280340e+02
2.293874936175687651e+02
2.296404386562699074e+02
2.293634007194654032e+02
2.292750645979708963e+02
2.299483730002287700e+02
2.306043020754669897e+02
2.301909869650985740e+02
2.302345484267800941e+02
2.299968083037487077e+02
2.307967019869571459e+02
2.308544463038232379e+02
2.305453940815924909e+02
2.304581067668044341e+02
2.304404397581845103e+02
2.308876067312554596e+02
2.314569024429565616e+02
2.307937008172196727e+02
2.305416501738779971e+02
2.306758151046863361e+02
2.314024681648052422e+02
2.312559019570530552e+02
2.308642106831207172e+02
2.308245187092009303e+02
2.309422007897002231e+02
2.311073604034165783e+02
2.316400317965832585e+02
2.307414862520443819e+02
2.309324788102009904e+02
2.311165797445936505e+02
2.319073807942321821e+02
2.314783407635103458e+02
2.309835352211613611e+02
2.311151925138285605e+02
2.314607412300472333e+02
2.316296871886983126e+02
2.316003446941639083e+02
2.312203788670445590e+02
2.310778382416789611e+02
2.318274823708263739e+02
2.314034734790880918e+02
2.311118897361044162e+02
2.316066260749324499e+02
2.315618784496579110e+02
2.312068346039103233e+02
2.311252419899994663e+02
2.319988951699639586e+02
2.314235927965584381e+02
2.315985452356047460e+02
2.317538623453920934e+02
2.321872332322458021e+02
2.313034702441957791e+02
2.309207970144229876e+02
2.311858052104427372e+02
2.313899710342859350e+02
2.317105049012681093e+02
2.317325265240265537e+02
2.320734800221862315e+02
2.318082500718174117e+02
2.319438845586644220e+02
2.312555225635725549e+02
2.313024996769625830e+02
2.316623584924028592e+02
2.323459496144040486e+02
2.317866594329289285e+02
2.312747870860291926e+02
2.317128905707242268e+02
2.321839466183990908e+02
2.313386948447938778e+02
2.313207784668320812e+02
2.315928769284628288e+02
2.320684826103134526e+02
2.313417522161982163e+02
2.313152708077550699e+02
2.314817647679050197e+02
2.323579395113589214e+02
2.323191647214970033e+02
2.310559500840186331e+02
2.310404703474827102e+02
2.317127713458176856e+02
2.321307878079868772e+02
2.315380080649449894e+02
2.313219453195907818e+02
2.312488637801432958e+02
2.322176517843098225e+02
2.318860111292423483e+02
2.314389059585155621e+02
2.319711349494206445e+02
2.324113711244651768e+02
2.319391779585866118e+02
2.315660538310105494e+02
2.319849619719837790e+02
2.320127776509328044e+02
2.317036734271124203e+02
2.317618252397448089e+02
2.317913369119939944e+02
2.314943897860036088e+02
2.323295648230013342e+02
2.318251324311171118e+02
2.315049983086166492e+02
2.318468140174349230e+02
2.325846640969994894e+02
2.317457696422823972e+02
2.318179258141983325e+02
2.320698691803461031e+02
2.325250260916843956e+02
2.316911460422478513e+02
2.316071213228509862e+02
2.316795968349749444e+02
2.324916921718367178e+02
2.327579310243626480e+02
2.319185499100074423e+02
2.315502581116249132e+02
2.318467515658932143e+02
2.324587280200832140e+02
2.319648641005970546e+02
2.315747543099931534e+02
2.320484859490236715e+02
2.325910339566491132e+02
2.320931741481639676e+02
2.317322077373041509e+02
2.317495510046916252e+02
2.320294918038660796e+02
2.319888006820774535e+02
2.322068200293637972e+02
2.318152147418426239e+02
2.315935626945884849e+02
2.318632967261974329e+02
2.326225265696280928e+02
2.320884009816647051e+02
2.320929151787704825e+02
2.318120203733724054e+02
2.320462131445221132e+02
2.325052356437991818e+02
2.317938145303818374e+02
2.314296305179684623e+02
2.321185462369278412e+02
2.324633203140858768e+02
2.317522425379653725e+02
2.317262257509622714e+02
2.317493010894038719e+02
2.325679862080434930e+02
2.317739875573121537e+02
2.319502937720427269e+02
2.325698499475302867e+02
2.328345949383609934e+02
2.316615187917074081e+02
2.316900709120869806e+02
2.322614776341065124e+02
2.323764029610309478e+02
2.320244245880575420e+02
2.319660162302683375e+02
2.330376984540756382e+02
2.319415717557310188e+02
2.319587755833117626e+02
2.322510193271292280e+02
2.327423153007452186e+02
2.323342324349945329e+02
2.318728612680436925e+02
2.323418324608612977e+02
2.328324142447880547e+02
2.319793916357439514e+02
2.318459687350294018e+02
2.325769043123350457e+02
2.326155242960323619e+02
2.317960709446878411e+02
2.317288232534631334e+02
2.323085097649073134e+02
2.329137063544867203e+02
2.320629473771417395e+02
2.319098320306709127e+02
2.326767199492028624e+02
2.321533321210474412e+02
2.320052727367852015e+02
2.323360357161012644e+02
2.324802631123035610e+02
2.324467363984890653e+02
2.321929061361161075e+02
2.323848586967351650e+02
2.321162559715534428e+02
2.319534567590243341e+02
2.320542158710418050e+02
2.324967305371958446e+02
2.321086608474406319e+02
2.319658818435066507e+02
2.327097433123763324e+02
2.325426509190369018e+02
2.317520544443924848e+02
2.317483027088062499e+02
2.326872969332708010e+02
2.328223133598325774e+02
2.322547087979131391e+02
2.322831130503354586e+02
2.328950986273312935e+02
2.326169365987966842e+02
2.324354192046523622e+02
2.321652620794959887e+02
2.324601079295965746e+02
2.330704513011925201e+02
2.322789702281975224e+02
2.316908767316566582e+02
2.321674093385690867e+02
2.327887385460604719e+02
2.319765855418645799e+02
2.324653665174361095e+02
2.328919921351202049e+02
2.321104570836394032e+02
2.317560897004880474e+02
2.320771716606371626e+02
2.331223553009685645e+02
2.323237772953434330e+02
2.320394302255238870e+02
2.325470373533903512e+02
2.330808951666840585e+02
2.321472917077801128e+02
2.321303481824970731e+02
2.328642126441964137e+02
2.326569789710599423e+02
2.321161128875551469e+02
2.321492958399992403e+02
2.325139721469475660e+02
2.331026563377659215e+02
2.322507078271620173e+02
2.314904500202926556e+02
2.329451001590395833e+02
2.326281895194648541e+02
2.323637887147605454e+02
2.327878659712697527e+02
2.325231835138189638e+02
2.333411451544436659e+02
2.329022396767633438e+02
2.324696032817320486e+02
2.321689092295259513e+02
2.329642286500986756e+02
2.324143086708483281e+02
2.322189959124755205e+02
2.320685639548820518e+02
2.329338626019037122e+02
2.328508954473797701e+02
2.321080685868572289e+02
2.324055693319715203e+02
2.328467073012519677e+02
2.327967736152497764e+02
2.324696739941637986e+02
2.323723467061199415e+02
2.327765676162075295e+02
2.328990627633669703e+02
