3.402287694942963867e+02
3.402512842702028593e+02
3.402512814019706866e+02
3.402512804625731064e+02
3.402287568396110942e+02
3.402512874342197051e+02
3.402512836868666568e+02
3.402512872963155246e+02
3.402287677569514130e+02
3.402512759124848003e+02
3.402512794195384345e+02
3.402512775043906004e+02
3.402287652303837717e+02
3.402512811431599289e+02
3.402512882826693499e+02
3.402512810193595669e+02
3.402287678145717109e+02
3.402512837358070215e+02
3.402512772968815398e+02
3.402512768016431437e+02
3.402287693208012911e+02
3.402512836886701848e+02
3.402512829514843702e+02
3.402512765221995892e+02
3.402287663766766741e+02
3.402512788852488370e+02
3.402512894803895165e+02
3.402512811829906809e+02
3.402287780718132808e+02
3.402512783764572077e+02
3.402512771374825320e+02
3.402512805734918970e+02
3.402287621174810965e+02
3.402512765905809715e+02
3.402512834463150284e+02
3.402512800327507989e+02
3.402287745606509475e+02
3.402512727474597796e+02
3.402512835198329526e+02
3.402512781544124323e+02
3.402287656481129829e+02
3.402512771288818954e+02
3.402512866825493916e+02
3.402512834256274346e+02
3.402287633017904795e+02
3.402512803184894778e+02
3.402512819246827007e+02
3.402512826331007432e+02
3.402287696413773688e+02
3.402512707719941432e+02
3.402512838891862543e+02
3.402512823488631284e+02
3.402287697777195490e+02
3.402512796057175706e+02
3.402512865307551806e+02
3.402512803669014829e+02
3.402287685580582206e+02
3.402512803939653736e+02
3.402512800411854528e+02
3.402512840194470414e+02
3.402287760512069781e+02
3.402512715317981815e+02
3.402512749075355600e+02
3.402512827671390028e+02
3.402287658638740027e+02
3.402512865221493144e+02
3.402512809427670959e+02
3.402512844546577071e+02
3.402287676700466932e+02
3.402512887250949802e+02
3.402512723739143894e+02
3.402512757488203192e+02
3.402287704235012029e+02
3.402512825682022140e+02
3.402512869457092961e+02
3.402512764889760888e+02
3.402287646065623221e+02
3.402512805032782239e+02
3.402512792760483649e+02
3.402512809434463747e+02
3.402287736106277407e+02
3.402512806653770099e+02
3.402512849932837753e+02
3.402512798381468997e+02
3.402287588921135466e+02
3.402512787161177812e+02
3.402512792352939073e+02
3.402512773807067106e+02
3.402287663721723447e+02
3.402512808433369855e+02
3.402512865203818251e+02
3.402512825549913487e+02
3.402287631459967656e+02
3.402512853841988090e+02
3.402512818246903521e+02
3.402512753943490225e+02
3.402287699850447211e+02
3.402512796656044998e+02
3.402512815615737622e+02
3.402512770011858834e+02
3.402512826004094109e+02
3.402512798599296389e+02
3.402512829485527277e+02
3.402512811695762025e+02
3.402287699046312923e+02
3.402512799816974507e+02
3.402512784103560648e+02
3.402512811998161055e+02
3.402287611274153392e+02
3.402512802290718241e+02
3.402512810146162678e+02
3.402512749391033253e+02
3.402287692338972533e+02
3.402512877750045845e+02
3.402512786426198090e+02
3.402512767037200661e+02
3.402287610390954455e+02
3.402512768039915159e+02
3.402512808868057732e+02
3.402512780888569637e+02
3.402287701181407442e+02
3.402512759196229695e+02
3.402512747905091715e+02
3.402512791829044545e+02
3.402287662456174075e+02
3.402512823754629494e+02
3.402512721209113238e+02
3.402512859399777767e+02
3.402287690664393836e+02
3.402512796279227132e+02
3.402512801505154130e+02
3.402512806121620201e+02
3.402287647220572921e+02
3.402512862802205404e+02
3.402512800338548686e+02
3.402512881656016361e+02
3.402287678755176898e+02
3.402512868633477296e+02
3.402512788197234386e+02
3.402512745806129715e+02
3.402287719130890764e+02
3.402512894601895255e+02
3.402512846325573719e+02
3.402512792334394476e+02
3.402287665180998033e+02
3.402512870790172315e+02
3.402512819757761235e+02
3.402512739187516217e+02
3.402287684697580517e+02
3.402512834153631047e+02
3.402512896357665682e+02
3.402512789108010907e+02
3.402287706534214635e+02
3.402512845530075651e+02
3.402512793528352972e+02
3.402512776805238559e+02
3.402287602767732437e+02
3.402512815517847571e+02
3.402512762502878445e+02
3.402512737769893647e+02
3.402287639315100023e+02
3.402512804845823098e+02
3.402512852945008035e+02
3.402512788916836257e+02
3.402287692287496270e+02
3.402512820445732018e+02
3.402512750152311582e+02
3.402512807067126346e+02
3.402287724011094951e+02
3.402512790824823696e+02
3.402512810748546599e+02
3.402512828718258220e+02
3.402287616604465939e+02
3.402512795199797893e+02
3.402512764332880693e+02
3.402512825640565666e+02
3.402287657548417315e+02
3.402512801654962118e+02
3.402512861795987078e+02
3.402512804748118356e+02
3.402287723711024796e+02
3.402512780755696440e+02
3.402512813290150007e+02
3.402512730431838577e+02
3.402287635433261812e+02
3.402512746448758207e+02
3.402512771603421697e+02
3.402512759022344540e+02
3.402287648018269692e+02
3.402512782974885681e+02
3.402512879525712037e+02
3.402512792230591003e+02
3.402287682599356344e+02
3.402512752093581980e+02
3.402512816073728459e+02
3.402512843689016790e+02
3.402287671032842695e+02
3.402512823241117417e+02
3.402512851807252900e+02
3.402512754240862591e+02
3.402512807274421789e+02
3.402512799611390051e+02
3.402512825723492256e+02
3.402512843700140479e+02
3.402287723336901877e+02
3.402512756924208475e+02
3.402512756631444404e+02
3.402512786908772000e+02
3.402287663944148903e+02
3.402512848124469542e+02
3.402512763220508418e+02
3.402512832277867005e+02
3.402287670758524314e+02
3.402512784161256718e+02
3.402512763294413958e+02
3.402512780522707203e+02
3.402287634206984421e+02
3.402512797450741004e+02
3.402512759025951823e+02
3.402512819079581163e+02
3.402287709774544169e+02
3.402512772287347502e+02
3.402512780498295228e+02
3.402512833582675853e+02
3.402287672555206655e+02
3.402512864259218190e+02
3.402512863175786038e+02
3.402512793176541095e+02
3.402287633624612795e+02
3.402512830349026558e+02
3.402512787170717843e+02
3.402512785333004786e+02
3.402287629706808616e+02
3.402512765029918569e+02
3.402512774864566154e+02
3.402512701441969512e+02
3.402287669339413583e+02
3.402512770041008707e+02
3.402512785323485218e+02
3.402512785818381076e+02
3.402287627858405585e+02
3.402512804464734018e+02
3.402512813119756174e+02
3.402512781039137622e+02
3.402287665979449685e+02
3.402512791394946703e+02
3.402512856180451877e+02
3.402512815318332287e+02
3.402287738596750728e+02
3.402512817184691016e+02
