1.073896822063060057e+02
1.066484881354682983e+02
1.065383328467566884e+02
1.059427088638073542e+02
1.064548713933211275e+02
1.064432544174941881e+02
1.061458844251252600e+02
1.059191388239711387e+02
1.059184819471295214e+02
1.066638458062761856e+02
1.057547606417887636e+02
1.057694666504581278e+02
1.056434999318764625e+02
1.061595660826403673e+02
1.058720460738279030e+02
1.058169098666021881e+02
1.057603488411393187e+02
1.057167011756881010e+02
1.058756071946457240e+02
1.063333351572851910e+02
1.057577218792250733e+02
1.056807499807445794e+02
1.059109026564540130e+02
1.058034233276976721e+02
1.060764572244837751e+02
1.054947917001139217e+02
1.056862981262822387e+02
1.055842665712957995e+02
1.052338968183712353e+02
1.064122588476333249e+02
1.057946172830985461e+02
1.052807973618335069e+02
1.052838347975630313e+02
1.058394174081401076e+02
1.058365571645923495e+02
1.055126815437191823e+02
1.056171029604246741e+02
1.055662107923220248e+02
1.055669673332794360e+02
1.054910823010668537e+02
1.053263668599195171e+02
1.051405449166414456e+02
1.058061593728099439e+02
1.054328032741515955e+02
1.054898462777942854e+02
1.056705589881636911e+02
1.057365064377777202e+02
1.054873399767572408e+02
1.053398736342639808e+02
1.054945915849125981e+02
1.055641554974747436e+02
1.053218243286021760e+02
1.054747175173410483e+02
1.059964815956626722e+02
1.058557162876789590e+02
1.057410031789514306e+02
1.052131987753903104e+02
1.054763268492369122e+02
1.053895792036314134e+02
1.053052742119349432e+02
1.052057437354232547e+02
1.056439448460172770e+02
1.058254090274722898e+02
1.052267411692541685e+02
1.053077371223493515e+02
1.049676423709723849e+02
1.055135879259169656e+02
1.055004329828399818e+02
1.053224295806291479e+02
1.054283366096576771e+02
1.057427606837390641e+02
1.052396396970575978e+02
1.056604701022775998e+02
1.055414884372495976e+02
1.062760179456715974e+02
1.055562791158019991e+02
1.050583233574712239e+02
1.056055756267414694e+02
1.050939234992450224e+02
1.058900627336597182e+02
1.058086030944921134e+02
1.053560502169964224e+02
1.054552364373441122e+02
1.059594178153661659e+02
1.054683821590649728e+02
1.051575507132764216e+02
1.051430692848371109e+02
1.057053510814701127e+02
1.053578454101409392e+02
1.055082463577702896e+02
1.051205466863313944e+02
1.052995762797240076e+02
1.054286436195273353e+02
1.052290113705124242e+02
1.053070571107265891e+02
1.055869087723477691e+02
1.052478298225181135e+02
1.055267003638499546e+02
1.053649754708499842e+02
1.053920513362457427e+02
1.055579756079794720e+02
1.055857883616366308e+02
1.051003091461754053e+02
1.052346326569896746e+02
1.056459348142716834e+02
1.053228623510862008e+02
1.047393708501793554e+02
1.051422940066919267e+02
1.053003678756064829e+02
1.056487680248009298e+02
1.055407119714031552e+02
1.051832270877370803e+02
1.051113908845764513e+02
1.054004283278033398e+02
1.049840739735515882e+02
1.056156625099303170e+02
1.050022642561537651e+02
1.054950447855390649e+02
1.053717045483011958e+02
1.052874511559256234e+02
1.050904513531385618e+02
1.056349525621484275e+02
1.051554059162246517e+02
1.054515914800711442e+02
1.051124076510703986e+02
1.055893452245744157e+02
1.052996445061321680e+02
1.056989279769196628e+02
1.054503422937150958e+02
1.055197346450979126e+02
1.051221054280899239e+02
1.053377352138160887e+02
1.050516050150318534e+02
1.050279425836529867e+02
1.052387935556855041e+02
1.052268821948536726e+02
1.054064597814605690e+02
1.053101911681174698e+02
1.055957660870091246e+02
1.050783112937995725e+02
1.055185371714106140e+02
1.054028541384358277e+02
1.049498549409908605e+02
1.051803411815769778e+02
1.055452892419209974e+02
1.053454649867950934e+02
1.051027398908449442e+02
1.048612207228837860e+02
1.052786781934223796e+02
1.052541681263973459e+02
1.051721582407309512e+02
1.051485487573011568e+02
1.054893897384934718e+02
1.051255502778555524e+02
1.049958215478457646e+02
1.050818530476984165e+02
1.050746727395988529e+02
1.050046906248882692e+02
1.050268849922558019e+02
1.053580564711560328e+02
1.052244048159827798e+02
1.047029973007897894e+02
1.050883956377830515e+02
1.053764844813610608e+02
1.051816495583175737e+02
1.049130524066291201e+02
1.051720522910271853e+02
1.055433702732076569e+02
1.052398976904089096e+02
1.051676982924767572e+02
1.051156044944427066e+02
1.055853402952179891e+02
1.050374287316031285e+02
1.049130567988607510e+02
1.053484756396622970e+02
1.053161427942203971e+02
1.048735056286731719e+02
1.051743452511254731e+02
1.051244554314469042e+02
1.052756692736099353e+02
1.055800894872646012e+02
1.053439119575428009e+02
1.053240105301187413e+02
1.052424869518673631e+02
1.049067621956277065e+02
1.056629143972743350e+02
1.051771250297193205e+02
1.051144403318352261e+02
1.052949226662505993e+02
1.057702284404708024e+02
1.053263177248318101e+02
1.051373941994605161e+02
1.052090825879823370e+02
1.050724132462911911e+02
1.052400137084174929e+02
1.049525108577623058e+02
1.050727876110687049e+02
1.049645679665889730e+02
1.050633182799304990e+02
1.047387117439063360e+02
1.045153525650765260e+02
1.055516228246684847e+02
1.052838290088790814e+02
1.048910962667435314e+02
1.048892910979796369e+02
1.056868333338918404e+02
1.053162454995473354e+02
1.049487173201246577e+02
1.051198004331791509e+02
1.053038745574889248e+02
1.050310970271375339e+02
1.049294031667773766e+02
1.052232354337852627e+02
1.050883186162995031e+02
1.046878531944897190e+02
1.047064469271407461e+02
1.054867532362668499e+02
1.049922853824702571e+02
1.051506952265303170e+02
1.050026153091731089e+02
1.053753616057973233e+02
1.052907885019475316e+02
1.048383021303087617e+02
1.049927124030313053e+02
1.054588277985981080e+02
1.053928001678330446e+02
1.050886295328743500e+02
1.051611535763311593e+02
1.049631121799581450e+02
1.045865718303503655e+02
1.047525830635382249e+02
1.049470067017035291e+02
1.048057734673633377e+02
1.052168736058227410e+02
1.047190372918893928e+02
1.050561230620258328e+02
1.054732410479229543e+02
1.049391916465465755e+02
1.051343431156634125e+02
1.047916399954807645e+02
1.052300572433398997e+02
1.047222552191464757e+02
1.051281338335669489e+02
1.047728814110451623e+02
1.050130662945991276e+02
1.050335523647540867e+02
1.053265376715944086e+02
1.049401741950031095e+02
1.048278822126250844e+02
1.055692903263218341e+02
