2.883684473502718220e+02
2.883116328964952686e+02
2.882896159856164218e+02
2.881873193541326827e+02
2.882449289579561196e+02
2.884253815701367216e+02
2.884425511778525220e+02
2.884984998914733865e+02
2.885140316573627501e+02
2.884728990230184422e+02
2.884628164583398302e+02
2.884848975416157941e+02
2.882941117520691137e+02
2.883824580460453149e+02
2.883849696886496190e+02
2.884832436128492077e+02
2.883345768589217641e+02
2.883792143233289380e+02
2.886331879785163324e+02
2.886403592309862347e+02
2.883837980792572466e+02
2.883734519172359683e+02
2.884487705706445126e+02
2.885754471481506584e+02
2.886033577373185040e+02
2.884775930805730013e+02
2.883415170761073796e+02
2.883133268371831832e+02
2.885187111752713349e+02
2.884763963476103186e+02
2.884676850361406082e+02
2.884282048367206244e+02
2.884085359247731617e+02
2.887686371582803986e+02
2.886444975932899979e+02
2.881631672232577444e+02
2.881807037267323039e+02
2.882787415119697130e+02
2.883595518718383914e+02
2.884517177867236910e+02
2.884710597763613009e+02
2.883437405061740719e+02
2.884425343334780223e+02
2.884405928843644347e+02
2.884808474816468902e+02
2.883354264906496383e+02
2.884403928340952916e+02
2.887378438177068460e+02
2.887974519360743102e+02
2.884918289743852142e+02
2.882908751792741100e+02
2.883676474865536079e+02
2.884900558817121805e+02
2.882926659390576560e+02
2.881836097461022632e+02
2.883228324931735642e+02
2.884924640832141449e+02
2.884063923232599223e+02
2.883406945450920489e+02
2.884314933449116438e+02
2.885266487120770194e+02
2.885526082088463795e+02
2.883264468302194814e+02
2.883095635979638587e+02
2.883315640132285580e+02
2.883985439213026325e+02
2.885708839676335060e+02
2.887040140458787505e+02
2.883852727409359318e+02
2.883095457093381242e+02
2.884074396686145860e+02
2.885463919325784445e+02
2.884402657161843422e+02
2.884344482070893605e+02
2.885308295546973909e+02
2.886544420829740147e+02
2.887840561062030815e+02
2.885748363956470826e+02
2.884580176871965023e+02
2.883900051174726968e+02
2.884431174643605686e+02
2.886314339289639861e+02
2.888271713068852478e+02
2.887576900952947199e+02
2.885325461843754624e+02
2.886543727396799000e+02
2.885790243189881039e+02
2.885682942289381572e+02
2.887271159460034937e+02
2.889057690338653401e+02
2.885113912997299508e+02
2.883605615795638073e+02
2.883703754756850230e+02
2.885840553965011281e+02
2.888231209038463589e+02
2.887385810346190738e+02
2.884991065410633269e+02
2.885502005619195529e+02
2.886828812235416422e+02
2.886580586382809201e+02
2.885497183753014383e+02
2.885710821388825593e+02
2.885973011707019964e+02
2.884673979713187464e+02
2.885427076098748103e+02
2.884891205015861146e+02
2.883652933567180980e+02
2.885254772260232130e+02
2.887669765300359472e+02
2.886551324246222521e+02
2.883208808428709062e+02
2.883359928019759195e+02
2.886057753675567028e+02
2.887054369365927187e+02
2.886981340447194384e+02
2.882509267190272340e+02
2.882808140174048503e+02
2.884934873917625850e+02
2.887317151588017055e+02
2.886547809709371677e+02
2.885758679910500177e+02
2.884565939711839064e+02
2.885184369851303927e+02
2.885118964229409357e+02
2.883976488987074163e+02
2.884150185583937969e+02
2.885421818461537100e+02
2.885387844184083406e+02
2.887671718749616048e+02
2.888602383968841991e+02
2.886922700335407512e+02
2.884684305056535436e+02
2.885983809185219684e+02
2.887016288907584567e+02
2.887656663986068111e+02
2.885554458834265006e+02
2.884937633650732209e+02
2.887924153491988477e+02
2.890038596207249952e+02
2.885000498320469546e+02
2.885602630841524956e+02
2.884979552370846250e+02
2.884470709385666964e+02
2.887968287878417186e+02
2.885107902722599533e+02
2.884580492135158920e+02
2.884942069290950144e+02
2.888340112775027251e+02
2.888377837711448137e+02
2.888842800404997888e+02
2.889745886668149524e+02
2.891154907450807627e+02
2.890057509243553113e+02
2.890530987995062446e+02
2.892069071705610668e+02
2.893664761853017922e+02
2.889515589953363701e+02
2.888336237340252524e+02
2.889380472012371115e+02
2.892238963354537304e+02
2.891688245342688219e+02
2.890898196146889063e+02
2.891667687241128419e+02
2.893823108760042828e+02
2.893725965472722805e+02
