1.002783193849428471e+02
9.984363622507179059e+01
1.003662060693934990e+02
9.972103116196069550e+01
1.000160582373182336e+02
1.000505339729920848e+02
9.954281160553564689e+01
1.001109728000460990e+02
9.999565146798310877e+01
9.973645464065798194e+01
1.001602397361015733e+02
1.006748000453164167e+02
1.007053719592050669e+02
1.005663905693050992e+02
1.001951243023670912e+02
9.979244147545199439e+01
9.941708754901230805e+01
9.999586867018501835e+01
9.961127723952493795e+01
9.957656318843096699e+01
1.000089138747359812e+02
9.985912732570467654e+01
9.984787652559496962e+01
1.002838152641602534e+02
9.969753764635485993e+01
1.001444268916019809e+02
9.977429002217492382e+01
9.967617024178200325e+01
1.003087954351433950e+02
1.001840963956389459e+02
9.984081342623180433e+01
1.000361302140686348e+02
9.987611697381480269e+01
1.009810788571492850e+02
1.028239827364692331e+02
1.007328675108012703e+02
1.003377699211686007e+02
9.965155625878026058e+01
1.001923878483773507e+02
9.952333393004080619e+01
9.974914219893837242e+01
1.002549078681779946e+02
1.004192505387062653e+02
1.000235394573426220e+02
9.989375526114353931e+01
1.000652886885632569e+02
1.000229514682400946e+02
9.988179652734213221e+01
9.950370443512390750e+01
9.965096513833533720e+01
9.991663542824905164e+01
9.999211817461205953e+01
1.006565059979806875e+02
1.016690104262873291e+02
1.004304633381950680e+02
1.006113301556251258e+02
9.959694282444071689e+01
9.995047770166648604e+01
1.003554936141702427e+02
1.001291456182325277e+02
9.984841572775434315e+01
9.972578629149280971e+01
1.009784199771776372e+02
1.006875497234230039e+02
1.001128420491319844e+02
1.000625748686474736e+02
9.988076429806174872e+01
9.982950422310447891e+01
9.997052880812931619e+01
1.000413254132598837e+02
1.001324070741706151e+02
9.968737585496897680e+01
9.992801368809308826e+01
1.000831546995080430e+02
1.001851492025446646e+02
9.991768397689467918e+01
9.992571636975880267e+01
1.001699494013065674e+02
9.969451827544588696e+01
1.001552650181665030e+02
1.000966854228962575e+02
1.002610587515425067e+02
9.978207609602493733e+01
1.002663329068257241e+02
1.001133864908484128e+02
9.991936708296243808e+01
1.001071592247833024e+02
9.967946241105035199e+01
1.000680787036496895e+02
9.992868154066258057e+01
9.995666343895611305e+01
9.996388274144101160e+01
9.994967429537041426e+01
1.001612400413033015e+02
9.993887087095100696e+01
9.988178062758993292e+01
9.962917320920821851e+01
1.001075981836876281e+02
9.997329398112538001e+01
9.963276399793507210e+01
1.002959915051617372e+02
1.001403709209796062e+02
9.975506318203458989e+01
1.003651420717267939e+02
9.989375803989979374e+01
1.004044492390966781e+02
1.000000001990951972e+02
1.002766704142871816e+02
9.979043793299366882e+01
1.000631533132530535e+02
1.002244178654860889e+02
9.962963836823111308e+01
1.002822120971829207e+02
1.020625917678684687e+02
1.013553923599344699e+02
1.013226030738745749e+02
1.006258704936639674e+02
1.013015813846158011e+02
1.009522208535676242e+02
1.006144176298717667e+02
1.006856613748988707e+02
1.008338811618477138e+02
1.009330878217259198e+02
1.006639212114866808e+02
1.008902263335515812e+02
1.006118768399298915e+02
1.008018979384577420e+02
1.003108619269482915e+02
1.002608790324568417e+02
1.007057014627091007e+02
1.005967348293040260e+02
1.007040436332377453e+02
1.008410512554153655e+02
1.012435380527094253e+02
1.005008195686058343e+02
1.003940146006915484e+02
1.001665597160960033e+02
1.004975391058014935e+02
9.992742858466998257e+01
9.994929618559750395e+01
9.958231875208964823e+01
1.012429529980149709e+02
1.031450508025337598e+02
1.012221506898719667e+02
1.000361718510885680e+02
9.997299681537479898e+01
1.002426731621857101e+02
9.956083575938464492e+01
9.942532619583339226e+01
9.954807833083485491e+01
9.974512506234646025e+01
9.932105515036960242e+01
9.919517849741401960e+01
9.946853609509632577e+01
9.898576980753357191e+01
9.898104075028557247e+01
9.914662681069984274e+01
9.890918021138520544e+01
9.898620132876497735e+01
9.910831341849613807e+01
9.887181139396410856e+01
9.895171971376630893e+01
9.914641619367496617e+01
9.879964635187600663e+01
9.841030319965908291e+01
