9.783618434692623111e+01
9.783881778029127929e+01
9.772420607443363849e+01
9.775937955015443492e+01
9.789497573116862839e+01
9.803658880589028968e+01
9.802880643616047962e+01
9.836495604697363149e+01
9.797012571615293552e+01
9.816669510462195092e+01
9.793648885977808050e+01
9.769926472772351644e+01
9.799526508687218040e+01
9.784427301309318636e+01
9.777873888504547040e+01
9.760488218992348664e+01
9.785642894106592848e+01
9.792176366817902533e+01
9.801873175360275070e+01
9.797635369455947796e+01
9.804441665549215656e+01
9.783160269482733895e+01
9.788324012304082089e+01
9.800112513052086172e+01
9.785920770575529559e+01
9.818046124202031422e+01
9.796878333797235427e+01
9.779310931522428518e+01
9.800384271750057508e+01
9.792747379041516353e+01
9.785394041987017033e+01
9.787793029345057505e+01
9.822460132348281547e+01
9.785354400124295182e+01
9.782309003579069895e+01
9.800362476276465884e+01
9.763153700106670385e+01
9.772258973233789447e+01
9.792989779702044473e+01
9.801295721927705529e+01
9.799472345394366357e+01
9.772681680939886917e+01
9.798084506529131943e+01
9.796921679096692515e+01
9.765634322446221915e+01
9.815963807061545765e+01
9.804308930591416527e+01
9.766721133887716633e+01
9.778057110734646074e+01
9.769281774888314374e+01
9.778375921920549274e+01
9.770798936558003334e+01
9.774129616664369280e+01
9.798398833147037124e+01
9.822165978980153511e+01
9.799217957398286671e+01
9.768484777307814682e+01
9.749047457492071089e+01
9.806052358937738234e+01
9.786151076298187945e+01
9.759252240314962989e+01
9.740926773685156093e+01
9.759221718979647164e+01
9.785905734320651561e+01
9.749196020224231063e+01
9.748593319160453063e+01
9.764041325856209141e+01
9.761535514325231588e+01
9.797290389091641316e+01
9.763693405414659310e+01
9.757607210067946824e+01
9.752358772892745264e+01
9.727484252603879611e+01
9.740546417497539267e+01
9.744364221797040670e+01
9.738281638999744416e+01
9.756357708147645269e+01
9.753081150000940625e+01
9.743892239014390100e+01
9.739739468800412681e+01
9.747655600547106758e+01
9.787956733611287063e+01
9.781805858512414886e+01
9.795462161580979910e+01
9.775744198534992790e+01
9.750042798103801545e+01
9.793441618266825799e+01
9.767386860379490088e+01
9.787731752404698682e+01
9.796450752392375705e+01
9.770213446601212581e+01
9.798939526322550364e+01
9.792495683304751708e+01
9.809937980183660500e+01
9.815285014099931971e+01
9.802765881015254479e+01
9.784296258826459791e+01
9.839172262504905575e+01
9.771813590831493457e+01
9.787406810186968187e+01
9.777554006208264070e+01
9.783921328699472042e+01
9.818406167842533705e+01
9.777118881410096662e+01
9.783207315012124639e+01
9.765953696154470265e+01
9.752667864625492200e+01
9.768333049962548387e+01
9.731612944038204205e+01
9.794238333969137500e+01
9.768484656625891205e+01
9.780054695136944076e+01
9.796240010883498428e+01
9.745883361070150386e+01
9.761142933180205716e+01
9.756845567072190306e+01
9.749191000034966237e+01
9.771804893478177689e+01
9.777218215469777363e+01
9.756570298002900188e+01
9.781832820376149584e+01
9.791800275539587517e+01
9.794032185863044049e+01
9.778855745796936105e+01
9.777262413499619242e+01
9.810860030157637368e+01
9.792836533432789281e+01
9.778510613595318546e+01
9.775116489995137670e+01
9.796197654893222762e+01
9.802387994812990257e+01
9.773085716727347005e+01
9.783330593369335304e+01
9.791115868604828165e+01
9.792331335386596436e+01
9.792396552715648284e+01
9.834830252032439546e+01
9.802395596831179603e+01
9.812410489353783305e+01
9.782044357169944249e+01
9.831780125132023329e+01
9.806833269287197652e+01
9.796461310679087831e+01
9.788257098278363344e+01
9.816357725530535561e+01
9.822086456709337199e+01
9.769503283747201294e+01
9.752727042953665659e+01
9.803810316316368301e+01
9.797951476488320566e+01
9.798462363765263206e+01
9.798230705962612319e+01
9.821330875622362555e+01
9.810005129092446907e+01
9.763710127188583954e+01
9.789816293635459488e+01
9.818237769580922247e+01
9.826944423731453071e+01
9.833037262987028271e+01
9.806123412069673861e+01
9.776098797576993604e+01
9.773025663964510557e+01
9.783803528561047358e+01
9.806338031200643002e+01
9.799281605203407253e+01
9.768942522164212505e+01
9.783925141458007602e+01
9.767293379278582677e+01
9.765345933124854128e+01
9.756490528750424573e+01
9.768864114008114541e+01
9.725284295074341401e+01
9.751532139814518985e+01
9.730988232794777559e+01
9.777517283320406705e+01
9.756175073737000503e+01
9.736297756228286460e+01
9.756672493191638296e+01
9.777031998717920658e+01
9.756907777059770126e+01
9.771319981573797975e+01
9.774593613860309915e+01
9.798716654310258889e+01
9.766769548545791224e+01
9.783214762463832415e+01
9.743334437414300453e+01
9.784179695463558346e+01
9.744348988189609884e+01
9.780200496670506993e+01
9.766642482316456153e+01
9.761079355658721113e+01
9.771861839202848898e+01
9.752780543799546820e+01
9.779562360706891866e+01
9.758251237931769140e+01
9.769994054233899305e+01
9.792416047623125053e+01
9.773186664874371843e+01
9.780921883440441889e+01
9.750194039207808316e+01
9.764038559335163825e+01
9.735683259539770518e+01
9.790359972411594924e+01
9.754934246699686184e+01
9.778196316215469608e+01
9.749680956578521318e+01
9.772484625122525870e+01
9.801718696110900453e+01
9.775740696519306994e+01
9.794795149050345628e+01
9.789071836042522534e+01
9.782831940371460178e+01
9.803629545561737757e+01
9.736033300521553713e+01
9.793334954644488732e+01
9.787132279771782351e+01
9.795609261473492779e+01
9.787163692287469985e+01
9.758702487561129146e+01
9.762515553067241569e+01
9.746716393930695688e+01
9.769992680434495469e+01
9.751710569044799115e+01
9.744499593010608862e+01
9.770914439492888448e+01
9.749524918761943582e+01
9.792981303420970107e+01
9.757426221243245834e+01
9.762073935244147549e+01
9.786414184384086923e+01
9.755280466651065296e+01
9.775075098351635461e+01
9.765416616257660110e+01
9.753483282335879778e+01
9.767143800073570503e+01
9.773858667063484518e+01
9.757383409921060036e+01
9.757490784821099794e+01
9.779330164878740561e+01
9.757374851504539492e+01
9.755631832596115771e+01
9.783829520858743933e+01
9.741485264269108768e+01
9.770684647016520330e+01
9.773895484567778169e+01
9.804147823362940528e+01
9.775419127566573252e+01
9.723912595410492088e+01
9.749628022852111542e+01
9.770346367504875218e+01
9.786995325711832550e+01
9.793606277322298581e+01
9.778292799240023214e+01
9.785433817347279728e+01
9.788593988033422022e+01
9.784940472744104056e+01
9.774346142973193707e+01
9.774246847632089441e+01
9.765231726200408957e+01
9.762968879088174390e+01
9.755869806608910721e+01
9.726307737668616937e+01
9.742183242281201672e+01
9.765065748892868669e+01
9.779426529023551495e+01
9.752949713262427167e+01
9.780176832675556398e+01
9.768047832379666318e+01
9.753417375895465113e+01
9.771611493757735900e+01
9.759399971979713939e+01
9.753288578251427055e+01
9.725800435745860284e+01
9.759782832187069346e+01
9.742152234936445154e+01
9.806501569221730108e+01
9.786889523352756726e+01
9.773955177815808781e+01
9.793797963172123389e+01
9.779727461578342229e+01
9.746571859831703932e+01
9.739916775268214622e+01
9.745475128624970296e+01
9.780495709759297540e+01
9.734091650715106425e+01
9.756285224893751717e+01
9.751556380072219099e+01
9.778121044939642559e+01
9.764639411146463033e+01
9.767096407222133791e+01
9.755956151345672822e+01
9.750960615120060027e+01
9.744206720305247416e+01
9.766131760612518065e+01
9.790633142808270861e+01
9.776042268458310502e+01
9.747028523484273421e+01
9.783814556103187954e+01
9.761462839603807140e+01
9.799053400699132510e+01
9.789558719071959558e+01
9.813910642557090114e+01
9.773144780877582605e+01
9.796970940524295202e+01
9.789783306206378199e+01
9.755546840333225589e+01
9.762012881224768535e+01
9.769575513242432407e+01
9.760630628652491225e+01
9.771364922735232028e+01
9.782006644755165325e+01
9.760250600196918924e+01
9.792413790184390621e+01
9.783073089390438781e+01
9.785651236669274056e+01
9.793819796629844632e+01
9.776500149746959778e+01
9.771639228790377274e+01
9.786065588279768690e+01
9.727586734810972757e+01
9.782613763838787690e+01
9.749900157988277272e+01
9.762675457397533307e+01
9.781884894563513910e+01
9.803964429437196770e+01
9.776836077893688071e+01
9.796853602731835053e+01
9.773288772110085176e+01
9.765260414552234636e+01
9.758904724017192223e+01
9.784452131461564761e+01
9.741909896572444438e+01
9.761858298238182385e+01
9.755467989632963111e+01
9.746204329926045773e+01
9.727687941336387212e+01
9.743672662770661930e+01
9.788010416859340523e+01
9.761674709341342293e+01
9.775061306575894093e+01
9.778756163407336999e+01
9.772278251740969779e+01
9.758204578749206348e+01
9.782146127203451158e+01
9.764972203651889515e+01
9.724622530815948096e+01
9.741652046506943918e+01
9.790815149984267407e+01
9.775277140238831919e+01
9.706303148430065164e+01
9.759702509069838072e+01
9.723335954716542062e+01
9.768939462049115718e+01
9.753959973777944015e+01
9.763001181118175964e+01
9.771393444401735451e+01
9.736058286453582866e+01
9.714684293326520503e+01
9.745715987470703112e+01
9.760026541630855945e+01
9.741077118103117982e+01
9.770291438723853616e+01
9.794141776415352751e+01
9.790160716642589023e+01
9.774812295199150469e+01
9.757601731576482962e+01
9.760500132992513045e+01
9.762058400237607714e+01
9.765811137787598284e+01
9.787939010759019709e+01
9.718469980749034676e+01
9.751484460982992175e+01
9.762763091965403817e+01
9.780126257092932462e+01
9.747284452455983228e+01
9.757335670541233696e+01
9.772887211327504531e+01
9.765818761926983882e+01
9.766020985826573053e+01
9.747749046864629463e+01
9.776939715928277508e+01
9.798405633475324805e+01
9.772689561346352605e+01
9.786403311345564759e+01
9.788722290365114986e+01
9.761796736180839673e+01
9.745639818406169752e+01
9.752961353702482938e+01
9.750103285752719273e+01
9.791459592065480422e+01
9.764045545017297911e+01
9.756314359968678218e+01
9.756403703296757612e+01
9.721227142964880841e+01
9.770619233590865349e+01
9.750396206918695441e+01
9.779608678402557587e+01
9.754684962007881666e+01
9.730484497309937808e+01
9.731585163864743038e+01
9.760195051966934443e+01
9.808766613521721922e+01
9.789744487504357551e+01
9.790169054901643619e+01
9.786450265254698877e+01
9.783971697120500721e+01
9.788727558500022496e+01
9.751163737076824134e+01
9.748181820882872728e+01
9.740766516584869805e+01
9.768697085836718941e+01
9.749871097567283584e+01
9.726006597080517224e+01
9.695740516593450309e+01
9.728791313968213217e+01
9.725910626114405488e+01
9.734141587704799292e+01
9.762646835803245438e+01
9.734912332712995919e+01
9.736209516475020109e+01
9.735091960062690930e+01
9.767647276925832500e+01
9.761304096814454567e+01
9.779343498570123927e+01
9.770078773680290851e+01
9.755606787677301384e+01
9.729702733543494730e+01
9.748283210546161115e+01
9.751855668365102758e+01
9.716467426156135900e+01
9.752837051896194964e+01
9.758219868649030104e+01
9.787219758495349708e+01
9.767748350388880851e+01
9.746510229805330994e+01
9.714948083892475950e+01
9.705662133556303672e+01
9.730791372350664403e+01
9.733585662132806249e+01
9.714178335544694676e+01
9.727261318519573763e+01
9.739844553133042382e+01
9.751057793877019719e+01
9.695362992015118664e+01
9.733043606388842761e+01
9.735981460273789878e+01
9.747860301321651377e+01
9.736636519136924051e+01
9.714439065341149160e+01
9.717362260883309943e+01
9.715470027004026576e+01
9.690409649891864774e+01
9.733206315175648626e+01
9.725468975795075721e+01
9.749433170481411537e+01
9.739882606080963967e+01
9.766956972530243775e+01
9.727946016033052956e+01
9.716583634784400658e+01
9.731891234618213105e+01
9.718810131782977635e+01
9.720543092220187020e+01
9.752234470614065742e+01
9.754680950784872095e+01
9.762165022614495058e+01
9.729343510354919999e+01
9.722463144254737699e+01
9.732056174760634804e+01
9.761745844789464854e+01
9.776171289331612968e+01
9.714891154871433798e+01
9.709672630535258975e+01
9.757056539585279609e+01
9.752621022083070557e+01
9.738914437828127291e+01
9.766098460231893341e+01
9.725013326740152309e+01
9.720770936845501353e+01
9.724112037247095941e+01
9.730216942728424101e+01
9.724852225229146541e+01
9.709959107099909659e+01
9.718441187447875507e+01
9.746861439722421494e+01
9.716636377784743672e+01
9.703737300741518368e+01
9.721170190216605533e+01
9.713367975427765089e+01
9.758756280096768876e+01
9.739898388573101329e+01
9.721711983427793768e+01
9.718239620895342057e+01
9.723051404001671472e+01
9.720708505833096069e+01
9.705623815321537506e+01
9.717705667473865105e+01
9.725261790263903094e+01
9.715751256411010672e+01
9.769690768221948929e+01
9.786178194083612425e+01
