2.869713031561512366e+02
2.870127373319619437e+02
2.870532266804720507e+02
2.870933785184579961e+02
2.869463286780201656e+02
2.868834333842939941e+02
2.870525543357184119e+02
2.868439032221018579e+02
2.870426265551339498e+02
2.869308836376269483e+02
2.869281257093245472e+02
2.870962732303440248e+02
2.869834687730006522e+02
2.869833079369274742e+02
2.869232375758321609e+02
2.871347929282397331e+02
2.870188177696064713e+02
2.870290854020203142e+02
2.869183031553081378e+02
2.870830377003862282e+02
2.868437197933148468e+02
2.869648506537260459e+02
2.868526084375461664e+02
2.868421361355419208e+02
2.868318094166849619e+02
2.868510178242758570e+02
2.869057286663360742e+02
2.870246490283497565e+02
2.869418114314095192e+02
2.869315870409863578e+02
2.869753225954441405e+02
2.869989551478715271e+02
2.867701853161680674e+02
2.869939798203882333e+02
2.869900329797118843e+02
2.869405779315107452e+02
2.871191182043210119e+02
2.870403507671622378e+02
2.869816862928246337e+02
2.870497334788551029e+02
2.870789654232436874e+02
2.869931439488243541e+02
2.870034123572903013e+02
2.868523806322235714e+02
2.870280986025991297e+02
2.868899740372303881e+02
2.869105425017218067e+02
2.870318545789576206e+02
2.869756675017772523e+02
2.870595836414934183e+02
2.870498311777981257e+02
2.871230015354830698e+02
2.869752013163662809e+02
2.869569673542434884e+02
2.867580403390347783e+02
2.869707061976340015e+02
2.871212903040248534e+02
2.870969924455168893e+02
2.870254018496321464e+02
2.869179180052217930e+02
2.871342894317303944e+02
2.871061168042748477e+02
2.871097065473734915e+02
2.870757480340120651e+02
2.870581234443714607e+02
2.872347294855435962e+02
2.870473307541532222e+02
2.870174783301621915e+02
2.870173750580202068e+02
2.870815688855578856e+02
2.870802449019508344e+02
2.870807501895875475e+02
2.873342211218984517e+02
2.872753561699431089e+02
2.871935234420311644e+02
2.871553993104971028e+02
2.872279516724307200e+02
2.871423300744385756e+02
2.872413870457053235e+02
2.872738031626657289e+02
2.871859970083608573e+02
2.870575266005679964e+02
2.869932834327093474e+02
2.870203488838685075e+02
2.869774590992482786e+02
2.871638257259243687e+02
2.870855752336211708e+02
2.870353966574373885e+02
2.869695386136649518e+02
2.870299455247431410e+02
2.870003615271863850e+02
2.869695452553035580e+02
2.869899891626679960e+02
2.868604845212964278e+02
2.867832824316591882e+02
2.869157486377593500e+02
2.870231569637343796e+02
2.868873109761725004e+02
2.869482885163150172e+02
2.869073756059153197e+02
2.869129259384632178e+02
2.869334837110691296e+02
2.870027310897555708e+02
2.869215357812281013e+02
2.869941655281205044e+02
2.870374463238241560e+02
2.872240162086840201e+02
2.870832119230757939e+02
2.871728975837536950e+02
2.869900385670477476e+02
2.870148621909582403e+02
2.871058551751498840e+02
2.870388565054807373e+02
2.871707582778912524e+02
2.871906375357526144e+02
2.871950300306313579e+02
2.871232385040290183e+02
2.870421923782151339e+02
2.869850224228250681e+02
2.871821694322202916e+02
2.869751837619268144e+02
2.869089149491095441e+02
2.868704413904701482e+02
2.869388454666258781e+02
2.870205700304703669e+02
2.869335087169625353e+02
2.870293974628278306e+02
2.871170003015153043e+02
2.870752097653161741e+02
2.869794678638886580e+02
2.869320991231812172e+02
2.869717105633513370e+02
2.869924634177718872e+02
2.869538178282591616e+02
2.870157575593341335e+02
2.870023050551960182e+02
2.868010698547229254e+02
2.868217789939860154e+02
2.867586724071161939e+02
2.869167396835767363e+02
2.868758885400748682e+02
2.868881129295195933e+02
2.869490546541413778e+02
2.869804238544485884e+02
2.869597023996176972e+02
2.867427243964870627e+02
2.870607441174832388e+02
2.872118540308125034e+02
2.870216039618005084e+02
2.869845870934671552e+02
2.869917107432348189e+02
2.870691094271994643e+02
2.868795730018551353e+02
2.868634263589445936e+02
2.869742801835268438e+02
2.870195598538275021e+02
2.869229313668212740e+02
2.867308484374448199e+02
2.867497634314855190e+02
2.869572819613704837e+02
2.869894583233484013e+02
2.870027516228529407e+02
2.870822314842967558e+02
2.870572734147369260e+02
2.869283366804400544e+02
2.870750805347981327e+02
2.871707163192874646e+02
2.870993027054712456e+02
2.870950018021597430e+02
2.871739879226588528e+02
2.871511153139870771e+02
2.872504507421555786e+02
2.871704979341423041e+02
2.872921012685403070e+02
2.870190252352604716e+02
2.870075005167316817e+02
2.871712516632479151e+02
2.871884254952471451e+02
2.872032569300869795e+02
2.872505352055252388e+02
2.869999869661349408e+02
2.870445207901682920e+02
2.869571991384423768e+02
2.870989408661259290e+02
2.870110104027465354e+02
2.872152395673031720e+02
2.870902824355576399e+02
2.871754751419652507e+02
2.871048470581983452e+02
2.870728268253114379e+02
2.871269769357627979e+02
2.869661855628794456e+02
2.870997059711545489e+02
2.871091541674149425e+02
2.870244254677759841e+02
2.871015051503728159e+02
2.868561827028416928e+02
2.869429059689171595e+02
2.870283555623445295e+02
2.871582872184092707e+02
2.870972800549208159e+02
2.872295687599456073e+02
2.870459653767109103e+02
2.871412912918204370e+02
2.871120674197798621e+02
2.871292015349718554e+02
2.870747630950563121e+02
2.869731923869012462e+02
2.869741841573252827e+02
2.870087133641737296e+02
2.869302477465668062e+02
2.870544653837593501e+02
2.869274133239633784e+02
2.871450538312462299e+02
2.870155522090829550e+02
2.869876442068786560e+02
2.870477570629047364e+02
2.869397702432772235e+02
2.870776302898893277e+02
2.871332508452870229e+02
2.871585063340810393e+02
2.871428766376275235e+02
2.871162843916226279e+02
2.872617353258828530e+02
2.871075498784825299e+02
2.871894657781130036e+02
2.869781359678483454e+02
2.870592167552803176e+02
2.870487141629403141e+02
2.870637616589088452e+02
2.872489496594526486e+02
2.870167482386526103e+02
2.870891934858013883e+02
2.871306223621265303e+02
2.871563730994269577e+02
2.870007793315888307e+02
2.871723708519734259e+02
2.871708565849405659e+02
2.869742152550188052e+02
2.869797162067471277e+02
2.871212172251764514e+02
2.870245548946809322e+02
2.869991702337770789e+02
2.871157825685556304e+02
2.870788021879189387e+02
2.869822985901935795e+02
2.869782023172887762e+02
2.872252076150647326e+02
2.872260267508161746e+02
2.870743119080839278e+02
2.870540768195906480e+02
2.870322826405596288e+02
2.870808765555307787e+02
2.870734917487260986e+02
2.871270616246904979e+02
2.869806152527930863e+02
2.871138125523572739e+02
2.871349793233370065e+02
2.871655085302739394e+02
2.871175003380367343e+02
2.871085088596529999e+02
2.872328338048194496e+02
2.871595585450567683e+02
2.870235855271295122e+02
2.871213177594220838e+02
2.869762639861907019e+02
2.870229443173662958e+02
2.870122484362524347e+02
2.870714660406161443e+02
2.871866487997077115e+02
2.871339550638945752e+02
2.871481258126590888e+02
2.872597997073124247e+02
2.871570920737374308e+02
2.872007351925153102e+02
2.869873567165797112e+02
2.869955141131420646e+02
2.870569763885171142e+02
2.870653777988251818e+02
2.870229281315767480e+02
2.871863004641030557e+02
2.872454390138792064e+02
2.871811960558285932e+02
2.870891511363828386e+02
2.872801292028441367e+02
2.871206219014085264e+02
2.871498409400757623e+02
2.870694165703921499e+02
2.870547110714620089e+02
2.870967570165855136e+02
2.870706141149198629e+02
2.870910450322591601e+02
2.871663815986142367e+02
2.871420703028657613e+02
2.870658080413494417e+02
2.870726254148623298e+02
2.872174555195389871e+02
2.871148517588060827e+02
2.870367277710912504e+02
2.870406268312931957e+02
2.870023251036244005e+02
2.870233274896295939e+02
2.869384554476576454e+02
2.869611349731287078e+02
2.867966433587963024e+02
2.870090558985946814e+02
2.870839873180254358e+02
2.870977647705137770e+02
2.870778289640189200e+02
2.871164857277499323e+02
2.870729501022412933e+02
2.870054975702475986e+02
2.871531331631915691e+02
2.870306026549214948e+02
2.871191568208971034e+02
2.869462548043173342e+02
2.870722655570342567e+02
2.871974053852756015e+02
2.870316376051530369e+02
2.871854879656683011e+02
2.871227503452522569e+02
2.870882084003733326e+02
2.870652041307548643e+02
2.869730876628432839e+02
2.869896114703974490e+02
2.870590222303447945e+02
2.869454895281921267e+02
2.869904972570017776e+02
2.870610115294295497e+02
2.871035706415133859e+02
2.869643453247009006e+02
2.871917391078243327e+02
2.871215431713657722e+02
2.871319791443652321e+02
2.871604005229911536e+02
2.873265962948547099e+02
2.872493287656146208e+02
2.871543301299228119e+02
2.870619665989486293e+02
2.871828421052248927e+02
2.869832398417384525e+02
2.869938012400885441e+02
2.871185779326536363e+02
2.870408102765531453e+02
2.870223433456022235e+02
2.872590844884978765e+02
2.872411626906136348e+02
2.871539331776609174e+02
2.869851721720386308e+02
2.872746691376556214e+02
2.871972757823278357e+02
2.872526442826567177e+02
2.870848250380187210e+02
2.871032901707976066e+02
2.872223640244532135e+02
2.870489017618460821e+02
2.871996022385071115e+02
2.873421918796986461e+02
2.871412475068814274e+02
2.870987269681041880e+02
2.871085866956429982e+02
2.871851172701581163e+02
2.869467415292842816e+02
2.868591505811252205e+02
2.870005760770598613e+02
2.871808043775791361e+02
2.870637358544751692e+02
2.870876789318317606e+02
2.870166379378932788e+02
2.870173222493610297e+02
2.872093272133584492e+02
2.871305070987242516e+02
2.872331669544272472e+02
2.871227357779710587e+02
2.870340182633981954e+02
2.871794785499187128e+02
2.871851185354278755e+02
2.870891290519812173e+02
2.870536197540101853e+02
2.871350768810588647e+02
2.870900432682407200e+02
2.869818296109414746e+02
2.869814681316786960e+02
2.870380708281897455e+02
2.870155928642834056e+02
2.870439463151474797e+02
2.871452356741854715e+02
2.871699432135483221e+02
2.871512259460959058e+02
2.871469629401270254e+02
2.870796918488055667e+02
2.870907794370369288e+02
2.870732793461186816e+02
2.872975937451944333e+02
2.871614644665611991e+02
2.871655056080137456e+02
2.870827655568203340e+02
2.872256811744594529e+02
2.871624101135806200e+02
2.871659961905389196e+02
2.870264887310590325e+02
2.869502339754305922e+02
2.869190379976678855e+02
2.869276519850523073e+02
2.870185005588162426e+02
2.870173204220113803e+02
2.870512670237217776e+02
2.871182362293168921e+02
2.871342893347569429e+02
2.871552319338470625e+02
2.871509466128298413e+02
2.872264741228797789e+02
2.872386692929164838e+02
2.873622367127101711e+02
2.872033220094295416e+02
2.872778030992240588e+02
2.872846885891424904e+02
2.871991525033365065e+02
2.871002195824889327e+02
2.872319063281087779e+02
2.872643565850109439e+02
2.871456872897556991e+02
2.871240990133555329e+02
2.871453874926427829e+02
2.871043129000328804e+02
2.871270107007813976e+02
2.872250858455418552e+02
2.872325508371000069e+02
2.872175193973818637e+02
2.873152002994931991e+02
2.873099047738180616e+02
2.871619617742438209e+02
2.870912069496934009e+02
2.870700423594539643e+02
2.870991321585495939e+02
2.872261319592650466e+02
2.873676625196473537e+02
2.871739176820605053e+02
2.872310861817369414e+02
2.871763079264280236e+02
2.873350605014323378e+02
2.872827301834850573e+02
2.871848829797276608e+02
2.873510266629845660e+02
2.872404710100236116e+02
2.872992862400533340e+02
2.873510057747863016e+02
2.872413634140947920e+02
2.872584724089645078e+02
2.872931305476544139e+02
2.872420454297229071e+02
2.873841526175034460e+02
2.872387175248460949e+02
2.872491932510662878e+02
2.872955278939671189e+02
2.874218788654707737e+02
2.871941169240562886e+02
2.873087000693995492e+02
2.872813028812607854e+02
2.872642689396810169e+02
2.873986566661565121e+02
2.872971590508201416e+02
2.870973847538268160e+02
2.871357633117040677e+02
2.870943891323667572e+02
2.871770515056417707e+02
2.872727342730367468e+02
2.872053877476645880e+02
2.871040267886446031e+02
2.871652604745606254e+02
2.872112255242286096e+02
2.873112159724066146e+02
2.872126356501423743e+02
2.871437926123521152e+02
2.871843506090563665e+02
2.870962736412659524e+02
2.873561052428235030e+02
2.872584062354441699e+02
2.871801453663847497e+02
2.872321052686687608e+02
2.871987286011931815e+02
2.872989930899513524e+02
2.873620448807359367e+02
2.872615692842978774e+02
2.872348171952308462e+02
2.873917469379694580e+02
2.872556448917778198e+02
2.872496261866389773e+02
2.871523693830538946e+02
2.872013864649916286e+02
2.872231649534955409e+02
2.873432735908444329e+02
2.872697641150362529e+02
2.873286783318574749e+02
2.873615850006407868e+02
2.874048562933373887e+02
2.872062915876290958e+02
2.873476686706780470e+02
2.872899722811993684e+02
2.871242991742396953e+02
