9.885420341536921285e+01
9.863118547752286247e+01
9.894346697465896057e+01
9.960237362872568667e+01
9.917583891047713962e+01
9.871520563309785246e+01
9.871592484406427559e+01
9.859937336931311336e+01
9.909650533402403028e+01
9.896372799612687743e+01
9.926592604879986936e+01
9.863992709170895523e+01
1.002007306662193997e+02
9.983647914439812610e+01
9.820739736869491310e+01
9.829393981434851923e+01
9.858340077465366846e+01
9.871241534306533083e+01
9.922668418035981119e+01
9.886231031034526495e+01
9.891731298863591348e+01
9.893512023428901614e+01
9.868729257286766199e+01
9.898009671769030149e+01
9.860803831466263603e+01
9.887605704925897498e+01
9.820003989771807085e+01
9.815375767247685701e+01
9.843335580781496219e+01
9.892500971621802819e+01
9.904433873437274372e+01
9.858553447343884102e+01
9.914074188891561334e+01
9.965598744601773262e+01
1.010917003311636790e+02
1.004656154721843109e+02
9.906858376836981961e+01
9.923002345582013106e+01
9.880541984472985462e+01
9.887591410969879746e+01
9.964770870735527808e+01
9.842107526022586228e+01
9.895265380870067418e+01
9.921750409029219497e+01
9.945227426524014902e+01
9.932879909327381540e+01
9.861681817144602746e+01
9.841085617068750935e+01
9.886502104518348233e+01
9.875909065951061905e+01
9.924577091192618639e+01
9.932293300710045969e+01
9.935659221247094308e+01
9.948190014238220158e+01
9.916023773813981279e+01
9.921035577488021318e+01
9.840287768503641530e+01
9.919440423952728736e+01
9.932799564821613103e+01
9.917196794030253670e+01
9.907189182204058397e+01
9.935993023836921623e+01
1.002351823899023628e+02
9.971332184446093549e+01
9.876619626840397359e+01
9.908148183686058985e+01
9.917019302381307000e+01
9.904921335453049380e+01
9.940004232539837403e+01
9.913809595944984210e+01
9.899280209610429893e+01
9.970408608383674220e+01
9.891590447048838541e+01
9.854313375855763013e+01
9.974390357819815733e+01
9.919469093725687969e+01
9.890735964254001544e+01
9.878304822649533889e+01
9.891110288578676091e+01
9.920324769753072758e+01
9.988269004768801551e+01
9.887400284642068016e+01
9.979078261409897266e+01
9.873231650655215219e+01
9.849283646986452823e+01
9.892860612174241908e+01
9.931560208564023640e+01
9.924875031837677852e+01
9.889143764143886983e+01
9.957248998615715152e+01
1.000460398487226570e+02
9.916107626837799671e+01
9.901038539246434311e+01
9.964610428213109117e+01
9.870460169903293490e+01
9.919629700650871484e+01
9.898101006312408856e+01
9.934676228327244019e+01
9.960893567638032664e+01
9.905271045149324038e+01
9.948676624780385680e+01
9.986172208354128088e+01
9.979521005960738478e+01
1.000631986656244976e+02
9.888225846710832911e+01
9.969819986936370526e+01
9.980352302068503434e+01
9.971358161999093284e+01
9.955633272623482810e+01
9.942548062582132218e+01
9.955742810554998812e+01
9.963607698804833035e+01
9.949638616932459456e+01
1.009362646926582556e+02
1.019059683202138444e+02
1.000572816932295126e+02
1.003619912744793652e+02
1.007043067979815447e+02
9.993581892836057534e+01
9.954435805041435970e+01
9.958137858719379665e+01
1.002514475035543313e+02
1.000110169652347594e+02
9.966938956752859724e+01
1.006997906321362706e+02
1.011405787178366751e+02
9.926027622896094726e+01
1.006473060968727253e+02
9.952137830367338722e+01
9.987689133718644996e+01
1.008762021743661563e+02
1.000437769250494995e+02
1.012505341238998966e+02
1.013313341573641537e+02
9.989092349371044577e+01
9.964053856851400326e+01
1.001661538737571817e+02
1.000003170531432062e+02
1.000318751201113514e+02
1.002186462659403929e+02
9.984656095958426647e+01
1.020715669912523396e+02
1.010299055423115533e+02
9.975275835291114390e+01
1.003280010125686346e+02
9.978162211174624474e+01
1.001259016933274921e+02
1.001518479264020129e+02
9.992816435890351556e+01
9.935398488842459130e+01
1.003129639225811189e+02
9.907650347333299123e+01
9.922061922328553862e+01
9.881546555962277978e+01
9.927439333939723554e+01
9.954701406189481361e+01
9.914854005884478738e+01
9.866231457091127766e+01
9.887284970623350944e+01
9.899356860993525231e+01
9.879054436411145446e+01
9.994220106716825569e+01
9.931823940191283384e+01
9.873674998088569055e+01
9.828946614054306963e+01
