2.868417994833432090e+02
2.870228149725027720e+02
2.869519469903535196e+02
2.868699182537845331e+02
2.869382434670237672e+02
2.872870194992789266e+02
2.872456380430317608e+02
2.872497636153671010e+02
2.872521555933307695e+02
2.871679560576241670e+02
2.871642897713582556e+02
2.871658409006106467e+02
2.871462202969553914e+02
2.869192583878168534e+02
2.870117041663154964e+02
2.872354722782442877e+02
2.873723451125547399e+02
2.873286473214557191e+02
2.871496864354816694e+02
2.870670162919223003e+02
2.872205414957023208e+02
2.871716986115580426e+02
2.872403583357590264e+02
2.871734448195878144e+02
2.871555489682490929e+02
2.871931316598005992e+02
2.873379630420623130e+02
2.875323174396135641e+02
2.873508769958459084e+02
2.873037908878231406e+02
2.873398187784820266e+02
2.873864028018576846e+02
2.871437584225020032e+02
2.872609968445117943e+02
2.871311904244688549e+02
2.870942959381785045e+02
2.870170272015223532e+02
2.871111734754365443e+02
2.872808042132882633e+02
2.874321894749328408e+02
2.871775985502763433e+02
2.872173075608830004e+02
2.873350394073733582e+02
2.873271255615094901e+02
2.872221271578999335e+02
2.870747709230766418e+02
2.870875081819242496e+02
2.872482560338163466e+02
2.873983197455299319e+02
2.874183906311976102e+02
2.871094740135643519e+02
2.871506972129337214e+02
2.872337454081355190e+02
2.871701018449372214e+02
2.872601971378209669e+02
2.873769495671332947e+02
2.873397611209462070e+02
2.872181580957869755e+02
2.872077667243838164e+02
2.872850101715310984e+02
2.873343365107756995e+02
2.873276895058849618e+02
2.871213329717914462e+02
2.871252022433441766e+02
2.871909877125404478e+02
2.874294789129422156e+02
2.873185434247065473e+02
2.873203142585496153e+02
2.872995622461440348e+02
2.874220100649915253e+02
2.874287159762233159e+02
2.873568084599659755e+02
2.871722265633827078e+02
2.872103002494777115e+02
2.873201338544040482e+02
2.873502009572625298e+02
2.874499260490154029e+02
2.873333057818011298e+02
2.874591153491127784e+02
2.874993135440079755e+02
2.873098574696737160e+02
2.874447200177557420e+02
2.874253027235678815e+02
2.873467337221358662e+02
2.875516775208422473e+02
2.876585559642272187e+02
2.874792210699995962e+02
2.874312484747559324e+02
2.876079297029355644e+02
2.873208810688955168e+02
2.871536113842997793e+02
2.872360804178097737e+02
2.873898727987777875e+02
2.875019033428390571e+02
2.873763558486461989e+02
2.873613939981941030e+02
2.875445732915617896e+02
2.876064745977152484e+02
2.875028289143821212e+02
2.874618567438347441e+02
2.875971747854453042e+02
2.874955677625792418e+02
2.873727911747658936e+02
2.870919633271009275e+02
2.872468806517695725e+02
2.874720250294504353e+02
2.872026615098155844e+02
2.872732007741097391e+02
2.874602009456963287e+02
2.873256082532182631e+02
2.873695112439353920e+02
2.874402810714519205e+02
2.873650247098848354e+02
2.873455491252851175e+02
2.873061689527662566e+02
2.871486817351312197e+02
2.871656443742613192e+02
2.871883383485143781e+02
2.872264645485065557e+02
2.874499990655256738e+02
2.875502684999580083e+02
2.874348479389175282e+02
2.873505440123760195e+02
2.875463532746554733e+02
2.875312664229428492e+02
2.871671142592375077e+02
2.873733376095515837e+02
2.874974528042544648e+02
2.874682835027351757e+02
2.877711403117342570e+02
2.876210322789117981e+02
2.873679729180861386e+02
2.874118177588948129e+02
2.873626078514468531e+02
2.875409526479514284e+02
2.878118614378083748e+02
2.875744690574483116e+02
2.876470357279891914e+02
2.877211550262666151e+02
2.876728902647282666e+02
2.876580357602466052e+02
2.875182499579701130e+02
2.873829000120729802e+02
2.875942709134130268e+02
2.877550370982826280e+02
2.876514447635071861e+02
2.876774709336832530e+02
2.878011366950564138e+02
2.876354118592545319e+02
2.878412762241478617e+02
2.878170589778407589e+02
2.878468077574814288e+02
2.879347693010730609e+02
2.881619034462021318e+02
2.881844907728387284e+02
2.880425933698775793e+02
2.879721045537997384e+02
2.881282939064782909e+02
2.881895466528795282e+02
2.882512109130012163e+02
2.884329575472163469e+02
2.883045368366812795e+02
2.882071568630735783e+02
2.882402851658982286e+02
2.884704000220101534e+02
