2.401066865445853011e+02
2.399513582539518666e+02
2.401295548099522819e+02
2.399555056018413381e+02
2.398643522073840870e+02
2.398424117224122654e+02
2.399252653510812081e+02
2.399401153069477459e+02
2.397241074994582561e+02
2.397884300146670284e+02
2.398833926763692546e+02
2.395316310726231279e+02
2.396560292826985403e+02
2.398486146420156331e+02
2.399921555198946237e+02
2.398732671614455683e+02
2.398713216260472620e+02
2.399562838175636159e+02
2.399243153173489418e+02
2.397548473993969367e+02
2.398248821685292569e+02
2.400439295248311282e+02
2.399362145666848392e+02
2.398693853497460111e+02
2.396621651815914618e+02
2.397718887121900764e+02
2.395594533706655511e+02
2.397803282631402908e+02
2.401047993404025362e+02
2.398080212444841379e+02
2.397154313157369927e+02
2.397694987163181395e+02
2.397415183674380899e+02
2.390241028625298441e+02
2.382480165624052404e+02
2.389938380751851810e+02
2.392582125885077176e+02
2.394622816700254191e+02
2.395297194312435352e+02
2.397447710818703399e+02
2.395968619549879577e+02
2.395957352589640834e+02
2.399585012307662453e+02
2.396044804434353352e+02
2.395439290646015422e+02
2.396834250271286066e+02
2.399888138110814282e+02
2.399969811866202463e+02
2.396079627336607984e+02
2.399962788042518014e+02
2.397310112916713081e+02
2.398667426288253353e+02
2.397663185504160026e+02
2.391069090047459156e+02
2.395246169515697545e+02
2.395624424417127329e+02
2.394193957965950688e+02
2.396827437217827139e+02
2.395492102480439769e+02
2.395496914950429073e+02
2.393975446799208839e+02
2.396237042441389349e+02
2.393567630980886634e+02
2.394718867402443720e+02
2.391416532885807555e+02
2.393092583802940680e+02
2.394997729856830517e+02
2.394476760692853077e+02
2.395989490717911394e+02
2.399906798158078800e+02
2.397065046369437766e+02
2.395449581206091523e+02
2.393894557326611050e+02
2.394208743558919252e+02
2.395817559351218051e+02
2.394548102841868911e+02
2.396165760320838274e+02
2.396654118987279674e+02
2.397707956776792173e+02
2.396831646597854331e+02
2.394043065342237924e+02
2.397351429601379493e+02
2.394735176543848638e+02
2.393640577509515879e+02
2.396927483715784319e+02
2.396342159743799414e+02
2.394154907744417642e+02
2.395349355977018320e+02
2.398350142412124626e+02
2.398600222292579076e+02
2.399274675821603466e+02
2.398252610868802606e+02
2.397872682391074761e+02
2.399034969668773556e+02
2.397827148597916960e+02
2.394254419819042141e+02
2.399956007615278395e+02
2.396981141355201999e+02
2.393122987662635808e+02
2.393981912806992511e+02
2.396777074824439921e+02
2.396481502372618024e+02
2.398447025266446246e+02
2.393905263806548476e+02
2.396229400117956345e+02
2.397643366479398992e+02
2.394727831459400420e+02
2.395925922919350057e+02
2.392686160717164228e+02
2.393798356650381720e+02
2.397250093596169336e+02
2.395227405439326560e+02
2.394965675382220525e+02
2.390652325544339192e+02
2.390379466526520389e+02
2.388719582419431333e+02
2.390876707576999536e+02
2.387411392774053809e+02
2.388203506550358952e+02
2.391005794514155980e+02
2.391759313044000521e+02
2.390024009733447485e+02
2.390434384232967204e+02
2.386615097391305937e+02
2.388222452671479914e+02
2.386786282420713690e+02
2.389171358890675947e+02
2.387991032140536447e+02
2.389055369350135152e+02
2.388102925908627583e+02
2.390535355040013883e+02
2.389789934027708114e+02
2.388826741293910629e+02
2.382614586469984772e+02
2.385307322134018193e+02
2.390249280421535616e+02
2.390889492842162838e+02
2.390233417100863278e+02
2.391393817438455471e+02
2.391233370902198487e+02
2.389268948303432296e+02
2.388720547574454258e+02
2.377123463580101088e+02
2.383063575970299155e+02
2.386591881433072615e+02
2.389052653997285915e+02
2.389653007178328608e+02
2.388782505741366720e+02
2.391210793048004746e+02
2.392286315975923401e+02
2.396109865792093672e+02
2.396638169215381140e+02
2.398706400998404149e+02
2.396638799258134895e+02
2.396325563505141645e+02
2.396741475111383863e+02
2.399001288649045307e+02
2.397838554481598123e+02
2.397139371345057270e+02
2.399652509326076597e+02
2.400181587924226676e+02
2.400096143178957391e+02
2.400043026796864751e+02
2.400313410839446817e+02
2.402208025371029407e+02
