2.865662642145952645e+02
2.865347675717231937e+02
2.866731712509446197e+02
2.865201397173397595e+02
2.865009385750660158e+02
2.864486763853613525e+02
2.865259314455340132e+02
2.864149699326015366e+02
2.864678708023469085e+02
2.865200391142549279e+02
2.865606975776384502e+02
2.863331705733629633e+02
2.864402042505657846e+02
2.865464376051911586e+02
2.865643939727486895e+02
2.865116413873925580e+02
2.865607452801594377e+02
2.866024626982351151e+02
2.865983204130038757e+02
2.865430875419493191e+02
2.864827109910708600e+02
2.865682379316887705e+02
2.865311200904451994e+02
2.865736037746389684e+02
2.864644250908045819e+02
2.864867506977860216e+02
2.865044131961620337e+02
2.864920029766420271e+02
2.866281231537604981e+02
2.865750444373571781e+02
2.865349845672745914e+02
2.865146299137606434e+02
2.864779993231701951e+02
2.863369173749741208e+02
2.859884179785053107e+02
2.863248943629325254e+02
2.864029922753377946e+02
2.864224751444770618e+02
2.865651327677060749e+02
2.865448971435695285e+02
2.865069952562470803e+02
2.865189740100834683e+02
2.865342283654995867e+02
2.864389983121081400e+02
2.864045858620269769e+02
2.865930398094502607e+02
2.867262705357159120e+02
2.867410921865018167e+02
2.866356775309573095e+02
2.866232586199203070e+02
2.865920520397438622e+02
2.865824836725858518e+02
2.867055517935601188e+02
2.864296936168674961e+02
2.864017982194017122e+02
2.864821357639518169e+02
2.864483607323816159e+02
2.865564337376673620e+02
2.864665338982485991e+02
2.865337747248821074e+02
2.865022056076626313e+02
2.866442514598872435e+02
2.865628145353670106e+02
2.865420286897617075e+02
2.862381709704946502e+02
2.863968939674593912e+02
2.864720003116571547e+02
2.864753288665424975e+02
2.866036485132091798e+02
2.867751901168491031e+02
2.866767881598791519e+02
2.865786801451775432e+02
2.866196859592651549e+02
2.865994363587017801e+02
2.866846391404872634e+02
2.866937588144256210e+02
2.866888982797264589e+02
2.867241298636993747e+02
2.868045366306022856e+02
2.866847195339922223e+02
2.865308191429724616e+02
2.866005732882337043e+02
2.866309151062335445e+02
2.865704417034879157e+02
2.866630449745932196e+02
2.865652093368269107e+02
2.866057095277644180e+02
2.866485993214618588e+02
2.868962533204359602e+02
2.869001737659634728e+02
2.869498496518855859e+02
2.868358014760440824e+02
2.868393446504052804e+02
2.869063506921414159e+02
2.868406370546310882e+02
2.867100296866514668e+02
2.868751572382989252e+02
2.867127221657497671e+02
2.865730789947106700e+02
2.866909524984285440e+02
2.868862199098383599e+02
2.869981127109267618e+02
2.869344036463856469e+02
2.867977662804053125e+02
2.868891417430313027e+02
2.867641038164516090e+02
2.867278199848609574e+02
2.867522374653119073e+02
2.866143622891522114e+02
2.867734603647282938e+02
2.869126365863687056e+02
2.868756401068593505e+02
2.868695409037923127e+02
2.868894457175808270e+02
2.867035859923873886e+02
2.866824269323156500e+02
2.866287992732802081e+02
2.863936453110629827e+02
2.865638925299695643e+02
2.866585091528601765e+02
2.866205926152441066e+02
2.866686339168309132e+02
2.866558893549977256e+02
2.866792826934562868e+02
2.867114688331253660e+02
2.865695175734335294e+02
2.867862151349723376e+02
2.867307601478760830e+02
2.867571485584313109e+02
2.867915299495589352e+02
2.869356281019454400e+02
2.868318931325011363e+02
2.868201588892142126e+02
2.867655842521382965e+02
2.869436531191818744e+02
2.871263115466932732e+02
2.871811007340627953e+02
2.869986918697933902e+02
2.870410602771601702e+02
2.871779123308053840e+02
2.872464931972090767e+02
2.872453806356223822e+02
2.869327399511989256e+02
2.870233320276526001e+02
2.870838414882887832e+02
2.872846463863689337e+02
2.873033200402992406e+02
2.872336829884619078e+02
2.872812786689950144e+02
2.875392587157797948e+02
2.876628421332778203e+02
2.875774209014210214e+02
2.877212693268588737e+02
2.877180016061518018e+02
2.877629330059796757e+02
2.878572663823009066e+02
2.879328101476953634e+02
2.879776482036907055e+02
2.880223806201526031e+02
2.880761101540272762e+02
2.881240919856423375e+02
2.880919613945542324e+02
2.882069861605386336e+02
2.881986901574368289e+02
2.883664779119237096e+02
