2.398347189453811268e+02
2.394291155963593098e+02
2.397086883777840285e+02
2.397870398742574309e+02
2.396908132578439847e+02
2.398222854232082284e+02
2.398987953199562924e+02
2.401323517838915507e+02
2.399208555974770718e+02
2.396108251463367651e+02
2.398043334187597964e+02
2.396268272824901260e+02
2.395153935906614606e+02
2.398436572068364683e+02
2.399210750396569267e+02
2.397781131844798210e+02
2.400169166436955948e+02
2.396838442162500940e+02
2.398062307851741082e+02
2.400701309654198496e+02
2.400570828323368175e+02
2.398015832567361656e+02
2.399162838875428463e+02
2.396428263896000317e+02
2.396067896461643443e+02
2.398485834163626862e+02
2.398041333012137954e+02
2.400860363022841568e+02
2.398393715002791566e+02
2.397307540380123498e+02
2.397582020603369983e+02
2.397978669475885738e+02
2.398032465980644474e+02
2.393871409542964841e+02
2.383911350104830262e+02
2.386597023953730456e+02
2.390372301640594230e+02
2.391834970823315416e+02
2.393370372869468383e+02
2.397530165366505628e+02
2.395653168085352434e+02
2.395115425661319080e+02
2.396331190499483625e+02
2.397151633234285271e+02
2.396273755057889048e+02
2.398392001373922255e+02
2.398895642583429151e+02
2.395536897836011292e+02
2.396037669180779801e+02
2.397783337617117070e+02
2.397523606309966056e+02
2.395911944289264284e+02
2.392538158639949017e+02
2.390787640665904235e+02
2.393288167013928671e+02
2.395954878820698184e+02
2.394050040616830017e+02
2.393718981534706529e+02
2.398762920263697254e+02
2.396919149868229226e+02
2.396755612095631705e+02
2.396060332630647451e+02
2.391168744369954311e+02
2.393308579194779213e+02
2.392477073258969540e+02
2.396754914233904685e+02
2.395684982775682101e+02
2.395846204163484856e+02
2.396439741094793305e+02
2.398427555415267136e+02
2.396801546708863100e+02
2.399497143832770973e+02
2.399475656926060481e+02
2.396638110204008001e+02
2.394146247944733830e+02
2.396975096870366997e+02
2.398772531106744452e+02
2.397041373987861164e+02
2.394924864111861780e+02
2.392931665160165267e+02
2.393535540097209093e+02
2.399274097482686159e+02
2.393197211099585502e+02
2.394930584643722966e+02
2.394358348518016726e+02
2.398433615247861326e+02
2.396686923197938768e+02
2.395060873961227514e+02
2.395984648600912124e+02
2.394167381882220980e+02
2.397219919572246170e+02
2.396629773914181669e+02
2.399959742501287110e+02
2.395703247687525845e+02
2.397970180706129213e+02
2.395369516650565629e+02
2.392593918360084047e+02
2.395903873750100104e+02
2.395651625663756477e+02
2.392326233742950592e+02
2.396435615708057014e+02
2.393676786326707600e+02
2.392508616481950128e+02
2.394636778911891497e+02
2.396804124657982982e+02
2.396220752399882201e+02
2.396943510924112672e+02
2.396305675693327260e+02
2.394958825666370785e+02
2.396175745840139086e+02
2.394663314950227857e+02
2.392991403119620770e+02
2.393178214920735627e+02
2.387529059231281678e+02
2.388183453272597490e+02
2.389007011942741201e+02
2.388129622257540348e+02
2.390094670586898644e+02
2.388063171400186775e+02
2.391270752325368392e+02
2.386803668814631010e+02
2.389138035025585793e+02
2.390172466447638442e+02
2.392058962358841256e+02
2.387294259513009536e+02
2.386019865443999208e+02
2.387808038855365282e+02
2.388785821164491665e+02
2.386101432516167904e+02
2.386855013088513431e+02
2.389431977288931250e+02
2.389985455195733550e+02
2.390172751293738145e+02
2.381860713064899073e+02
2.387117911464753206e+02
2.387363824188748822e+02
2.387294565230496630e+02
2.386328044466357312e+02
2.386954166191253535e+02
2.387478102670612259e+02
2.386855650700829585e+02
2.384606549210225239e+02
2.376902489063577093e+02
2.380663077903890326e+02
2.385594408298196925e+02
2.388257391949576629e+02
2.388716841281862742e+02
2.391665006809380145e+02
2.389821864904079973e+02
2.388957953929282496e+02
2.392043854873499811e+02
2.392803589127640578e+02
2.398156883446980601e+02
2.399939456614736457e+02
2.395415398422345277e+02
2.395840702405316733e+02
2.397044539664279910e+02
2.397969690047856091e+02
2.400073708899012672e+02
2.395673880824984678e+02
2.397127919186685858e+02
2.398384990161056578e+02
2.400027442277416014e+02
2.401509610370949588e+02
2.400739965003962482e+02
