1.005013746826688106e+02
1.005542961297925189e+02
1.002328379719258464e+02
1.001541344507829052e+02
1.000438574509662288e+02
9.993884991086997616e+01
9.999729289215427741e+01
9.996461883045510888e+01
1.001543816418001285e+02
1.001626542122415913e+02
9.987581668363345955e+01
1.009289805434365661e+02
1.005729785511744439e+02
9.994875636449251033e+01
1.002779355743539469e+02
9.997736241065824458e+01
1.002718828547116345e+02
1.002794638281035304e+02
9.988861117999154260e+01
9.990508322512842199e+01
1.001722617392226624e+02
1.001700116507225289e+02
1.003333561374767129e+02
1.006550027273408574e+02
1.000214509718681910e+02
1.001952947471510385e+02
9.978167726591048847e+01
9.987593088152770804e+01
1.002276874859432922e+02
1.000295380655698949e+02
9.999591166719710600e+01
1.003982846258436581e+02
1.002819342923144319e+02
1.012625195492282302e+02
1.036386154299125195e+02
1.014444164753985120e+02
1.009511003448287596e+02
1.005248580861394174e+02
1.002068967561066160e+02
1.001633324964067100e+02
1.003337613617876940e+02
1.004088931575475527e+02
1.004190181377730369e+02
9.988920361389121183e+01
1.001071625239749636e+02
9.992814896682197912e+01
1.002384981839128955e+02
1.003991365937994402e+02
1.000189980505924154e+02
1.001976825829466975e+02
1.002891805970561876e+02
1.006618262050873085e+02
1.006199557769649005e+02
1.012680434969824006e+02
1.010514152565630042e+02
1.005222156560122215e+02
1.005596823695492930e+02
1.004460889083464252e+02
1.000266630373324261e+02
1.001366167272679917e+02
1.005436358657902787e+02
1.006064904926341654e+02
1.009034241472561888e+02
1.008036496222085390e+02
1.007853841460812845e+02
1.005600106363389727e+02
1.003500794878976450e+02
1.002176601379930503e+02
1.001075587822807194e+02
1.000194723425790215e+02
1.002824976806692092e+02
9.940553423562791124e+01
1.006808533242166988e+02
1.005723741479855988e+02
1.007041250237591612e+02
1.000379661219235317e+02
1.002635832585378211e+02
1.004292962900345145e+02
1.007768289636317718e+02
1.005918495163256381e+02
1.000322043093727302e+02
1.007441270054929277e+02
1.005390138656123469e+02
1.003253377384215810e+02
1.001799277180387122e+02
1.001451754814132187e+02
1.007827607191155721e+02
1.002057474247985311e+02
1.004689015654913078e+02
1.003881166794139403e+02
9.983273870282431517e+01
1.000417128688133488e+02
1.004058245220240480e+02
1.007286943853922736e+02
1.001597497226040190e+02
1.010486875906613164e+02
1.006818663475595628e+02
1.003086391859803683e+02
1.005117232700799264e+02
1.005686880111227879e+02
1.001024255266653000e+02
1.005778851268510579e+02
1.005156672072921396e+02
1.002954038157570835e+02
1.004266772110963757e+02
1.002203888096810829e+02
1.003231579918999188e+02
1.006294682602187578e+02
1.010173429913283627e+02
1.004953368285891884e+02
1.007477221214630418e+02
1.006401248773592130e+02
1.009558217128280120e+02
1.025000536283785095e+02
1.015809261420795195e+02
1.014808800915891283e+02
1.009879017331068667e+02
1.015388055578824691e+02
1.009517242643119630e+02
1.009590603086866309e+02
1.010303787675853329e+02
1.009526633328872123e+02
1.007970253968849050e+02
1.009479746327007632e+02
1.011996645799036827e+02
1.014856520319882662e+02
1.009699436927870835e+02
1.011655363777533267e+02
1.014956183862024517e+02
1.010285313230307764e+02
1.005970715715302646e+02
1.006975033890611684e+02
1.015700724987041212e+02
1.015889004208192574e+02
1.008527732548086107e+02
1.009922513078577850e+02
1.008806274518649246e+02
1.007285637934215146e+02
1.008055417579130761e+02
1.010135435925457017e+02
1.005805817730511080e+02
1.014768228663377272e+02
1.029504713163779996e+02
1.017539359285563449e+02
1.005098117164711340e+02
1.002084185144947241e+02
1.002082992064467817e+02
9.999762756391368157e+01
1.004003005021818780e+02
1.001167891376434227e+02
9.988813324412689099e+01
9.970716141535815780e+01
9.950812081490595062e+01
9.953108536473722268e+01
1.000445060102761516e+02
9.954884612958699108e+01
9.932614864512352426e+01
9.919800039390878510e+01
9.925551125637399252e+01
9.946990944616815966e+01
9.934319054242989466e+01
9.919537048054975514e+01
9.906565175708654181e+01
9.926933126543308106e+01
9.891114013230030366e+01
