2.398448528436956337e+02
2.397782533350644201e+02
2.398551283837926746e+02
2.399648257763762729e+02
2.399326929447247778e+02
2.399416026267398365e+02
2.398213674447339372e+02
2.398620562899687911e+02
2.399789906302613645e+02
2.401545625076095405e+02
2.399794573167279168e+02
2.396809102664657303e+02
2.396552434564721352e+02
2.397234841670887135e+02
2.398563381136390262e+02
2.394602528894481566e+02
2.397803156309913675e+02
2.398927286364215661e+02
2.396737080428669913e+02
2.397195837341002118e+02
2.400648335288691726e+02
2.399961496521088691e+02
2.399835488525546054e+02
2.398010436503188032e+02
2.397632948266110873e+02
2.398420017389510974e+02
2.398832449061987120e+02
2.397954123314262063e+02
2.398873617644376282e+02
2.398882843118189783e+02
2.400016048433038804e+02
2.400388190002154545e+02
2.401437967533258018e+02
2.395945830585752390e+02
2.386687791639746763e+02
2.396364576224410428e+02
2.397319788236638658e+02
2.394025628203221174e+02
2.395887711954815131e+02
2.399040947314074401e+02
2.397708240254946759e+02
2.394767623493719668e+02
2.399108330974054013e+02
2.401417004071089707e+02
2.400046078805056311e+02
2.398274479058625275e+02
2.401441888034295005e+02
2.400520722972541705e+02
2.397306019881783357e+02
2.396587008145208699e+02
2.400196699047172899e+02
2.399680145819800430e+02
2.395601746041123477e+02
2.392376068435791012e+02
2.396588377225557736e+02
2.395136382414497405e+02
2.397864849684149533e+02
2.397418552700628425e+02
2.399477713085409789e+02
2.397596658555133615e+02
2.397246965157123952e+02
2.395800865869903191e+02
2.393832046670097782e+02
2.395084772091283867e+02
2.394579533803118920e+02
2.399418542018416645e+02
2.398022619199035717e+02
2.397790065470351522e+02
2.401097206721030943e+02
2.400748033796143943e+02
2.395709624669105722e+02
2.400920562317995461e+02
2.398631024935195057e+02
2.398315328215924183e+02
2.397928614504793643e+02
2.396601460584213044e+02
2.395551639007776146e+02
2.399665518689897681e+02
2.400368664016808964e+02
2.401367891000713541e+02
2.398729469748170970e+02
2.401062158583056600e+02
2.397898368742708044e+02
2.394782259112568283e+02
2.396711297659819877e+02
2.396773728902665255e+02
2.397476132496155685e+02
2.394353072737441437e+02
2.397161831371616927e+02
2.397438658707947354e+02
2.398135910397834323e+02
2.394156485253474500e+02
2.393796914509830174e+02
2.399245753047358676e+02
2.396145689696305965e+02
2.393979729884384824e+02
2.395528516635696690e+02
2.396807413904924715e+02
2.398116492302789311e+02
2.396008556308882191e+02
2.396242742035246067e+02
2.397259842235034739e+02
2.395963395982113582e+02
2.393000634255763543e+02
2.393181423515699464e+02
2.391744345239380038e+02
2.398650535094016902e+02
2.396539558127578005e+02
2.397729548526126280e+02
2.397075863097942374e+02
2.398394219089504986e+02
2.395393509355214690e+02
2.396988466094664147e+02
2.392998027623155224e+02
2.389011700626029722e+02
2.389265361648336068e+02
2.387555948832706747e+02
2.390513497894594366e+02
2.394196473603771267e+02
2.393545839502048977e+02
2.392272241898159280e+02
2.392333307360721903e+02
2.393761452780171624e+02
2.392279669982970063e+02
2.392479313783554744e+02
2.393300086993247078e+02
2.392003924900338632e+02
2.391938363241001468e+02
2.391828638141415411e+02
2.395504258362973644e+02
2.394105360621881573e+02
2.392769730755961461e+02
2.389298478623402389e+02
2.386833372220162630e+02
2.389952665813211752e+02
2.393459906680780023e+02
2.394918333193640763e+02
2.392007564391861649e+02
2.390703044248901961e+02
2.394571053148796693e+02
2.392077131535705803e+02
2.390711226553953850e+02
2.380033520366978337e+02
2.385356966701392309e+02
2.393228388161934390e+02
2.394735717370034536e+02
2.393413770312907616e+02
2.392449561762702217e+02
2.392328656057724459e+02
2.392348903021110971e+02
2.396633979599832003e+02
2.398075247841489670e+02
2.400231883751246187e+02
2.402776970592360897e+02
2.398466137469587522e+02
2.398616958884003623e+02
2.401165311705128715e+02
2.398710315327927844e+02
2.400073294988730765e+02
2.403736761446658363e+02
2.401989090794684216e+02
2.400754845702601017e+02
2.399419466630048134e+02
2.402667341669292966e+02
2.402433645916718490e+02
