1.001347334111276268e+02
1.002788693519083978e+02
1.001781747897396002e+02
1.000959093359575007e+02
1.001013753195400255e+02
1.000853748795123010e+02
1.001126022728756197e+02
9.951549194739406801e+01
1.000856584021025810e+02
1.001395677919891938e+02
1.001954338803501656e+02
1.007869964517287684e+02
1.006805131553179677e+02
1.001915144851439976e+02
1.003421522180119752e+02
1.003071625241115044e+02
9.953830498442891894e+01
1.003230926906030049e+02
1.003738557798735798e+02
9.975750792435268011e+01
9.973530507921067567e+01
1.001815006850851688e+02
1.001931829502498914e+02
1.003462692997712082e+02
1.003011352110271304e+02
9.948801684742095119e+01
1.001017853037418348e+02
1.001437228328836540e+02
9.983491354823645736e+01
1.000032299505842985e+02
9.991736479707223850e+01
9.986764972282476549e+01
9.988970168553134954e+01
1.009938712123153692e+02
1.027320451690875274e+02
1.007286643294139026e+02
1.002846020205969211e+02
1.007143945208735971e+02
1.000332421796011744e+02
9.990089568649371188e+01
9.993314239764303863e+01
1.006500129443489868e+02
9.978388866335724572e+01
1.000015892598888314e+02
1.001950275866851570e+02
9.977075494247385734e+01
1.000079175107616294e+02
1.002523589631163787e+02
1.005786803875179061e+02
9.979575529203918904e+01
9.992483615582411005e+01
9.985743226824213536e+01
1.002888203428471030e+02
1.013384214720638425e+02
1.011872789831008532e+02
1.001396201686769842e+02
1.002390455614913520e+02
9.998636471082379273e+01
1.003092791641881263e+02
1.006454504364447047e+02
1.002260289638262520e+02
1.002123318932363105e+02
1.006516591692473099e+02
1.007513224943516121e+02
1.002946960239066954e+02
1.003217881514937631e+02
1.000000956237573320e+02
1.001926493515145467e+02
9.994649535586871991e+01
1.003305143966712762e+02
1.002270875525575349e+02
9.955053711002402395e+01
1.002004512672367582e+02
1.001194216142517348e+02
1.003740002397777147e+02
1.004050972154760331e+02
1.001963914624527092e+02
9.977619580798216248e+01
9.992019193934778798e+01
1.003974879392278012e+02
1.000111094274316059e+02
9.963327845292819518e+01
1.005472579922405458e+02
1.004304002955307027e+02
1.000922512456931344e+02
9.999835778627573291e+01
1.003976857624856507e+02
1.007119374075854381e+02
1.001762820533004259e+02
1.003333943368845809e+02
1.002620901211171258e+02
1.007178612356822640e+02
1.000427538769530429e+02
1.005729929827556930e+02
1.002999654022223837e+02
1.006108795161031964e+02
1.000552704978240399e+02
9.994015600791482257e+01
1.006715640879803715e+02
9.986930147367307598e+01
1.004709217172181752e+02
1.002601501621902429e+02
1.005195303804816120e+02
1.006752594813701762e+02
1.006769838466086640e+02
1.002776096656171632e+02
9.988693118733135634e+01
1.003512344901324838e+02
1.005810013860802457e+02
1.000377692274025776e+02
1.002621257571069577e+02
1.003488869419777103e+02
1.006524400958659839e+02
1.019331530716730896e+02
1.019473833370957294e+02
1.014757991310022902e+02
1.009668702451412088e+02
1.008241725763750622e+02
1.007218646448766748e+02
1.006755453931652227e+02
1.007745721286245697e+02
1.006272984096358272e+02
1.006277713969340795e+02
1.004890711045933358e+02
1.007725279146230690e+02
1.006606348853920707e+02
1.010736834996133666e+02
1.004543991432110346e+02
1.003911485767347784e+02
1.000609474126705578e+02
1.005578348762855398e+02
1.010455963569126681e+02
1.009074267099776279e+02
1.015476148767038325e+02
1.003109629573482806e+02
1.002791288514902845e+02
1.002071532161449454e+02
1.006848359269401243e+02
9.996370787558493021e+01
1.001981232417970631e+02
1.001609842380992035e+02
1.013339878231810616e+02
1.029275209688242256e+02
1.011864971403224018e+02
1.000616555175391085e+02
9.995783656098443259e+01
1.000651359199314214e+02
9.995476582877758176e+01
9.983679721529709639e+01
9.972691094311124971e+01
9.975142775869454681e+01
9.918788326666829391e+01
9.951135454812568071e+01
9.909763584600979414e+01
9.944974384744284635e+01
9.919468980021066784e+01
9.927345872602769816e+01
9.916695474447362812e+01
9.887116307352539479e+01
9.918436067357447428e+01
9.895507437149177576e+01
9.917497052900306187e+01
9.889063741785230377e+01
9.901634676708459892e+01
9.872181252205594149e+01
