2.865165138898140071e+02
2.864369868114354745e+02
2.865176375961759732e+02
2.865649986111184262e+02
2.865289872855007047e+02
2.865585067490144979e+02
2.865069519174180641e+02
2.866747854562872249e+02
2.866414008664768289e+02
2.866293066090062780e+02
2.864933865623028169e+02
2.865388709577843542e+02
2.865014083339535773e+02
2.865215972165190692e+02
2.864922809667766046e+02
2.863628604505498174e+02
2.865235540386037201e+02
2.864914316103213423e+02
2.864130462229454110e+02
2.864776800552599525e+02
2.867533149595935242e+02
2.866458025872782969e+02
2.866977053580563393e+02
2.865749970531794020e+02
2.864750814721554093e+02
2.865753084559966055e+02
2.865818723453051575e+02
2.865119691238190285e+02
2.866492861124750675e+02
2.866126951319716341e+02
2.867089250239313856e+02
2.866632985113628251e+02
2.867489808562559688e+02
2.866083326880954019e+02
2.863776563115383169e+02
2.865606347700455103e+02
2.866049425916826863e+02
2.864641792165519405e+02
2.864406170175192869e+02
2.865435980556522964e+02
2.866494808873267175e+02
2.864913355842156193e+02
2.865883860651745181e+02
2.867300367873954201e+02
2.867277398732730944e+02
2.866655273707127094e+02
2.867853036779723084e+02
2.867364651996230691e+02
2.865274936535961388e+02
2.865556041590501195e+02
2.866693382901528366e+02
2.867561806311732653e+02
2.866976882619763956e+02
2.866180379145567372e+02
2.865099839816581948e+02
2.865023386957523712e+02
2.866834155468167182e+02
2.867625598518017114e+02
2.867438971366473766e+02
2.865864925690584073e+02
2.865689698556210487e+02
2.865654722748649306e+02
2.866329687529579928e+02
2.865380243167023195e+02
2.866344138233097283e+02
2.867095782788431393e+02
2.866409342499638910e+02
2.867330406377486725e+02
2.868320410997927752e+02
2.867829765126647317e+02
2.866562430392204419e+02
2.868855052049829624e+02
2.868663149050680659e+02
2.868187705704428936e+02
2.866964855311003930e+02
2.866445493310715733e+02
2.866448803373245369e+02
2.868224553008135445e+02
2.868793685572989602e+02
2.870226487734503849e+02
2.868596567459979383e+02
2.870431105245763206e+02
2.868657632166673466e+02
2.866960872801788014e+02
2.866963231210257277e+02
2.867137211899516274e+02
2.868338869909038635e+02
2.866361213585628889e+02
2.867823058938826080e+02
2.867088884643821416e+02
2.867688702211721079e+02
2.866806508085689416e+02
2.868009537151618815e+02
2.869351166354216502e+02
2.867287346585623595e+02
2.866837602278027930e+02
2.867257029535138599e+02
2.868082378548850215e+02
2.867522649060921367e+02
2.867230573934999711e+02
2.868546188613278787e+02
2.868850680538117217e+02
2.867890528160364170e+02
2.866747025914336859e+02
2.867012998779257487e+02
2.866352160014367882e+02
2.870040371971615514e+02
2.869227095815643906e+02
2.868663168061945612e+02
2.868765151018060919e+02
2.869432722773765931e+02
2.868785505658379975e+02
2.869813948594507451e+02
2.870048646043941289e+02
2.867913618292677143e+02
2.865976378513194049e+02
2.865863155820015322e+02
2.866828853833733888e+02
2.868743985436074126e+02
2.868110414556448973e+02
2.868682677930622731e+02
2.869290462759816478e+02
2.870115824439781704e+02
2.869074862604115310e+02
2.870203915497583580e+02
2.871051756351216682e+02
2.870174172463129025e+02
2.870025271435136460e+02
2.870030434135703103e+02
2.871206734547749875e+02
2.872387777699349840e+02
2.870941260385648661e+02
2.870446330847595959e+02
2.870256325408094540e+02
2.871794176214344816e+02
2.873007644780925034e+02
2.873763195027581219e+02
2.872409630156623166e+02
2.872761741171452172e+02
2.874322356270965315e+02
2.873616681062921430e+02
2.873252941301622059e+02
2.871443333397701849e+02
2.871995714103169917e+02
2.875222241905658507e+02
2.875743392367626257e+02
2.874757285691022162e+02
2.874534284707863776e+02
2.874083306069802575e+02
2.875451408891048573e+02
2.877534131787090246e+02
2.878751529868807779e+02
2.879728573486239043e+02
2.881495223235959315e+02
2.879556224319336479e+02
2.880761894988721679e+02
2.881803465454415232e+02
2.879066511769667045e+02
2.881110676522514495e+02
2.883810487583835993e+02
2.882061686203284125e+02
2.881464063796352661e+02
2.882479672318386292e+02
2.881720990977362931e+02
2.882668133250580809e+02
