2.339825810723539519e+02
2.350339947282942603e+02
2.360735383267493717e+02
2.368070904118329736e+02
2.371983182802530621e+02
2.374088928742723965e+02
2.377803407741996580e+02
2.380677513968788332e+02
2.382123552602539860e+02
2.380875806018777894e+02
2.385460629638582759e+02
2.387352158897759011e+02
2.387237430398442939e+02
2.389687945039595149e+02
2.386250385138873753e+02
2.386789377344835259e+02
2.396161812191587615e+02
2.390651298406509397e+02
2.389803446231008763e+02
2.395201745372357607e+02
2.396741703720807664e+02
2.397254987288438315e+02
2.397484852582028054e+02
2.399542317144099854e+02
2.400626886285885746e+02
2.400605987280960960e+02
2.397597097464376077e+02
2.400354073431269910e+02
2.404020938377709626e+02
2.400157571102500071e+02
2.401965222819133032e+02
2.399601395871112572e+02
2.399334502919648173e+02
2.405685761201609978e+02
2.401708790779160836e+02
2.404275488702708969e+02
2.405508814411247158e+02
2.403433240756994564e+02
2.407561057030426070e+02
2.403003698898307903e+02
2.407184281196538223e+02
2.405881358740318490e+02
2.403328631746157669e+02
2.407115847752448019e+02
2.403124737971072307e+02
2.407899714467391448e+02
2.403416994353942755e+02
2.407323455648045467e+02
2.408241678216099615e+02
2.406746189857494755e+02
2.409432749001371405e+02
2.409300977668939652e+02
2.408111834618005389e+02
2.412174634232523829e+02
2.404176423729662417e+02
2.411623408412341121e+02
2.406113184608334450e+02
2.411228190883300897e+02
2.408385735182323799e+02
2.410181262318642723e+02
2.413903580367496033e+02
2.407242890014811962e+02
2.411992240606651876e+02
2.407873622376213234e+02
2.416007047228371505e+02
2.410840595459602298e+02
2.411467731744839682e+02
2.413452949783569750e+02
2.413758847806579979e+02
2.412247845654873402e+02
2.416905685749280508e+02
2.409765700073365622e+02
2.411229026899570442e+02
2.413536045333728168e+02
2.411624716161475419e+02
2.413046399243273470e+02
2.410739517618196999e+02
2.412652503244719071e+02
2.411891256804745751e+02
2.415056226535893984e+02
2.414403295565484768e+02
2.412984171860225331e+02
2.412688313339440356e+02
2.415789820016161400e+02
2.410458719049586591e+02
2.414918715010412598e+02
2.414853978200640938e+02
2.418213764703359914e+02
2.414477761747436091e+02
2.416565608515905694e+02
2.415071876225044036e+02
2.416071922366911338e+02
2.415452332217405171e+02
2.414197571395601756e+02
2.415807550596411204e+02
2.409548933676341278e+02
2.414971472067080924e+02
2.416607880126688599e+02
2.415882633481716084e+02
2.411938470647531574e+02
2.419511136975966963e+02
2.414942571028302893e+02
2.415416589676995329e+02
2.413827624096140596e+02
2.417981045618339806e+02
2.414076554897663698e+02
2.419054533661835649e+02
2.415931328299366214e+02
2.418151606889921084e+02
2.415008696350198250e+02
2.416662152629113507e+02
2.416053947767281613e+02
2.417872663574484022e+02
2.419284832627151047e+02
2.412179491051641662e+02
2.421007943181307667e+02
2.417848460200538057e+02
2.419100474686339339e+02
2.416083724979563101e+02
2.419206655692049424e+02
2.416354782100877685e+02
2.418630357289605399e+02
2.418357790163979359e+02
2.420998999637065481e+02
2.419085947232247236e+02
2.419602250235259362e+02
2.419906474832872334e+02
2.416332378197020319e+02
2.417285540725835915e+02
2.419433474679778726e+02
2.419989424066987169e+02
2.416794510952363169e+02
2.424014985758376497e+02
2.421454706060455635e+02
2.419273626930002195e+02
2.422315953189067841e+02
2.419597248495688575e+02
2.423695585209056560e+02
2.418864568443126757e+02
2.419662416007423360e+02
2.417007021000096927e+02
2.418200573293669322e+02
2.421235872660535904e+02
2.419277148529332351e+02
2.418586572056086652e+02
2.418788636635020737e+02
2.418383733929119046e+02
2.419310090745776449e+02
2.421537738415932211e+02
2.419969432837444856e+02
