2.874197847273871389e+02
2.881029448379793507e+02
2.887024017708494625e+02
2.891440228262554797e+02
2.894746375962443494e+02
2.896829197928182680e+02
2.897090546813336118e+02
2.899402652493995447e+02
2.901138145405714681e+02
2.900764886298232454e+02
2.902782289986199089e+02
2.904320561698914389e+02
2.905258785330353817e+02
2.906092825457071740e+02
2.903424181164904780e+02
2.905709573108186987e+02
2.910023298348521053e+02
2.907416462543762350e+02
2.908250572027430394e+02
2.910434601841544122e+02
2.911187260477650511e+02
2.911294831296380607e+02
2.911599472202655647e+02
2.913622795125527318e+02
2.914266950337220692e+02
2.913168739029163135e+02
2.912046098796056981e+02
2.913344795023256211e+02
2.914875238816121623e+02
2.914652104821183798e+02
2.914875866393265937e+02
2.912859609683892472e+02
2.915196206048699992e+02
2.916055066621613605e+02
2.914517179056092004e+02
2.917996177083001044e+02
2.915783560808699235e+02
2.917587146789146004e+02
2.918073494460655297e+02
2.917066167683776143e+02
2.918224236280136097e+02
2.917746092191750336e+02
2.918635327711488685e+02
2.918061833283677515e+02
2.917444383439370768e+02
2.918313888184095504e+02
2.918065776823090687e+02
2.919018648854069511e+02
2.919574841578125870e+02
2.918602184594023470e+02
2.920216540297373626e+02
2.920432763143195984e+02
2.921733133956371944e+02
2.921340997735795213e+02
2.918281231562137350e+02
2.921489836525320811e+02
2.919821473147068787e+02
2.920819161321225579e+02
2.919610044918276230e+02
2.921240661036661663e+02
2.921727026460716274e+02
2.919956793937255384e+02
2.921356149604865209e+02
2.920889843753832906e+02
2.922703432691537273e+02
2.922320684286921164e+02
2.922399588666463615e+02
2.922332117738658326e+02
2.922161676805131378e+02
2.922605121886652455e+02
2.923263439270468211e+02
2.922256213561941536e+02
2.923266081119577393e+02
2.924185261941464660e+02
2.923125884861619284e+02
2.923480977591608507e+02
2.922738834625130835e+02
2.923349015963710258e+02
2.922404522449256206e+02
2.924341612500373344e+02
2.924244318793878961e+02
2.923371794792207652e+02
2.923915262767302465e+02
2.924721623796125982e+02
2.922325343023024402e+02
2.924733641671163582e+02
2.924714700417069366e+02
2.926019179868810056e+02
2.924428733610019435e+02
2.925232993407876165e+02
2.924479670096661152e+02
2.924913934503773021e+02
2.924052841188185425e+02
2.925006738851459431e+02
2.924128409863296270e+02
2.921869399820662352e+02
2.925424405043595470e+02
2.924386933164380480e+02
2.923951875665850935e+02
2.923387403171452092e+02
2.925053719004220625e+02
2.923996368358794484e+02
2.924185793025672524e+02
2.924727864190675177e+02
2.925782471329975465e+02
2.925396415230712819e+02
2.926576055007323589e+02
2.926344139354123399e+02
2.927252751835396793e+02
2.924570707724056433e+02
2.926398623856122754e+02
2.925967090527049663e+02
2.926279969941452350e+02
2.926166044132448292e+02
2.925016385775599588e+02
2.926878306893971171e+02
2.926740008865020286e+02
2.927606019804817947e+02
2.926905763044970854e+02
2.926865495306832941e+02
2.925769164668450912e+02
2.926591582159099403e+02
2.926693911893148652e+02
2.927444983020652103e+02
2.926848080815948947e+02
2.927877114657899824e+02
2.927206003883036374e+02
2.924971346085107484e+02
2.927383836671264135e+02
2.928528239790562679e+02
2.927234256602158098e+02
2.927507541555903003e+02
2.929146484812037556e+02
2.928973598287949471e+02
2.928145512119238560e+02
2.929194225460836378e+02
2.928601107937076335e+02
2.928418502842229145e+02
2.926653973494489378e+02
2.927657899261913030e+02
2.926286910401126420e+02
2.926227187646367724e+02
2.927920574291548519e+02
2.926354470590256369e+02
2.926605780833927497e+02
2.927502597726790441e+02
2.927136304794377679e+02
2.927207977045873690e+02
2.929059310589037182e+02
2.928878832786673456e+02
