2.399699458133420649e+02
2.400607350155669621e+02
2.399662305773964306e+02
2.396314962297627744e+02
2.398483514081021895e+02
2.398439430904392111e+02
2.397899264010147533e+02
2.398525744696383128e+02
2.396224626385145484e+02
2.398877028006439502e+02
2.395687048666776775e+02
2.395195228099815665e+02
2.399044321997597820e+02
2.395788973731149838e+02
2.397829272969499925e+02
2.396963205860077721e+02
2.399309225885332353e+02
2.396878620909951962e+02
2.398448380129547104e+02
2.399192320393931652e+02
2.398000851088677337e+02
2.394943983827272405e+02
2.395258774632557390e+02
2.395825040374653554e+02
2.397735203660930949e+02
2.398308954674301674e+02
2.397309541498065357e+02
2.399502180558706357e+02
2.399165665883173517e+02
2.397931007663504204e+02
2.397916849847582910e+02
2.400130398299918681e+02
2.401505213785853527e+02
2.401345607955046546e+02
2.400005069804108473e+02
2.398181132904409196e+02
2.401464053600360558e+02
2.400025004814533247e+02
2.398152236108620627e+02
2.399393151663292656e+02
2.399615793534220529e+02
2.400910098467972773e+02
2.405405521633117587e+02
2.402837059789732166e+02
2.401934842518142830e+02
2.405331447655385375e+02
2.402594866664204574e+02
2.401880975702172236e+02
2.401876371288651626e+02
2.402153246809913583e+02
2.403401014578647903e+02
2.407913111583515047e+02
2.405654570645662034e+02
2.405192571422667243e+02
2.405798601256143456e+02
2.404268013049120611e+02
2.405516089770441397e+02
2.403738057782863677e+02
2.404001364221798269e+02
2.404904346541452469e+02
2.409438419137870824e+02
2.407777803290969132e+02
2.406812531098682939e+02
2.408358080598316917e+02
2.404656989234816535e+02
2.409107183766400340e+02
2.409943124020621497e+02
2.407570884604071750e+02
2.408905202536444676e+02
2.411063009282783867e+02
2.413136511925669367e+02
2.409783512241922665e+02
2.410549109060365538e+02
2.411111301890849461e+02
2.408501862913818741e+02
2.412491352054194920e+02
2.413630566959219834e+02
2.412168902928217165e+02
2.416134123213197711e+02
2.411322394249015986e+02
2.413317235892324106e+02
2.413957597492997422e+02
2.413766968213758730e+02
2.415231835286213879e+02
2.413422360316517086e+02
2.415580082048871873e+02
2.415203647441309158e+02
2.416866316212753247e+02
2.413234406558599119e+02
2.413110370836021445e+02
2.416037857318663384e+02
2.418779255503683032e+02
2.418245185018157315e+02
2.416400872056086371e+02
2.413525735228944029e+02
2.415956213831038610e+02
2.417038213204469912e+02
2.417071884321248092e+02
2.417105627344119227e+02
2.418247943760749195e+02
2.417887514037314816e+02
2.416562949964410620e+02
2.420433036321186648e+02
2.419537213216692919e+02
2.420481636752059273e+02
2.421013220244406341e+02
2.420782369006319641e+02
2.421370425522276264e+02
2.421735044621916302e+02
2.423791317902428943e+02
2.420904230438621880e+02
2.420406949019481715e+02
2.423803286362234530e+02
2.424574349152363482e+02
2.424110715103836640e+02
2.421820853584858071e+02
2.425896597563318267e+02
2.425066517110815028e+02
2.425115255820361142e+02
2.427720577479801989e+02
2.426646276500503916e+02
2.428904529475691163e+02
2.424546548685656262e+02
2.427828867115129867e+02
2.428337946997716017e+02
2.425562637917414293e+02
2.427981374976966151e+02
2.427402294266229319e+02
2.426828898207965324e+02
2.428770632200053967e+02
2.428998654992718969e+02
2.426966604083118000e+02
2.427275838602469094e+02
2.430884572948591824e+02
2.428354642482469501e+02
2.431198914452987765e+02
2.430782439541985411e+02
2.434267397605127883e+02
2.430242178995602842e+02
2.432223616317140795e+02
2.429791339481497232e+02
2.429712900910079441e+02
2.433581793823071564e+02
2.434300637577394184e+02
2.432166007037140218e+02
2.432799271566033212e+02
2.436316677078960709e+02
2.431449370648346360e+02
2.432762257158865395e+02
2.434404263732576226e+02
2.433627079741022214e+02
