2.865997403501536951e+02
2.866513267752349634e+02
2.866019655043280068e+02
2.864069963722185435e+02
2.866709997925288462e+02
2.866247797094212615e+02
2.866284687932473503e+02
2.865381170879981028e+02
2.867007579779382240e+02
2.868085269449341581e+02
2.866256307159146672e+02
2.866566427011615588e+02
2.868858230366726048e+02
2.866823991478203766e+02
2.868139256771401620e+02
2.867644010420602285e+02
2.868548391419610653e+02
2.868821775220703785e+02
2.869356590520013128e+02
2.870232942492880284e+02
2.869940637933738685e+02
2.868338125953551412e+02
2.868146805969435604e+02
2.870384550835659070e+02
2.870765107478206914e+02
2.871623374967448967e+02
2.871707745291931815e+02
2.872693764040611200e+02
2.873360838275137326e+02
2.872396373898621960e+02
2.872955242493121659e+02
2.874610638753193257e+02
2.874671170549261774e+02
2.875697174595359797e+02
2.874673712452581071e+02
2.874403420219813938e+02
2.876693990445594977e+02
2.875180181912896842e+02
2.875003929422288707e+02
2.876117360757897927e+02
2.876289304063022882e+02
2.877913593499684453e+02
2.879167311042003234e+02
2.878874548094790953e+02
2.879787147499694697e+02
2.880731040532994598e+02
2.878660428331385219e+02
2.879332090952238445e+02
2.879976396743782630e+02
2.880563557668178873e+02
2.882391906846680172e+02
2.883429725759280586e+02
2.883970975547471767e+02
2.883350398039723927e+02
2.882667647704380443e+02
2.883427782186497552e+02
2.884395960381539794e+02
2.884174269111320541e+02
2.884376481134534629e+02
2.885877614991723590e+02
2.888358607683309174e+02
2.888057527467308319e+02
2.886324225546135835e+02
2.886296954647143593e+02
2.886882691989188174e+02
2.889353975410461999e+02
2.890593921374481852e+02
2.887809118171077216e+02
2.889888912780442638e+02
2.892373658239574752e+02
2.892256564694037593e+02
2.890764223581783199e+02
2.891826278231986294e+02
2.892478890121597601e+02
2.892461878633861261e+02
2.895051264491173129e+02
2.894276057429935918e+02
2.896006639213043741e+02
2.897451186292677789e+02
2.895238818551424060e+02
2.895631261393560294e+02
2.896783152799180243e+02
2.897161760667736985e+02
2.897742928767486319e+02
2.897979323368795690e+02
2.899576928383800123e+02
2.899012113352925439e+02
2.899099257006361654e+02
2.899206813747277351e+02
2.900298621831222476e+02
2.902208954219141219e+02
2.903418300441496172e+02
2.904260696398924892e+02
2.902788850082934005e+02
2.902737937151800338e+02
2.904472796044212828e+02
2.904019671739856108e+02
2.903987831863100268e+02
2.905055798682239470e+02
2.906067801317196881e+02
2.905278210586991463e+02
2.906007350159345037e+02
2.908789680688169597e+02
2.909176840390768461e+02
2.909266485244481828e+02
2.910083155282493976e+02
2.909510601618380292e+02
2.910852242919469859e+02
2.911663374993350430e+02
2.912710616003880659e+02
2.911249244792860509e+02
2.911686664854671562e+02
2.913702610700864852e+02
2.915334814842861419e+02
2.915259011688286819e+02
2.914471935351804746e+02
2.917046691267481719e+02
2.919075624438725640e+02
2.918556267511889359e+02
2.919009015656558290e+02
2.919558712074972391e+02
2.921420331195194535e+02
2.920558647915207189e+02
2.921636138429860239e+02
2.921802984288859193e+02
2.921077250730768355e+02
2.922624723127173070e+02
2.921701208315941471e+02
2.922755142850120365e+02
2.924840656912061831e+02
2.924912536527119187e+02
2.924774812399306825e+02
2.925112489756948548e+02
2.926852288930685404e+02
2.926481208477628115e+02
2.928475210159925268e+02
2.929194687280449330e+02
2.930559034963632712e+02
2.929181333291512033e+02
2.930271961774106444e+02
2.930400048152999375e+02
2.931430631885801290e+02
2.933187587503560394e+02
2.932630172453434625e+02
2.931278828503149612e+02
2.933860468260714356e+02
2.935250990528546140e+02
2.933721965290039293e+02
2.935616808627895011e+02
2.935731924828962178e+02
2.935906617758343486e+02
