3.402659272384984774e+02
3.402661763756197502e+02
3.402789165100098216e+02
3.402634025420419448e+02
3.402642696924061738e+02
3.402670374568464808e+02
3.402757963496740672e+02
3.402695451131534696e+02
3.402652223391758639e+02
3.402655735704339577e+02
3.402792310123869015e+02
3.402667757076059161e+02
3.402672995925394730e+02
3.402696748378023699e+02
3.402753391490221020e+02
3.402665201433974858e+02
3.402635973610144902e+02
3.402642075565197501e+02
3.402798532818328567e+02
3.402664780356004712e+02
3.402658548969335470e+02
3.402687650361577312e+02
3.402757012876813860e+02
3.402688905141782243e+02
3.402669140416434743e+02
3.402654805217716216e+02
3.402791742358081706e+02
3.402638761255229269e+02
3.402645304885950281e+02
3.402686691274800523e+02
3.402763638912919646e+02
3.402689472161487743e+02
3.402653528469667208e+02
3.402653944818409855e+02
3.402794620026728012e+02
3.402668581128909295e+02
3.402671821259262970e+02
3.402693425881160465e+02
3.402750964323361131e+02
3.402658994543018594e+02
3.402633750867201456e+02
3.402654488613639501e+02
3.402792145507010559e+02
3.402674006129257691e+02
3.402661884123286313e+02
3.402695834138137343e+02
3.402771298972814407e+02
3.402684780679871324e+02
3.402668429206609630e+02
3.402656166670155358e+02
3.402682939741937389e+02
3.402651454075091806e+02
3.402650006951996602e+02
3.402700021469892704e+02
3.402779529327514751e+02
3.402689500327342103e+02
3.402668079785993882e+02
3.402663570137116835e+02
3.402798341239831075e+02
3.402680546017446090e+02
3.402684366363609456e+02
3.402705449951524770e+02
3.402760938202433181e+02
3.402669352420198834e+02
3.402648135514443197e+02
3.402670569401439025e+02
3.402793893196882777e+02
3.402669928892366329e+02
3.402669935043111877e+02
3.402699733782184239e+02
3.402780618841151750e+02
3.402702447432768054e+02
3.402671669794900140e+02
3.402676651463947337e+02
3.402768881744588612e+02
3.402650710252831345e+02
3.402659667096764338e+02
3.402703381162007759e+02
3.402786114669555104e+02
3.402690954617561943e+02
3.402667295046722984e+02
3.402676813552712360e+02
3.402791960810607748e+02
3.402676928524086861e+02
3.402676011980191220e+02
3.402695635275933910e+02
3.402758246091821661e+02
3.402667435094699044e+02
3.402660660981755427e+02
3.402679165969873907e+02
3.402801857669862216e+02
3.402667095334634269e+02
3.402674447519743239e+02
3.402705267134911651e+02
3.402777257688620693e+02
3.402704969293952217e+02
3.402672226268451823e+02
3.402674444693628857e+02
3.402773814868718318e+02
3.402639788420157743e+02
3.402665228821069263e+02
3.402704979316516756e+02
3.402774610666279500e+02
3.402696166868363434e+02
3.402662148113083163e+02
3.402688826005644955e+02
3.402799706623987959e+02
3.402678555021872739e+02
3.402683881431717055e+02
3.402695533956208465e+02
3.402751144634875686e+02
3.402669383394607507e+02
3.402661240095837911e+02
3.402686061514049243e+02
3.402798535888607603e+02
3.402663455293618995e+02
3.402673614204266528e+02
3.402709471761536406e+02
3.402776316470903453e+02
3.402699537396379696e+02
3.402676665379161136e+02
3.402665672308659168e+02
3.402780741088556056e+02
3.402644319047078056e+02
3.402675019289321767e+02
3.402721047310370750e+02
3.402768203020999636e+02
3.402694390321411788e+02
3.402668161095648998e+02
3.402679702202443082e+02
3.402805351511653384e+02
3.402667322163458152e+02
3.402679136765433441e+02
3.402702047880301848e+02
3.402741771487960136e+02
3.402679899951331777e+02
3.402666480586402713e+02
3.402688307634721241e+02
3.402799219603410847e+02
3.402662285643819473e+02
3.402678747244912074e+02
3.402720492328562045e+02
3.402777022721357412e+02
3.402701494457208469e+02
3.402677615015513197e+02
3.402661396437128474e+02
3.402770655997365452e+02
3.402643402486717150e+02
3.402671031303293034e+02
3.402725166296640396e+02
3.402770798659796583e+02
