9.907273513152101430e+01
9.830733562296181560e+01
9.810064355178305107e+01
9.848677132816379753e+01
9.839208444923490049e+01
9.830498518196968405e+01
9.869513893222010381e+01
9.814933493165870004e+01
9.818937864129139825e+01
9.822104297561543262e+01
9.767446399228630582e+01
9.833943409434156990e+01
9.802242455364978468e+01
9.798977275006647858e+01
9.811847511697148150e+01
9.775731654549957739e+01
9.808255265858998939e+01
9.816008185383054752e+01
9.807976605210171783e+01
9.788714810374797537e+01
9.787820355190156363e+01
9.814924102780112491e+01
9.791066834823942600e+01
9.856621711709175315e+01
9.770325466933950054e+01
9.759230072957389268e+01
9.791669032073787093e+01
9.789849844328885808e+01
9.858332019197382579e+01
9.804646634312989306e+01
9.794755455541177014e+01
9.791113999042757143e+01
9.821589915068868493e+01
9.793183699949281618e+01
9.809197702854731915e+01
9.761536601431033944e+01
9.752810472950248766e+01
9.789600107234848281e+01
9.809442201852515097e+01
9.776977867587019944e+01
9.802933723186669113e+01
9.787089913506686401e+01
9.758457551415574471e+01
9.799736649353219775e+01
9.797389868424789938e+01
9.789258103096540253e+01
9.787343606812889618e+01
9.783529799069329158e+01
9.827692183167566498e+01
9.762664081380661685e+01
9.811408180182441185e+01
9.720230925686530554e+01
9.779152251243344551e+01
9.756178624583560577e+01
9.797183035132536588e+01
9.755449820570483155e+01
9.759624924818974989e+01
9.775984477401216566e+01
9.769341679265637879e+01
9.774906002893175128e+01
9.696539859357862667e+01
9.755513317687827168e+01
9.754171777300160784e+01
9.800682737502665987e+01
9.707465514943595508e+01
9.745058381032647787e+01
9.721587161177569669e+01
9.778241604708735224e+01
9.703337278437929569e+01
9.715152416497609522e+01
9.725215009250185005e+01
9.763107904628584777e+01
9.777547637108455092e+01
9.701210305873330242e+01
9.745493813667586380e+01
9.706405325825886621e+01
9.718934325925643236e+01
9.759654925595323505e+01
9.656293968831103314e+01
9.724814941098036059e+01
9.748137286974912286e+01
9.728844009866456588e+01
9.756180863644773638e+01
9.709609539527771460e+01
9.695416277774262426e+01
9.749601714157613230e+01
9.734859959398245621e+01
9.710213548712829379e+01
9.723787993045677069e+01
9.725238620639653675e+01
9.689200469764894308e+01
9.687878729960753788e+01
9.716999182276914837e+01
9.701268246758866098e+01
9.770120279682964792e+01
9.730605345218224045e+01
9.693910454612819194e+01
9.645388130509428493e+01
9.663871279942124204e+01
9.707286367584642051e+01
9.671810982866531958e+01
9.699228281837461907e+01
9.681844829989988455e+01
9.701628223995764699e+01
9.692047348008514973e+01
9.644966979192456336e+01
9.788113274004821562e+01
9.703540415085929283e+01
9.707985513027115587e+01
9.664947906850814263e+01
9.717604396659187671e+01
9.664878866753333853e+01
9.660506507597159498e+01
9.692406064957259559e+01
9.696593425101565344e+01
9.645917118030833137e+01
9.659063374117516787e+01
9.622380209757982072e+01
9.664300290156273832e+01
9.707000863215345987e+01
9.685678649073115309e+01
9.714912787664165705e+01
9.659370369348863505e+01
9.704781317019114795e+01
9.628671473812279658e+01
9.645444530599517918e+01
9.692980500702198299e+01
9.676372133082719529e+01
9.653087170688586127e+01
9.660515096716835615e+01
9.626102522034206288e+01
9.631126128088334326e+01
9.642514930959170272e+01
9.639231599016039809e+01
9.724168162267530136e+01
9.594447914240971897e+01
9.671513645739038623e+01
9.611010876566955119e+01
9.653860362387622729e+01
9.673830584746831107e+01
9.625809970334182708e+01
9.673026950254556766e+01
9.625097931440411969e+01
9.682384064692291759e+01
9.705838558998671317e+01
9.579575591331875728e+01
9.604970185807667349e+01
9.614689626945495604e+01
9.618249129401478115e+01
9.624711848136162473e+01
9.635918463578256876e+01
