2.869271520701674945e+02
2.870048543737287332e+02
2.869730600715880087e+02
2.869902036233447120e+02
2.869691894253600708e+02
2.871617987134018790e+02
2.871285106565360934e+02
2.870377465164544901e+02
2.869880429939108808e+02
2.870057725970878550e+02
2.871187830321812839e+02
2.870925367182212540e+02
2.872165075367092300e+02
2.871881226715249227e+02
2.871543732988466786e+02
2.873683982442029787e+02
2.873478469825604975e+02
2.872581728491560398e+02
2.873571000370881734e+02
2.874911024658616157e+02
2.874286813224767911e+02
2.874016770113192365e+02
2.874442605250901579e+02
2.875517101973833292e+02
2.874705893781858208e+02
2.876229164354053296e+02
2.875641151856209490e+02
2.876189744987823929e+02
2.877008489733746615e+02
2.876878614308232045e+02
2.878205666757925201e+02
2.878890819682312099e+02
2.878610765297113971e+02
2.878356817985734892e+02
2.878148847277040545e+02
2.876900011475990482e+02
2.878212686639581079e+02
2.878994700934248954e+02
2.879297072887213744e+02
2.878367170464879905e+02
2.879421904742056881e+02
2.880181800446474085e+02
2.879483797703128971e+02
2.880712177357865471e+02
2.879955316543828872e+02
2.881250815901023543e+02
2.882568588618382819e+02
2.881884093155690039e+02
2.881499407340179459e+02
2.883940871985349190e+02
2.883987332701371429e+02
2.882211754765497176e+02
2.883921069182697465e+02
2.884328911238343949e+02
2.884336303231801253e+02
2.884870494428731149e+02
2.885954313153692397e+02
2.885228719917971603e+02
2.885951141778967326e+02
2.885107355778293936e+02
2.886377720337514461e+02
2.886791162339243897e+02
2.887823495035589758e+02
2.888400836135504051e+02
2.887702999885446502e+02
2.888335089427278035e+02
2.889113881688012953e+02
2.889988875503201484e+02
2.888174500640116662e+02
2.890468174783625841e+02
2.890418453362754008e+02
2.891395547284143390e+02
2.890998037708694142e+02
2.889570127950155438e+02
2.890873689612895419e+02
2.891441238858528209e+02
2.892380211750149215e+02
2.893223266827690736e+02
2.892240248334447301e+02
2.894416031037961261e+02
2.893836526962806488e+02
2.894054615306319533e+02
2.895436421658278618e+02
2.893782708552222971e+02
2.895406561050230607e+02
2.896548927792884456e+02
2.894990326153040314e+02
2.895439292008729240e+02
2.896064485413131706e+02
2.895646264445580869e+02
2.894778625586724843e+02
2.896068327399588611e+02
2.897836796196702380e+02
2.898919452047386471e+02
2.899932770591001372e+02
2.898386031526795250e+02
2.897440329549193052e+02
2.898912172163922492e+02
2.900165619645409265e+02
2.902046858524952881e+02
2.901289085436691835e+02
2.900592083890626895e+02
2.901383348628620524e+02
2.902693617283584331e+02
2.901476751896240671e+02
2.902084128302671502e+02
2.905100489219575479e+02
2.904771510129148737e+02
2.902996828563574354e+02
2.901797291389907514e+02
2.903866341560607793e+02
2.903743919430046390e+02
2.904988802970729012e+02
2.907106004341446237e+02
2.906031109386973981e+02
2.905601096922713964e+02
2.904901451147073317e+02
2.906577416697119816e+02
2.907523719390331394e+02
2.907018477049558101e+02
2.910140081513835639e+02
2.910207127086379728e+02
2.909292934279156952e+02
2.909021741130484315e+02
2.908786417844780772e+02
2.910992364957136829e+02
2.912227814483820225e+02
2.910646325876124934e+02
2.910920281166923473e+02
2.911379060545703510e+02
2.910613420051612934e+02
2.910913759949171435e+02
2.911226411035229944e+02
2.914280330387015852e+02
2.916295057572182259e+02
2.913934185104232597e+02
2.914864218593103828e+02
2.915638740922569809e+02
2.915473707090110906e+02
2.915524475975581140e+02
2.915851482340363532e+02
2.917294538162364574e+02
2.916954192732083015e+02
2.920220933467545024e+02
2.918986870531851423e+02
2.916098374805237086e+02
2.917439611550837526e+02
2.919736170752528324e+02
2.920949446785160148e+02
2.921353155829282855e+02
2.921337036165005543e+02
