2.860459528350250480e+02
2.861219111782584150e+02
2.859812678609909540e+02
2.859200808942841263e+02
2.859973912569481058e+02
2.860796281240623671e+02
2.858777246945512047e+02
2.859558261250300575e+02
2.861522112052848001e+02
2.860777098723589802e+02
2.860270938312640965e+02
2.861485553507486657e+02
2.860932662846370818e+02
2.858803079820240214e+02
2.860251264888132141e+02
2.861352434176092743e+02
2.860064431315657316e+02
2.860245013350942713e+02
2.860782379649052132e+02
2.862673566997277703e+02
2.860085591743437021e+02
2.859745654594722168e+02
2.861320307690894538e+02
2.859544749251190865e+02
2.860942993834347021e+02
2.860793898754204179e+02
2.859995431357888833e+02
2.860389014271941051e+02
2.860749723172278323e+02
2.860280802242538698e+02
2.858266796710277617e+02
2.860550554982032168e+02
2.859560381220119893e+02
2.860037108830892407e+02
2.858303205987136835e+02
2.859516314596671691e+02
2.859459950680551970e+02
2.860776573828478604e+02
2.863161580285809578e+02
2.860869198802650430e+02
2.860465781724754493e+02
2.859558792534079998e+02
2.857039943445147969e+02
2.860369409753698164e+02
2.861975996029589737e+02
2.859143346712938296e+02
2.859942433663727002e+02
2.861132794930635441e+02
2.861776871594141767e+02
2.860578901719729288e+02
2.860830182784139311e+02
2.858661821840007065e+02
2.859711265744286379e+02
2.859842648678256296e+02
2.857873736890283567e+02
2.860760562903244022e+02
2.860789711268913607e+02
2.860688122259531383e+02
2.862390126379530670e+02
2.861491424246462998e+02
2.859649758338311472e+02
2.859358950328505102e+02
2.860040487505214628e+02
2.859604266414106064e+02
2.858258866483571410e+02
2.860444116133384682e+02
2.860963875070640370e+02
2.860761032178212417e+02
2.860942530232109675e+02
2.861629253408392515e+02
2.861409414572023024e+02
2.861092986470701476e+02
2.860582232466230721e+02
2.861910616195896750e+02
2.862753625663077628e+02
2.860601079996152407e+02
2.861484675423596400e+02
2.863638905885968029e+02
2.861095389012400005e+02
2.862003760819729905e+02
2.862002964175207467e+02
2.861188764751029225e+02
2.862196602868875175e+02
2.862010553136184967e+02
2.860828185719691987e+02
2.860234413748793258e+02
2.862841556314884315e+02
2.863259763052739686e+02
2.860274525484838364e+02
2.862723492725125993e+02
2.862488493465872352e+02
2.860319795594147649e+02
2.860599805101199422e+02
2.863009022870809872e+02
2.860730443075850076e+02
2.861905308961577816e+02
2.863375422954593432e+02
2.862751415521607896e+02
2.862812642225600257e+02
2.863552891031214358e+02
2.862548157038006593e+02
2.863160109290479909e+02
2.865024277066918330e+02
2.863887934717299117e+02
2.863098567397585725e+02
2.863540532224603794e+02
2.862119365304390044e+02
2.862996393012855947e+02
2.863765868741677423e+02
2.861203077659612291e+02
2.860944001569889679e+02
2.861843817436983954e+02
2.863818859922465094e+02
2.861798575554363993e+02
2.862052066490457491e+02
2.862340458448378513e+02
2.861604314267403311e+02
2.860472378314445336e+02
2.861579292170205804e+02
2.862880301981419962e+02
2.864608028740780128e+02
2.862575327233972189e+02
2.862909440566817807e+02
2.862993480963096999e+02
2.863625660992119037e+02
2.863645894051383038e+02
2.861101481568225040e+02
2.862180376245572120e+02
2.864178426889711204e+02
2.862156723430449006e+02
2.861306026127407449e+02
2.863857243228388825e+02
2.864271601472174780e+02
2.862412370775333557e+02
2.864399272312602989e+02
2.863107362261483786e+02
2.863613156147090990e+02
2.865437527915765372e+02
2.865463867612118634e+02
2.864985371632276951e+02
2.864892692794284699e+02
2.867369692468977860e+02
2.865819940985125527e+02
2.864334768941700418e+02
2.865162884023960714e+02
2.865806274368749200e+02
2.867046152987922483e+02
2.865057344086292233e+02
2.867148797084327043e+02
2.867555610609292103e+02
2.867058173184043994e+02
2.868911418177688688e+02
2.867665917113222918e+02
2.868229285912801174e+02
2.867347327916713198e+02
2.866853552137767451e+02
2.868947143902291828e+02
2.869902413080661177e+02
2.868228072713575898e+02
2.868787141482926017e+02
2.870663449100918001e+02
2.869029689662600617e+02
2.868607398212321300e+02
2.868942929277731082e+02
2.868495216470640230e+02
