2.868322489092675482e+02
2.868864514364625506e+02
2.868800658778756656e+02
2.869435162313595811e+02
2.868715808500351727e+02
2.868793944022915525e+02
2.871570106606574200e+02
2.869699764074199493e+02
2.869547297951317546e+02
2.869510441929021454e+02
2.870558860823961709e+02
2.869871579306860099e+02
2.867485258406470052e+02
2.866914855837509322e+02
2.868260545300185527e+02
2.869272323009149659e+02
2.872036999612163868e+02
2.871073985445080439e+02
2.868061613287101750e+02
2.867958691789880277e+02
2.870488982667890241e+02
2.868612534599216701e+02
2.869148321286479018e+02
2.869542791157050488e+02
2.868420284921207326e+02
2.868219818554937888e+02
2.867270888845382046e+02
2.869788309878931614e+02
2.870554406086396284e+02
2.869188143117203822e+02
2.866943097576959758e+02
2.869048326500823123e+02
2.868942753370733385e+02
2.868537763403916756e+02
2.865359044719323833e+02
2.866508832789285748e+02
2.868549627922030254e+02
2.868144235551886254e+02
2.870205048307407765e+02
2.870978102681570476e+02
2.867580305758967256e+02
2.866567845683956079e+02
2.868603631790051054e+02
2.870615259337095608e+02
2.871766488333384473e+02
2.869185251574938320e+02
2.869116099277189278e+02
2.870059261114006404e+02
2.871348526000772949e+02
2.870214558534610774e+02
2.868059760884639786e+02
2.867375854634108805e+02
2.868143237671445718e+02
2.868995516605481839e+02
2.867445541723856195e+02
2.868534510523995209e+02
2.870550218570868424e+02
2.870506818965441767e+02
2.868111115133148701e+02
2.865656647543546001e+02
2.867082540992948907e+02
2.872042024612154023e+02
2.868232839909705376e+02
2.866931295437616427e+02
2.869134065731318515e+02
2.870301542747154713e+02
2.867350467036672512e+02
2.868075288510686391e+02
2.871158766754303997e+02
2.871180936062189062e+02
2.867988412547688313e+02
2.868444841963693648e+02
2.871395363470749658e+02
2.871545173907750836e+02
2.870726058977787147e+02
2.869274983109630739e+02
2.870275665611523550e+02
2.871771814674671077e+02
2.870202809669124235e+02
2.869579882118151204e+02
2.872760735635952756e+02
2.872237231006329807e+02
2.869940932989534303e+02
2.869414276149663010e+02
2.871192634950013485e+02
2.871063326436469083e+02
2.872865438723145530e+02
2.872125375200118356e+02
2.869942504577334716e+02
2.869235123601548594e+02
2.870878758128852155e+02
2.872697563463000847e+02
2.871135927260370977e+02
2.870051251593934580e+02
2.870088890452789769e+02
2.872174128372852806e+02
2.872557006154317492e+02
2.870312378645201079e+02
2.870214889103878591e+02
2.872414075467648900e+02
2.874510925301991051e+02
2.870481545178823808e+02
2.870057887245773713e+02
2.872540697273372530e+02
2.872110788389294953e+02
2.869294061589698686e+02
2.871088282229187030e+02
2.872811753378156254e+02
2.872306797910253522e+02
2.869733379490474476e+02
2.871059495706452935e+02
2.872465905125506538e+02
2.872153743332273166e+02
2.869114129367647479e+02
2.867209243789077391e+02
2.867691476043429475e+02
2.869810126418576601e+02
2.871376062635216613e+02
2.869270295462789022e+02
2.867474414138027896e+02
2.870166836750782409e+02
2.872655948618127013e+02
2.870136410431762783e+02
2.869668570635298011e+02
2.872157341358807230e+02
2.872518061487415366e+02
2.869787546845196289e+02
2.869331507072719774e+02
2.872338966887935499e+02
2.874447136921484685e+02
2.871373859083785760e+02
2.872029671408554918e+02
2.874193167085687151e+02
2.873208981691736312e+02
2.869368041940201124e+02
2.870319090661474206e+02
2.871883403422851302e+02
2.872741553434622688e+02
2.874534647387010864e+02
2.874065172898232845e+02
2.870666467182214205e+02
2.871649133603546602e+02
2.872226390368467150e+02
2.872781642196651433e+02
2.872382814628310257e+02
2.873020977736417763e+02
2.874134046932784941e+02
2.876451600364821957e+02
2.873477663548613350e+02
2.872609020265407480e+02
2.875860321495322864e+02
2.876843256281762251e+02
2.874518312896843213e+02
2.874733499171310882e+02
2.878250556157913138e+02
2.878332545511980243e+02
2.876002681023041418e+02
2.876164871827272691e+02
2.878137927012134014e+02
2.879122779839545387e+02
2.877268675425577271e+02
2.875663881069443732e+02
2.877793641295126577e+02
2.879929304441025124e+02
2.879379140501211509e+02
