2.378972170881803834e+02
2.378992686582988370e+02
2.379919869410976787e+02
2.379792777063163101e+02
2.377428671637818240e+02
2.379922494060866995e+02
2.376191613481723834e+02
2.376258362004501521e+02
2.378105702272138444e+02
2.379328257474793133e+02
2.378095324218046756e+02
2.377787983202634621e+02
2.377181169789749617e+02
2.380077222920967870e+02
2.379493719670567771e+02
2.380119645649508584e+02
2.381473514217427976e+02
2.382476976349853146e+02
2.378973336676155839e+02
2.380584806924942711e+02
2.381105462452623840e+02
2.382988929228648942e+02
2.381928549512617508e+02
2.381939551729160485e+02
2.378254305344664488e+02
2.378342282645873809e+02
2.379828480272361730e+02
2.379868436646289922e+02
2.380508599306438953e+02
2.382299790891383964e+02
2.380010044762472887e+02
2.377591106332841946e+02
2.384110180686341494e+02
2.382394016783688073e+02
2.374899074829671974e+02
2.377437432908197934e+02
2.381210372947365386e+02
2.381177149470755978e+02
2.379848121054585590e+02
2.377927290784724903e+02
2.379140911100718370e+02
2.378637413186642391e+02
2.379069046287754645e+02
2.381673759342378673e+02
2.381933944004817079e+02
2.382473653996627547e+02
2.379082277916782004e+02
2.381356599090033797e+02
2.381113903345194558e+02
2.381097763226546249e+02
2.384313090902405463e+02
2.382597045933809738e+02
2.380589976245735500e+02
2.377633218451891537e+02
2.380184300053331015e+02
2.382815948515027458e+02
2.385536498493137003e+02
2.380733882113732989e+02
2.379364155989162839e+02
2.380161294668623668e+02
2.379292369213137306e+02
2.379886008330423977e+02
2.378420637391824357e+02
2.378136849747183987e+02
2.379658013329671746e+02
2.381454506120668384e+02
2.380397562066277430e+02
2.378251073065415824e+02
2.380209012985918662e+02
2.382873891153882084e+02
2.383309788163647625e+02
2.380348890640592288e+02
2.379946848769144481e+02
2.379412076194936390e+02
2.382185503175288659e+02
2.379993928248555619e+02
2.380037944483453032e+02
2.377350936561075514e+02
2.377300076572035721e+02
2.379944473398225853e+02
2.380943538334124980e+02
2.382229364753550271e+02
2.382819853325617032e+02
2.380604091100459243e+02
2.382460620503569260e+02
2.383657528801463741e+02
2.381623818421534224e+02
2.380267442446738926e+02
2.380974194185268971e+02
2.380487349427915262e+02
2.385572320588164530e+02
2.380379028541707669e+02
2.380766629367114149e+02
2.380006624927208065e+02
2.377403355113371219e+02
2.377082703118842062e+02
2.379409136056633258e+02
2.380353880641347644e+02
2.378620410871877766e+02
2.377128659289294319e+02
2.381216342912501034e+02
2.379539436707379707e+02
2.379438459325225779e+02
2.379664559760016971e+02
2.375258920933996194e+02
2.377314692767390909e+02
2.380996018839874750e+02
2.377598197189412588e+02
2.379771712453367911e+02
2.377356500257244249e+02
2.380479920825521560e+02
2.380245797031431891e+02
2.377515318446636741e+02
2.378204734135016167e+02
2.378862369048373182e+02
2.374409338890990000e+02
2.375514470192354111e+02
2.376913503824685279e+02
2.377414065474838765e+02
2.376169564091123618e+02
2.377218487447786686e+02
2.377331032554736510e+02
2.376957741058183444e+02
2.376591091222032901e+02
2.375098797689326204e+02
2.374461205232117607e+02
2.373358722006220205e+02
2.372764662663441868e+02
2.375254836370687599e+02
2.377529668664169833e+02
2.378989069799942229e+02
2.375173885377373892e+02
2.373567307523808552e+02
2.371141645546634891e+02
2.374531787443997075e+02
2.376985937238705731e+02
2.376985121728679644e+02
2.372758077522146607e+02
2.377870589250236151e+02
2.374961594135802159e+02
2.375556987950552923e+02
2.377871361224815985e+02
2.369661170693843530e+02
2.369881059681762281e+02
2.374706310457911513e+02
2.379226307035434900e+02
2.376882101223615393e+02
2.374648102839556714e+02
2.377392756836878789e+02
2.378434108333587744e+02
2.378261138974595781e+02
2.376961738057295577e+02
2.378675124281702153e+02
2.377361778727136823e+02
2.381283044572502092e+02
2.377914872863172207e+02
2.377110880065833101e+02
2.377579073851094620e+02
2.374556288946588154e+02
2.373820993755787470e+02
2.378827233111316843e+02
2.376571670677576833e+02
2.377909721945409274e+02
2.377364668100267693e+02
2.377702117478287107e+02
