1.033149835447555489e+02
1.031385423832488755e+02
1.024724062485573626e+02
1.031402916108169023e+02
1.029973765957541900e+02
1.028087874401030035e+02
1.031160328334118361e+02
1.029578097391735554e+02
1.030299507416081042e+02
1.024431066870873224e+02
1.030675746694693231e+02
1.034877551823500426e+02
1.029623483399998349e+02
1.027871747466561061e+02
1.030955086633380375e+02
1.028117279104099708e+02
1.025201303119790879e+02
1.029906349144043247e+02
1.027829753043046850e+02
1.024801115238705620e+02
1.025000074675672295e+02
1.028239731845988985e+02
1.024814382146717691e+02
1.037293756377647895e+02
1.029400416823037148e+02
1.024575638269254370e+02
1.025685042808388516e+02
1.028175655596442226e+02
1.024425226603625703e+02
1.028151720476884776e+02
1.033513089917843786e+02
1.024591129600459993e+02
1.027090243470547222e+02
1.035557966564630448e+02
1.048027607338816125e+02
1.029857827560443440e+02
1.024953540904608786e+02
1.027492742357386533e+02
1.031220105966390719e+02
1.025788906214422127e+02
1.031129456668194138e+02
1.031298954711868561e+02
1.026058379428093303e+02
1.028279249716767225e+02
1.027627718228412732e+02
1.026763934058784997e+02
1.028687700674381063e+02
1.026282864694255750e+02
1.027674485940264759e+02
1.022385141829087587e+02
1.025880693714268688e+02
1.026814558072355226e+02
1.030785834140970536e+02
1.036093636538356577e+02
1.029785802885813837e+02
1.028149743863415893e+02
1.023070635812420761e+02
1.024335469923910296e+02
1.038235231168720389e+02
1.029192371830416732e+02
1.022122205450961445e+02
1.029149732247090441e+02
1.031573274330591516e+02
1.032634493093393075e+02
1.030648509912453363e+02
1.029175403482020670e+02
1.029120298490923489e+02
1.025062249511357777e+02
1.025580890456145795e+02
1.022383122495506313e+02
1.032026059441247270e+02
1.029924447874952449e+02
1.027742392739014576e+02
1.022876712868845175e+02
1.030698724522277274e+02
1.033803654857037486e+02
1.027665452698020090e+02
1.027046270638451233e+02
1.030831051002618750e+02
1.026409708661857394e+02
1.027753408726336346e+02
1.020451124845822193e+02
1.030861397444175083e+02
1.027063092192126419e+02
1.027357048772565662e+02
1.026736830126533278e+02
1.026855988862866553e+02
1.027673389648425228e+02
1.030615557439729315e+02
1.021766288038798933e+02
1.025806303622333218e+02
1.028496972824116256e+02
1.027859238322463824e+02
1.031070777599920802e+02
1.031283913294544732e+02
1.028083892145574936e+02
1.028537408005709466e+02
1.032663432394928833e+02
1.029978006375912400e+02
1.025181664806418098e+02
1.029230282780234091e+02
1.027645744313081622e+02
1.027563978009641090e+02
1.031831767311009997e+02
1.030013131135808777e+02
1.028114760370521594e+02
1.031504728122390446e+02
1.031866291682626411e+02
1.028607145738897231e+02
1.032142373104897644e+02
1.028111471119860170e+02
1.024888289486198829e+02
1.031139257447039910e+02
1.040109271085731422e+02
1.044228655974800830e+02
1.035206594773896569e+02
1.025651181547791140e+02
1.036206542259851631e+02
1.031807336573794487e+02
1.024372507351493056e+02
1.033279650301612804e+02
1.032237313050868437e+02
1.031467766415846086e+02
1.032320650847058232e+02
1.031448984680057919e+02
1.037811834515747051e+02
1.027310876204771830e+02
1.032780292150771260e+02
1.029970330480537513e+02
1.031038243067576445e+02
1.029917782023838271e+02
1.031887704791681273e+02
1.028491278747052178e+02
1.042184723527718688e+02
1.031914840754721325e+02
1.032371032639803303e+02
1.030186749925217242e+02
1.029893372737917048e+02
1.030153667919619238e+02
1.029590515276446467e+02
1.024009370763682654e+02
1.040335062757647364e+02
1.044004698976664969e+02
1.032568067773050871e+02
1.030308405470394888e+02
1.024576914179024953e+02
1.028194104580203572e+02
1.029146234633024477e+02
1.023171574181665875e+02
1.027241439474561275e+02
1.030901347866813040e+02
1.022329939829045884e+02
1.022771850199832215e+02
1.021161407404434271e+02
1.025856148480420273e+02
1.024532430221042461e+02
1.027183271291095679e+02
1.028186232752487967e+02
1.024746290795890218e+02
1.025060403679184020e+02
1.030263739860736365e+02
1.022309883411430178e+02
1.020990929842716781e+02
1.029088696893101798e+02
1.020311787950960678e+02
