2.861389771025127970e+02
2.859320328960154143e+02
2.860014244579679712e+02
2.860107770255141872e+02
2.859563879437028504e+02
2.859174990915868761e+02
2.859008742027834273e+02
2.858792345209870405e+02
2.859421103228162906e+02
2.861249425032843305e+02
2.859979600161654503e+02
2.859724280304814670e+02
2.860116410858414042e+02
2.858887394028772064e+02
2.860142101872333456e+02
2.861336228796276941e+02
2.861468199496268880e+02
2.861056467935680985e+02
2.861521314009184493e+02
2.860100355651200630e+02
2.860538210059199855e+02
2.860589575523645749e+02
2.860388352044230373e+02
2.859412876302747009e+02
2.858009668824481082e+02
2.859344661820314855e+02
2.859181885475970262e+02
2.859657687740833012e+02
2.859135573710581184e+02
2.859289978860862789e+02
2.860149909798709018e+02
2.858871169977308568e+02
2.859804418008555444e+02
2.859441261395458014e+02
2.857653249414454990e+02
2.858550641124393792e+02
2.859169485283755989e+02
2.859514879215833503e+02
2.858969438013972990e+02
2.859481196527291900e+02
2.859461310586307832e+02
2.860173746042647736e+02
2.860185877182258878e+02
2.860329561489112962e+02
2.860840704344900018e+02
2.859243166307693969e+02
2.858509829078086568e+02
2.860261483207617061e+02
2.860250670855302815e+02
2.860988613158253315e+02
2.859818593863412843e+02
2.858909253513726298e+02
2.859983592647869841e+02
2.858753761764135106e+02
2.858028934226502429e+02
2.858119431668752100e+02
2.857644968761246673e+02
2.859146847629294257e+02
2.859913086016076136e+02
2.859698203520500215e+02
2.858957961628294697e+02
2.860754345851173639e+02
2.859795898550397055e+02
2.858100742711127964e+02
2.858489857828857907e+02
2.861515090160223735e+02
2.860982258911002987e+02
2.861194657388027167e+02
2.863115035568349072e+02
2.861586729316704236e+02
2.860419283055278470e+02
2.861105181435192435e+02
2.861224909231142419e+02
2.859838105062057707e+02
2.860996209431271495e+02
2.860566289919786982e+02
2.860512070172144945e+02
2.861493367251734981e+02
2.861213391503344496e+02
2.860889482130103829e+02
2.861638037462476518e+02
2.861468951565896077e+02
2.859924090581378664e+02
2.860534881825091702e+02
2.861160195441147494e+02
2.861908975006468268e+02
2.862781846525894593e+02
2.861856587137461929e+02
2.862446010296666827e+02
2.862435891699691410e+02
2.862310559657228737e+02
2.863654192256377087e+02
2.863253503317768605e+02
2.862084297314927994e+02
2.863723733692789324e+02
2.862613963090447555e+02
2.862472946010653345e+02
2.863240981142088799e+02
2.863008212118988354e+02
2.863152043570409546e+02
2.864784881282394622e+02
2.863620295762275987e+02
2.862467484419157131e+02
2.862594015531792024e+02
2.863886682735314366e+02
2.862622030446187296e+02
2.864478219403557091e+02
2.863901053269572117e+02
2.863624099185105933e+02
2.865201421111058266e+02
2.864101561678391477e+02
2.863771234744622234e+02
2.863994516281122173e+02
2.862646046761055345e+02
2.861220217579435143e+02
2.862412850871936598e+02
2.862729005191026204e+02
2.861310864317528626e+02
2.862069202435722559e+02
2.862872980130145493e+02
2.861838918673957437e+02
2.862761615988803214e+02
2.863776608382735844e+02
2.863880661305210538e+02
2.863970768447697992e+02
2.861929362544274795e+02
2.863847628986097220e+02
2.863152078618563223e+02
2.862617882183496931e+02
2.862457382797918513e+02
2.865267385614470186e+02
2.864700835279475086e+02
2.863915369057550038e+02
2.862542706454752874e+02
2.862941604370046775e+02
2.863124356522560561e+02
2.862552852001261385e+02
2.865160357134429319e+02
2.865601174543342609e+02
2.865139077935170349e+02
2.866542846441088273e+02
2.867362251569406908e+02
2.862042981602040754e+02
2.863458520740857125e+02
2.865726075573745675e+02
2.864716262715493826e+02
2.866566774679358787e+02
2.868323491797581823e+02
2.867219726562333904e+02
2.868270729444191716e+02
2.868807655476223317e+02
2.868492385038199473e+02
2.870551805040385602e+02
2.869951180190861919e+02
2.870790204735341717e+02
2.870720680238976570e+02
2.870777340322937903e+02
2.870567904645101294e+02
2.870272273421936120e+02
2.871162932931368914e+02
2.870403622417784959e+02
2.871153892564672105e+02
2.871427340026004913e+02
2.870221821112897942e+02
2.871553703135139699e+02
2.871673493638093646e+02
2.871479358595431108e+02
