2.864593041019630277e+02
2.864238893807615227e+02
2.863490960434379531e+02
2.864294378642593983e+02
2.865607590356658534e+02
2.866942032051341016e+02
2.866697251517264249e+02
2.864804920901178775e+02
2.864761636531792419e+02
2.867053675354592883e+02
2.866884565525951416e+02
2.865237925392016223e+02
2.863274459640405780e+02
2.864650214208292596e+02
2.867071775426809950e+02
2.866905329289911606e+02
2.865653658278307034e+02
2.866663023517875217e+02
2.866145594424382921e+02
2.865833994342660844e+02
2.867211119782998026e+02
2.868056227929067177e+02
2.868393666300540872e+02
2.867523304907982720e+02
2.867098415596419159e+02
2.867435029044906969e+02
2.867110185524652479e+02
2.866445475249030892e+02
2.866113485710484952e+02
2.866030687188661545e+02
2.866157987101003641e+02
2.866042062455728114e+02
2.867754146459787989e+02
2.866999792022566567e+02
2.864625413975083461e+02
2.864303368182784766e+02
2.864950461693802595e+02
2.865241098179052983e+02
2.865097735520128026e+02
2.865555063582871753e+02
2.865431572356182528e+02
2.864541964064607669e+02
2.866328288234798833e+02
2.866901273947880213e+02
2.866276505063316904e+02
2.866682505856731495e+02
2.867062971364403552e+02
2.865634018483372074e+02
2.865218080748290390e+02
2.866142463954236064e+02
2.866688209601309723e+02
2.866555106225354734e+02
2.865706074588200067e+02
2.863107662449895088e+02
2.864316043362990740e+02
2.865756171660119094e+02
2.866007518869900537e+02
2.865740752855796813e+02
2.866109875123390793e+02
2.866593683809693971e+02
2.865964606372792218e+02
2.866473727451717082e+02
2.865997405267262934e+02
2.865535553219794451e+02
2.866231342460801557e+02
2.868654631620553914e+02
2.867724501212930477e+02
2.868405740934560413e+02
2.868185149510028396e+02
2.867655762768440013e+02
2.867245079129641567e+02
2.867479149519437556e+02
2.868588559689900421e+02
2.869022126820635208e+02
2.867924049421861810e+02
2.867576221176456670e+02
2.867328656859253329e+02
2.867618495933747909e+02
2.868021317411773339e+02
2.868904264580466474e+02
2.867454655160166226e+02
2.868797612402917707e+02
2.868715441303089051e+02
2.869154831009911959e+02
2.865963041311788970e+02
2.867794147599765324e+02
2.870435922110654587e+02
2.868827564956365563e+02
2.867191795091141557e+02
2.867774642299776247e+02
2.867796498219585715e+02
2.868147108808402095e+02
2.869326223053699891e+02
2.869158992223196378e+02
2.867867577579517615e+02
2.868035851576296409e+02
2.868026864499864246e+02
2.868571303694736798e+02
2.868114123272434313e+02
2.867567333332859221e+02
2.869194298699644037e+02
2.870021070790263593e+02
2.869208498436019568e+02
2.868766660683206737e+02
2.870672437185563695e+02
2.870958136468023554e+02
2.869082144807798613e+02
2.867900549481099119e+02
2.868891416254775208e+02
2.869132215866964088e+02
2.868427202438001018e+02
2.867951876679416046e+02
2.870296095016098548e+02
2.868075729261531137e+02
2.866309039777573275e+02
2.866668597242605188e+02
2.866524146663036845e+02
2.866663136485440759e+02
2.867570578072561034e+02
2.868786969088117189e+02
2.868545883531576806e+02
2.868223542862595536e+02
2.869096105135647576e+02
2.869927235180841762e+02
2.869027917965686925e+02
2.868437396182168300e+02
2.868314150176744306e+02
2.868802817301438495e+02
2.870113877514322667e+02
2.870600500331031526e+02
2.869271767143402485e+02
2.870096382093468605e+02
2.870113834942918629e+02
2.868688597145499557e+02
2.870858561371043152e+02
2.872293186691253482e+02
2.871656275113693937e+02
2.871577716410902781e+02
2.871958178087345459e+02
2.872536787513226386e+02
2.875048007948168447e+02
2.874498164148615729e+02
2.872114032632821932e+02
2.871031642695666619e+02
2.872526142462479015e+02
2.874664235372688950e+02
2.875454715848638330e+02
2.875542208547511791e+02
2.875079725484593496e+02
2.876155054481169486e+02
2.878233830101049193e+02
2.877769135784770356e+02
2.879232222487256081e+02
2.881776733078953043e+02
2.879351524230965538e+02
2.878577403475696315e+02
2.879307965925763142e+02
2.879376999717342187e+02
2.880345032921753727e+02
2.880323266533513902e+02
2.879379514335396379e+02
2.880125232260126609e+02
2.879677352267065658e+02
2.880730065371636215e+02
2.881278386956784061e+02
