2.395278460012137600e+02
2.396150443535181296e+02
2.393824476503161520e+02
2.394556543180289339e+02
2.396714851989457884e+02
2.393494264321961964e+02
2.393111899590320775e+02
2.395087365397163524e+02
2.393030180205552995e+02
2.393413595506314095e+02
2.393269471745528278e+02
2.395261734011124588e+02
2.392589359770656472e+02
2.395188279939428924e+02
2.390907171705084409e+02
2.395860782880007491e+02
2.394341281275617348e+02
2.393291989303229741e+02
2.396174903842901642e+02
2.394594853342650538e+02
2.394429101418073458e+02
2.394265051636865849e+02
2.398241803778577150e+02
2.392347411698422093e+02
2.396553203194610262e+02
2.396443025405726246e+02
2.393512567789893808e+02
2.395006864623556737e+02
2.396116184341605901e+02
2.396479473840755361e+02
2.393282674990734904e+02
2.396452353677361771e+02
2.397796683393029014e+02
2.396413778978215703e+02
2.399280133760603348e+02
2.400046401449323241e+02
2.397616363496568113e+02
2.399211245948388012e+02
2.401221062557517314e+02
2.398013860544118643e+02
2.400495908567597496e+02
2.401112550551077902e+02
2.398558878498008653e+02
2.400610258254198186e+02
2.400387398360176974e+02
2.404087932056454235e+02
2.398769081540744708e+02
2.399986394062648287e+02
2.401139282384583851e+02
2.399782103367239472e+02
2.402740454572821136e+02
2.404079034653206008e+02
2.404062716811337168e+02
2.400765456295147260e+02
2.401996514882719396e+02
2.399871548120654552e+02
2.399346923763158941e+02
2.403538257985784696e+02
2.400860959557346916e+02
2.402236696070633570e+02
2.402494414490242036e+02
2.398072177322183052e+02
2.401755975330334820e+02
2.399551022880671951e+02
2.402102120274270192e+02
2.397583636887316061e+02
2.400236476268111971e+02
2.402726207904829892e+02
2.398104927249335958e+02
2.400668457120095525e+02
2.400347712590949811e+02
2.400846234575205074e+02
2.401515878296285393e+02
2.399382218274376726e+02
2.400572867397290509e+02
2.398901339702186988e+02
2.400122468377619782e+02
2.398830280628323806e+02
2.396550681933278781e+02
2.400252848332716269e+02
2.397107737880875220e+02
2.397403158111452797e+02
2.396819542877545928e+02
2.397444954073521330e+02
2.398748105265745778e+02
2.396220433171776278e+02
2.396456028121342570e+02
2.395514687831190770e+02
2.393985448787650228e+02
2.396529951331701795e+02
2.397249734895003712e+02
2.395293448324100325e+02
2.393808980135827369e+02
2.398638209412901290e+02
2.396906021954477239e+02
2.398194353914817611e+02
2.399633441387363462e+02
2.393932500413119726e+02
2.393636098027472201e+02
2.396098500511455143e+02
2.395906563988932874e+02
2.394267018182625861e+02
2.397183357996516122e+02
2.394710532923109838e+02
2.392613137458691597e+02
2.397658102214487315e+02
2.395441750424156453e+02
2.397852286361834047e+02
2.398110387658395837e+02
2.399438610180974081e+02
2.397919611197501126e+02
2.398797750619843043e+02
2.396903015662522591e+02
2.398497774184033062e+02
2.401412128972942810e+02
2.401850852293365506e+02
2.398920190386241700e+02
2.400426231713155687e+02
2.398899495043640400e+02
2.398976320675095906e+02
2.399731745616229546e+02
2.400690454279897210e+02
2.399349011993661804e+02
2.399459966632799421e+02
2.398565700648036909e+02
2.399713876422322585e+02
2.392875418509873100e+02
2.398144543514248710e+02
2.395201417938435782e+02
2.397710280240220300e+02
2.397903841577604283e+02
2.398802165988004163e+02
2.397038198429468991e+02
2.396742699175237306e+02
2.397234271430693582e+02
2.393784330539475889e+02
2.398264589536223923e+02
2.396470295721841524e+02
2.396143912197500470e+02
2.398157138147487615e+02
2.392000888071426914e+02
2.394880596140058913e+02
2.395485834931929219e+02
2.393506975127887415e+02
2.394026793535526565e+02
2.395577700697438104e+02
2.393463878752735354e+02
2.392312030554802504e+02
2.399184313052716107e+02
2.392947748332222488e+02
2.396155023893923897e+02
2.399497948884925336e+02
2.396093718891973197e+02
2.399146179100165739e+02
2.396564224450143001e+02
2.399982139001287749e+02
2.399915765332661124e+02
2.395392701257261194e+02
2.394749865039800625e+02
2.397922934512058362e+02
2.396536611821090901e+02
2.397725760071858758e+02
2.397628974406388807e+02
2.396457483510089617e+02
2.401019117492426176e+02
2.402032224168173968e+02
2.397039482420131833e+02
2.397644183782380480e+02
2.395409487922181597e+02
2.396064312723578951e+02
2.398268014881624879e+02
2.395337860632060085e+02
2.396492387344066799e+02
2.394283262059248898e+02
2.395595113151344151e+02
2.396250995158687829e+02
2.394300881215617380e+02
2.398481906203462302e+02
2.395188648543140744e+02
2.399118491064116370e+02
2.398436484166167872e+02
2.395375934887461824e+02
2.397204954730857480e+02
2.396706149204795793e+02
2.397800973590178444e+02
2.398235080476541441e+02
2.397048031298337776e+02
2.397417125992595572e+02
2.396594427060656471e+02
2.394954698600921290e+02
2.397193887517836117e+02
2.395137390311442687e+02
2.393235546122883477e+02
2.396035789771694056e+02
2.396277085587279032e+02
2.395368234139848482e+02
2.395262179541205398e+02
2.399281215937794514e+02
2.397802285252367653e+02
2.397202292003699711e+02
2.396680848438888916e+02
2.398319010403868958e+02
2.400652244041934011e+02
2.399653066525985423e+02
2.399369616820756335e+02
2.400971748963489745e+02
2.395097954601510821e+02
2.398461011019124669e+02
2.398301641682635079e+02
2.399153162160669979e+02
2.396783619538408345e+02
2.397267604319345367e+02
2.400338649248450338e+02
2.399492953643611770e+02
2.399547391333170197e+02
2.398073559935639878e+02
2.396849619176001340e+02
2.397711384610164771e+02
2.399238022091913081e+02
2.398702209696230341e+02
2.394860300200998893e+02
2.399074256319352401e+02
2.399890116516438354e+02
2.396355451676202790e+02
2.398506667597552848e+02
2.397768738281494052e+02
2.396433169488354906e+02
2.399058275030070888e+02
2.398215912199099478e+02
2.397721042846492026e+02
2.396872935017360362e+02
2.398704550629187224e+02
2.399496101473366707e+02
2.394039211614530416e+02
2.394077552324638134e+02
2.395780461249661641e+02
2.394931904351422247e+02
2.400200643443034778e+02
2.396365733856522411e+02
2.397569997306046901e+02
2.396675924777557896e+02
2.396961330439728783e+02
2.392418869916270978e+02
2.393281353388620118e+02
2.397894267369534873e+02
2.396482024811182328e+02
2.395144482455556556e+02
2.397507071966734600e+02
2.393498322094260118e+02
2.393397274393930729e+02
2.397076268281064984e+02
2.394188910951511673e+02
2.392773796915329569e+02
2.396342872142766964e+02
2.397078476979768311e+02
2.399942904089588467e+02
2.396344906114217963e+02
2.397259875512596921e+02
2.399257653014435903e+02
2.398605753146389361e+02
2.399094866050980954e+02
2.395673831327956975e+02
2.395342918880285197e+02
2.398490489307571636e+02
2.400627222926008244e+02
2.398575338368591190e+02
2.396375656483234309e+02
2.396031881751273716e+02
2.396764169480313456e+02
2.399183721347461642e+02
2.396265956480832529e+02
2.397248669346979568e+02
2.396439040563891751e+02
2.395626203908415448e+02
2.399659210438744879e+02
2.400283638052422646e+02
2.396345482587234699e+02
2.397663084946339325e+02
2.398560901486015666e+02
2.396618710826042218e+02
2.401324479258079236e+02
2.398145333258720768e+02
2.396567664070631452e+02
2.399413650711594812e+02
2.399529498607015796e+02
2.397866377443221211e+02
2.402695634633490727e+02
2.398410835729152097e+02
2.398308834142142985e+02
2.399491427669649966e+02
2.399623985303832114e+02
2.398975466952566933e+02
2.400360669138239302e+02
2.398779476151131291e+02
2.399038286767762145e+02
2.399489523869720813e+02
2.400078972255353449e+02
2.399597185536242705e+02
2.397346308468970619e+02
2.401881032495249144e+02
2.400874683740775026e+02
2.404319558178138720e+02
2.403531338476492749e+02
2.402926982443275108e+02
2.398608144495468366e+02
2.400756397889869334e+02
2.401340581165574122e+02
2.402655768334515187e+02
2.397097602134927854e+02
2.403132407496543692e+02
2.402932115504064825e+02
2.400939599889680096e+02
2.404443952279228540e+02
2.406941498191716846e+02
2.401273000649023004e+02
2.406817310433063994e+02
2.404008151223779635e+02
2.402054296551862365e+02
2.403206319081846232e+02
2.403342490920366856e+02
2.405008377715138579e+02
2.404454342283571862e+02
2.405824615815575953e+02
2.403620962524290405e+02
2.403398330481805658e+02
2.403154384730819686e+02
2.403674982026157068e+02
2.403321325241736588e+02
2.404439855002337936e+02
2.406017625296782114e+02
2.404225606849282428e+02
2.407602660366546843e+02
2.403390447662381746e+02
2.406157061683972813e+02
2.402942335916027332e+02
2.404142405524034132e+02
2.403476501780714898e+02
2.404540320770637152e+02
2.405383433675002891e+02
2.405699471930283551e+02
2.405255639754214201e+02
2.401579749667792782e+02
2.406198604842315945e+02
2.402694890924375102e+02
2.407010902208993741e+02
2.404886931347036807e+02
2.401950190306597221e+02
2.402241211874369640e+02
2.404889814603519653e+02
2.400788541431643353e+02
2.406950753418293232e+02
2.403781320670682362e+02
2.402638876528993990e+02
2.406025748237755408e+02
2.404527226235219359e+02
2.402157528624346412e+02
2.404559866618508579e+02
2.402699111929051980e+02
2.403907181446813581e+02
2.403902479882305272e+02
2.406335464900826935e+02
2.404872841795723559e+02
2.404814254889064671e+02
2.405777293244476311e+02
2.406814299884534876e+02
2.403946607642495792e+02
2.406444586980007898e+02
2.405768414498484162e+02
2.406732802358105801e+02
2.404749318183293383e+02
2.401404171313409961e+02
2.407291620134388950e+02
2.403246053878635848e+02
2.407968590640193725e+02
2.404987078886333620e+02
2.407014050650758747e+02
2.407727749863529425e+02
2.407469896147755435e+02
2.407036061403611313e+02
2.402155077268547814e+02
2.405656339895315057e+02
2.406054120799315967e+02
2.402510802242278771e+02
2.406755098624869618e+02
2.403718415498343575e+02
2.405478990649518209e+02
2.403155248691477937e+02
2.399784235619435719e+02
2.400028978174183578e+02
2.399187100159388137e+02
2.403398117836729568e+02
2.401355095681401508e+02
2.399678755517615798e+02
2.401878520295063026e+02
2.399075950898391056e+02
2.402018448310911083e+02
2.401085944582243599e+02
2.400831750513027885e+02
2.399561417142808750e+02
2.397495106450074900e+02
2.398568114055142360e+02
2.398450936710285077e+02
2.399591466902653849e+02
2.399394914047222755e+02
2.395186028669041605e+02
2.400221207304342954e+02
2.397456710809234153e+02
2.396436603241683940e+02
2.401060900492944654e+02
2.398138903944671654e+02
2.396125473277290041e+02
2.399307678653962341e+02
2.397234371536357855e+02
2.394951376508813325e+02
2.398774867809271143e+02
2.398859962224703395e+02
2.397402738266687265e+02
2.400407386490344663e+02
2.397369641458200533e+02
2.397852566408514292e+02
2.400372855716562128e+02
2.398170182062629010e+02
2.400544588709614402e+02
2.401380961101017419e+02
2.399796670511656203e+02
2.400433590697629995e+02
2.398631177319778942e+02
2.403173316665095456e+02
2.398764916265837712e+02
2.402070700084156840e+02
2.398006312801835236e+02
2.400519414859579683e+02
2.400779024936581720e+02
2.401511963705051187e+02
2.400705406518368079e+02
2.402930198319703834e+02
2.401419258705391258e+02
2.401845977895162605e+02
2.400164646441883178e+02
2.398531833582683532e+02
2.400647975268936989e+02
2.399075309521391830e+02
2.399687307798146492e+02
2.399916585738184267e+02
2.396917550506288137e+02
2.400036623045170074e+02
2.400104653561802763e+02
2.400658244167435384e+02
2.400108823541578431e+02
2.398471581195920805e+02
2.399136757148378649e+02
2.401452585163915501e+02
2.398530716427228526e+02
2.398704530604793490e+02
2.401302125755598524e+02
2.405021146395569929e+02
2.401225898061558155e+02
2.405406303496278895e+02
2.400551574832794586e+02
2.401814379803221584e+02
2.401900485164108261e+02
2.399282580614087692e+02
2.402094346160105545e+02
2.403644775040825152e+02
2.398044934100865078e+02
2.401169571005756040e+02
2.400583339586416969e+02
2.398488551762552561e+02
2.402113780042476208e+02
2.397902945825038614e+02
2.401238837006156928e+02
2.398500210214173478e+02
2.398752408936278755e+02
2.397240504644873624e+02
2.396566134355559541e+02
2.399484624099521852e+02
2.397013671213719590e+02
2.397326641447398288e+02
2.395916008101409034e+02
2.397992697251672780e+02
2.397529818280859217e+02
2.398062862806450255e+02
2.401681567195184641e+02
2.397767137241359876e+02
2.398029558358558972e+02
2.402149931171374249e+02
2.400952540649547018e+02
2.400904112808310913e+02
2.401896078664882168e+02
2.401217775792063094e+02
2.398801320160918067e+02
2.401478076764050229e+02
2.405783304320051457e+02
2.403360103370482932e+02
2.404557931176960892e+02
2.399380181343690595e+02
2.402949906443296015e+02
2.405685529092068293e+02
2.404147988870761026e+02
2.403590076075208515e+02
2.406228418798328050e+02
2.405068513548099816e+02
2.403806230957438004e+02
2.408943365279369573e+02
2.405094770018665713e+02
2.403605892484198421e+02
2.407162841318225048e+02
2.402914231468706987e+02
2.406860574186201802e+02
2.406518070984513145e+02
2.406400119142309677e+02
2.406265193686487294e+02
2.405296599586209538e+02
2.405271804221644345e+02
2.404712577961036857e+02
2.406156472110835693e+02
2.407696755294304296e+02
2.406362147676653365e+02
2.407864299117747180e+02
2.403879453603087484e+02
2.408407026399570157e+02
2.407972540280620422e+02
2.407639806870254517e+02
2.409639911125354956e+02
2.405919275554080343e+02
2.406161179596477666e+02
2.405801355417387697e+02
2.409596766159840229e+02
2.407332006498185990e+02
2.406820982246284473e+02
2.406579777389335959e+02
2.405485305326492096e+02
2.406879822992684979e+02
2.406108338218318750e+02
2.404324545564313667e+02
2.402729806796547507e+02
2.408503326050016540e+02
2.405337027162248660e+02
2.401370921195871517e+02
2.403365948907774339e+02
2.406293040795529521e+02
2.400268382686864186e+02
2.404054482027671327e+02
2.401858634132212273e+02
2.400995853468577650e+02
2.403310770972592252e+02
2.399479174014618366e+02
2.403379251278840627e+02
2.403654508130616421e+02
2.402504339290743189e+02
2.406224072508453276e+02
2.407322562133673216e+02
2.406704740739009196e+02
2.404052812663361181e+02
2.402414295363929853e+02
2.404663624728596858e+02
2.399043950876794895e+02
2.403146960589364198e+02
2.401000215879413702e+02
2.399238766066374637e+02
2.403033643647239614e+02
2.401830552789339208e+02
2.402251838375798059e+02
2.403701629599467822e+02
2.399989643825551013e+02
2.401411176749525112e+02
2.399454531928048198e+02
2.401811987474278283e+02
2.400928560143814536e+02
2.399237526310163560e+02
2.402071559472521756e+02
2.398203782089767344e+02
2.399406451563640701e+02
2.400914156685999785e+02
2.398968917534742502e+02
2.398424983447951320e+02
2.396870840045803845e+02
2.401123522487696391e+02
2.401092691031791730e+02
2.400135529997052117e+02
2.402498964814514864e+02
2.401316900630605744e+02
2.402284771263242931e+02
2.401291455639871799e+02
2.401069722253803320e+02
2.403003853653879958e+02
2.404191678408159305e+02
2.403806517603571820e+02
2.407682053106804005e+02
2.404174924416224997e+02
2.401932320209190266e+02
2.404807795176983802e+02
2.400883031270079471e+02
2.403897868783890033e+02
2.401574937605253979e+02
2.407212402843742041e+02
2.403460885939274192e+02
2.403036854425961053e+02
2.399870995509112390e+02
2.403459089355201002e+02
