9.920329834457483287e+01
9.954308329167986358e+01
9.930141395090784329e+01
9.931937163028777604e+01
9.926039590197852647e+01
9.967526202069650765e+01
9.907835168842397877e+01
9.907556221724182421e+01
9.944287603802574438e+01
9.953814469872874326e+01
9.904960232538053333e+01
9.963180979464799236e+01
9.935854750820844572e+01
9.920911908573289395e+01
9.935803864008302355e+01
9.894940961525101386e+01
9.979855399818261219e+01
9.867763458226693274e+01
9.934381324443165795e+01
9.920998154342142072e+01
9.923589891811734276e+01
9.904949044137180181e+01
9.925333507440571168e+01
9.922820634218039970e+01
9.901822280225222528e+01
9.951661269310852731e+01
9.880542663527303660e+01
9.898424552606074656e+01
9.878695993990440627e+01
9.938877043575452319e+01
9.886741118857493404e+01
9.869370658496772819e+01
9.888887202593258507e+01
9.884990528253705122e+01
9.859108728225335483e+01
9.881477797227346116e+01
9.861353091175486441e+01
9.836656064530832566e+01
9.901494885894003062e+01
9.833502729013206078e+01
9.851081652345139617e+01
9.872475744043937596e+01
9.874233755605256135e+01
9.842509199940440112e+01
9.812081393565581777e+01
9.916774997994478724e+01
9.849893694816643119e+01
9.832236890060961798e+01
9.916162279428942838e+01
9.815300484067586240e+01
9.842289500097921007e+01
9.822659740818416196e+01
9.869583857839351992e+01
9.853040750266922032e+01
9.847257801531230825e+01
9.867194873766277396e+01
9.851889561412997409e+01
9.877299195223122297e+01
9.864561396100886270e+01
9.854817327930616955e+01
9.920320505416617607e+01
9.831039528615757206e+01
9.880781733649310183e+01
9.853732502058868192e+01
9.909411386112594755e+01
9.855124185451518315e+01
9.859756476865595687e+01
9.908511960228076987e+01
9.861661816681019843e+01
9.850614556617297524e+01
9.898888747386479281e+01
9.836744037827504883e+01
9.883753034611078192e+01
9.841613053602901573e+01
9.891593741205450385e+01
9.901563228404266681e+01
9.894005503340669350e+01
9.905100976852554595e+01
9.915214875241731818e+01
9.925146312301997398e+01
9.928173393972637939e+01
9.902125137165211299e+01
9.943039194709508877e+01
9.915124979922795490e+01
9.911440725079610559e+01
9.909163300968532440e+01
9.910898609805605020e+01
9.946742882574453404e+01
9.923797967181984347e+01
9.945175747154905821e+01
9.905484380035413494e+01
9.984656022697065225e+01
9.870242267743584819e+01
9.931623031299427851e+01
9.898517905962501118e+01
9.897133054251116846e+01
9.930038086264016783e+01
9.944233049628144272e+01
9.929894628788434829e+01
9.894273625934243910e+01
9.940542736072461594e+01
9.900057568650328221e+01
9.903895518491869154e+01
9.969460194917714091e+01
9.892966618551331237e+01
9.844303645511490686e+01
9.906797151102308874e+01
9.885106272796060978e+01
9.848671671882107148e+01
9.864069333237436865e+01
9.863793662347761426e+01
9.859027089763792162e+01
9.922917924564666237e+01
9.840277423406884338e+01
9.843276839861339056e+01
9.860776590871181213e+01
9.864138917024700959e+01
9.897671678443587950e+01
9.869618972125077505e+01
9.877790473189936904e+01
9.852613725510390452e+01
9.877317315083899985e+01
9.889595896271589481e+01
9.925128427048798585e+01
9.858007509670073887e+01
9.957926917582746285e+01
9.917988666977727519e+01
9.962709072500543073e+01
9.900714323123820293e+01
9.927608570269052279e+01
9.866475665616788149e+01
9.913749951338019173e+01
9.929011818103721509e+01
9.894971755585110884e+01
9.990745487367318844e+01
9.887393983790718721e+01
9.903866938395316311e+01
9.913162295485359721e+01
9.887236152245475296e+01
9.964603005306788930e+01
9.914689098295144731e+01
9.926876828291806021e+01
9.911312551496506273e+01
9.915240540455636165e+01
9.927268437269889034e+01
9.919734773200468680e+01
9.945539406946430461e+01
9.914684421463950059e+01
9.887367489286879163e+01
9.928855730951356406e+01
9.889056367226747568e+01
9.935705802935471809e+01
9.854419796593963099e+01
9.867307144485960180e+01
9.868905094728005167e+01
9.835944107815778636e+01
9.929070431697853394e+01
9.908164994821480320e+01
9.873003651842981299e+01
9.924417570711125336e+01
9.858715083860380446e+01
9.892720099993795202e+01
9.880998051960018813e+01
9.872570418739987019e+01
9.854401334744353846e+01
9.917253346913456369e+01
9.884690179239568408e+01
9.943035400599838169e+01
9.905410120733971269e+01
9.872074059622684672e+01
9.900970002050236474e+01
9.915937655015811458e+01
9.924352892242853841e+01
9.942970235733059781e+01
9.903071990082760578e+01
9.970524745676867440e+01
9.864652176985417498e+01
9.905564605209620765e+01
9.896817173532213019e+01
9.901559803632579815e+01
9.932936676770486883e+01
9.878648371217614965e+01
9.886335388420133086e+01
9.933784929758654414e+01
9.864991267110964657e+01
9.898782147221682237e+01
9.906455602990847353e+01
9.896484619907630531e+01
9.951384455728397427e+01
9.863265633085330819e+01
9.945969646314169665e+01
9.914862315274854154e+01
9.933413027022061215e+01
9.879394091890640084e+01
9.947043482407622150e+01
9.908129651602273213e+01
9.903865426462859034e+01
9.865123125808196392e+01
9.961842104064696457e+01
9.857175193241182853e+01
9.905427888437117190e+01
9.851710058376262680e+01
9.834120971539879008e+01
9.893976561854334761e+01
9.843895556287596094e+01
9.886970038488631474e+01
9.837363025564513919e+01
9.895865263980518023e+01
9.877775134653911948e+01
9.877284479649301829e+01
9.898937621291305788e+01
9.875863851691354967e+01
9.907207639955856848e+01
9.856366587423116243e+01
9.898405650319934068e+01
9.896676284610435914e+01
9.883221779556554054e+01
9.875630586392831844e+01
9.830532126212966659e+01
9.941229047621550308e+01
9.893839134796536428e+01
9.885533868730495044e+01
9.890341881614342867e+01
9.862538385713151001e+01
9.914527631878361547e+01
9.929327864133733783e+01
9.870861725870339853e+01
9.929403813480898577e+01
9.868658321066881456e+01
9.932224086591740786e+01
9.851630910650534645e+01
9.949464880870927175e+01
9.941149867824721298e+01
9.937172894165546211e+01
9.920447309787073209e+01
9.913067496439212789e+01
9.878468485636183516e+01
9.916351498125358432e+01
9.900925217586269866e+01
9.945761253675948410e+01
9.882914905549948514e+01
9.935111986558814579e+01
9.925200739001344630e+01
9.944564923590637306e+01
9.911650262652852916e+01
9.943398479489042074e+01
9.911098269090024360e+01
9.927814639575389322e+01
9.989047112367745740e+01
9.893087055762974558e+01
9.914788633339969692e+01
9.912020602766328636e+01
9.900518052181165274e+01
9.927928892612864331e+01
9.849459829050749704e+01
9.921359855362864266e+01
9.878694711326396316e+01
9.878280298154271577e+01
9.878688068746824058e+01
9.887691322404664618e+01
9.890456411011795979e+01
9.894790474444084794e+01
9.875619338345858012e+01
9.880549988303373254e+01
9.897387141571938685e+01
9.856647442260998560e+01
9.929296463739349576e+01
9.913237575621144515e+01
9.864811681481184280e+01
9.930662921290934264e+01
9.865743721308353997e+01
9.905030005675762084e+01
9.884741833458421922e+01
9.870665958949167873e+01
9.882359555657514250e+01
9.853828662729772248e+01
9.883871789351196924e+01
9.868354598254791199e+01
9.921370837845229573e+01
9.884175564662434965e+01
9.843248086660499041e+01
9.937025013414024954e+01
9.866574009467473161e+01
9.844436387611490602e+01
9.874133130714415074e+01
9.842423870458003421e+01
9.883009887848447761e+01
9.847646664278475725e+01
9.886324152294211842e+01
9.897751723885919262e+01
9.867252119166511193e+01
9.872479418985726340e+01
9.860013119819917904e+01
9.918356725530766482e+01
9.876445371833780484e+01
9.834072949196031743e+01
9.851452144093984487e+01
9.942985054975791570e+01
9.815921274772573213e+01
9.848064965463601084e+01
9.845361043508442833e+01
9.854770525053181984e+01
9.829730813957901603e+01
9.858905261781779927e+01
9.813414819908290099e+01
9.862319597461207366e+01
9.809042645097453317e+01
9.888633700340359667e+01
9.841161885947296639e+01
9.839590100933696704e+01
9.858911479626165431e+01
9.799944259243677891e+01
9.838922914075239134e+01
9.867435844489131114e+01
9.815022085272407537e+01
9.814633521399855454e+01
9.873787046775517240e+01
9.775984621714114553e+01
9.859677788274585453e+01
9.805241636506296743e+01
9.827461578487539384e+01
9.786573336312612525e+01
9.860696787760396376e+01
9.797924178521850536e+01
9.831356160375401032e+01
9.851690740072730534e+01
9.814151416140602180e+01
9.847375222141802453e+01
9.785539192900533578e+01
9.863136815676155322e+01
9.773408296386809013e+01
9.892968197299425981e+01
9.798001524819041208e+01
9.814690598841825420e+01
9.829719382107811043e+01
9.870592031116588316e+01
9.800807402554183057e+01
9.842663594105989944e+01
9.811225344139852211e+01
9.863987369435817243e+01
9.814701243936040953e+01
9.838934639485040634e+01
9.861535539337637601e+01
9.793141341547776335e+01
9.857433757672623642e+01
9.820708594682172077e+01
9.894760548115442589e+01
9.827780454178086700e+01
9.896088663107508410e+01
9.793059846414371350e+01
9.833466825100123287e+01
9.828562305511179886e+01
9.830955337672003225e+01
9.835747904813747766e+01
9.876953965901917343e+01
9.818273276833292584e+01
9.855750686905689406e+01
9.791032412614437419e+01
9.832365224478769505e+01
9.789280742064363494e+01
9.809747790935570322e+01
9.814935741717937390e+01
9.888775035823321957e+01
9.790094482330572134e+01
9.869702942498970799e+01
9.780040771616789641e+01
9.845501706389244134e+01
9.813493652454491212e+01
9.864038337351230723e+01
9.906450011076368867e+01
9.841021481484385447e+01
9.799399442166327390e+01
9.835794864676937266e+01
9.802894558030948247e+01
9.786368813693968605e+01
9.839348419831286208e+01
9.805615235379887906e+01
9.805314584290333357e+01
9.851458874327420290e+01
9.810839531391833646e+01
9.811632073906976359e+01
9.863190104481721221e+01
9.842534224126841025e+01
9.826191538295917383e+01
9.891065963093338098e+01
9.814972697695652926e+01
9.891181056095597057e+01
9.869896123220860318e+01
9.914704163582348428e+01
9.861433899408957870e+01
9.832935635194428414e+01
9.927380573080266402e+01
9.869977843645705207e+01
9.870880941035902367e+01
9.900874366653118841e+01
9.881972734452305929e+01
9.898536546338073094e+01
9.849092291385643705e+01
9.905937564106697835e+01
9.854643946919055963e+01
9.959621537741297459e+01
9.832293324544929192e+01
9.902828131497676623e+01
9.938233177025627185e+01
9.880841421648800349e+01
9.918813286838916099e+01
9.903169853205430684e+01
9.833556369623944704e+01
9.891349336776573864e+01
9.938311830074040643e+01
9.874162707277359630e+01
9.934657635021494571e+01
9.889152601154189881e+01
9.852267870100466496e+01
9.915873342420046299e+01
9.903002863546073797e+01
9.845588836583651471e+01
9.904389881122654060e+01
9.928176247765692608e+01
9.852382816930605713e+01
9.853159654100413434e+01
9.912443716620323642e+01
9.822748876683930064e+01
9.881543397119332894e+01
9.844933210236378329e+01
9.863319395275233603e+01
9.839609198576765436e+01
9.843356356380320449e+01
9.876214421436206692e+01
9.875089334593479862e+01
9.869650157938484369e+01
9.861484582821680078e+01
9.823095875669012855e+01
9.850011975042151846e+01
9.829994765239291610e+01
9.858546928022632017e+01
9.899723011952767138e+01
9.881892460358562857e+01
9.876550629096645650e+01
9.929905351452477191e+01
9.849398842558940714e+01
9.900754325225197761e+01
9.856598598101398068e+01
9.897221871067488053e+01
9.867252499047036451e+01
9.888170600129477350e+01
9.855850137543806966e+01
9.887218236438798158e+01
9.839394159137344786e+01
9.885929831656638100e+01
9.816276145053939217e+01
9.880046179629174219e+01
9.864767182255282307e+01
9.855574977398610770e+01
9.821070496311044451e+01
9.887285005353173517e+01
9.828092004137954518e+01
9.830741660187864284e+01
9.856542550854085505e+01
9.822649259629326934e+01
9.883954282982300299e+01
9.868913002069815832e+01
9.836094162328036816e+01
9.935820680946386574e+01
9.872225876138628564e+01
9.821177061047228563e+01
9.925447869278234236e+01
9.871695227388282490e+01
9.923652286755130092e+01
9.861497817290181445e+01
9.901404459112366396e+01
9.901102783858404166e+01
9.903465312823378497e+01
9.897050281205866895e+01
9.890031209366755149e+01
9.866542044018488866e+01
9.902868607215755503e+01
9.894276082797274796e+01
9.892138039128320770e+01
9.901867185012137895e+01
9.877029666413892528e+01
9.869251026391488324e+01
9.838483119603797888e+01
9.870288172729100040e+01
9.843430996325194826e+01
9.851751935352228884e+01
9.874605682996444500e+01
9.841030815812860055e+01
9.838211144116621654e+01
9.874152960196336437e+01
9.836749852678360639e+01
9.841857094928509753e+01
9.857943524541299496e+01
9.770394660539436416e+01
9.889852650959772973e+01
9.850396457660464478e+01
9.837873997611491461e+01
9.853323955276250956e+01
9.793825275191449009e+01
9.806167258843593970e+01
9.801736854780500607e+01
9.795460798181998996e+01
9.819285291834437146e+01
9.834559749236336756e+01
9.822845306044509073e+01
9.799318596157475270e+01
9.848407148434908720e+01
9.817277890433507537e+01
9.814060118057862780e+01
9.801957575832996383e+01
9.826973228985609410e+01
9.843203922212087775e+01
9.820019524243816988e+01
9.832046083707537321e+01
9.851963928758749489e+01
9.780485293917816136e+01
9.801778965683990918e+01
9.819735288491904157e+01
9.848098863924866464e+01
9.801268913999437871e+01
9.837499123151839342e+01
9.802305576069262827e+01
9.776476772590103792e+01
9.859341228765798348e+01
9.843431057485214808e+01
9.800428148111491566e+01
9.803028020603601078e+01
9.790433527643727984e+01
9.870662790534136377e+01
9.786797244768219173e+01
9.821990929441871288e+01
9.793992177485780815e+01
9.831012388326206519e+01
9.833169798794324379e+01
9.867590968834161913e+01
9.811199280431496561e+01
9.815894368398107872e+01
9.893460717076618494e+01
9.811632615650621858e+01
9.867709512445225073e+01
9.888384043246820454e+01
9.834330884412652551e+01
9.853639473832220119e+01
9.880634624700530821e+01
9.859070281917092871e+01
9.862082576686384527e+01
9.918358125838902595e+01
9.815702335622192720e+01
9.852560123222798438e+01
9.859171067203709526e+01
9.801074390003999781e+01
9.855304759099847445e+01
9.818889932597748782e+01
9.902625943668806485e+01
9.794554346952035928e+01
9.822800135227389262e+01
9.887596328710240812e+01
9.794769785818540697e+01
9.937416936820478952e+01
9.833405728553606195e+01
9.849252899283324325e+01
9.825779077768487468e+01
9.868497804891141811e+01
9.878676796909452662e+01
9.895206256500658526e+01
9.861658272755953192e+01
9.888818007565090795e+01
9.850980553216466262e+01
9.895560906813115309e+01
9.908380228247990829e+01
9.864285617969949271e+01
9.929694156175020225e+01
9.868630199293914984e+01
9.904476212292922810e+01
9.892414426923666326e+01
9.912168135076508690e+01
9.900034013655260878e+01
9.819154657276806120e+01
9.934421898418948160e+01
9.825050093216587754e+01
9.832621388676147944e+01
9.870728042125968216e+01
9.828110983650198307e+01
9.876179990872766723e+01
9.807828750528345552e+01
9.822073861909565551e+01
9.847446561409208243e+01
9.795161621746801472e+01
9.853760338763932225e+01
9.801886228797538081e+01
9.825621017229894960e+01
9.848232424161098209e+01
9.793812394262489818e+01
9.894274046618301099e+01
9.786414836778196502e+01
9.836356997744776720e+01
9.817446159189420030e+01
9.921711517121950408e+01
9.833725051092012848e+01
9.801258297206349823e+01
