2.874606320254495699e+02
2.874388169625208889e+02
2.874317899681655035e+02
2.874023731059896249e+02
2.874735226781482424e+02
2.873263393800683616e+02
2.872738702862803279e+02
2.874188753906635156e+02
2.872971136622031167e+02
2.872874490271098011e+02
2.873105221829887341e+02
2.873913831765358395e+02
2.872949291630073958e+02
2.873237244562071169e+02
2.872357193866235434e+02
2.874991801615686313e+02
2.874224199615965176e+02
2.874703979170917592e+02
2.874347929327577162e+02
2.873486649349984532e+02
2.874903120193719701e+02
2.874429646589321692e+02
2.875084736086511157e+02
2.873059940727420667e+02
2.874265961098190587e+02
2.874261845558750679e+02
2.874165358628349054e+02
2.874295933633956679e+02
2.875403231940229603e+02
2.874828196235571909e+02
2.874163902870555489e+02
2.876017281434630490e+02
2.875970616558562369e+02
2.875535719091796523e+02
2.876748565995102922e+02
2.876210524667160939e+02
2.875966583559097671e+02
2.877557678121289655e+02
2.877898131660337526e+02
2.877141841001643456e+02
2.878024911080527772e+02
2.877838843645233169e+02
2.876940677521358225e+02
2.876785735048081847e+02
2.879178530123834321e+02
2.878627950236934225e+02
2.876851430520504778e+02
2.877348609539488393e+02
2.877282878565293345e+02
2.877953783369103462e+02
2.878568946157598134e+02
2.878762071490713197e+02
2.878666534536035329e+02
2.877489566865927486e+02
2.877509473429119566e+02
2.877278577379151443e+02
2.877957670515548330e+02
2.878058149454874979e+02
2.877602755848270135e+02
2.878656694405088388e+02
2.877972767523743300e+02
2.877622110485152120e+02
2.878031224738545575e+02
2.877930660732959041e+02
2.877657285278699533e+02
2.876124427174950142e+02
2.877191585073233000e+02
2.877722368061573661e+02
2.877062337460891399e+02
2.877955050131623693e+02
2.877325170056647039e+02
2.877384489911437981e+02
2.877451537665399997e+02
2.877012555920379668e+02
2.877183229333954273e+02
2.876008751610620493e+02
2.877086008093926921e+02
2.876456353744156331e+02
2.875748910451090410e+02
2.877349900398566547e+02
2.874941492569297452e+02
2.876416041206797445e+02
2.874901404264484199e+02
2.874483038399756083e+02
2.875282539290629416e+02
2.873872174250420244e+02
2.875341760200395242e+02
2.874928428015987834e+02
2.874779048896510290e+02
2.874977065550228303e+02
2.875225083869447076e+02
2.874210069748025376e+02
2.874932419966191333e+02
2.875365720005554522e+02
2.875845793527352612e+02
2.875968435552591700e+02
2.875479887093684397e+02
2.873998742830885931e+02
2.874800853359057555e+02
2.874767055130639051e+02
2.875483999087443294e+02
2.873995536931017796e+02
2.875701775960917530e+02
2.872932978787808338e+02
2.873588528675687144e+02
2.876010929217989656e+02
2.875299871271344614e+02
2.876635530366745002e+02
2.876550212659864201e+02
2.876534521241663356e+02
2.875714539929252851e+02
2.876915322082762145e+02
2.876389510284182052e+02
2.877159097233153489e+02
2.878236388571310727e+02
2.878387748300236240e+02
2.876675366065389881e+02
2.877560853235483478e+02
2.876610570440016659e+02
2.876747060428803593e+02
2.877213885153571482e+02
2.877249028351009770e+02
2.877584151708901459e+02
2.877008066274540283e+02
2.876661170649442170e+02
2.875674162422404265e+02
2.874735756491981533e+02
2.875786919320333936e+02
2.875251903451117528e+02
2.875491702227037081e+02
2.876097969458315333e+02
2.876384545164780207e+02
2.874874545999600741e+02
2.875075122824575260e+02
2.874027400949273101e+02
2.873858637952168920e+02
2.874857100602236528e+02
2.875113337314515434e+02
2.875694343074597441e+02
2.874434347633561515e+02
2.873476410516673241e+02
2.874046312087876345e+02
2.874664986333813772e+02
2.873517989264346397e+02
2.873391176433397050e+02
2.874232944361355635e+02
2.873874882877767618e+02
2.873118938043052708e+02
2.876060434806661306e+02
2.874086158637221615e+02
2.875668831333474600e+02
2.876278723027060096e+02
2.875536334006696961e+02
2.876216502767154566e+02
2.875591016814018985e+02
2.876868837609976595e+02
2.875549826773453219e+02
2.875119869581928356e+02
2.875528896908995762e+02
2.875662805814449712e+02
2.876249586766337529e+02
2.876352035128480225e+02
2.875293115903452872e+02
2.876007638535436399e+02
2.878112972318119205e+02
2.876659251820791496e+02
2.875750642283974798e+02
2.875715432703335068e+02
2.874664141818957432e+02
2.875671448960304133e+02
2.875427023572869416e+02
2.874136352315367162e+02
2.874631125704027568e+02
2.873416898227055754e+02
2.873887042293815171e+02
2.874368335084516843e+02
2.874037307502954377e+02
2.875768471526545795e+02
2.875050760077666041e+02
2.875731621438030174e+02
2.875317548170402233e+02
2.874702935395254713e+02
2.875753955350341471e+02
2.874647640225212513e+02
2.875208855132182748e+02
2.875899594791592335e+02
2.875886555927625636e+02
2.876088977234909976e+02
2.874669748654604291e+02
2.875131141208951817e+02
2.874641206010895758e+02
2.874748773761428424e+02
2.872829054182503796e+02
2.874211270775695652e+02
2.874720503216761358e+02
2.874329080693910896e+02
2.874566827623892209e+02
2.875785414161071003e+02
2.875338694899496659e+02
2.875952679197692419e+02
2.875086533626097776e+02
2.875937472218066091e+02
2.877654873492576257e+02
2.877177894525189572e+02
2.877228650536273449e+02
2.877178056609214423e+02
2.875748109306596803e+02
2.876515855928166729e+02
2.876584479918739135e+02
2.876398980057995800e+02
2.875676961528624247e+02
2.875650180549114339e+02
2.877296102648729743e+02
2.876197451441977933e+02
2.876041287420309800e+02
2.875536275138581459e+02
2.875995347417980952e+02
2.875998461468112168e+02
2.876635442536963296e+02
2.876147574305819603e+02
2.875328337958921452e+02
2.876098170594586918e+02
2.876936508253938882e+02
2.876224599522320204e+02
2.876640027396085202e+02
2.875407777211066218e+02
2.875314053521751703e+02
2.875727744157426855e+02
2.875582494615197788e+02
2.874807503726839855e+02
2.875867778124440406e+02
2.875789336295131875e+02
2.875447156712392029e+02
2.873947431151735827e+02
2.874079073032586962e+02
2.874483462666286755e+02
2.875735916784124697e+02
2.876140800216095954e+02
2.875359547472295958e+02
2.875716437243372638e+02
2.875310621189203744e+02
2.874239537471023596e+02
2.873398497598283825e+02
2.874404471563964307e+02
2.875144865184111040e+02
2.875295359325349978e+02
2.874308554261758104e+02
2.874866162536893626e+02
2.872662786209189107e+02
2.873910275278072390e+02
2.875109119379515619e+02
2.874225800902272567e+02
2.874066505052477964e+02
2.875624616127415152e+02
2.876178769293957771e+02
2.875886855426065836e+02
2.874913487449536547e+02
2.875450871538449178e+02
2.876877671038578228e+02
2.876247091583218776e+02
2.876937071797946714e+02
2.874864049895279550e+02
2.874746784905883032e+02
2.876252440789108960e+02
2.876264074915743549e+02
2.876118704416114156e+02
2.875622429057991098e+02
2.874796391606975590e+02
2.876517680622562239e+02
2.875963694914784128e+02
2.874927680155354892e+02
2.875289408784055354e+02
2.874816585564562956e+02
2.874665023382653430e+02
2.876616263079117743e+02
2.876593071990682802e+02
2.874946190683409100e+02
2.875676502553456544e+02
2.875795062474754218e+02
2.875844593816676138e+02
2.876823311137972610e+02
2.876027555986120774e+02
2.875431546047091160e+02
2.876721111168095604e+02
2.876273120841872242e+02
2.876267965163889357e+02
2.877714026925627309e+02
2.876000506866159867e+02
2.875941274233545641e+02
2.876294362900737269e+02
2.875622906614423187e+02
2.875756633068154997e+02
2.877026577410081245e+02
2.875968183829435816e+02
2.875757414667820626e+02
2.876005298606264091e+02
2.876851954243258547e+02
2.875671758773516444e+02
2.876414140635694707e+02
2.878267459402640043e+02
2.877941369565623972e+02
2.879037253729668464e+02
2.878142401260447514e+02
2.878438296682529653e+02
2.877523184904969753e+02
2.877869989347764772e+02
2.878544603448870021e+02
2.878299276898339372e+02
2.876560667335667745e+02
2.878883695973676708e+02
2.877945636095420809e+02
2.877949352549457558e+02
2.879807702372064000e+02
2.880010914976687104e+02
2.878530197648449303e+02
2.879891134105409947e+02
2.878411856718956301e+02
2.878716955157063921e+02
2.878810590161817800e+02
2.879635930381550111e+02
2.879676657635061474e+02
2.880619142911172048e+02
2.880375861483637436e+02
2.879138282418425092e+02
2.879007727560214107e+02
2.878534498789989016e+02
2.879212035068296132e+02
2.879123439229657606e+02
2.879963325399205019e+02
2.879837952207515173e+02
2.880636297044898697e+02
2.880527554932243675e+02
2.879327932894936453e+02
2.879310105993357070e+02
2.878429175428626650e+02
2.878918073819523329e+02
2.879013626932680268e+02
2.879617570967783990e+02
2.880017466806039579e+02
2.879478270671592668e+02
2.879313821386773498e+02
2.878256010438726094e+02
2.879167810975483235e+02
2.878096814234859835e+02
2.879625651693614259e+02
2.879964491946602720e+02
2.878737866895519346e+02
2.878807778523882348e+02
2.878731144449035355e+02
2.878199518268593806e+02
2.880086222160456941e+02
2.879308651383426536e+02
2.878615993277269922e+02
2.880315611602825356e+02
2.879056029333774518e+02
2.878476826541917148e+02
2.878771129786586584e+02
2.879052889677253120e+02
2.878767403352214274e+02
2.879795264271316455e+02
2.879515149751703120e+02
2.880460663025911003e+02
2.879446292720190854e+02
2.880170675175900783e+02
2.879935926967507953e+02
2.879514771461481359e+02
2.879755401147315865e+02
2.879290773356948989e+02
2.880281718368214570e+02
2.878928174832091145e+02
2.878258639884513173e+02
2.879640010276054340e+02
2.879967564254414469e+02
2.881117116264113065e+02
2.880839298767812693e+02
2.880359672666785968e+02
2.880911374561268872e+02
2.881559579369956055e+02
2.880878485182175268e+02
2.879338685124593553e+02
2.880727975390248048e+02
2.880743035683723861e+02
2.879384188441813421e+02
2.880407697727945902e+02
2.878563365456556085e+02
2.878918398924103599e+02
2.877491793314661663e+02
2.875977544274874731e+02
2.876311172649794230e+02
2.875891563688792303e+02
2.877238008796285840e+02
2.876552541715370239e+02
2.876627577093657351e+02
2.877476151314552339e+02
2.876350347731901138e+02
2.877206692204479737e+02
2.876583726882182077e+02
2.876117817019117524e+02
2.875361609883910319e+02
2.876211687048242425e+02
2.876372133263080855e+02
2.876151939547942789e+02
2.877021666600983849e+02
2.875398143214646325e+02
2.874783695866632911e+02
2.876025235859170266e+02
2.875270626485583989e+02
2.876239836303305424e+02
2.876909393635974652e+02
2.875039564061576129e+02
2.875392875722612871e+02
2.875640292311223902e+02
2.874472993006023671e+02
2.874496877019200838e+02
2.876072201317821282e+02
2.876199935633435985e+02
2.875893412032434640e+02
2.876579997599966987e+02
2.875121492463607069e+02
2.876078095372549228e+02
2.876183936918134236e+02
2.876330534797201040e+02
2.877226388305175533e+02
2.877139151009598095e+02
2.877344285120805125e+02
2.877378670386986528e+02
2.876940638135130826e+02
2.877673107063040447e+02
2.876830830903261358e+02
2.876785331285711891e+02
2.876514200991396137e+02
2.876703149342130814e+02
2.877441907050992995e+02
2.877496281587887097e+02
2.876614931408499274e+02
2.877631696130063688e+02
2.877467665722030574e+02
2.876466799323650321e+02
2.876271989753752223e+02
2.875379159174821666e+02
2.876392386849208833e+02
2.875985136827014799e+02
2.876353150936909628e+02
2.875921169611891060e+02
2.875799026154890043e+02
2.876663382550239589e+02
2.876834831269034112e+02
2.876197242609968612e+02
2.876571165447943486e+02
2.875817664459154344e+02
2.876708175127269556e+02
2.876773953692477335e+02
2.876622799695637127e+02
2.876378450429544955e+02
2.878241352454472803e+02
2.878734622206195013e+02
2.877717202897322863e+02
2.878564309340315504e+02
2.876964678366652493e+02
2.877279890611192172e+02
2.877823126621421466e+02
2.877155446648570205e+02
2.877881587133013568e+02
2.877498686939244408e+02
2.876003614609267629e+02
2.877162254059537645e+02
2.876683239718091158e+02
2.876666418142639259e+02
2.876789762900003211e+02
2.876309045532773325e+02
2.877065086081302070e+02
2.875843453085385022e+02
2.875623073675583328e+02
2.874886152612264141e+02
2.874386969889733336e+02
2.875951195657685275e+02
2.875700980908809470e+02
2.875081074382978841e+02
2.875194831779385254e+02
2.875301730102798956e+02
2.874750250858922413e+02
2.875648198511121905e+02
2.877049674618889412e+02
2.875814463083778492e+02
2.876375964285956570e+02
2.877809070069330346e+02
2.877180086890930966e+02
2.877773068972927604e+02
2.877865575968618828e+02
2.877713154472507426e+02
2.876669969219540803e+02
2.878272806895333815e+02
2.879783808165846608e+02
2.879184805070646576e+02
2.878907373767652302e+02
2.877867146910830911e+02
2.879708424767878796e+02
2.879715562917375564e+02
2.879292393558632170e+02
2.879036669976305802e+02
2.880030525530497130e+02
2.879907391470090374e+02
2.880360645294710480e+02
2.880798595788710941e+02
2.879719783489519500e+02
2.880546975517889337e+02
2.880226878806752211e+02
2.879606972787350401e+02
2.880274900516150751e+02
2.880208579658148551e+02
2.879932459732190182e+02
2.879888466486645484e+02
2.880066933750342173e+02
2.880215449260199421e+02
2.879256271250298482e+02
2.880527806620902993e+02
2.880211575706829308e+02
2.881081576982487036e+02
2.881046771381143685e+02
2.880623404377704446e+02
2.882211888455644839e+02
2.880775147292784482e+02
2.882165275039089920e+02
2.882069871424028520e+02
2.881162307810624270e+02
2.880461921445270264e+02
2.880682680476709265e+02
2.882145942328848491e+02
2.880797978335547782e+02
2.881076285886465485e+02
2.880748023271038960e+02
2.880661349893705960e+02
2.880742883044151768e+02
2.879956451675835183e+02
2.879913203636756407e+02
2.878951700366592945e+02
2.881622511867211074e+02
2.879461949496779880e+02
2.878635436953488238e+02
2.879537954465899929e+02
2.879302741479762631e+02
2.877698632177855416e+02
2.878646046523896871e+02
2.877471403762714317e+02
2.877829113835325074e+02
2.878381266370698768e+02
2.876676678648340726e+02
2.878714808264019780e+02
2.878663424548762464e+02
2.878098153425735859e+02
2.880506872187943941e+02
2.879890669533695586e+02
2.880524980978124745e+02
2.879314125379993925e+02
2.878873009997129202e+02
2.879241585848765226e+02
2.876660126656079797e+02
2.879008687655025369e+02
2.876991436387825161e+02
2.878109588208599234e+02
2.878358116047519957e+02
2.878273537874176782e+02
2.877827845116127037e+02
2.878110688261825771e+02
2.876899027866916754e+02
2.877450887022768597e+02
2.877095506436280061e+02
2.876838442412760060e+02
2.877367314462904346e+02
2.876238608604301703e+02
2.876729879327899653e+02
2.875159296464270824e+02
2.876428370942181800e+02
2.875970675014578433e+02
2.875548836398103276e+02
2.875853355374125613e+02
2.875494325622273664e+02
2.877650606364147734e+02
2.876377273899402667e+02
2.876999338759365514e+02
2.878184762376513390e+02
2.877019529073272679e+02
2.879169595043433105e+02
2.878182724427079506e+02
2.878381828102171198e+02
2.879749661042858975e+02
2.878149009308862674e+02
2.879634161177348801e+02
2.879780631920930887e+02
2.878815085864035268e+02
2.878140007465667054e+02
2.879228442065718241e+02
2.879093938127078900e+02
2.879061363655412151e+02
2.878630909713127153e+02
2.880321870556323915e+02
2.879248801863084282e+02
2.878303005639871799e+02
2.877296954168037360e+02
2.879096804252096149e+02
