2.417275759795906254e+02
2.419050424420704530e+02
2.418554193118527564e+02
2.419810440764891837e+02
2.419239030138352291e+02
2.417340075573906688e+02
2.417834351929498098e+02
2.419820457997717540e+02
2.419552700506402232e+02
2.418583643044237022e+02
2.418776987159685348e+02
2.419007080654264428e+02
2.418413832709664746e+02
2.422605360246908504e+02
2.420239728591899109e+02
2.420551028688545045e+02
2.420006144872579341e+02
2.418999023206837364e+02
2.419723261073881133e+02
2.416786562634604536e+02
2.419573188197730360e+02
2.419450584264453994e+02
2.415692365828900847e+02
2.417209147155749349e+02
2.416776106552399597e+02
2.416353254908483450e+02
2.416159258751089283e+02
2.415737786807361260e+02
2.417234970146143098e+02
2.422530221433663371e+02
2.419731195604630045e+02
2.421236678974295273e+02
2.420401556452301008e+02
2.420974877987298441e+02
2.421074482765552318e+02
2.419914119779276689e+02
2.417807576466934449e+02
2.421859226208657958e+02
2.421278312431231825e+02
2.420289563990500881e+02
2.418976026840992688e+02
2.421262311631065529e+02
2.418741887160500426e+02
2.421085052484582150e+02
2.420166416468633770e+02
2.419439623326096580e+02
2.419568318406804792e+02
2.421152217602067651e+02
2.419699984053242190e+02
2.419573916715762607e+02
2.418503325262309716e+02
2.417855355691050363e+02
2.420804490196881034e+02
2.422254809553818689e+02
2.419044444762375861e+02
2.418021272204581749e+02
2.420779393065082843e+02
2.419738321020447813e+02
2.419436286365357489e+02
2.420451261896155017e+02
2.420954352042446374e+02
2.418322358830700125e+02
2.418546546691848391e+02
2.419120951660246135e+02
2.418602820287913744e+02
2.420545110210451867e+02
2.416094850619826673e+02
2.419843752808137367e+02
2.417457017125605034e+02
2.420669641310379347e+02
2.419931679654677055e+02
2.420707572550472833e+02
2.414365917568887596e+02
2.416673376963918543e+02
2.420320738308035686e+02
2.418135135341724435e+02
2.418866056651759493e+02
2.420432611795242508e+02
2.417272526282241927e+02
2.417836378208550343e+02
2.419519265624965954e+02
2.415506842967726016e+02
2.414343339598951843e+02
2.417248157062839482e+02
2.415831621569012668e+02
2.416794402391135179e+02
2.415644423035595310e+02
2.418326855747865238e+02
2.419161673911538912e+02
2.416991781602023366e+02
2.416004735516375774e+02
2.416680691178496829e+02
2.418126073990374891e+02
2.419603070577473716e+02
2.419734806392106066e+02
2.422613416353904938e+02
2.419913098967457472e+02
2.417216273977285255e+02
2.418483689115085724e+02
2.420163441216520823e+02
2.417648828380850148e+02
2.416166682287750973e+02
2.417695909196729929e+02
2.416238851539721111e+02
2.416078962169574424e+02
2.418810555385491909e+02
2.420641701945957323e+02
2.417779832265670450e+02
2.420497696399053211e+02
2.419626393749184388e+02
2.416191860788560462e+02
2.418697767508807885e+02
2.414912790250119770e+02
2.421861484557256290e+02
2.417431881641703910e+02
2.418025593400230662e+02
2.419005009176198655e+02
2.417680836612166502e+02
2.417508638190196280e+02
2.417226124517265760e+02
2.419854924005920509e+02
2.419140160312554144e+02
2.416370548658289863e+02
2.417154222190703194e+02
2.414774294888119073e+02
2.417990614013367576e+02
2.418961362536651052e+02
2.417873813457260610e+02
2.417186139611389706e+02
2.417535491263323593e+02
2.417468630393383648e+02
2.420687012512405545e+02
2.418417929082330602e+02
2.419191111569554380e+02
2.415584156391426234e+02
2.416441561870418866e+02
2.417044359460165879e+02
2.417759784997932684e+02
2.416787562366380655e+02
2.418236793551830885e+02
2.420252764453211114e+02
2.419643158583955938e+02
2.419500113134528192e+02
2.422751795058592563e+02
2.422399481162180166e+02
2.416952321515260280e+02
2.417569221256523235e+02
2.418329448782962174e+02
2.417579161039363953e+02
2.418286742871411263e+02
2.417407754250694722e+02
2.417529682826679220e+02
2.419868560174860193e+02
2.420548753139420342e+02
2.422662123770142273e+02
2.420296521909280898e+02
2.419906271496689385e+02
2.419352796295551400e+02
2.420449494747190329e+02
2.420233394836369598e+02
2.418307022268074888e+02
2.422250231655562800e+02
2.419668835673669491e+02
2.419950413197567514e+02
2.420450021778675307e+02
2.419184396207125189e+02
2.418021142939772972e+02
2.417234845954455693e+02
2.420080406000806761e+02
2.420284487865923495e+02
2.422206533490037543e+02
2.418771726465803056e+02
2.418429924808937415e+02
2.419336953271821642e+02
2.419665982423879029e+02
2.419057717596194550e+02
2.418451190354285529e+02
2.419983703180720624e+02
2.419366837849681531e+02
2.420059699362691106e+02
2.418801348315892881e+02
2.418432673317780370e+02
2.418514306762381239e+02
2.419206526926971890e+02
2.420801903259150549e+02
2.420995221170943239e+02
2.422034947137797189e+02
2.418781732223453673e+02
2.422280350865774778e+02
2.421138577366372147e+02
2.418541866458650702e+02
2.417594981814890218e+02
2.418925414021268807e+02
2.421002069770785567e+02
2.421111109999007169e+02
2.419053641086631785e+02
2.418089439903284017e+02
2.418725550747795126e+02
2.419376352674107409e+02
2.418331864444519397e+02
2.417267012630918543e+02
2.418815219076431902e+02
2.418756984153245924e+02
2.419349312245866201e+02
2.422496189782789031e+02
2.419998171307751136e+02
2.419455885235031189e+02
2.417673137034074671e+02
2.417977061290923473e+02
2.421784858266896379e+02
2.419851578310578759e+02
2.422071416231940191e+02
2.420461811089724335e+02
2.417930645145011397e+02
2.419679328148945388e+02
2.419885197895569888e+02
2.419641397272331176e+02
2.420473557704603706e+02
2.420335607986681907e+02
2.421224913986069680e+02
2.421858064279031453e+02
2.419247177877095112e+02
2.416716176696513969e+02
2.417140697988922966e+02
2.420331120583388440e+02
2.422214663090519196e+02
2.421509331510341099e+02
2.420949201836012890e+02
2.419212837216077503e+02
2.419103708170269158e+02
2.421311259848650081e+02
2.421310784933676530e+02
2.419122880344188786e+02
2.419313724672261117e+02
2.420002781641817364e+02
2.416619807140866385e+02
2.420333577554437454e+02
2.419551694861337694e+02
2.419209425605648676e+02
2.419849203792638264e+02
2.419396764282390961e+02
2.421812901984540360e+02
2.419028354397437113e+02
2.419395630133697068e+02
2.417378520182767261e+02
2.416505481654315872e+02
2.421091784499391224e+02
2.417394688409719663e+02
2.418654573977193252e+02
2.417815248992955333e+02
2.418998481961040454e+02
2.421835136179341816e+02
2.420659229328347237e+02
2.419080934625453381e+02
2.418712580969843486e+02
2.420911245605693409e+02
2.418099273155215485e+02
2.415195912071316968e+02
2.415491200973729065e+02
2.420548079277458839e+02
2.416316394338844873e+02
2.418646996070776822e+02
2.418187952945064865e+02
2.416726992562785483e+02
2.421302955144216185e+02
2.418589490031456819e+02
2.418612210452489819e+02
2.417974919072451883e+02
2.420568051151921054e+02
2.421540711342707084e+02
2.419175503457716161e+02
2.417245556858542557e+02
2.417302536680084302e+02
2.418364334245050884e+02
2.418875507718709343e+02
2.415201008443812043e+02
2.415263986292516165e+02
2.414991339063075202e+02
2.417142494935148136e+02
2.415167299549414111e+02
2.415976382712668453e+02
2.414019390621483581e+02
2.413431348677104609e+02
2.416868727702678825e+02
2.416731946239083015e+02
2.415998783590652863e+02
2.415802372358546393e+02
2.410078814040917621e+02
2.414422079087071324e+02
2.416286936326306716e+02
2.417940098062622383e+02
2.414502809376176344e+02
2.415864372843049068e+02
2.415226970028013795e+02
2.416811096189469481e+02
2.417120110801314183e+02
2.416855408785307020e+02
2.416650744706570322e+02
2.418534019315167996e+02
2.422708274729396862e+02
2.416465097344962487e+02
2.416326689603846489e+02
2.418943915670699880e+02
2.417936605607033300e+02
2.415031735570838975e+02
2.419666109149777640e+02
2.416942905537028139e+02
2.420059404788296149e+02
2.417527451164784225e+02
2.420614824602223507e+02
2.415738255669178898e+02
2.419809296471716209e+02
2.420233909240781998e+02
2.420544931951922933e+02
2.419856180323706667e+02
2.422380716122433739e+02
2.417509906905044375e+02
2.419043652000339364e+02
2.421205765195996946e+02
2.422619320648052508e+02
2.421725658515383373e+02
2.422964877118907623e+02
2.422625243356788758e+02
2.420714656718613185e+02
2.420100991915184352e+02
2.417273209819859119e+02
2.418223452474173882e+02
2.419485110241947723e+02
2.419300146455431104e+02
2.416267414243401674e+02
2.417268406184747676e+02
2.418496328727405000e+02
2.415983279494588203e+02
2.415818254966957568e+02
2.417250952066897298e+02
2.419841976909241339e+02
2.420490592072945617e+02
2.417162866712588709e+02
2.418735005525629731e+02
2.419205501820971449e+02
2.419019014050120404e+02
2.417128099849787759e+02
2.418781536720319991e+02
2.418977097640226930e+02
2.420586340174740201e+02
2.419843613360417578e+02
2.420039432899656333e+02
2.418189958722442441e+02
2.418508902818989839e+02
2.419090673358456343e+02
2.420476713509447393e+02
2.417965980680335178e+02
2.417270304103948320e+02
2.421151943678336522e+02
2.421782755847208648e+02
2.415880991860521760e+02
2.416060563948441313e+02
2.418195685583007162e+02
2.418161546213158317e+02
2.418008040303752466e+02
2.419352380790856785e+02
2.421948797659607351e+02
2.418994746051106688e+02
2.416837286104882594e+02
2.418516590670126050e+02
2.415586534969516208e+02
2.417535817409975323e+02
2.420503897662624411e+02
2.417869207240416074e+02
2.420101203065541711e+02
2.420482635872184289e+02
2.418542577902854873e+02
2.418398440992855001e+02
2.422572030938711976e+02
2.419675283775532932e+02
2.416256089769234450e+02
2.418266273999912812e+02
2.420243214759063051e+02
2.420577511167057594e+02
2.415888224563356914e+02
2.416828311509224250e+02
2.418512999067727094e+02
2.422394323192156662e+02
2.419174611041313767e+02
2.420995447365827431e+02
2.419661449572887193e+02
2.417572373262242706e+02
2.416289093794887037e+02
2.419293501532843891e+02
2.420833143156316680e+02
2.419275342454085660e+02
2.419243000602034215e+02
2.418828109583618300e+02
2.418623082472545605e+02
2.421453633797229941e+02
2.421319648341610957e+02
2.420532282926248797e+02
2.419829901298798802e+02
2.419329273430672913e+02
2.422418087558842217e+02
2.419577866287558834e+02
2.420890191612625415e+02
2.420903031380298387e+02
2.419606134027146993e+02
2.414838909979961556e+02
2.416034751473406459e+02
2.416543372276630635e+02
2.417934992531820626e+02
2.419297685008453982e+02
2.418305060317321704e+02
2.420149093927734896e+02
2.417600314267459964e+02
2.420293064093421265e+02
2.416140033354732850e+02
2.413252540395374410e+02
2.417025525707822169e+02
2.420133466568893255e+02
2.418919150019277424e+02
2.418818338184475181e+02
2.418903950454942731e+02
2.419168937265123134e+02
2.418066340952978237e+02
2.419338203416603790e+02
2.418609955586225908e+02
2.420258967915654864e+02
2.420244068515249580e+02
2.421203273654292616e+02
2.420745855073118662e+02
2.420135603000411777e+02
2.419409786280751575e+02
2.420410075761292603e+02
2.422952733148338211e+02
2.419709606414214988e+02
2.417369052238095719e+02
2.416947180436977760e+02
2.421339491329250677e+02
2.418639791585118530e+02
2.418272957834069530e+02
2.417319975681081416e+02
2.417274986946335105e+02
2.417838907278663783e+02
2.420443582356025445e+02
2.420216232533781522e+02
2.420114908366299460e+02
2.419355237105605738e+02
2.418192465841371757e+02
2.417299937216908177e+02
2.417712576676691469e+02
2.417227134876584671e+02
2.419159008803075039e+02
2.417955673036024962e+02
2.417877607704073455e+02
2.423120545201932146e+02
2.416885260922601617e+02
2.419918673777044376e+02
2.421306661672964822e+02
2.420152210155693240e+02
2.417433283845932976e+02
2.420537318719333371e+02
2.420828084045818116e+02
2.417811724798539501e+02
2.419829428924357160e+02
2.418666688596902929e+02
2.417539532266205526e+02
2.419264296251335224e+02
2.419165099136671131e+02
2.417921546192111180e+02
2.418556919007318982e+02
2.418122039161770545e+02
2.415609286901014912e+02
2.418625956782504147e+02
2.418385572259137177e+02
2.419430483338076954e+02
2.418752695871469029e+02
2.421511313764779914e+02
2.417602553314464728e+02
2.416015747846735167e+02
2.415311681656372400e+02
2.418556683949626631e+02
2.421264411297122479e+02
2.420217300405095102e+02
2.416286756767565009e+02
2.417655156401356180e+02
2.415278172076585008e+02
2.416961077228475858e+02
2.416113233591658798e+02
2.418340774426052064e+02
2.420459948177661715e+02
2.419885912520566933e+02
2.419628958785284567e+02
2.419535459309843191e+02
2.419348594722600581e+02
2.419562433846606666e+02
2.421926351207698644e+02
2.421978109373050927e+02
2.420415856720240981e+02
2.417046840821856506e+02
2.418937335821011914e+02
2.419550536964711398e+02
2.419506321462210963e+02
