9.788915653526287031e+01
9.797510540038774707e+01
9.852833748703505989e+01
9.828283619112573888e+01
9.824696636757249735e+01
9.818089905331055434e+01
9.839444023653273064e+01
9.860774786670766900e+01
9.782976872048696748e+01
9.787114564701973052e+01
9.829955509965490990e+01
9.789436397779981291e+01
9.822435035442680373e+01
9.841022728162914746e+01
9.830469490237821617e+01
9.827531385383080931e+01
9.809036721562569028e+01
9.799567621649343607e+01
9.807367374062401666e+01
9.813946072598815817e+01
9.827227779419295928e+01
9.804717197723665834e+01
9.854808953987129883e+01
9.865022549555226306e+01
9.824535676741298573e+01
9.828077591142773883e+01
9.837498967954100237e+01
9.818688014733936598e+01
9.803022897767364441e+01
9.809420662454594719e+01
9.823618961738577582e+01
9.771647869205442305e+01
9.805056224808758714e+01
9.781311621415790114e+01
9.836303804022053043e+01
9.811343873904000645e+01
9.798555824789163182e+01
9.776312983552857361e+01
9.837018872987549400e+01
9.802285762353220377e+01
9.820375558209377687e+01
9.830700232170279662e+01
9.760930863887716669e+01
9.771133562609621492e+01
9.833034978094700307e+01
9.805726859949562879e+01
9.782796656389650991e+01
9.793887814789853508e+01
9.797256245780636164e+01
9.806677141556649246e+01
9.807704705292498204e+01
9.811875114860946212e+01
9.800238046024948346e+01
9.830501113401884083e+01
9.833859323299317623e+01
9.795213679761242531e+01
9.779472391096578576e+01
9.791210878388585570e+01
9.781868499630468250e+01
9.825074129991752159e+01
9.821153063321078491e+01
9.819104472995837796e+01
9.780255266625171373e+01
9.809777089430490093e+01
9.823858390103760030e+01
9.817923999713347882e+01
9.807683174976591545e+01
9.804988625160085292e+01
9.806951874626109600e+01
9.812021675740963644e+01
9.843467243480169770e+01
9.813965997712108447e+01
9.884134961290192223e+01
9.809957253697916713e+01
9.794884496327119905e+01
9.847765215864643551e+01
9.814604745422256826e+01
9.829598854981907152e+01
9.805517283788725535e+01
9.796718117899843037e+01
9.800883782711889580e+01
9.800753482915131087e+01
9.848805497905760831e+01
9.836965763393327222e+01
9.829482860577735437e+01
9.823877451869167032e+01
9.799495622730073308e+01
9.806231232076008553e+01
9.830719766890304356e+01
9.821024465508135393e+01
9.817976175461156174e+01
9.855245928310257852e+01
9.801959512291962540e+01
9.812783807246462686e+01
9.801975471813854313e+01
9.867131569416561376e+01
9.812486995215584784e+01
9.835671063243579226e+01
9.811928510416636584e+01
9.806333106372159136e+01
9.819625506598445952e+01
9.816641347285519714e+01
9.807808987266126621e+01
9.797155128257240619e+01
9.796896532662566415e+01
9.844234914476339782e+01
9.778503433577172643e+01
9.810676102342490879e+01
9.864406639985618597e+01
9.844259221088553602e+01
9.773148997370459767e+01
9.771188192298320985e+01
9.816593337712460254e+01
9.831645082488716980e+01
9.842965857005283681e+01
9.872189857745655672e+01
9.886272521140607239e+01
9.859123747324230180e+01
9.848627103028378826e+01
9.830927316599498056e+01
9.844315884002627115e+01
9.845976482350540948e+01
9.802618967459676469e+01
9.803700809504141489e+01
9.794707755471621624e+01
9.855686162844772014e+01
9.798165613661588225e+01
9.842527564025498066e+01
9.809680358147245727e+01
9.801113113506390562e+01
9.796119779015759832e+01
9.807800016964732492e+01
9.846089907149946896e+01
9.800923287610801538e+01
9.824467911268759224e+01
9.816322154446042703e+01
9.788224787820342954e+01
9.782572458980637009e+01
9.808293130364732804e+01
9.848884126067777345e+01
9.788407000039727279e+01
9.792820108374355925e+01
9.819005235992339919e+01
9.822449689486671787e+01
9.815802179233070035e+01
9.799174349610525780e+01
9.808588498438115266e+01
9.785157493539020379e+01
9.789744518722967825e+01
9.807682085072104883e+01
9.814805304191834523e+01
9.871486383280220878e+01
9.819497323696550950e+01
9.748115576061900356e+01
9.755148375736676769e+01
9.782581844011406247e+01
9.839580318209608834e+01
9.797528786372055265e+01
9.813994038682422172e+01
9.789160445044024073e+01
9.827949140656166094e+01
9.805908657455154298e+01
9.815521446931195726e+01
9.838721662675338564e+01
9.844630357922012820e+01
9.823454880719907578e+01
9.821859908207208889e+01
9.849478758947422818e+01
9.799479294150451381e+01
9.808834014988489969e+01
9.788008392250613099e+01
9.798343753406942369e+01
9.823920143071846667e+01
9.828936972945230366e+01
9.800338203377498303e+01
9.822094648153063190e+01
9.780676152827312819e+01
9.791806062155306734e+01
9.824387635044712397e+01
9.797154435654290694e+01
9.819751449895765916e+01
9.800742123385600735e+01
9.774717283994687023e+01
9.814577935696131306e+01
9.783841118759006861e+01
9.828173623079005949e+01
9.838040615430675473e+01
9.818088957081124590e+01
9.799524847840261543e+01
9.785081668965359825e+01
9.790180987536912482e+01
9.788353203576330941e+01
9.808753344109031502e+01
9.805849514126346378e+01
9.798624993147059570e+01
9.835105590490265115e+01
9.818988383147716092e+01
9.852108838163428572e+01
9.821831961199751504e+01
9.798046443687296403e+01
9.798806675197182869e+01
9.841699944163116243e+01
9.826163842572486828e+01
9.826238148913618886e+01
9.826587160062312876e+01
9.809675148510039833e+01
9.792124028252816004e+01
9.784402840177546068e+01
9.770908053590824238e+01
9.741899571038705119e+01
9.811261220236212921e+01
9.778213017532556250e+01
9.804184835181082747e+01
9.782052636283913216e+01
9.796908905612913543e+01
9.792151355106305743e+01
9.771482546270591740e+01
9.813485960056179636e+01
9.827001135210367977e+01
9.846882808244414775e+01
9.803814833867527057e+01
9.806833907622934987e+01
9.841642894539729980e+01
9.800557004382329751e+01
9.802597378695173802e+01
9.807401544493764334e+01
9.780511572021767108e+01
9.769570451055570004e+01
9.793002864370681948e+01
9.802786697982050157e+01
9.805329232879086021e+01
9.802812941066298436e+01
9.815667420905407425e+01
9.807194708463914878e+01
9.822296470987286909e+01
9.799245404682574190e+01
9.786389203593323316e+01
9.844947747419034556e+01
9.838480482653424986e+01
9.828155566106504182e+01
9.806380846827433118e+01
9.851191878505001398e+01
9.835598922777531072e+01
9.833064339024571154e+01
9.821789803292591614e+01
9.802119171130431141e+01
9.806405645083437150e+01
9.774238092377993325e+01
9.784496787304813381e+01
9.839149181770250152e+01
9.869132442275103756e+01
9.841154206610593747e+01
9.814853806132737191e+01
9.800789248275860643e+01
9.848837483267233495e+01
9.844950271315298096e+01
9.798764818169586022e+01
9.803517355749572459e+01
9.819086208581775566e+01
9.808851151385856326e+01
9.831644422347490320e+01
9.837126674061632059e+01
9.813167589826048243e+01
9.806611571900926094e+01
9.791989951379464685e+01
9.789148021043683912e+01
9.796586829583229417e+01
9.819920949284278322e+01
9.808076653707327353e+01
9.814971991751349378e+01
9.818146588959577059e+01
9.817435072475865354e+01
9.785214322207809801e+01
9.806490011735445478e+01
9.837930995546628310e+01
9.848726482953519223e+01
9.862432558079649425e+01
9.812169162146999213e+01
9.828662364829381204e+01
9.845373935560395751e+01
9.843849869973705324e+01
9.838060921529654479e+01
9.855927801485569262e+01
9.882505750346130924e+01
9.844856385767864992e+01
9.854212867547384747e+01
9.844640903346542871e+01
9.863896419414619743e+01
9.840891845531062643e+01
9.840259594744395599e+01
9.836785210825503611e+01
9.856113525129268282e+01
9.795920416196047142e+01
9.836356880757409726e+01
9.814162776290224599e+01
9.811238427632922310e+01
9.772137921939263094e+01
9.819844937011986019e+01
9.788133349657202587e+01
9.816893835132346169e+01
9.805726262394493631e+01
9.827502889681439058e+01
9.848923831692786734e+01
9.829508537667675228e+01
9.808677135809826098e+01
9.786478790486160051e+01
9.822334479202790192e+01
9.784468657952426440e+01
9.843235447717700026e+01
9.839794642606743480e+01
9.787281902854192595e+01
9.796153654228822916e+01
9.788945875416222009e+01
9.767672370205650623e+01
9.803314055368105073e+01
9.797366321128824040e+01
9.847857586952237341e+01
9.847625281911604134e+01
9.782449241480888702e+01
9.751774542802309043e+01
9.748673467692265149e+01
9.790166715648740592e+01
9.738283689582532077e+01
9.773122457593579782e+01
9.791283935881240552e+01
9.821954445995561400e+01
9.807022399108092259e+01
9.810683258787464922e+01
9.875502186636174429e+01
9.873892967136657717e+01
9.821050594087732577e+01
9.805071021883794913e+01
9.797359317524377786e+01
9.797301017191472283e+01
9.838604586692389375e+01
9.806363416376035502e+01
9.817792562918810972e+01
9.816069061245583782e+01
9.798783713081178348e+01
9.762151326382331717e+01
9.814726159305195097e+01
9.809570657741244304e+01
9.833871446696309704e+01
9.810358289214364902e+01
9.799819392580866406e+01
9.813917959336770025e+01
9.815203570879960182e+01
9.796724430458341715e+01
9.835506005906152893e+01
9.827340724806960282e+01
9.839007299657687611e+01
9.828272432622206622e+01
9.809645886170697793e+01
9.817023518491946277e+01
9.835120468182815046e+01
9.822717452750123357e+01
9.834213782171481455e+01
9.792565132643454717e+01
9.807809760446782832e+01
9.814460611561969472e+01
9.854545265443256596e+01
9.826129147105564243e+01
9.769352339681084629e+01
9.805077918128147019e+01
9.793411234296193868e+01
9.835370715709713352e+01
9.782216090312306278e+01
9.821328442116713120e+01
9.835188736240282026e+01
9.802822791534896396e+01
9.828275528881147238e+01
9.798347374788515651e+01
9.793450269364804228e+01
9.788560313007276648e+01
9.843183441181253102e+01
9.847972455977958361e+01
9.794575911054509731e+01
9.852814880167720446e+01
9.830519200926396195e+01
9.793465465175586360e+01
9.804459455810969359e+01
9.767729982991799886e+01
9.788643786768523114e+01
9.804232661143608141e+01
9.812531103280036859e+01
9.846629421685889838e+01
9.847934819057843470e+01
9.791616633184322893e+01
9.787824671643471675e+01
9.838042422177711899e+01
9.836339913424991721e+01
9.774632608023578939e+01
9.814797475150267303e+01
9.847313605459846997e+01
9.860918289527170089e+01
9.807834763711866799e+01
9.787503334522726561e+01
9.778943199689736332e+01
9.768421755867295531e+01
9.776014152463984885e+01
9.816399287825699105e+01
9.806081060526798865e+01
9.837244248306609506e+01
9.802814811262176420e+01
9.807951690017830515e+01
9.824978357767760428e+01
9.831564768998494230e+01
9.806925396795459449e+01
9.822903713790771008e+01
9.826794423788568622e+01
9.816309668747709338e+01
9.835454699098039555e+01
9.850135254610277968e+01
9.828372947214268152e+01
9.827432193575482700e+01
9.807928027031299223e+01
9.837198633533493819e+01
9.827682599307992461e+01
9.832023466810971968e+01
9.799873336521442013e+01
9.793405505512708942e+01
9.803393853823911286e+01
9.781831632366998974e+01
9.769494112226624338e+01
9.768283774262431507e+01
9.822702799674145524e+01
9.805129579181242150e+01
9.785423693203195228e+01
9.777023112138776639e+01
9.768642768216818695e+01
9.811967428599693619e+01
9.798129045416915517e+01
9.799487011672522385e+01
9.808492221253230525e+01
9.815369152464295155e+01
9.850432198997050648e+01
9.872930062252471828e+01
9.825559055770681027e+01
9.837198127920537161e+01
9.827175926930222261e+01
9.846422217140435862e+01
9.820356074383035150e+01
9.821969436888564076e+01
9.810616060809239514e+01
9.772942900952155298e+01
9.771736372119893588e+01
9.825060400770864533e+01
9.814978336093410860e+01
9.763432997783256440e+01
9.790914981838039921e+01
9.850577131343381154e+01
9.827751574581971283e+01
9.817201341851699681e+01
9.814673534971115032e+01
9.789574980697517503e+01
9.774820415887971592e+01
9.778119570174214914e+01
9.847709383141410910e+01
9.835483688850513317e+01
9.805958485662728208e+01
9.829792642599181818e+01
9.801222987965513767e+01
9.807032034663365039e+01
9.755065972419112086e+01
9.818743515232227992e+01
9.782979127325920388e+01
9.822507858932691249e+01
9.796985455695455869e+01
9.803161274751452936e+01
9.837781417248525884e+01
9.832795544444388725e+01
9.839459254929079179e+01
9.771170478816499383e+01
9.797625149168710834e+01
9.835618889281693100e+01
9.836223602539426736e+01
9.828728831119939002e+01
9.812982184370848415e+01
9.835138580065211045e+01
9.848452464722146260e+01
9.775646026904126984e+01
9.835526046006526713e+01
9.767612447362989769e+01
9.790087010052774019e+01
9.820274238526756960e+01
9.792886851430201034e+01
9.831886010368418738e+01
9.778168104789078541e+01
9.763240650432764767e+01
9.815076673304257326e+01
9.836301891508037443e+01
9.835313882552163989e+01
9.807430305119656566e+01
9.812367951096565832e+01
9.788472538666074740e+01
9.812593109132457414e+01
9.818270278119307193e+01
9.800985684301656420e+01
9.769072412859900112e+01
9.782647474757567352e+01
