9.749172799592987815e+01
9.511240754477428538e+01
9.533777620193417590e+01
9.499407460329199182e+01
9.486997068811143663e+01
9.465929137296579654e+01
9.524329824262069621e+01
9.471226785492849842e+01
9.437526188726621967e+01
9.439618650184100090e+01
9.398241046447986946e+01
9.411685716744960928e+01
9.414126233644931574e+01
9.419428026719509717e+01
9.445895973895214581e+01
9.382185639450892722e+01
9.423688576554417295e+01
9.402443290062150538e+01
9.424478770384619963e+01
9.406919139417850317e+01
9.406426925857306287e+01
9.413937733979828693e+01
9.363156096992680943e+01
9.397702968871169560e+01
9.404746361381747022e+01
9.392358834341531804e+01
9.406070491978670134e+01
9.354000957583933484e+01
9.383129217915502807e+01
9.445933461411580367e+01
9.438049853866164085e+01
9.372168484079395512e+01
9.377968136153715761e+01
9.383649958526189039e+01
9.368501230506768707e+01
9.390130932916495965e+01
9.380391023298943765e+01
9.372507222525401005e+01
9.429802948798635498e+01
9.379594171202688813e+01
9.403648822004532803e+01
9.415948467409684497e+01
9.365130804887716920e+01
9.371157551320469281e+01
9.398646836528587301e+01
9.425372287019509088e+01
9.439256306306754141e+01
9.397547334331886759e+01
9.373219375309496115e+01
9.376619950571112838e+01
9.367655610517449816e+01
9.353396529477832644e+01
9.401078146005364999e+01
9.415268114383813725e+01
9.361277697300420186e+01
9.381012083198373830e+01
9.349715106130314268e+01
9.344784899580309911e+01
9.408590718274581377e+01
9.353935484270421341e+01
9.436851971293407360e+01
9.378172415940338169e+01
9.418445226547221694e+01
9.399341630512287793e+01
9.341861665291126826e+01
9.344198173934869089e+01
9.426968277425980602e+01
9.385283715835829810e+01
9.346363072299634212e+01
9.367450848553147580e+01
9.340295610086127454e+01
9.342337631803819420e+01
9.406650083379155092e+01
9.339311179408026931e+01
9.308189915008767912e+01
9.348690126093913477e+01
9.366343553333581440e+01
9.360717563748399073e+01
9.329260678739211698e+01
9.383421901617356298e+01
9.351924644516022056e+01
9.327174021699414652e+01
9.344919664180451946e+01
9.325476296071053639e+01
9.332408113262107463e+01
9.333760059001281206e+01
9.364828081735147691e+01
9.355852762000847633e+01
9.329009763348911122e+01
9.394987857552287380e+01
9.356889439941522824e+01
9.365488855667844348e+01
9.311929133698806993e+01
9.338912006970355151e+01
9.329226931365474229e+01
9.312627829127167445e+01
9.332919242330115139e+01
9.327818692392274613e+01
9.332191568512052982e+01
9.304384720564952715e+01
9.345227769345297020e+01
9.318070402347261449e+01
9.322983913614297080e+01
9.318185067053285309e+01
9.282584579673415703e+01
9.304645613684500915e+01
9.335189017108375253e+01
9.311269253884977104e+01
9.358277666708153220e+01
9.312705104597301897e+01
9.322023784090846732e+01
9.286765319188769752e+01
9.296116306385600581e+01
9.270624476227249033e+01
9.310532294635112294e+01
9.261047178563872251e+01
9.301055078366799478e+01
9.296241955800756784e+01
9.284765945099053397e+01
9.362504833600011978e+01
9.304993686503318884e+01
9.288851265825837800e+01
9.290447701656491120e+01
9.299929463165942423e+01
9.272599302354308293e+01
9.279650084167484181e+01
9.279849973483833026e+01
9.299553872745131855e+01
9.329794623056663738e+01
9.288488469570263817e+01
9.306551838794263176e+01
9.279189801819241268e+01
9.249571260503829251e+01
9.271179987365201214e+01
9.275488454660292348e+01
9.286821746046059900e+01
9.346195644287978155e+01
9.263793432225003244e+01
9.278540970542616151e+01
9.280461095026647911e+01
9.299804529048812185e+01
9.244071030559319979e+01
9.288681569578746178e+01
9.249511504521392169e+01
9.286240414125559539e+01
9.267284333780172290e+01
9.318075791380938711e+01
9.299359945826365959e+01
9.327878599419017291e+01
9.239022177624970311e+01
9.292946350020197599e+01
