2.870223820404827961e+02
2.882041556667203395e+02
2.887476692395769078e+02
2.891444061466166318e+02
2.893098294499931740e+02
2.895469566515459405e+02
2.894364243410389008e+02
2.896051956241636844e+02
2.898750176054866756e+02
2.901087863035658643e+02
2.900948950897110876e+02
2.902592687718965294e+02
2.903108697762652923e+02
2.903721161125718595e+02
2.903374302726872429e+02
2.903225952351696151e+02
2.905065003334484004e+02
2.903726340206310397e+02
2.903386060254356380e+02
2.905332551939669656e+02
2.905733277972991004e+02
2.905854427613147095e+02
2.907096987931956846e+02
2.908360299889120029e+02
2.906408487986795990e+02
2.906822416169655412e+02
2.907800746848382119e+02
2.907150741525648527e+02
2.907793365225075490e+02
2.907513997715936966e+02
2.906212833105893765e+02
2.906338542859097629e+02
2.907277296767186385e+02
2.908141540683078006e+02
2.909111004080390899e+02
2.907236098614036450e+02
2.909284056078122376e+02
2.907787692499153422e+02
2.907182117791650739e+02
2.907462360567536166e+02
2.908015603041525878e+02
2.907521139104555914e+02
2.907334840231926592e+02
2.908525660127519927e+02
2.908333145502036245e+02
2.907652807753179900e+02
2.906847733187397580e+02
2.906566473079597586e+02
2.908153778814448174e+02
2.908429022147282126e+02
2.909078619694293479e+02
2.908679544072718954e+02
2.908489332132395475e+02
2.907997175294328827e+02
2.909297470509368395e+02
2.910485190226187910e+02
2.909321614948883621e+02
2.909924727124193282e+02
2.911012658611670645e+02
2.908981685274533220e+02
2.908512186409511173e+02
2.909444646134837740e+02
2.909588513987245619e+02
2.907036717673166208e+02
2.907889356887345684e+02
2.909860718097233416e+02
2.909626961444466247e+02
2.907261656809025112e+02
2.909450942180999959e+02
2.910653571177752497e+02
2.909067613203945371e+02
2.911158429323025985e+02
2.910488068281345591e+02
2.910643956910977863e+02
2.911395550770009777e+02
2.912415231659151118e+02
2.912093518752706132e+02
2.910994718603394062e+02
2.911805707096522724e+02
2.912174549820706488e+02
2.909546273245397288e+02
2.911115835524495310e+02
2.911630393118149414e+02
2.913238315864676338e+02
2.913374187728518336e+02
2.912501643238533120e+02
2.910896319557955962e+02
2.912674180208761641e+02
2.912023762488223610e+02
2.912044217443794309e+02
2.912310426149139744e+02
2.913098302926505312e+02
2.912163735861684586e+02
2.912360329084605723e+02
2.913503679875890953e+02
2.913604551020395093e+02
2.912996813481358913e+02
2.912862174838679721e+02
2.913811543239326056e+02
2.914099928959429349e+02
2.913767395604301669e+02
2.913852239452227764e+02
2.914606850972509733e+02
2.914050822815771653e+02
2.915707360623679847e+02
2.915619340230936700e+02
2.915242252249398121e+02
2.915300190346012528e+02
2.915405492860259073e+02
2.913261617156881016e+02
2.914378788974786971e+02
2.914891867057033892e+02
2.916919247496709318e+02
2.915767187944956049e+02
2.916524375371661222e+02
2.916476469939788672e+02
2.916393080208059132e+02
2.916429548256075464e+02
2.916885762924626420e+02
2.916825767574575252e+02
2.914997262753210521e+02
2.916178793027224287e+02
2.916422689423429233e+02
2.916154529588845890e+02
2.917578808020032284e+02
2.917957798257936020e+02
2.916087147889838320e+02
2.916595020810360097e+02
2.918083740412481575e+02
2.916091571644189457e+02
2.916591515276368796e+02
2.918436720233009396e+02
2.917641167466665024e+02
2.919580089879398770e+02
2.917876786820419852e+02
2.918949585979329981e+02
2.918390805352624966e+02
2.916052441238197730e+02
2.918783033691611877e+02
2.919519987549315942e+02
2.916214491994578566e+02
2.918753823990353453e+02
2.918595006220343748e+02
2.917871582313869112e+02
2.918614669602600316e+02
2.919363672389118847e+02
2.917347566077629040e+02
2.918484197985117135e+02
2.918661298481013660e+02
2.917557816301145976e+02
2.919275181103394061e+02
