1.031960159138462245e+02
1.029593158008149203e+02
1.031138571368641266e+02
1.033013013598135927e+02
1.033813167864580436e+02
1.031501430166424598e+02
1.035362875438477630e+02
1.033446001097789377e+02
1.032086687091114214e+02
1.033310314218748118e+02
1.030950174273748843e+02
1.029695855350360034e+02
1.033978562281286600e+02
1.033320813817638850e+02
1.026346091798267253e+02
1.032292615956217361e+02
1.030313265896773487e+02
1.028528840259995718e+02
1.034322237285038426e+02
1.032506372760493178e+02
1.030966599950738356e+02
1.029208562793917991e+02
1.032427120130172966e+02
1.030149338905627019e+02
1.031615564634138451e+02
1.033201713820858600e+02
1.032576101640330535e+02
1.031412360881964645e+02
1.031826254433304229e+02
1.031033816562263183e+02
1.031332735626559867e+02
1.032828454251137913e+02
1.035252785041057706e+02
1.027737434677575834e+02
1.034768394608073123e+02
1.034221276468498303e+02
1.028958787985530847e+02
1.033396316604793697e+02
1.030612313645153222e+02
1.033685901640104134e+02
1.032632216798979243e+02
1.032588163236863465e+02
1.032159826148512707e+02
1.030170209547977720e+02
1.030000292123634011e+02
1.031420448115671320e+02
1.028537206360196450e+02
1.028929682834946249e+02
1.032519452070739590e+02
1.031466384336018933e+02
1.030212172169365203e+02
1.036062471705726011e+02
1.028044489740386354e+02
1.031310666381368861e+02
1.032226501132041250e+02
1.026697249117076609e+02
1.032634214878222423e+02
1.030519547522103068e+02
1.031749885211459485e+02
1.029990013237187441e+02
1.032378881357006435e+02
1.031699416765263777e+02
1.032879114051179954e+02
1.031552454095735385e+02
1.029466232117228515e+02
1.034258462539194170e+02
1.031786931517207364e+02
1.031910113713502284e+02
1.032253484494285800e+02
1.029881649771653542e+02
1.031637074192391736e+02
1.031545862056471066e+02
1.030093118763539479e+02
1.029409523140042211e+02
1.034136094132862667e+02
1.033244037269910791e+02
1.031044215732766105e+02
1.033333605870277978e+02
1.031998196140457225e+02
1.031207179957199145e+02
1.030721844745882976e+02
1.031296026299565938e+02
1.031475760467674974e+02
1.032555569233842476e+02
1.029537628924069850e+02
1.031950066124908147e+02
1.031428344573995872e+02
1.031712963213299190e+02
1.031375392139356819e+02
1.031382295591237579e+02
1.030807097290045817e+02
1.027545568418447033e+02
1.032931462235632125e+02
1.034295664645482589e+02
1.029141664248208485e+02
1.031063227130328528e+02
1.034154391525709116e+02
1.032942958573284642e+02
1.030709824169201738e+02
1.032156546523457763e+02
1.028360111423754546e+02
1.030833362808825200e+02
1.029879913210710214e+02
1.031778199484893861e+02
1.030590362059551950e+02
1.030823146564422217e+02
1.031650827948064517e+02
1.031755638910102562e+02
1.032330712190117339e+02
1.027082147629431574e+02
1.030876309405602456e+02
1.034494892116459255e+02
1.029003795302724455e+02
1.035047567920512250e+02
1.030932947613741106e+02
1.032164434605745527e+02
1.035559600083339120e+02
1.027597889160418845e+02
1.031839041383264970e+02
1.035895840110056412e+02
1.029550913509658159e+02
1.031376253182218647e+02
1.033194039519735696e+02
1.030482791545002073e+02
1.031414613092924810e+02
1.032451041458580363e+02
1.033225857459902528e+02
1.034531513008599433e+02
1.029070291534009129e+02
1.033287423051406932e+02
1.033195289255467060e+02
1.035005327197268201e+02
1.032231533904669760e+02
1.033358566497877433e+02
1.033535203066501396e+02
1.029452883307000803e+02
1.032218997427990956e+02
1.035017700941741765e+02
1.029863296628836764e+02
1.030610640785798324e+02
1.030734573258238100e+02
1.029940024178031877e+02
1.036152542112290007e+02
1.028560918198307235e+02
1.030304444727177184e+02
1.034812160501664806e+02
1.032734207274157114e+02
1.031957971732054347e+02
1.032951874354263992e+02
1.032863745922666538e+02
1.036588338098990931e+02
1.032417957219258398e+02
1.032444216598465090e+02
1.031876540893325540e+02
1.031520132387805120e+02
1.031184677964753860e+02
1.029487193125019076e+02
1.032477937004739488e+02
1.026300396584524606e+02
1.031115229679653140e+02
1.033208241070633306e+02
1.029175875642788043e+02
1.033604402849480266e+02
1.033968204057730986e+02
1.029794281087818746e+02
1.028860846631907719e+02
1.028956866401066321e+02
1.033567748842086331e+02
1.031815725867039788e+02
1.031403822732568329e+02
1.033276550468515325e+02
1.033601531108730569e+02
1.033919867899158334e+02
1.032433449690917513e+02
1.031212221592644056e+02
1.031217515892407164e+02
1.031261360607715716e+02
1.032637270604380433e+02
1.033128240279833818e+02
1.033726449795093316e+02
1.028873814270983615e+02
1.029951009177666350e+02
1.029502966816973952e+02
1.029542339898946040e+02
1.030985301601845094e+02
1.028103221632314188e+02
1.032160654793219834e+02
1.037432369774249850e+02
1.028147359802859597e+02
1.031168651648764722e+02
1.031464440982525161e+02
1.032004946247561605e+02
1.029917296854464581e+02
1.028412157624046444e+02
1.031438446129562152e+02
1.029089118097149509e+02
1.031818455664394349e+02
1.037069490588831258e+02
1.030194387543567558e+02
1.034780848522611478e+02
1.034104807886055823e+02
1.031635488303877963e+02
1.032635595208319046e+02
1.031602788546992429e+02
1.028670444079442490e+02
1.032811637290097906e+02
1.031651186591127072e+02
1.031979631395222015e+02
1.034859673698066018e+02
1.027924412161022474e+02
1.030969910679451687e+02
1.034919060811194669e+02
1.029945031900598451e+02
1.033428085323060230e+02
1.030774071106998662e+02
1.031733726174140173e+02
1.029838171760331278e+02
1.034454454062940272e+02
1.027908100533730504e+02
1.031315239110471680e+02
1.032939420939374031e+02
1.033170834871059469e+02
1.032785606485892202e+02
1.032861107443051765e+02
1.029044741466090755e+02
1.035064121942681510e+02
1.033421606527530230e+02
1.032942186555069242e+02
1.035838653867843391e+02
1.031700003258603715e+02
1.029616962632724579e+02
1.032704880772835310e+02
1.032661919108428350e+02
1.032613544602171913e+02
1.030594057533017036e+02
1.035892650137851803e+02
1.031429307330561329e+02
1.030820238503932273e+02
1.033953204491796214e+02
1.032896802580237363e+02
1.029346161514503137e+02
1.030475197496673019e+02
1.031238216865044564e+02
1.033654368479601402e+02
1.030736204521590622e+02
1.033285633736129654e+02
1.030160005769400158e+02
1.034095543945365563e+02
1.030488921722662354e+02
1.034519468817358501e+02
1.032515191739955043e+02
1.029556187999358627e+02
1.031218933474895181e+02
1.035202550108643464e+02
1.031841201086142092e+02
1.031503312047259016e+02
1.036469661606902974e+02
1.028233934310314197e+02
1.032773725247869834e+02
1.031917247505439263e+02
1.030628759670564705e+02
1.035572203951034140e+02
1.032881087810562377e+02
1.033532284553370033e+02
1.034123607669568656e+02
1.028081939483979426e+02
1.031284811312309699e+02
1.031582613846837972e+02
1.029634631732089360e+02
1.029076430641933939e+02
1.029923805729578845e+02
1.028718846475359072e+02
1.031377273580320804e+02
1.037367842494441135e+02
1.033060692134264968e+02
1.031985032703690308e+02
1.034228549948973068e+02
1.031696196680065469e+02
1.032223713172865018e+02
1.029516331030820311e+02
1.032685258256504284e+02
1.030676988623336001e+02
1.030772810131052069e+02
1.034450788673003530e+02
1.031365858377402134e+02
1.034971836651810264e+02
1.033366949905264534e+02
1.029037895536401521e+02
1.030635886299180157e+02
1.032560574755411267e+02
1.027897703320992520e+02
1.029515589976701335e+02
1.034354003636863695e+02
1.028833707643296833e+02
1.031454745481065771e+02
1.030100068235811932e+02
1.032937360427378195e+02
1.030101408414991937e+02
1.030063556101030855e+02
1.034768357039786224e+02
1.032401210870923620e+02
1.030843959570673434e+02
1.031667732841993370e+02
1.032616558603675543e+02
1.029448757302510131e+02
1.034164861434688731e+02
1.034262866441533788e+02
1.027967645868662885e+02
1.033057863249187704e+02
1.032226081316947557e+02
1.031166693330189759e+02
1.031986576427848235e+02
1.032243291344278049e+02
1.030249590920430904e+02
1.032176094798871873e+02
1.031864639475155201e+02
1.030041657284702268e+02
1.029885724993665832e+02
1.034991404994284068e+02
1.025670020235881310e+02
1.032887433389310985e+02
1.035615722266604593e+02
1.034346499020061145e+02
1.032795352520965508e+02
1.032123860678967731e+02
1.033635198005082003e+02
1.027251657579124213e+02
1.033128781373054608e+02
1.034885641070163160e+02
1.028069000667165795e+02
1.029711165633658538e+02
1.031981018740759311e+02
1.033987241773713919e+02
1.031073072765881165e+02
1.031440428584342044e+02
1.030444969919875149e+02
1.030201220206693051e+02
1.032434620216992016e+02
1.031600216699556114e+02
1.033830667466416315e+02
1.030353290983305214e+02
1.029885891752824136e+02
1.032534995275038483e+02
1.033960167096224723e+02
1.027553414287908709e+02
1.031613263125874482e+02
1.032316443388207148e+02
1.033199894418034290e+02
1.032398487728077043e+02
1.031800583258561090e+02
1.029306537556896046e+02
1.031184472890779489e+02
1.036634168354745071e+02
1.031483218514545683e+02
1.032444147723194732e+02
1.035708852295901607e+02
1.030868776587715701e+02
1.031035900890643120e+02
1.026215220706993705e+02
1.031879389411920585e+02
1.029782190090204921e+02
1.029964154534593490e+02
1.034831295683572421e+02
1.027717224756808747e+02
1.029856898322566536e+02
1.032814048881478897e+02
1.030898919866574630e+02
1.029436049937800846e+02
1.028684701164811059e+02
1.031627928481821215e+02
1.029815022770287527e+02
1.031599589657002980e+02
1.033363781761625688e+02
1.032068911096208552e+02
1.031997059349311456e+02
1.036938034050969009e+02
1.034340099646025664e+02
1.029898680071040076e+02
1.031618819219699503e+02
1.033493044037501392e+02
1.032805161363783668e+02
1.031023612541833359e+02
1.031387431666083927e+02
1.034938858764130458e+02
1.033404989001668923e+02
1.027389419663208514e+02
1.032357329278277547e+02
1.030510237254109569e+02
1.030424765235953259e+02
1.032234067954085930e+02
1.035181093390750675e+02
1.034616825540415874e+02
1.034269789874371668e+02
1.034013548034327954e+02
1.029916849634001892e+02
1.031853804546973805e+02
1.031251972455086161e+02
1.033655179259349666e+02
1.031136622259349593e+02
1.033721803730950199e+02
1.033040843806697779e+02
1.034653392735344397e+02
1.032060716198079149e+02
1.030262015716688921e+02
1.032209167744008482e+02
1.033800528909411440e+02
1.029833256800185382e+02
1.031334513931641794e+02
1.032346858986750817e+02
1.031006104411735720e+02
1.032783419894680037e+02
1.028584203962687269e+02
1.029983276217908070e+02
1.027076326608851105e+02
1.028116942903727562e+02
1.031848892190871396e+02
1.031038691617680314e+02
1.030833515660831381e+02
1.031388579906473097e+02
1.029340187474533792e+02
1.031441096872997463e+02
1.030883868261605159e+02
1.032151387321705442e+02
1.031155020860649216e+02
1.028570148337532686e+02
1.034896845116095392e+02
1.029297944641297704e+02
1.031294772708935312e+02
1.031293055088614352e+02
1.030701175389086046e+02
1.031458112253094583e+02
1.033928048016360890e+02
1.028531205007559919e+02
1.031097074765936412e+02
1.027927113085098227e+02
1.032857363025413946e+02
1.034087164894728090e+02
1.033114566310307509e+02
1.031118977719389278e+02
1.034076972786512982e+02
1.032938671289529822e+02
1.031050780603102481e+02
1.034898345813011815e+02
1.032041086505278145e+02
1.030846690372480481e+02
1.033677698496920101e+02
1.033477227609119637e+02
1.032103839190036041e+02
1.031539442410179532e+02
1.034352886761793542e+02
1.028137708452477028e+02
1.033146519674023693e+02
1.032972695890681649e+02
1.029018298492139962e+02
1.031807658660925284e+02
1.032361593992267359e+02
1.031237301801461967e+02
1.031973181399187780e+02
1.032458613703243486e+02
1.031673483010505521e+02
1.033389506233256725e+02
1.030284701435906669e+02
1.030946586324455296e+02
1.031101068497044508e+02
1.030910105192562440e+02
1.032559575668882275e+02
1.029431705892865807e+02
1.032889089581482125e+02
1.036109489887926856e+02
1.028510446510695004e+02
1.030709606836741017e+02
1.033575195001739786e+02
1.034007470836018001e+02
1.035904003064746206e+02
1.033556896816021435e+02
1.035187446093998460e+02
1.034972568042682610e+02
1.033568233360757063e+02
1.031097075008938333e+02
1.030234508797611426e+02
1.028814003972006503e+02
1.030552341264633611e+02
1.027155926767734258e+02
1.026996450001209951e+02
1.029059098314406384e+02
1.027995971601711886e+02
1.030459832423075426e+02
1.027787696649579630e+02
1.029445479669822134e+02
1.032742593459290816e+02
1.029662696162614992e+02
1.030545291489080029e+02
1.032769852466843616e+02
1.031228491171479931e+02
1.030354114457934287e+02
1.030022031493314358e+02
1.028831564616590555e+02
1.028363250229670172e+02
1.033771937947361295e+02
1.030890301943183971e+02
1.027555930882876538e+02
1.034056796755255192e+02
1.033974000386641023e+02
1.033083634033040994e+02
1.033477629901662596e+02
1.032776384078737237e+02
1.030572585738152185e+02
1.029177942237986798e+02
1.034802633467604096e+02
1.031425567363379656e+02
1.032646462138313836e+02
1.031299933593405740e+02
1.030242667624258956e+02
1.030901700672593506e+02
1.033913968722235524e+02
1.028379445379284078e+02
1.034204557704920688e+02
1.033857742411498180e+02
1.033795067250202209e+02
1.034931673710042332e+02
1.035187759535443348e+02
1.027125123786201328e+02
1.030562212270860840e+02
1.031991107702247064e+02
1.033994506252157066e+02
1.028299535588274836e+02
1.031478728411887431e+02
1.029432826556509895e+02
1.029046651450078258e+02
1.030229462939537370e+02
1.031037072316635346e+02
1.030629313205107138e+02
1.033223754812898534e+02
1.025963525374472312e+02
1.030958609032261535e+02
1.032735800937222734e+02
1.031676138720288378e+02
1.028401294877313603e+02
1.031625295112361158e+02
1.032078344092157494e+02
1.030575057469091433e+02
1.035074682042005207e+02
1.035612104227293031e+02
1.028456120020179583e+02
1.032064486965610826e+02
1.032361119734968469e+02
1.029534246690542432e+02
1.033559584138265137e+02
1.030797489686150783e+02
1.028390211329153772e+02
1.033600671007022385e+02
1.031480980382092554e+02
1.033483236499025679e+02
1.032456924331468002e+02
1.028628323066463395e+02
1.029988503884729454e+02
1.029255554687574090e+02
1.030605184125609384e+02
1.032377866091172365e+02
1.034601451556037119e+02
1.027816463376062615e+02
1.033533404864612208e+02
1.030831543279796705e+02
1.032176517636564057e+02
1.030646916664475157e+02
1.034447464881611012e+02
1.032659813415123722e+02
1.029218309497024961e+02
1.036739808783360530e+02
1.033095820114313454e+02
1.027363662588241340e+02
1.030391943598409199e+02
1.026462058479076376e+02
1.030042251159658804e+02
1.032440898156503408e+02
1.034492064793227399e+02
1.029379367104604768e+02
1.031688422194221886e+02
1.031156854153897058e+02
1.028871390723596022e+02
1.033111112725938909e+02
1.034778892989393881e+02
1.031731594449553882e+02
1.035883326969803733e+02
1.028578041657384006e+02
1.030943248559321006e+02
1.033453446421129200e+02
1.029506172517281470e+02
1.032365626158169221e+02
1.038645278060924966e+02
1.029476011988682984e+02
1.035154121408397714e+02
1.032242982339381001e+02
1.030648802501008987e+02
1.033170496133343050e+02
1.032559144643490043e+02
1.029779998998102002e+02
1.034190212812357146e+02
1.032234954451348585e+02
1.036642721006956549e+02
1.031224182888130940e+02
1.033768764234456086e+02
1.030312975037912935e+02
1.029680505044030383e+02
1.030062062779542202e+02
1.034411933971685045e+02
1.030726707608123007e+02
1.033100752201891623e+02
1.033837451619887702e+02
1.032727947271195461e+02
1.028270237385957131e+02
1.033673348487080830e+02
1.032227291158898765e+02
1.036153294077692664e+02
1.031689624422767082e+02
1.035387709987694507e+02
1.034237665935948058e+02
1.028362318973787524e+02
1.035371182914078219e+02
1.028782652772551529e+02
1.032653214082506707e+02
1.031625827643295708e+02
1.030327057787843188e+02
1.034895131355071953e+02
1.037762614418989102e+02
1.032344048113417756e+02
1.033701191502638750e+02
1.029698791397811277e+02
1.032699963946084978e+02
1.033001910204676648e+02
1.031478501450593370e+02
1.034370536312233639e+02
1.030665519329738657e+02
1.034131941899524776e+02
1.032969232272960767e+02
1.031746116839054110e+02
1.034513593102387148e+02
1.027559092388595303e+02
1.030923352378093085e+02
1.035425037960174564e+02
1.031346170196764689e+02
1.033230270540505131e+02
1.028038620324180528e+02
1.032614224650111652e+02
1.034516213070851478e+02
1.029795793219604860e+02
1.031662409502645090e+02
1.033097871091640627e+02
1.032892834193508378e+02
1.031511945865185709e+02
1.033041635567299039e+02
1.031338366834125395e+02
1.032548333704167050e+02
1.029239343165043010e+02
1.030531201789367088e+02
1.032687273538662112e+02
1.027202913857329776e+02
1.029846483362877052e+02
1.030035732112799991e+02
1.028388389019264793e+02
1.030801812128342902e+02
1.032321561732339319e+02
1.026311623689981616e+02
1.030742213273998686e+02
1.029326664023290760e+02
1.030531489962846905e+02
1.029557979694875627e+02
1.029507361470836457e+02
1.033165543693601620e+02
1.037589599390132804e+02
1.034596159935733652e+02
1.032607027872502243e+02
1.028924511382177087e+02
1.035975027014637249e+02
1.032471992449446390e+02
1.031483060276815422e+02
1.030154660350913218e+02
1.033358157828710233e+02
1.032780842599620570e+02
1.030591706864075121e+02
1.032800038556933373e+02
1.032220904291216357e+02
1.027814333465557723e+02
1.032980265084254228e+02
1.028925600090136498e+02
1.034880220455562920e+02
1.029588990543340969e+02
1.030058182084937215e+02
1.036165224536687361e+02
1.030843190641757587e+02
1.032318800872616436e+02
1.032771753757447186e+02
1.031509453505343146e+02
1.032017436347113204e+02
1.031803689414548018e+02
1.032044180467981533e+02
1.033843331944491553e+02
1.034777792465492467e+02
1.028488873829127215e+02
1.035338344830475847e+02
