1.023597302384096679e+02
1.026890085175221117e+02
1.028222232207972411e+02
1.034704018623140911e+02
1.023485921298836985e+02
1.029065874257759674e+02
1.027011970404746535e+02
1.025480489266941646e+02
1.029000713750092331e+02
1.029074740374653061e+02
1.024661852612197066e+02
1.035382246370888311e+02
1.037010531680051031e+02
1.025462260802595580e+02
1.028211046238478303e+02
1.028479504755948852e+02
1.035372977774585621e+02
1.031476875592956191e+02
1.030938301912343036e+02
1.027936701614597155e+02
1.031099865881736406e+02
1.029340054610953104e+02
1.027361471505714832e+02
1.027092605616026759e+02
1.032207977776440799e+02
1.029263465182161923e+02
1.028026222449846472e+02
1.034345291544798471e+02
1.028168897910223762e+02
1.028412894025148461e+02
1.032218083806343003e+02
1.029912291473511203e+02
1.028218633688390327e+02
1.035918371257353812e+02
1.048888135402904567e+02
1.038016207956716244e+02
1.032547134584469148e+02
1.029575828097933226e+02
1.028055670360280942e+02
1.027139401187742465e+02
1.036540915594938923e+02
1.033700475509501047e+02
1.029542493122381899e+02
1.029724869031571615e+02
1.033794065027211104e+02
1.032294338769896314e+02
1.028924393082528894e+02
1.026553760175148255e+02
1.033103756732697747e+02
1.027487357410123394e+02
1.029318094325520292e+02
1.033697871292195032e+02
1.032771643435725650e+02
1.038894737769849570e+02
1.031619868427566047e+02
1.030570331869959091e+02
1.029642206238728335e+02
1.033339320731689241e+02
1.029889665773637404e+02
1.029502952015386086e+02
1.027771290256473691e+02
1.028830408854903453e+02
1.031835389202386182e+02
1.036219128571939336e+02
1.032930400461554399e+02
1.032449359210904731e+02
1.025547536029499014e+02
1.031030510354537029e+02
1.026588648506439796e+02
1.026748354103272476e+02
1.025311678738865027e+02
1.028928678080410037e+02
1.031603249643493569e+02
1.028357476286659704e+02
1.028834220872607688e+02
1.030726891435580228e+02
1.027597668795213508e+02
1.032011608555839786e+02
1.026892830655729227e+02
1.032772101862747860e+02
1.028040069809247257e+02
1.027237075742551866e+02
1.031301955443816922e+02
1.025165715368087973e+02
1.031631241899639377e+02
1.028435988470416191e+02
1.025874209687035119e+02
1.031980019741445602e+02
1.028849018158740165e+02
1.025982299281295127e+02
1.020968592018027010e+02
1.031763177178170707e+02
1.030525291263587064e+02
1.024772137498296019e+02
1.033088954032862858e+02
1.028669696073824298e+02
1.028301617436133455e+02
1.027441926442841122e+02
1.032981429289694830e+02
1.027484710569877819e+02
1.025014034625585140e+02
1.026178570811728292e+02
1.026457068247433853e+02
1.031490604058049172e+02
1.024229919895457641e+02
1.025983282777086316e+02
1.026762832327828932e+02
1.029658554496979690e+02
1.026280079394303897e+02
1.033424477701891533e+02
1.028424921257345090e+02
1.026010910351977685e+02
1.031081847280368038e+02
1.042129889018642643e+02
1.036862096432436005e+02
1.035025814645719748e+02
1.027365187626496663e+02
1.028901277966053271e+02
1.038663272514421578e+02
1.032087810683880349e+02
1.027111141529757106e+02
1.029286130733358249e+02
1.034587428074323299e+02
1.027292900484403191e+02
1.031051356926441116e+02
1.030635056913147167e+02
1.034685828890652601e+02
1.027606319984701173e+02
1.030010169072995865e+02
1.027993878855148893e+02
1.024384220447531817e+02
1.030708492301832280e+02
1.030201735310639748e+02
1.042925738058115712e+02
1.031985671032842191e+02
1.025886965844623688e+02
1.035103943415251848e+02
1.024479195013070836e+02
1.030422708231761959e+02
1.032145461998076286e+02
1.029718996024924991e+02
1.036471425764941188e+02
1.046630682387935138e+02
1.046907982755096640e+02
1.033269085368074087e+02
1.026168799923809729e+02
1.028880710009000978e+02
1.027970824765712763e+02
1.026462820950974191e+02
1.023732429417451470e+02
1.023523673506260110e+02
1.021499902713029542e+02
1.029969505509520076e+02
1.021704710370952824e+02
1.025543637556832408e+02
1.024151654898103487e+02
1.026657089051563929e+02
1.032705408635489448e+02
1.019779220129843651e+02
1.027021092916688048e+02
1.024301746059869771e+02
1.025050519698107649e+02
1.024883961167905539e+02
1.022395373524792177e+02
1.026204364970831335e+02
