2.859503770153178266e+02
2.862206222061751077e+02
2.863635823402040614e+02
2.860278274065308892e+02
2.860027884859223946e+02
2.860636824769288751e+02
2.858673861518917079e+02
2.859712971167334103e+02
2.859639500686012070e+02
2.859674005885862584e+02
2.859969886015523457e+02
2.860841111432278581e+02
2.858931026535493629e+02
2.859343331396357257e+02
2.860717328861741180e+02
2.859205026314335782e+02
2.858538320252127392e+02
2.858034151687348299e+02
2.858620014537723932e+02
2.858725078830819371e+02
2.859770574638933454e+02
2.857821611821470356e+02
2.858141654269605283e+02
2.859806459797953835e+02
2.859515689411787775e+02
2.859756991371883714e+02
2.860252311668662060e+02
2.859334798317766513e+02
2.859153644285449332e+02
2.860173441661516449e+02
2.861452730540372045e+02
2.859768018931310394e+02
2.859271088268667427e+02
2.860006624883369568e+02
2.857285999055721391e+02
2.858935258933667569e+02
2.859280078810456303e+02
2.857976800863797280e+02
2.857533667081657995e+02
2.859136280825849212e+02
2.858497455075230960e+02
2.855091485950619017e+02
2.855708179541890672e+02
2.859358907275293973e+02
2.859122819632044070e+02
2.859212441612266389e+02
2.858283420860627189e+02
2.858580808568589759e+02
2.857066893945996071e+02
2.859279681484689490e+02
2.859695365551600617e+02
2.859656580615105099e+02
2.859203625528840007e+02
2.856428759125942065e+02
2.858218218473272714e+02
2.859986788865580252e+02
2.859407896097485491e+02
2.858949908522064334e+02
2.859363374636179742e+02
2.857744135469529851e+02
2.859627604187953125e+02
2.859779599508039496e+02
2.859866278547164029e+02
2.860634940415814640e+02
2.858140105359660197e+02
2.858813632404977625e+02
2.859356378457426331e+02
2.859933997788068041e+02
2.859371270127518301e+02
2.860730460386762388e+02
2.861789065517063477e+02
2.860550655792192174e+02
2.860458335498390170e+02
2.859714657788748013e+02
2.862076141062451029e+02
2.859585957986739686e+02
2.858542143433401179e+02
2.861283111980307581e+02
2.861422908909954117e+02
2.861133596830956094e+02
2.861889096697555601e+02
2.861779318346742116e+02
2.861600113637661025e+02
2.861476403275610778e+02
2.861386552093882187e+02
2.861496748780757002e+02
2.864483816805346805e+02
2.862356645197110652e+02
2.861640998223275574e+02
2.860245419171619119e+02
2.862517031680754940e+02
2.862962372961511051e+02
2.862585185471734235e+02
2.863202270206459161e+02
2.863777990884220230e+02
2.862505075234703327e+02
2.861666799871342732e+02
2.862909030891930229e+02
2.864572261827835860e+02
2.862263912417993197e+02
2.863348034820958787e+02
2.863211806390618790e+02
2.864656709400826458e+02
2.864101619300507195e+02
2.862423811354016721e+02
2.862816513253536073e+02
2.863687726822200261e+02
2.865210680521319091e+02
2.866008651918572809e+02
2.864147475327574739e+02
2.863697141229623639e+02
2.863649417980556109e+02
2.865359002510261348e+02
2.863789367185378865e+02
2.861287023728798999e+02
2.861627705573073968e+02
2.862304998242166789e+02
2.864015430881419206e+02
2.863627430287163520e+02
2.861851882934782907e+02
2.862131615818717592e+02
2.863253793217797352e+02
2.864491122080760874e+02
2.863575338683926361e+02
2.866434411192098537e+02
2.864720645755407418e+02
2.864175983201647000e+02
2.863707798688814705e+02
2.864535678070704989e+02
2.865699731601484928e+02
2.868204810173489818e+02
2.867878092477020004e+02
2.865382091202979495e+02
2.866997141139573273e+02
2.865165975606162192e+02
2.866594668074514516e+02
2.865995605539235385e+02
2.865363156503297546e+02
2.867836075919443601e+02
2.866825188785442720e+02
2.868329067533641705e+02
2.866867079081827683e+02
2.866481447464875600e+02
2.867758562601111407e+02
2.864463104712185100e+02
2.865784643468410309e+02
2.866464865288710939e+02
2.867594243216624932e+02
2.868669767191387905e+02
2.869416182807584619e+02
2.871008763179484617e+02
2.871697505434554500e+02
2.870944211723293620e+02
2.871623229286287255e+02
2.870363046387990948e+02
2.870709263528417523e+02
2.872725802546987666e+02
2.870734930627951371e+02
2.869387408698696049e+02
2.871950237663699568e+02
2.871727868276296363e+02
2.873124640205173250e+02
2.872985460483689053e+02
2.872980708390865061e+02
2.872864642528119816e+02
