1.009731639014495954e+02
1.010029251449654595e+02
1.012558217863867753e+02
1.007435093736796716e+02
1.010798252973867903e+02
1.012742892293879180e+02
1.010675920606338849e+02
1.012830930670852894e+02
1.009172559061623673e+02
1.011113016638233262e+02
1.008246656006985518e+02
1.013160034939728007e+02
1.014245111601769196e+02
1.011779607777895791e+02
1.011110636876240818e+02
1.008990420108934956e+02
1.011433825812235483e+02
1.012415303729738980e+02
1.009162618028930893e+02
1.008125200828778247e+02
1.008035413303448991e+02
1.010963173296862578e+02
1.007113731121646794e+02
1.011164799576608431e+02
1.009692739109942181e+02
1.008536509429669508e+02
1.012399718683021774e+02
1.008635571412946774e+02
1.008804849161873989e+02
1.009186516935530591e+02
1.008843044032361860e+02
1.006007231124261665e+02
1.009061540666210135e+02
1.016562240468066562e+02
1.028603208673877276e+02
1.012627578927024530e+02
1.009275408262063820e+02
1.009778475115627288e+02
1.009534296573320802e+02
1.009424685255010701e+02
1.012096284623267479e+02
1.010880352263201303e+02
1.009856400828594616e+02
1.009779140341537271e+02
1.006577294226560042e+02
1.009039047803600369e+02
1.010687818312813562e+02
1.007736957055368663e+02
1.006988937412064473e+02
1.006840136779169512e+02
1.008806822628920372e+02
1.009891139744517687e+02
1.010982799518840380e+02
1.016388986543391439e+02
1.011975235975381793e+02
1.010813865064567239e+02
1.006020967925054492e+02
1.008124114234040150e+02
1.007820870591340281e+02
1.008182660019810299e+02
1.006033261266620826e+02
1.008316238910196034e+02
1.011081525798405352e+02
1.011583209868401099e+02
1.007541398784405260e+02
1.009143205381162716e+02
1.006569648983449241e+02
1.006787583552600722e+02
1.007225164949059462e+02
1.007821996781981966e+02
1.004803972656260953e+02
1.006537589723777302e+02
1.009867650925778690e+02
1.007349144068824529e+02
1.006545078052897821e+02
1.007380068598036615e+02
1.009760572065809328e+02
1.008368426294236286e+02
1.008821176997915359e+02
1.007237421784246294e+02
1.007040084395032267e+02
1.007278213635957940e+02
1.006714435451251575e+02
1.008745211800462727e+02
1.010033357681905244e+02
1.006323050301894426e+02
1.009856232910966156e+02
1.009681580701197134e+02
1.009079037826971756e+02
1.007391856520012539e+02
1.011666719575692781e+02
1.006691000381377847e+02
1.009101948517084679e+02
1.009247895051081940e+02
1.009080515474899613e+02
1.009283608580868759e+02
1.012963992827388466e+02
1.010781301007810811e+02
1.010439928011179660e+02
1.010458242619810818e+02
1.010442352963681287e+02
1.009987203895019547e+02
1.013347076920644412e+02
1.014368346685486557e+02
1.012758743953028642e+02
1.013477400398543153e+02
1.012628144554587521e+02
1.013099598951699392e+02
1.012115164477530556e+02
1.011778772298599876e+02
1.013453969272628825e+02
1.012487287648021379e+02
1.014996393801665278e+02
1.024921998041190960e+02
1.019704596571303483e+02
1.015835813996729797e+02
1.016976075758042271e+02
1.016782224848124798e+02
1.013903611407474870e+02
1.017234552516832764e+02
1.017196357895571595e+02
1.021588717606064591e+02
1.016566364098884350e+02
1.015861473848620307e+02
1.020709629838510608e+02
1.020092840695390493e+02
1.018782599982465200e+02
1.019038898329160929e+02
1.017727183713771666e+02
1.015906856686885362e+02
1.018528018788582159e+02
1.021241138174904535e+02
1.019276131678037132e+02
1.025790799070739894e+02
1.020115959322265553e+02
1.018539954591054340e+02
1.019327002943179536e+02
1.019594535618613378e+02
1.019301061144419123e+02
1.019092165425609124e+02
1.016719272144540582e+02
1.022622375652142210e+02
1.029548596643542169e+02
1.022791372261489329e+02
1.015320260619582911e+02
1.015778271516149545e+02
1.016910758545994753e+02
1.018070201746244265e+02
1.014442164045076851e+02
1.015819265983662518e+02
1.016186195557961156e+02
1.014297138604741946e+02
1.013938401389678461e+02
1.017103925217873979e+02
1.015458954730682848e+02
1.012969962465528653e+02
1.016372556531332947e+02
1.012982403980698365e+02
1.014668914972194642e+02
1.013839963906363124e+02
1.011256825215156567e+02
1.014361077646530589e+02
1.012626377871448540e+02
1.012835357932320477e+02
1.013252818179646937e+02
