2.858229005186267386e+02
2.858458590954230658e+02
2.858326724783986492e+02
2.856841496465422097e+02
2.857057630597248021e+02
2.859008967517682436e+02
2.857814911495186720e+02
2.857785247441514684e+02
2.858555825475032748e+02
2.859648838404023650e+02
2.857834969672142051e+02
2.857883393605939091e+02
2.858082701724810022e+02
2.858727839822590227e+02
2.857628944219962364e+02
2.856595292415099152e+02
2.855982013555005778e+02
2.858101121402480658e+02
2.858025470773960137e+02
2.858661664507993123e+02
2.859384914127842876e+02
2.859517785258723848e+02
2.859008469079819292e+02
2.858648257752329869e+02
2.857486166366427938e+02
2.858403004144450392e+02
2.859968959378767295e+02
2.858542262754758667e+02
2.858655884202993889e+02
2.859492395958642987e+02
2.859987953729072387e+02
2.858682157038557534e+02
2.858657199349136135e+02
2.859923143379375574e+02
2.857728924790256428e+02
2.858057734563730037e+02
2.859981850311753533e+02
2.860079043544191109e+02
2.858810999118191489e+02
2.860247709195410266e+02
2.859750270074047762e+02
2.859707263997821087e+02
2.859886719509044610e+02
2.860892376632758101e+02
2.859990772659858749e+02
2.860593577757060189e+02
2.860169330027427463e+02
2.861699422985603860e+02
2.861359164406915738e+02
2.859893032975340930e+02
2.860316734327096242e+02
2.860258344012984253e+02
2.860137987192662763e+02
2.860173943294673222e+02
2.859326637770554385e+02
2.861635192839270871e+02
2.862394598072692702e+02
2.862028486887356280e+02
2.862213929083796984e+02
2.860228528542777440e+02
2.862221047284037354e+02
2.863244435262117236e+02
2.862570011315694387e+02
2.861434353490768672e+02
2.862147219494580099e+02
2.862467764717060277e+02
2.863075335678359465e+02
2.863370350821886063e+02
2.863762741965377359e+02
2.862259758171741737e+02
2.863670478395982855e+02
2.864420581682784359e+02
2.865526117389524074e+02
2.863520779485895673e+02
2.862794100724630084e+02
2.861999340666198464e+02
2.862749360275812478e+02
2.864955682173625178e+02
2.863834158488110120e+02
2.864178665915647457e+02
2.864779442119934743e+02
2.862747503857209495e+02
2.862847088698741800e+02
2.863453195108823479e+02
2.862998084833931784e+02
2.862103856491608553e+02
2.863812468553575172e+02
2.864587280278468029e+02
2.862544977129638823e+02
2.863095872286360759e+02
2.863556793041105379e+02
2.862857464391058215e+02
2.862554811630370182e+02
2.864488609361765725e+02
2.863286739142078545e+02
2.864073199987371368e+02
2.864199706386691560e+02
2.861265573944792209e+02
2.861847940669982222e+02
2.863020454898976368e+02
2.863511502305559020e+02
2.862570500507669635e+02
2.862128625993315723e+02
2.861280166103192073e+02
2.859992823059635043e+02
2.860923787052497005e+02
2.862847086955814575e+02
2.861595176719197866e+02
2.861673165408997761e+02
2.864129217889229153e+02
2.862520459751095245e+02
2.862102183506950155e+02
2.861796550738644100e+02
2.862031791248759305e+02
2.859972516525456285e+02
2.859290879856600895e+02
2.861803926288275193e+02
2.860410417276099224e+02
2.860907284979854239e+02
2.859831225728729009e+02
2.861581798299687307e+02
2.860982466761657292e+02
2.858654773971801433e+02
2.860723308208927165e+02
2.862153652369264023e+02
2.858666137487201127e+02
2.859521710068153766e+02
2.859112154443691338e+02
2.860976242989644902e+02
2.862082234616858045e+02
2.861735260044454208e+02
2.863209837383208765e+02
2.861129053648605236e+02
2.860318716668617185e+02
2.862247535811355306e+02
2.860941268853343900e+02
2.861405261956297750e+02
2.861694404556723157e+02
2.861892795398923681e+02
2.862084264500680888e+02
2.862574674121069052e+02
2.864584626233903464e+02
2.861682188249292835e+02
2.862229852418419682e+02
2.863928362729498645e+02
2.863775443583575111e+02
2.864344851886259562e+02
2.866299655460436497e+02
2.866170494063539422e+02
2.865490803338856836e+02
2.865059565111811253e+02
2.865405711873567611e+02
2.865496938175264745e+02
2.865375415661243892e+02
2.864720113627776641e+02
2.865254360938047853e+02
2.866288089272970296e+02
2.866787387623087398e+02
2.866780809758374176e+02
2.866438720578851758e+02
2.866622165433949476e+02
2.868643746062453488e+02
2.866429560022919532e+02
2.868045990608380293e+02
2.870428795047274093e+02
