2.396965658453599133e+02
2.397442999448948058e+02
2.396625527280385768e+02
2.394175769450438622e+02
2.396428519147965801e+02
2.397181882881283457e+02
2.395643931729983649e+02
2.398935444032712496e+02
2.395542900165448543e+02
2.396112144566985478e+02
2.399764829892870921e+02
2.395285588575798386e+02
2.394897131128249441e+02
2.393957798320995209e+02
2.396144079465493633e+02
2.398830380918280696e+02
2.399203463621885248e+02
2.398247766837847621e+02
2.397589191972224114e+02
2.396882481879012801e+02
2.399957259441103190e+02
2.396943916369828287e+02
2.400053164715850755e+02
2.397702050805213219e+02
2.395607712725033878e+02
2.398307622399527190e+02
2.398181170606459318e+02
2.399666071173615762e+02
2.397234183287396263e+02
2.393880408109673681e+02
2.398935684613231558e+02
2.396308505325212366e+02
2.395780610104136770e+02
2.390569231675035837e+02
2.383554903747658500e+02
2.390849456252938126e+02
2.392688755032461643e+02
2.392690267579042427e+02
2.393957050818746666e+02
2.390717339557830030e+02
2.391586270718007938e+02
2.389100368516690480e+02
2.392281337782810624e+02
2.393803414676474688e+02
2.396354993065176870e+02
2.398409271747578657e+02
2.397508426647374336e+02
2.393955753333142695e+02
2.395024738074330344e+02
2.394905342280005698e+02
2.395320203564680526e+02
2.395871944268250502e+02
2.395674180826158874e+02
2.389843075131708474e+02
2.390542961661865604e+02
2.392563801233432912e+02
2.393695147736414413e+02
2.394419674237513220e+02
2.394945396432167115e+02
2.395589758250924604e+02
2.394821007848742909e+02
2.397028205890014476e+02
2.392165031364422703e+02
2.392629181782729972e+02
2.395132376208701714e+02
2.395867472331831038e+02
2.392359676296441933e+02
2.394616194425076685e+02
2.396185427839928650e+02
2.393421094877718645e+02
2.396146815762393771e+02
2.396007426737720323e+02
2.392260038270574398e+02
2.394769684201617963e+02
2.394646064878189975e+02
2.397689810303536433e+02
2.399081345264607705e+02
2.396198342764976132e+02
2.396657769722193052e+02
2.395594612032799944e+02
2.395749220519650464e+02
2.393049651109978413e+02
2.397583403160026876e+02
2.397399670809929546e+02
2.395869649228189928e+02
2.400512569283548316e+02
2.397561498645418681e+02
2.399129500817572023e+02
2.397500076380697465e+02
2.395605469803436733e+02
2.395685252953583984e+02
2.395445638868634148e+02
2.395246094945530615e+02
2.394559958202271446e+02
2.394642551616211961e+02
2.394630706823870412e+02
2.396724421792635837e+02
2.399275467935842414e+02
2.398973255958285336e+02
2.393979427721118611e+02
2.395185513518124196e+02
2.397577180870600557e+02
2.396360359518388634e+02
2.393346836931897315e+02
2.393732772088825413e+02
2.394970552767251775e+02
2.394441921445536536e+02
2.395658330751919038e+02
2.395174726422464175e+02
2.396373377052142359e+02
2.393148595988259046e+02
2.389358624800670157e+02
2.390036942681490473e+02
2.388213039590821154e+02
2.388650454268696137e+02
2.390007752378063799e+02
2.389268085256566110e+02
2.388379592624125110e+02
2.389811362457208190e+02
2.388495561131995828e+02
2.390399003277688337e+02
2.390159327277214913e+02
2.389528228845656486e+02
2.387357842261583585e+02
2.390603234826884602e+02
2.388914935893614881e+02
2.385634582078095889e+02
2.392324577938324239e+02
2.389760241526008713e+02
2.390330096354857687e+02
2.389907556473267789e+02
2.391348230662357821e+02
2.389385467788229960e+02
2.386694676813486069e+02
2.386549297752162602e+02
2.390533905040151410e+02
2.387570683381586889e+02
2.389098879923725178e+02
2.389830251033263266e+02
2.388238733345361595e+02
2.391357572664737745e+02
2.390933885520133799e+02
2.377618544364860611e+02
2.383117795481170731e+02
2.389966986238298148e+02
2.386968054487442998e+02
2.390272357112462487e+02
2.392943517437346657e+02
2.391800851348291417e+02
2.393848337616191486e+02
2.391728796013015881e+02
2.392634812347346553e+02
2.395184197807706994e+02
2.396804251364130778e+02
2.396909925454524739e+02
2.395178493616145090e+02
2.393171919718671745e+02
2.399850050496704910e+02
2.395478093056528053e+02
2.394416921217808465e+02
2.396565319007656569e+02
2.396468566892125693e+02
2.396652771682757930e+02
2.399416786132579773e+02
2.397341162509092101e+02
