1.000651328114510079e+02
1.004185754547690550e+02
1.008386310758759947e+02
1.006208584605654295e+02
1.003142664293998223e+02
1.005323978754331193e+02
1.003108959718621662e+02
1.003705498187404146e+02
1.005557588002072151e+02
1.001893016166862935e+02
9.988370690298243915e+01
1.007297108377665751e+02
1.011891923622886083e+02
1.003964955859987782e+02
9.998563265702655656e+01
1.000364464884866749e+02
1.001943051351380660e+02
9.996972204250613458e+01
1.000945077884196053e+02
9.994655641721284667e+01
9.984193091345196081e+01
1.003788599618880966e+02
1.000698335015052152e+02
1.005610392309537673e+02
1.002295737065331451e+02
1.000354150290418147e+02
9.997855282173499347e+01
1.004057603115722515e+02
1.005620490502516873e+02
1.000983168244469397e+02
9.979514913107415452e+01
1.005366094853769283e+02
1.002503966786459841e+02
1.011366023257546516e+02
1.032085350424034829e+02
1.014303782278314685e+02
1.007750420627598515e+02
1.004826528430638177e+02
1.005965772923108403e+02
1.009336661014529426e+02
1.005351157782856006e+02
1.011509648073565160e+02
1.004438650535442292e+02
1.003220726391084412e+02
1.001362936726278718e+02
1.001567782981765049e+02
1.003943350226995079e+02
1.007282369033918457e+02
1.002039401352133865e+02
1.004377273100423622e+02
1.001462129111526025e+02
1.004802365043609456e+02
1.006206403694095002e+02
1.017983233761183470e+02
1.013223817849231665e+02
1.003328299488271682e+02
1.004681510225008338e+02
1.006039176556074182e+02
1.003096743744331860e+02
1.002152936832421091e+02
1.002687473526708715e+02
1.002147190750809500e+02
1.013002670283050435e+02
1.007938274230963884e+02
1.006848493111081098e+02
1.008306833042126982e+02
1.010363132050414947e+02
1.002527539151692935e+02
9.972421549965120846e+01
1.007017476255070392e+02
1.005753581699248826e+02
1.000295232787987771e+02
1.006843626935148563e+02
1.005086834340633999e+02
1.004035797349808945e+02
9.988080938313954960e+01
1.000480821713809547e+02
1.004698252932630425e+02
1.001740606071406177e+02
1.006686302767895995e+02
1.006550413300621329e+02
1.005768556752413332e+02
1.000252246327575705e+02
1.001176461488674505e+02
1.003446384068400192e+02
1.000638972038365040e+02
1.002564212411005968e+02
1.000575355915626119e+02
1.004574960144754385e+02
1.005037618668227992e+02
1.000348115206180069e+02
1.004781724885358045e+02
1.005699498466545805e+02
1.004093615951713900e+02
1.006185186810624117e+02
1.003660807280587051e+02
1.001939080234559611e+02
1.000647174529153887e+02
1.006310365536237867e+02
1.005427159592372277e+02
1.001879834509055769e+02
1.005009792128442001e+02
1.006969858293861790e+02
1.004050448202116144e+02
1.005139663890734170e+02
1.004566987899661967e+02
1.005810645333265114e+02
1.007326932645170245e+02
1.007129580731929224e+02
1.006798604498708301e+02
1.008633207611476763e+02
1.009945121806424453e+02
1.009294349755039804e+02
1.018947672398724791e+02
1.015417350645956134e+02
1.015609490969612949e+02
1.011289929576824989e+02
1.012321041229778444e+02
1.008056268415044769e+02
1.013482121663423641e+02
1.006966265792451480e+02
1.007746122453943229e+02
1.009759420505970411e+02
1.010747624015066464e+02
1.007061168416850592e+02
1.015245465478259490e+02
1.010195232021473117e+02
1.002340248494573984e+02
1.007929916917775728e+02
1.008164031364612470e+02
1.009982419176566708e+02
1.004632390229108267e+02
1.008989793994950190e+02
1.014841389534104792e+02
1.013380268503411088e+02
1.005849515578288589e+02
1.008080472884119985e+02
1.003153207376457630e+02
1.003084185028050825e+02
1.007150614424365926e+02
1.002834125096765092e+02
1.013168896522031872e+02
1.033724562328037138e+02
1.017909187456611875e+02
1.004492787264086360e+02
1.005967436248241142e+02
1.000266335445250547e+02
9.992637963742767226e+01
1.001593830462366981e+02
9.983730995159494626e+01
1.000371045500080101e+02
9.943481402854011719e+01
9.982546548119579199e+01
9.928574071546667312e+01
9.963142912900724468e+01
1.002554582656492954e+02
9.942193869336585976e+01
9.954895210207071443e+01
9.948111271211195117e+01
9.956909100269983526e+01
9.938711469932178488e+01
9.952009418130943175e+01
9.928508333046539747e+01
9.925520328694868510e+01
9.921156379629020705e+01
