2.864489471810462078e+02
2.863878514466093748e+02
2.862768477119458908e+02
2.862278275965274474e+02
2.862838341032552876e+02
2.862683385065174662e+02
2.862078251077848563e+02
2.863470414671558615e+02
2.862306739913893239e+02
2.863587680640551980e+02
2.865123116103516168e+02
2.864391861958180812e+02
2.863365133231013147e+02
2.863869662031011671e+02
2.864451515959740959e+02
2.865585068854495034e+02
2.865810790702601594e+02
2.865510265353330510e+02
2.865078197121372909e+02
2.865129406002919836e+02
2.866143069275839821e+02
2.864393645071732522e+02
2.866056419326325795e+02
2.865456711042232314e+02
2.864321382467792887e+02
2.865074400447985568e+02
2.865915127940681941e+02
2.865539516016007724e+02
2.863808647432156818e+02
2.863324992825687900e+02
2.865653211892545755e+02
2.864279221881529338e+02
2.863738724452616111e+02
2.864273704719020088e+02
2.862392648071959798e+02
2.862271303677015908e+02
2.862368300717299689e+02
2.862458099152658519e+02
2.862633100061203777e+02
2.860386126905487458e+02
2.860778980873861315e+02
2.860987665505292057e+02
2.861955344957664806e+02
2.863029893159506969e+02
2.865239714313547665e+02
2.866190886249033269e+02
2.865352384195105628e+02
2.863566692324793053e+02
2.863992837978396437e+02
2.864291355825391179e+02
2.864975627253547827e+02
2.865162836100197410e+02
2.864882059299596335e+02
2.862581553650608726e+02
2.862753594849924070e+02
2.863514401658943029e+02
2.865203751610821996e+02
2.865634773572170957e+02
2.865920508527103152e+02
2.865284968450076803e+02
2.865345728824061098e+02
2.865779804765637095e+02
2.865021339627908787e+02
2.865431888097671163e+02
2.865467412483931184e+02
2.865968453071678255e+02
2.863037135642788940e+02
2.863468076134222429e+02
2.866324333522236998e+02
2.865974779573289766e+02
2.865553520123560247e+02
2.865778009860416660e+02
2.865271724758250116e+02
2.865474982221331857e+02
2.865285546554532630e+02
2.867848004507541759e+02
2.867662874964275375e+02
2.866251700040592709e+02
2.867082518735214194e+02
2.867613911187785902e+02
2.866871301965438192e+02
2.866450831643286961e+02
2.868504767069337618e+02
2.868042907042111551e+02
2.867886794348749504e+02
2.868617679097873179e+02
2.867679479425695490e+02
2.868514241506238136e+02
2.867198686178313096e+02
2.865838245540632556e+02
2.866698072769887631e+02
2.867326041313967835e+02
2.867124898978868828e+02
2.866643785650123277e+02
2.866982421075914544e+02
2.866852441957646533e+02
2.867783971686578184e+02
2.868621440628207324e+02
2.868616846645001601e+02
2.866055343646519873e+02
2.866925592430683309e+02
2.867768204359025503e+02
2.866992780799396883e+02
2.867004599878499107e+02
2.867549329284298665e+02
2.867796915594831830e+02
2.867540218015693085e+02
2.866930575558599230e+02
2.868098400097831586e+02
2.867150264154135471e+02
2.865886146680315392e+02
2.865618799756259136e+02
2.866013327862712572e+02
2.868115106886228318e+02
2.867585383240457872e+02
2.866293875529747197e+02
2.866069286267544953e+02
2.864630575634644742e+02
2.866861891985819852e+02
2.866553583910374527e+02
2.866787510445685712e+02
2.867428663559148276e+02
2.867256216808884801e+02
2.866578387926918481e+02
2.868220999497771118e+02
2.867303692595893949e+02
2.866459082081940437e+02
2.868508621291479699e+02
2.869233533774090006e+02
2.869588761469406677e+02
2.868578004053067616e+02
2.868929616662271087e+02
2.869091636976704081e+02
2.870156061868883057e+02
2.868882169157625412e+02
2.869985152400106472e+02
2.869431400586886980e+02
2.869754011559298874e+02
2.870711148452360248e+02
2.871137097128990945e+02
2.872023187095896333e+02
2.873703975549926213e+02
2.869916371266849069e+02
2.870408619080889707e+02
2.872321058461047301e+02
2.871870697997433126e+02
2.872921927991671396e+02
2.874988232084252218e+02
2.874894019785644446e+02
2.874954543383091163e+02
2.874772011120493858e+02
2.876097608996636268e+02
2.877458953636261754e+02
2.877483593906795818e+02
2.879027402939518083e+02
2.876867004177260583e+02
2.876820852636458881e+02
2.879516887808479169e+02
2.878425508473281980e+02
2.879429812989818060e+02
2.878795776113900615e+02
2.879013722451056765e+02
2.879150802204032402e+02
2.880479352462068050e+02
2.880075301415219542e+02
