2.381376274318444359e+02
2.379416053612987980e+02
2.379875353386572669e+02
2.381752183667279894e+02
2.378516483219086695e+02
2.377129882135110108e+02
2.377795489393261334e+02
2.380889024942847243e+02
2.382418369460191343e+02
2.380881743202004088e+02
2.379142228305587707e+02
2.377794345307318054e+02
2.379893019412039337e+02
2.381689244769285381e+02
2.379188714619265568e+02
2.381245987732889944e+02
2.381714164988901530e+02
2.383465677918224799e+02
2.381220145813558702e+02
2.381857308206798791e+02
2.383121914465982911e+02
2.380237508413023590e+02
2.380467576901039592e+02
2.378811557282790261e+02
2.377295339526475573e+02
2.376294013628301229e+02
2.376824094579596647e+02
2.378077581009376900e+02
2.378045065160264642e+02
2.379172860161968117e+02
2.379131536257546031e+02
2.379314054004191803e+02
2.379744841250917204e+02
2.376531857114165405e+02
2.372860422916734535e+02
2.373753477544197494e+02
2.376905772049644554e+02
2.377806144467437264e+02
2.377139952230488689e+02
2.380595245687507315e+02
2.378308058888461858e+02
2.378402676916806513e+02
2.379625065360660017e+02
2.378880431538258051e+02
2.380914082954261346e+02
2.381523036678952110e+02
2.380056986784910293e+02
2.377192983753717783e+02
2.375078346143207284e+02
2.375119520444540058e+02
2.378116748314991185e+02
2.377986755270440824e+02
2.375965284900458698e+02
2.369624932697416000e+02
2.373972479481510618e+02
2.374669839298082081e+02
2.374388358054856383e+02
2.373937083768770435e+02
2.379549594686170622e+02
2.375821081855598607e+02
2.376589812526436845e+02
2.375206452205850667e+02
2.374999969253641154e+02
2.375437472084160220e+02
2.372135044957572063e+02
2.371874343441502049e+02
2.373937671699230521e+02
2.376036443970322978e+02
2.377387402342759231e+02
2.379562315072892318e+02
2.376274760525671184e+02
2.372562483293446292e+02
2.373840155553339173e+02
2.374400826512908509e+02
2.377299311388593424e+02
2.375040756926889856e+02
2.375014866585470656e+02
2.375685845219432224e+02
2.377197485691933423e+02
2.375789204487460040e+02
2.375337777655763318e+02
2.377955985874899625e+02
2.377441316518639667e+02
2.378090437057513782e+02
2.377765495834823071e+02
2.376200276248322609e+02
2.376740348512530545e+02
2.378893060955519729e+02
2.376348174177691988e+02
2.377671803287234695e+02
2.376576353201847667e+02
2.375155095869747583e+02
2.376707915161418043e+02
2.376100762094207539e+02
2.375395996102234051e+02
2.377726834651735714e+02
2.377553572768867696e+02
2.382170699140933721e+02
2.379912007417572966e+02
2.379939245687385494e+02
2.377429932541597566e+02
2.379724042478818831e+02
2.376040032839393064e+02
2.378637854750618033e+02
2.376967065013388947e+02
2.378181619589628042e+02
2.377238745250890304e+02
2.379231824379392890e+02
2.381429499143072519e+02
2.384601275736010848e+02
2.380318081888221116e+02
2.379588755993268023e+02
2.380806954469552750e+02
2.377077453543097363e+02
2.374777576302008129e+02
2.373419841468173672e+02
2.378788434372832796e+02
2.380691507674752074e+02
2.377653180478617969e+02
2.378501860339361826e+02
2.379684269582411389e+02
2.379917004493948696e+02
2.379117362162357949e+02
2.376189169083072557e+02
2.377310544978693372e+02
2.376102122476345357e+02
2.377848314741694367e+02
2.378505425669146973e+02
2.381757172069600585e+02
2.378860940774078188e+02
2.380751634225092630e+02
2.378305694968612443e+02
2.377532514904401069e+02
2.371891133179441056e+02
2.377179812568263344e+02
2.377882990676271220e+02
2.378189155639160219e+02
2.376828947677176131e+02
2.375063098318086361e+02
2.377729639374595934e+02
2.379050426805389122e+02
2.377176774025503789e+02
2.369879938311987928e+02
2.371804579298294584e+02
2.372831722436414168e+02
2.372871162174682524e+02
2.374422568818058892e+02
2.375092131656788297e+02
2.375367469845704989e+02
2.375102704535207749e+02
2.375746207930981484e+02
2.373620279917408880e+02
2.375156587194771589e+02
2.377059584751047225e+02
2.375148161545795062e+02
2.372494433345244431e+02
2.371235432461041057e+02
2.374904910642455604e+02
2.374662545929571422e+02
2.375951025477675955e+02
2.377539447395648438e+02
2.377674320594002495e+02
2.376487924885771861e+02
2.376598033984747360e+02
2.378915141025207447e+02
