1.030411606482815046e+02
1.029711520742223883e+02
1.026989795140733150e+02
1.029919658844981853e+02
1.030526901137841520e+02
1.029133560364803088e+02
1.026493888010907085e+02
1.026521684506378165e+02
1.028509452268522608e+02
1.029647098949129003e+02
1.030323050240148746e+02
1.028989323474697102e+02
1.034340400756048695e+02
1.029548011987089211e+02
1.027534037352118048e+02
1.029831294372387873e+02
1.024498604252161016e+02
1.030590598444165806e+02
1.024813422931727445e+02
1.026042817173020580e+02
1.032550643680822304e+02
1.034242768240348056e+02
1.027935551031509505e+02
1.030456760228642707e+02
1.034194820515462396e+02
1.033985735105808743e+02
1.027087753871723663e+02
1.025688688540608950e+02
1.030680032901216947e+02
1.026171962698955014e+02
1.034340559945836162e+02
1.024788355319317503e+02
1.026007349993416256e+02
1.035669921171316474e+02
1.050899476929237863e+02
1.035614596570275552e+02
1.028312811703057150e+02
1.029658518722297487e+02
1.029386544286152372e+02
1.027895990576994336e+02
1.027856871810723760e+02
1.032988687497572755e+02
1.028859412915011404e+02
1.025325895371895371e+02
1.028349863599232066e+02
1.027893756452266274e+02
1.032952456764714810e+02
1.033989365483632383e+02
1.032128015304300988e+02
1.023619873533915694e+02
1.032761425334861229e+02
1.035905311481728859e+02
1.032949261433865473e+02
1.042956855451090519e+02
1.038268779265132480e+02
1.032599240094199757e+02
1.029322022616830310e+02
1.036565475395182290e+02
1.029480503185970974e+02
1.035081969517646172e+02
1.028864800993715534e+02
1.027134103415900910e+02
1.039453139485544995e+02
1.038651833259749964e+02
1.034096101412513207e+02
1.035684365568817640e+02
1.031498090137212671e+02
1.029147645603821815e+02
1.031731168833237007e+02
1.030549503179174735e+02
1.030754753563588366e+02
1.028793580223321129e+02
1.030113831818550807e+02
1.029689914022971351e+02
1.027561372312047752e+02
1.030951779014941536e+02
1.033163956964236831e+02
1.032782380202623216e+02
1.029392033916332849e+02
1.033365299759345248e+02
1.028319914268942057e+02
1.031438121633682528e+02
1.025623926210201944e+02
1.025042670058609957e+02
1.029886125054914743e+02
1.033986601580023290e+02
1.028494651677729479e+02
1.032667449986578987e+02
1.033272756387814439e+02
1.025761153548022691e+02
1.033307859094924197e+02
1.034779951718042099e+02
1.029040147426687213e+02
1.029856726692900111e+02
1.028526091216401852e+02
1.033007514690316242e+02
1.026010159464260596e+02
1.029343299509209118e+02
1.031649573661119348e+02
1.025660924327615362e+02
1.033900516194718193e+02
1.033191033388722957e+02
1.029398492763599933e+02
1.029657269512331510e+02
1.027951903318517708e+02
1.030444252279576602e+02
1.032604197275553588e+02
1.025323238227020397e+02
1.025564474804714195e+02
1.031115627503278915e+02
1.026389067582096146e+02
1.028272455301017061e+02
1.031328390180973997e+02
1.042975393931749863e+02
1.037579574335453714e+02
1.029850946236568774e+02
1.027019485990185075e+02
1.033759332223245337e+02
1.027918456779305956e+02
1.028161500042833865e+02
1.031014012005896348e+02
1.028630837251218253e+02
1.030465347742082258e+02
1.024887705580970305e+02
1.037918297463013033e+02
1.030605816726345552e+02
1.025145025233839107e+02
1.032388785091503820e+02
1.024762433588130648e+02
1.038296320948386580e+02
1.029197245658310038e+02
1.027355070130821701e+02
1.030209552339321277e+02
1.037506024777154465e+02
1.032246557698274643e+02
1.031706385128412506e+02
1.027511566835288903e+02
1.031772825026164355e+02
1.027750240644326567e+02
1.027126143019915929e+02
1.029310338750811979e+02
1.033959698412944164e+02
1.050291354327561777e+02
1.040753504700826824e+02
1.032222339706540879e+02
1.030048951118632914e+02
1.021452279099928688e+02
1.033298447069019943e+02
1.024046127750305715e+02
1.026012021811028063e+02
1.031539603949776733e+02
1.027585673073819663e+02
1.028826592175357035e+02
1.036262596154165436e+02
1.026868846941829219e+02
1.025343069557968079e+02
1.026620859802303585e+02
1.029530639088023776e+02
1.022193910672994974e+02
1.022696937761536589e+02
1.028612314979069282e+02
1.023650385548996837e+02
1.027253579049239960e+02
1.019912249632311614e+02
1.027832485661633228e+02
