2.368832480439572521e+02
2.383241088694602752e+02
2.389544734998980573e+02
2.400007891012353127e+02
2.403440204075107829e+02
2.406012188276245070e+02
2.416043351429571828e+02
2.414965819457680709e+02
2.416814657427892996e+02
2.417756379038498835e+02
2.423287902285635766e+02
2.424240906041293613e+02
2.424297534252450532e+02
2.427146755185238760e+02
2.429378370325391359e+02
2.424306092834088702e+02
2.427132561787276757e+02
2.429227289835739896e+02
2.430883489081300013e+02
2.432014867317193136e+02
2.433543589144902342e+02
2.433908048621190972e+02
2.434490174379362486e+02
2.438730622753256227e+02
2.433750373908662823e+02
2.435108935708244360e+02
2.439188853505870327e+02
2.441395869292678924e+02
2.434456825644187177e+02
2.434332103836446777e+02
2.442670775274192181e+02
2.439598558903652759e+02
2.437465347469266419e+02
2.440937605011389451e+02
2.439292920829400089e+02
2.442741068769460071e+02
2.442154960308504030e+02
2.439046088109850814e+02
2.443914076037303857e+02
2.446554835546590141e+02
2.443683437140058174e+02
2.448158123697727149e+02
2.444690903290409381e+02
2.447202057244450373e+02
2.449951918498860834e+02
2.443801162802336933e+02
2.441743668111735985e+02
2.447417314729642328e+02
2.448915498906555115e+02
2.446007990773347558e+02
2.448952056946015716e+02
2.452961898532473981e+02
2.452287009100323303e+02
2.448059516249741989e+02
2.450858766682813439e+02
2.451748866936506772e+02
2.455153884286743562e+02
2.452244883428075184e+02
2.452090337489506453e+02
2.456612604642582767e+02
2.451252091854014736e+02
2.451645297905656946e+02
2.450999538858773121e+02
2.455290580369514828e+02
2.456448542195198286e+02
2.453126864687824025e+02
2.450805901787328764e+02
2.455617854080429936e+02
2.458142572399193568e+02
2.453605325037625562e+02
2.458121439429277473e+02
2.459607412286975716e+02
2.459451801072359842e+02
2.458599893154191705e+02
2.459994604664738347e+02
2.458201576180748589e+02
2.452909115168276912e+02
2.455797458645941163e+02
2.459487182196842525e+02
2.458486196901833694e+02
2.458644171719181486e+02
2.460459477537965540e+02
2.459528987571171399e+02
2.461343758047408699e+02
2.458837141754504501e+02
2.459918946447968153e+02
2.462532196804045554e+02
2.461394202553104833e+02
2.455718563402988650e+02
2.461030727254865269e+02
2.461785554581180122e+02
2.457388016202009169e+02
2.461986949749106373e+02
2.462739384586308518e+02
2.461531044512931601e+02
2.461553722949089149e+02
2.460229950648662225e+02
2.462553172557218488e+02
2.464756666963319276e+02
2.458211443901951441e+02
2.461452438676390955e+02
2.464752130491806668e+02
2.465367371784836905e+02
2.461670953893419380e+02
2.460138656658536149e+02
2.463689482707282821e+02
2.461168789998401678e+02
2.466367702914559459e+02
2.463171350115838720e+02
2.462734795805021122e+02
2.463556487091536837e+02
2.465773099603668186e+02
2.464158406625243458e+02
2.460209212227405260e+02
2.464268670449883700e+02
2.462876086103096895e+02
2.465548951788725844e+02
2.464516663061106954e+02
2.462939714305149437e+02
2.464564194338056495e+02
2.464105132456388390e+02
2.462031918750712975e+02
2.466478884639209070e+02
2.465012155854198852e+02
2.461401013545575722e+02
2.464282822506975208e+02
2.465835190650310267e+02
2.463119077280980491e+02
2.464469322729556779e+02
2.467697631517748675e+02
2.467648410476818697e+02
2.464134590560347249e+02
2.465205040310629272e+02
2.466170214281501387e+02
2.465030427032591831e+02
2.465398316038760811e+02
2.465533198582084822e+02
2.466993308220842209e+02
2.466033252531296114e+02
2.464927433640152685e+02
2.463777440235478764e+02
2.467097411831772433e+02
2.470355008310494043e+02
2.466732881399014161e+02
2.473321863025451819e+02
2.463668331627013401e+02
2.464917290197424791e+02
2.466720777757052758e+02
2.466910661896391446e+02
2.462547428456598197e+02
2.466307507252656706e+02
2.469488826213339792e+02
2.469149404326392698e+02
2.465229750894438894e+02
2.466889852181694494e+02
2.466493686922873110e+02
2.465286952038709387e+02
2.468666535951203969e+02
2.468868963932714848e+02
2.467638401452277606e+02
2.469129647849744913e+02
2.469367902206927283e+02
2.469393195077353482e+02
2.471972472461201562e+02
2.468586918804832067e+02
