2.397035834634328069e+02
2.397142445466217850e+02
2.396873831321372847e+02
2.396653314814981570e+02
2.397150155434161718e+02
2.397972728768946808e+02
2.397567192075527771e+02
2.400768734814898551e+02
2.399610918051527051e+02
2.398602175241227599e+02
2.398573606767013189e+02
2.395924860662362335e+02
2.392762343735414845e+02
2.394658781543084842e+02
2.398021081136276678e+02
2.396389193590556488e+02
2.396660970078634136e+02
2.399781852090350469e+02
2.398427748016017631e+02
2.399992908397393876e+02
2.400914438028943039e+02
2.402219756250927674e+02
2.400204393673065795e+02
2.398547350668557385e+02
2.400051397876238752e+02
2.399968348158668334e+02
2.398612717985458005e+02
2.399788283534966524e+02
2.398899342132569643e+02
2.399461223425983860e+02
2.395926391882370297e+02
2.400635158015738853e+02
2.399643250536182677e+02
2.395543226928812430e+02
2.384812719117433915e+02
2.392797767654463712e+02
2.394538849789388451e+02
2.394625387205755658e+02
2.393641669613616614e+02
2.391116258723923522e+02
2.392986500588743013e+02
2.389735326044632018e+02
2.391413297298629459e+02
2.394228381228356000e+02
2.397437112153281475e+02
2.396098305650036480e+02
2.397266497577504367e+02
2.395856423222319052e+02
2.392587122325803364e+02
2.391620223043210842e+02
2.394513634234417339e+02
2.393939184102619322e+02
2.388610328249035319e+02
2.388403258897604928e+02
2.394436123141921655e+02
2.393684677873306725e+02
2.395920125390724422e+02
2.391531499533961380e+02
2.391027927160368165e+02
2.393049522945160277e+02
2.395605312621311214e+02
2.392334574754177936e+02
2.388626355828230601e+02
2.391589824075329034e+02
2.392959600144862407e+02
2.394290265627379597e+02
2.395565950130889235e+02
2.392745309468821233e+02
2.392717749479215854e+02
2.392006518334764280e+02
2.391555740418794755e+02
2.394508412924470520e+02
2.397519325990119796e+02
2.394819635529280788e+02
2.396512641425811125e+02
2.393575153818752881e+02
2.396056863255866745e+02
2.397709021220558441e+02
2.393625336790744029e+02
2.392933950591178984e+02
2.395865095699281255e+02
2.392992274924012861e+02
2.394730806859893164e+02
2.396281869566254272e+02
2.396720796907086708e+02
2.392540171276824879e+02
2.393531194908838131e+02
2.394739681830709230e+02
2.395891658285180199e+02
2.394604298035589238e+02
2.397589039949456264e+02
2.396567927812563141e+02
2.393942345643957026e+02
2.398699314055446337e+02
2.397419339930206661e+02
2.394643766109509215e+02
2.393408394667687844e+02
2.395427465070901007e+02
2.397098029070704115e+02
2.395268670525624941e+02
2.395685921554826052e+02
2.399801974678337899e+02
2.395183321143312867e+02
2.396324595124695236e+02
2.395180561576034961e+02
2.390348559282656140e+02
2.392825351892109609e+02
2.399430175844534290e+02
2.398283118361449340e+02
2.396783158550002497e+02
2.391359072877702658e+02
2.393915162062481841e+02
2.397713981850805283e+02
2.387045138693089257e+02
2.386340236090978522e+02
2.389490180959521410e+02
2.390929414233273747e+02
2.390008430083194355e+02
2.392186109723249956e+02
2.393339449309258953e+02
2.390065570776167476e+02
2.389074505642296629e+02
2.386506854134439664e+02
2.389068820079973818e+02
2.386975131744851524e+02
2.387261591111146970e+02
2.389484202522947669e+02
2.388404946469395611e+02
2.390200951195904793e+02
2.390608130670637195e+02
2.394094530198592281e+02
2.392624006940166339e+02
2.388388394654192837e+02
2.388455136165744079e+02
2.387441387948177578e+02
2.386886134728619879e+02
2.389807385597563325e+02
2.390455037628959474e+02
2.388944206394257606e+02
2.389807209594907533e+02
2.391223953626730179e+02
2.385659834441372595e+02
2.376832077377973746e+02
2.379965979930045705e+02
2.386050436099760361e+02
2.389139502447300174e+02
2.392458903047768217e+02
2.393344346410583796e+02
2.391826838473994883e+02
2.396190270194997538e+02
2.396594833881233910e+02
2.397846585502660446e+02
2.397285214968573825e+02
2.393745332352990260e+02
2.395978393449539681e+02
2.397282588285641225e+02
2.395213933624279434e+02
2.400008659358793182e+02
2.395718306638715660e+02
2.396552284931889574e+02
2.396789228053318368e+02
2.396431173711136751e+02
2.397934369005768929e+02
2.396427509198153984e+02
2.401066066050259735e+02
