2.397618806573007930e+02
2.397928175081359825e+02
2.400037413180753845e+02
2.397678840171851959e+02
2.398795127744867557e+02
2.402760915548743412e+02
2.401123674591210317e+02
2.400608608335348606e+02
2.398241577166739091e+02
2.401234432257004698e+02
2.398596244269804174e+02
2.398671949518276278e+02
2.397514957339139130e+02
2.399050333738861411e+02
2.399072881872039886e+02
2.400887839455998858e+02
2.399710633422311332e+02
2.399770910425400245e+02
2.399343012337584184e+02
2.396489714485099114e+02
2.398959223254121298e+02
2.398885013394879877e+02
2.397593248354987736e+02
2.399099587211995868e+02
2.401343769625276252e+02
2.397725049574247578e+02
2.398407343408675843e+02
2.401545195432311459e+02
2.397550430874646281e+02
2.400656319377642660e+02
2.397988913223528016e+02
2.395901887718686396e+02
2.397084675714386037e+02
2.394507598720114459e+02
2.386350591047263094e+02
2.391432139311699530e+02
2.392547081351932263e+02
2.393971455164186182e+02
2.394764688040111480e+02
2.394961269640426451e+02
2.396945104173555876e+02
2.393953850488525461e+02
2.394260242354982893e+02
2.396338973606306411e+02
2.401066150412848117e+02
2.397581504394778733e+02
2.398090603634217075e+02
2.396209550983229519e+02
2.397309262886005001e+02
2.400374004595958013e+02
2.396597495619158451e+02
2.397710682138997811e+02
2.398914617781017284e+02
2.391983403721381762e+02
2.393574220315173591e+02
2.395986837872156627e+02
2.396692790302198546e+02
2.397766100605930149e+02
2.395970824669967385e+02
2.398253045032825810e+02
2.397694766636665520e+02
2.397773238618954394e+02
2.392624644599973465e+02
2.389875653534008677e+02
2.394012414115028093e+02
2.398684963785912885e+02
2.396949226936217485e+02
2.396397786918319355e+02
2.396132003003112629e+02
2.395729392042169366e+02
2.395500662734132220e+02
2.397135836051781723e+02
2.393462605997335686e+02
2.394882577147807581e+02
2.399322859107550983e+02
2.397711456533046146e+02
2.399150674955685929e+02
2.399393429370572051e+02
2.397231610711688745e+02
2.395227280997017942e+02
2.395637375558799533e+02
2.397652177675597329e+02
2.396457154435259724e+02
2.398472817050609365e+02
2.395924642228836490e+02
2.398085070626325717e+02
2.397335711437944781e+02
2.398824532255270867e+02
2.400346484752119807e+02
2.396981300288385626e+02
2.398765307294100637e+02
2.398688023556477162e+02
2.395848742768830846e+02
2.397080316861400604e+02
2.397554036060348892e+02
2.394251177407315083e+02
2.396266605559697211e+02
2.397365036441201482e+02
2.398866265768165533e+02
2.398616974933243284e+02
2.398334818252441210e+02
2.399963277183546495e+02
2.395136745728026710e+02
2.396741291940092253e+02
2.398610047979732371e+02
2.394955496565022486e+02
2.398544918055523567e+02
2.398424543706445604e+02
2.395834944327056348e+02
2.396790056205957455e+02
2.396084699277397192e+02
2.396323686236130186e+02
2.397170456555448084e+02
2.391586440256894548e+02
2.391407987002897642e+02
2.391410267234282685e+02
2.391663244523531660e+02
2.394083366629388081e+02
2.389633797904100732e+02
2.391729449717838634e+02
2.392196704771984059e+02
2.390866754153756517e+02
2.391085813975668088e+02
2.390371240566516065e+02
2.390624723521463864e+02
2.388960309853599426e+02
2.384457911041061209e+02
2.390415025559942706e+02
2.391626866150977264e+02
2.391127353283143009e+02
2.395391705252322083e+02
2.393275026421065377e+02
2.393357795594657773e+02
2.385654959742697656e+02
2.386054265699747532e+02
2.387260046554935968e+02
2.389142486896964783e+02
2.390443267995685801e+02
2.394621848099965575e+02
2.389077953061089374e+02
2.392084564709116705e+02
2.387217228447058517e+02
2.376550994791163021e+02
2.384100928757412987e+02
2.389431207038317950e+02
2.390775661915641592e+02
2.391733829273985066e+02
2.391612407495445041e+02
2.393993355643565053e+02
2.393018636386171920e+02
2.395356431232218881e+02
2.399552984654276031e+02
2.397458870060847005e+02
2.397595006094236112e+02
2.396872807022743643e+02
2.395880685470412743e+02
2.399734691073903150e+02
2.397983799635845514e+02
2.395530414737662284e+02
2.397177500061139028e+02
2.399395431028968630e+02
2.400340180525771245e+02
2.400415627579563704e+02
2.398287743415367288e+02
2.396780274791930196e+02
