1.003665900155687467e+02
9.969593894452255256e+01
9.982472009268902013e+01
1.004047948423314409e+02
9.978110427935894222e+01
9.946626094471713486e+01
1.001176178893744151e+02
9.974668045671189986e+01
9.998806989452317850e+01
9.993400581508831237e+01
1.000645431041019293e+02
1.003720004420909078e+02
1.004226993449893683e+02
1.000971202276348464e+02
9.997431704814771081e+01
9.960213962161508050e+01
1.002569265209407519e+02
1.002491611312988624e+02
1.003917855165586133e+02
1.002012451830964466e+02
9.987020129546580449e+01
1.005364536959973378e+02
9.987957932444122378e+01
9.992523303811799451e+01
1.001917324262957862e+02
1.002507791142939340e+02
9.985898682169663232e+01
1.002161632337997190e+02
9.989237438204587249e+01
1.000368977432985531e+02
1.002967055000529086e+02
1.004841826692807132e+02
9.955878872920550293e+01
1.014313237692932148e+02
1.031169171443770693e+02
1.013060436949937184e+02
1.009657238669910839e+02
1.004209960244527338e+02
1.005476566403386158e+02
1.001516718552815206e+02
1.002669798912592114e+02
1.010431063988542775e+02
1.004004534373149653e+02
9.949260125383410980e+01
1.001039076656049218e+02
1.001607665356906409e+02
1.003700674582968162e+02
9.986717290380271095e+01
9.999427297051886399e+01
9.998215625870064116e+01
1.004208766074183359e+02
9.997345072007256306e+01
1.002140853227211181e+02
1.018593137196127714e+02
1.006763994222725387e+02
1.004885307844310631e+02
1.002939523733526812e+02
1.004073919585958947e+02
1.001364395446709779e+02
1.000606748047920860e+02
1.001315244350591485e+02
1.003759661986495644e+02
1.013262189090074799e+02
1.010508615426206234e+02
1.002807324772583684e+02
1.001620002920432029e+02
1.005273574436145765e+02
1.001407811362046942e+02
1.004575166130213120e+02
1.007018381377800864e+02
9.976589231702298832e+01
1.001092653058190791e+02
1.007019518410078405e+02
1.002257505838517346e+02
1.001811139890499902e+02
1.001622116766620394e+02
9.983327131318567638e+01
1.000399231460246483e+02
1.004915803380530264e+02
1.007667690568917607e+02
9.991401743268481539e+01
1.001387498920452117e+02
1.003984579450311259e+02
9.994569018893263035e+01
1.003268476537579801e+02
1.001405374208527377e+02
1.000817458843236665e+02
9.976259631106061931e+01
1.003795465424679634e+02
1.004423876855315285e+02
1.000107858642722931e+02
1.005738784372192498e+02
1.004904682902787130e+02
1.000671911223965225e+02
1.004431120063165395e+02
1.006710553833741102e+02
9.981218031935249257e+01
1.000997414015304940e+02
1.003225162647932365e+02
1.000411840627948408e+02
1.000795089878909749e+02
1.003822423078254360e+02
1.004013212720990538e+02
1.004149378543682616e+02
1.001298056432253958e+02
1.002374623527927611e+02
1.003459276592284937e+02
1.006539579604590955e+02
1.001818832484386093e+02
1.003313254392310654e+02
1.001722405332438939e+02
1.001988057922470858e+02
1.006397379283481968e+02
1.021418710541530714e+02
1.014422462320350178e+02
1.014410474607074661e+02
1.007026341508328784e+02
1.010323518474285578e+02
1.013111021713722977e+02
1.007209196574341377e+02
1.008730033351474020e+02
1.009455793214207660e+02
1.007619204511495496e+02
1.003527033671851427e+02
1.011996908555162378e+02
1.016022593700697030e+02
1.008897711859734159e+02
1.005194220626574264e+02
1.004396373414608519e+02
1.004173371484904891e+02
1.001524817705291071e+02
1.005642984173320968e+02
1.008850436225194898e+02
1.023057274812108943e+02
1.009883830304005556e+02
1.007780128078420461e+02
1.009340850863846271e+02
1.002371083117027268e+02
1.007069748935893614e+02
1.007243784355457450e+02
1.001122374220577029e+02
1.017906091677091496e+02
1.033613282646710303e+02
1.016491811869428403e+02
1.005649628862254445e+02
9.996266267145956874e+01
1.001483673294015517e+02
9.996307170360795169e+01
9.959837277121887666e+01
9.992421351135210728e+01
9.965002897275842031e+01
9.941207086264216741e+01
9.970664961057764231e+01
9.936123367284166363e+01
9.946930858719933610e+01
9.957628849564549967e+01
9.921010113355130500e+01
9.971515879181538367e+01
9.937021865068616933e+01
9.906053416689293556e+01
9.933112225174295418e+01
9.936097606913610036e+01
9.926534347353526755e+01
9.918367892782551110e+01
9.903861821549584477e+01
