2.406706453429572150e+02
2.405262990367041311e+02
2.411344366585185526e+02
2.412683136167740940e+02
2.411347990608538794e+02
2.409349357478549791e+02
2.405614665686717899e+02
2.403730139607501712e+02
2.409968610383684506e+02
2.413056641626069734e+02
2.409222972770561739e+02
2.407562052823422789e+02
2.403260982608971119e+02
2.403776706400495584e+02
2.407700334997645086e+02
2.409373418881960731e+02
2.404159284010434874e+02
2.404665183530021011e+02
2.411987371764686259e+02
2.413713391686128489e+02
2.409636756259475590e+02
2.408974902623450305e+02
2.412053020324592865e+02
2.414334375138385269e+02
2.413208670540296623e+02
2.408821191625867471e+02
2.412826639493121093e+02
2.417719618420390759e+02
2.415585738071154367e+02
2.414404423021362902e+02
2.415313001591846103e+02
2.413494563241033575e+02
2.415453062861701881e+02
2.420464808698991419e+02
2.421919504622320289e+02
2.416971506853691665e+02
2.421498198382091687e+02
2.423183775977442167e+02
2.419257720705476231e+02
2.418737864861828655e+02
2.419565699745261611e+02
2.420803309842762303e+02
2.423133027335657061e+02
2.424447282750127499e+02
2.424698224634345252e+02
2.429887996579027742e+02
2.430932097151012670e+02
2.427700251597181023e+02
2.426246296566001490e+02
2.429682153207325825e+02
2.426878103827713460e+02
2.429751289710382878e+02
2.427372958384501942e+02
2.426932571054364871e+02
2.430431336531193267e+02
2.432762742192077496e+02
2.428726222851980481e+02
2.427505439433441552e+02
2.433930493531804871e+02
2.434212624535973362e+02
2.432277174869592500e+02
2.430126722068852132e+02
2.429646431134121940e+02
2.435132028428604372e+02
2.436581183728416136e+02
2.434637603815591262e+02
2.435255047313756904e+02
2.439111377570735328e+02
2.437779852826056697e+02
2.436680507136065899e+02
2.438969763516232376e+02
2.444870990439195282e+02
2.442169187424507300e+02
2.441262244191144930e+02
2.446657501638605936e+02
2.446157441109041883e+02
2.442253732260267896e+02
2.443784805208968010e+02
2.446259263655956886e+02
2.447043674394708717e+02
2.445314467556869431e+02
2.447613577050437073e+02
2.447135912900284040e+02
2.448889375461725137e+02
2.446925847270609893e+02
2.448737330402840655e+02
2.450695230528092168e+02
2.453815584438871156e+02
2.448229202043336556e+02
2.447993791553016933e+02
2.456459612445836740e+02
2.452687873424492864e+02
2.455845784088223525e+02
2.456036715664295116e+02
2.456913206361489301e+02
2.454416768927877968e+02
2.457267957708636459e+02
2.467610759953659851e+02
2.462540448052048703e+02
2.459484348404752438e+02
2.461883037584957492e+02
2.465533105778855543e+02
2.464810067338146382e+02
2.462763894374842266e+02
2.456003205542988610e+02
2.458906189396377897e+02
2.465845920556297415e+02
2.465165267689486370e+02
2.467844045533256292e+02
2.466366961328522791e+02
2.468253381084797695e+02
2.470328793489796624e+02
2.472539435548437723e+02
2.471005510197283854e+02
2.470635376885705909e+02
2.474489001413042217e+02
2.472207630801364360e+02
2.473338364119052812e+02
2.475563593569723650e+02
2.480736459028921672e+02
2.479017286120185872e+02
2.477644510433939047e+02
2.481667834233113581e+02
2.485342088362947379e+02
2.478750196975435074e+02
2.475200785904918632e+02
2.478974176514601879e+02
2.487883860134794531e+02
2.485606655449174411e+02
2.482975141533143244e+02
2.488769338221602823e+02
2.489133941323943588e+02
2.479908045814690638e+02
2.487018179897820289e+02
2.493304044952238598e+02
2.491285784511405836e+02
2.488072704885596806e+02
2.492055007252726000e+02
2.497097215534759016e+02
2.495168760595726383e+02
2.491658195790436423e+02
2.497429815346507667e+02
2.497307117717023459e+02
2.494816122027527001e+02
2.502912153837108065e+02
2.494815750287429807e+02
2.496345557285140728e+02
2.496295185400685170e+02
2.498349546290601211e+02
2.500624875274309886e+02
