9.961759271161854201e+01
9.934119346949454155e+01
9.910099442928959945e+01
9.923751367675232871e+01
9.934928587627712204e+01
9.965213143174658228e+01
9.955262575002045367e+01
9.925468343690211270e+01
9.912221451597166322e+01
9.936191507967519954e+01
9.897589850550617996e+01
9.956669660119017351e+01
9.977229526154178529e+01
9.928209083583806205e+01
9.882382386806318664e+01
9.942910380866838693e+01
9.928026963900221347e+01
9.879521604775715105e+01
9.838414210458371656e+01
9.891423415254872964e+01
9.851830248206488250e+01
9.851167852336412523e+01
9.829732678528817758e+01
9.825606120057609871e+01
9.874864524689029111e+01
9.845060702679354847e+01
9.789700396598153986e+01
9.842829660270116676e+01
9.822292915838870897e+01
9.791147045657585579e+01
9.787868320612295747e+01
9.766676017608445193e+01
9.753240909070433418e+01
9.759855814465242929e+01
9.720238477688307910e+01
9.701511701980290070e+01
9.702806864424553623e+01
9.724027124264689803e+01
9.723708449285284416e+01
9.739219864298796381e+01
9.713839059130962994e+01
9.677092350792436548e+01
9.653442969534886231e+01
9.682287028121702122e+01
9.635889652674502770e+01
9.636027689341513280e+01
9.615264690852876583e+01
9.622017450442882591e+01
9.618133069068589691e+01
9.625651185895327444e+01
9.599289874627807251e+01
9.624442086997545687e+01
9.590612980370117668e+01
9.595164633686829347e+01
9.567263809783837303e+01
9.590336646956012601e+01
9.576794712438044144e+01
9.579366294454392516e+01
9.553603978279198827e+01
9.531646686374061517e+01
9.587099831970790831e+01
9.561768438150073735e+01
9.525428440041287104e+01
9.503717184715695510e+01
9.514746190892201128e+01
9.510437072551901849e+01
9.483781472336271179e+01
9.478313864055235172e+01
9.475223520091380180e+01
9.445954936647609657e+01
9.434332224600984773e+01
9.416530795897369899e+01
9.445694115183984252e+01
9.403436090095625843e+01
9.376739332416771333e+01
9.413846635340377134e+01
9.383166912737748078e+01
9.394053775782742832e+01
9.389776670099804790e+01
9.371278085229705823e+01
9.375409212200345621e+01
9.366685127720715798e+01
9.343262208549155901e+01
9.346512947873513610e+01
9.338671684888548441e+01
9.341053129719317383e+01
9.329485962594428372e+01
9.318243143198274936e+01
9.338548158613895112e+01
9.318670458292456260e+01
9.260491116415641955e+01
9.273525194466692767e+01
9.263872885982753758e+01
9.254820065472608803e+01
9.229462184305155859e+01
9.220932807982710244e+01
9.216293333327344328e+01
9.156782879457462343e+01
9.232642670271233953e+01
9.197881799962617322e+01
9.185676443724476314e+01
9.135766938330844766e+01
9.180162533246124212e+01
9.219641476991010620e+01
9.210962118174280988e+01
9.138849666258022353e+01
9.143908457130022782e+01
9.112279542652525777e+01
9.117641847789150233e+01
9.107363084318946278e+01
9.096531229568277865e+01
9.085452828857404484e+01
9.082534712766697282e+01
9.069905499068302390e+01
9.055258258887306511e+01
9.027833551830991610e+01
9.039901154109786319e+01
9.028567402461847280e+01
9.008256774827270874e+01
8.985849416308819571e+01
8.963046718714382166e+01
8.997610392314790317e+01
8.954351155201867130e+01
8.944721006141703867e+01
8.961699300664810153e+01
8.953223709917477890e+01
8.942500897320996955e+01
8.919657386197643234e+01
8.881191628849622077e+01
8.911508686681558800e+01
8.877918270687847269e+01
8.896157814438900857e+01
8.920915181229588597e+01
8.852315015968393652e+01
8.836904929386827234e+01
8.826533788491292398e+01
8.840503227840719092e+01
8.828994149852512408e+01
8.793774333080206418e+01
8.813418425574313630e+01
8.798157058086060545e+01
8.770975842382068777e+01
8.783802036275790215e+01
8.755266302509598120e+01
8.752273863561418921e+01
8.732570099551674048e+01
8.765913881470324043e+01
8.760694751761786847e+01
8.736841683831796956e+01
8.729351554678908087e+01
