2.864744212098740377e+02
2.865249490910017016e+02
2.867061921491634280e+02
2.866810229641158116e+02
2.867482052293971151e+02
2.866351614224275295e+02
2.864925054029366720e+02
2.865760422540029140e+02
2.867226114028704274e+02
2.868285086180943608e+02
2.867317840094410144e+02
2.866434715117425185e+02
2.865311811502621140e+02
2.865225396226289263e+02
2.867859959721652672e+02
2.868117394963915103e+02
2.866730158160722226e+02
2.867159288028898914e+02
2.869938011237071009e+02
2.870494035669675554e+02
2.869852800300345734e+02
2.869833945520392149e+02
2.870821236365131313e+02
2.871251911095055789e+02
2.869979385190526386e+02
2.870424570508438933e+02
2.871805061989525143e+02
2.872914254815643744e+02
2.872768484723737856e+02
2.872903364555527901e+02
2.872965176294657113e+02
2.873472623590138824e+02
2.875523902460210479e+02
2.876663950847469096e+02
2.876500017464766756e+02
2.875433399729368489e+02
2.877661156425016884e+02
2.877551574875138272e+02
2.876447417329248992e+02
2.876177064665875491e+02
2.877608486733830091e+02
2.878651969579505590e+02
2.879561426348673763e+02
2.880955404413226688e+02
2.880699304855516516e+02
2.882083281189129025e+02
2.882387392851756545e+02
2.881756129564103048e+02
2.882233774392151417e+02
2.883004097689993728e+02
2.883209871550935190e+02
2.883207965391794119e+02
2.883695080432423197e+02
2.883610816824604512e+02
2.884541832148211142e+02
2.884793569162158633e+02
2.884124672753347909e+02
2.885584818149014268e+02
2.887082271462169274e+02
2.887378349530113155e+02
2.886732034650182186e+02
2.885761004567922896e+02
2.886378898745243191e+02
2.888979902188345363e+02
2.888834267364615016e+02
2.888901502696347166e+02
2.888954997562643143e+02
2.890518273139356324e+02
2.889942691818543494e+02
2.890885941701033062e+02
2.892414420076975148e+02
2.894149011711575668e+02
2.892957667852484178e+02
2.893345303318632773e+02
2.895821975933765771e+02
2.895962645422609398e+02
2.894434499975657786e+02
2.895479203795052854e+02
2.895865308917406651e+02
2.896770474743226487e+02
2.896685247357948469e+02
2.897330202466724813e+02
2.897890057290815662e+02
2.898079567081472874e+02
2.898613260593318728e+02
2.899090909742946565e+02
2.900344230443678839e+02
2.901173919506872494e+02
2.899058665141339475e+02
2.899552977430290071e+02
2.902490711100954286e+02
2.901907322686039379e+02
2.903580108401377515e+02
2.903617661127658494e+02
2.903733460129740251e+02
2.903457383472014612e+02
2.905082799894369714e+02
2.908599297429862531e+02
2.906175401935668674e+02
2.906741633540793259e+02
2.907786775032170681e+02
2.908773296632125493e+02
2.909416867669453381e+02
2.907899406861486682e+02
2.906400854649956500e+02
2.908014114440066464e+02
2.910444074228571480e+02
2.911315964357006010e+02
2.911542501447908649e+02
2.911476516247014388e+02
2.912137881496934710e+02
2.913898992764411560e+02
2.914661890443907168e+02
2.914700362899829429e+02
2.914796029691993340e+02
2.916060735792355558e+02
2.916021434204473621e+02
2.916251700524245507e+02
2.917450912598692412e+02
2.919480933714078787e+02
2.919181212899539446e+02
2.919746041049029941e+02
2.921324571820159690e+02
2.922961506726811081e+02
2.920184536501360526e+02
2.919938446595461414e+02
2.922184956405413345e+02
2.924401178239710930e+02
2.924136787704578637e+02
2.924269008996670323e+02
2.925737749075872784e+02
2.926400877617828087e+02
2.924279550847797395e+02
2.926518265495189439e+02
2.928745252631918561e+02
2.928275946637199354e+02
2.927755256090705416e+02
2.929364119475070538e+02
2.930988012214880882e+02
2.931265652553070709e+02
2.930331569507721383e+02
2.932577268939474493e+02
2.931492126817335588e+02
2.932386465142182601e+02
2.934457811607030635e+02
2.932850556697862316e+02
2.933093340560434967e+02
2.933013871112411266e+02
2.935108687283427003e+02
2.935764695376745408e+02
