2.394748821932921601e+02
2.395173745435659214e+02
2.394958706754829052e+02
2.391963592527036155e+02
2.392846550570841373e+02
2.395231728072759836e+02
2.393891804804533479e+02
2.394833267804095840e+02
2.394069403119790707e+02
2.394309417099719042e+02
2.393641462247543643e+02
2.394410760400226081e+02
2.394810578588709404e+02
2.395254803579990721e+02
2.393952432416481031e+02
2.395368887045146664e+02
2.391188789299510802e+02
2.392019837896469880e+02
2.392916555343933567e+02
2.395547434956136215e+02
2.392984487838157293e+02
2.395860082325862095e+02
2.392272690040168470e+02
2.391376863260632888e+02
2.394561521330745109e+02
2.388788908259554944e+02
2.391181469607129486e+02
2.390169838387552375e+02
2.390587809463687279e+02
2.388942605429888317e+02
2.392303346969551114e+02
2.391446469790083711e+02
2.392913565992080294e+02
2.392134563678648931e+02
2.393736485911357192e+02
2.390256983077929647e+02
2.391594008230136126e+02
2.390537544701861350e+02
2.395550484087767984e+02
2.392634064225527197e+02
2.393052029727266472e+02
2.394743844786946738e+02
2.394879768657706052e+02
2.393494412386354782e+02
2.393610168426548341e+02
2.393325048818187781e+02
2.392770462196715755e+02
2.394841563014784072e+02
2.394694666972482935e+02
2.394273870452803123e+02
2.392984927720717678e+02
2.392898007644648715e+02
2.393911579162686394e+02
2.395100499537769281e+02
2.394212807939910306e+02
2.395535701109060085e+02
2.395263491435489698e+02
2.391812697074038851e+02
2.394730687267069698e+02
2.393556432656856998e+02
2.394486828333944288e+02
2.395054969482095828e+02
2.393629037425320973e+02
2.394939393291824672e+02
2.392621602418082318e+02
2.393511074656034623e+02
2.393537209953570084e+02
2.395220411588335594e+02
2.392827866963446866e+02
2.393852461738237878e+02
2.394879149501662425e+02
2.394494863486375209e+02
2.394039534389835069e+02
2.392990832095071880e+02
2.398646774156627259e+02
2.395918668368512670e+02
2.395426833670626650e+02
2.396587636933095666e+02
2.395476857439482785e+02
2.392689204688118707e+02
2.395551602225837371e+02
2.393078058606829188e+02
2.398121676494376686e+02
2.393635371297176846e+02
2.394893757639876810e+02
2.392695675340217178e+02
2.392340669756108582e+02
2.395348724655887906e+02
2.393783769067294713e+02
2.397345475114317424e+02
2.392618776948536379e+02
2.391327206712854831e+02
2.391928176682355627e+02
2.392221583768870516e+02
2.393504765702155908e+02
2.397153852646466703e+02
2.394471662562865788e+02
2.396837397680206152e+02
2.397916580591016498e+02
2.395728675635589298e+02
2.397894554830785694e+02
2.399358128144217233e+02
2.397429937201326595e+02
2.394164984536022018e+02
2.393354902533335462e+02
2.396291964395448701e+02
2.395779644744394830e+02
2.394986161159389724e+02
2.394944711266810771e+02
2.393717062372893452e+02
2.393514278942270437e+02
2.392545673329070439e+02
2.396652427144677233e+02
2.397009710700787366e+02
2.398514543842136391e+02
2.397173290120919376e+02
2.396589580103002106e+02
2.396243547835017864e+02
2.396097309963787154e+02
2.395687856277772596e+02
2.395115726035317039e+02
2.400901541608188836e+02
2.394171348268152713e+02
2.396223671549865060e+02
2.398782472564430464e+02
2.396939955165559866e+02
2.396085259461555097e+02
2.396130831953551024e+02
2.394695167789355139e+02
2.393296002330304475e+02
2.394666244081884372e+02
2.394289748289286024e+02
2.395623004950338384e+02
2.399415458082345651e+02
2.394741657631950886e+02
2.393075540009320150e+02
2.393952108342471092e+02
2.397029737404648984e+02
2.398760416024668984e+02
2.397388357846604094e+02
2.395971724788321069e+02
2.395386417500847074e+02
2.394452041290842317e+02
2.393733085782967009e+02
2.394419857865962342e+02
2.393287895308931468e+02
2.396323637176186310e+02
2.396448447227250256e+02
2.394010874892796892e+02
2.394099864480580209e+02
2.399846521401127291e+02
2.395955897056071251e+02
2.396520305047634736e+02
2.397895092264881214e+02
2.396014127977593944e+02
2.392673960659333261e+02
2.394150448964022644e+02
2.395645916406946299e+02
2.394237816996954678e+02
2.393629479291878681e+02
2.393391518944494294e+02
2.396802810814353109e+02
2.397961363864013435e+02
2.394914121146602213e+02
2.397180857693980727e+02
2.396904990353937990e+02
2.394290649317601662e+02
2.397482688883148967e+02
2.395629653275009332e+02
2.398972060125850021e+02
2.394613855541397527e+02
2.394984471693748844e+02
2.393154728573021259e+02
2.391453025582958389e+02
2.393603199321485135e+02
2.395206121680735407e+02
2.394621000982006365e+02
2.393400518304101467e+02
2.395508892251239104e+02
2.393987581098791964e+02
2.394340272387731545e+02
2.393159385370010170e+02
2.394183974458388491e+02
2.395734579081341735e+02
2.395036463668439239e+02
2.397546096013743693e+02
2.395547955010292753e+02
2.394168403419601248e+02
2.393886621084499211e+02
2.395504371751290194e+02
2.395867748486072060e+02
2.392403685326542870e+02
2.394125817971355161e+02
2.395577038981334681e+02
2.395631476437557978e+02
2.394741134531893749e+02
2.392445649203073117e+02
2.395754575233695505e+02
2.398283729766074259e+02
2.395225340843103652e+02
2.393753642315332399e+02
2.392596703581684778e+02
2.396195972453731429e+02
2.395269805330178485e+02
2.395577443185589175e+02
2.394859358390124271e+02
2.393245850970794493e+02
2.391653685680859383e+02
2.393426911336355545e+02
2.393662544902918796e+02
2.391393770052886794e+02
2.394952705462397660e+02
2.390888045427509496e+02
2.391097179051140245e+02
2.394892222813429044e+02
2.394971176469645116e+02
2.391340235090659405e+02
2.392991991517932036e+02
2.392141338592485909e+02
2.390031952315871138e+02
2.393410441415524019e+02
2.392804641283001672e+02
2.395785520765564058e+02
2.393072377598168998e+02
2.396180921951145990e+02
2.393765536351602350e+02
2.397352321097160086e+02
2.394117183273092451e+02
2.394929839614714240e+02
2.394258820413050159e+02
2.392301779410780966e+02
2.390221583492484285e+02
2.390293905765228999e+02
2.392472850912740512e+02
2.393513658643203428e+02
2.393252979163059138e+02
2.394306928477149938e+02
2.394903799937911515e+02
2.394322313530074950e+02
2.394603591567898491e+02
2.396680083212256989e+02
2.396929029317658433e+02
2.396427502956373985e+02
2.393425595853693721e+02
2.393044103208301578e+02
2.392322100843274200e+02
2.394117344035457506e+02
2.393836274778189761e+02
2.394560436127843559e+02
2.396733736311980181e+02
2.395079923475510384e+02
2.392546044034222632e+02
2.392683723751736409e+02
2.395468777664923437e+02
2.395071939869602602e+02
2.394756783804635631e+02
2.398211851055368697e+02
2.396259514230564207e+02
2.397699780942780308e+02
2.395240774283099654e+02
2.396132020492423464e+02
2.399198339912980771e+02
2.395298343000777948e+02
2.396193595108609600e+02
2.396598706811030297e+02
2.397808836052386141e+02
2.397723808473342615e+02
2.396353891101856277e+02
2.397794615581469486e+02
2.397722503769730622e+02
2.398450211989159016e+02
2.399545229769903472e+02
2.400610936964626205e+02
2.402842095743015705e+02
2.398344524046972026e+02
2.401196783991851760e+02
2.402218848748526341e+02
2.402540167768950141e+02
2.399948988465856701e+02
2.398375009632692070e+02
2.400675541884103268e+02
2.400598746151505054e+02
2.396891901889786141e+02
2.400818993892023343e+02
2.400631811486906599e+02
2.400615412146130438e+02
2.400335570768653497e+02
2.403143310817189615e+02
2.403513249678222792e+02
2.400406849526091264e+02
2.404340268714226170e+02
2.404345168643576756e+02
2.400354319165411141e+02
2.401161837825419241e+02
2.405059184102844654e+02
2.403033037548265440e+02
2.402282303718791354e+02
2.399438612768452970e+02
2.399543250717751164e+02
2.403240915445603605e+02
2.399668188441952168e+02
2.400103503254835857e+02
2.401469494140454515e+02
2.400926353455516562e+02
2.400027727680931946e+02
2.401177346544270392e+02
2.399520917230683210e+02
2.399842164164604981e+02
2.399048034361774171e+02
2.398200170712944157e+02
2.395714628210562296e+02
2.396940942111035326e+02
2.394335395417218706e+02
2.394105092833545143e+02
2.396046331445977842e+02
2.395650224353329634e+02
2.393189278059046501e+02
2.395322723601810821e+02
2.397190259147313043e+02
2.392691915229974029e+02
2.395295993685656128e+02
2.398947079519340377e+02
2.397097239807028757e+02
2.395076653528511486e+02
2.396123802685804947e+02
2.395748224595898535e+02
2.394035318954541935e+02
2.396551786039648277e+02
2.395569837676052032e+02
2.396642396688960446e+02
2.394859237189372436e+02
2.394740591895382522e+02
2.393170896046999303e+02
2.396743998868942072e+02
2.394844555706974631e+02
2.393400723589686265e+02
2.393952621484373537e+02
2.391718991095870308e+02
2.393528570695584961e+02
2.391269070369478129e+02
2.392830712178025294e+02
2.391815916795190731e+02
2.394056537163698692e+02
2.389803767478171892e+02
2.390088061620297140e+02
2.392981475349841674e+02
2.394043552314772967e+02
2.391426424735516605e+02
2.395662716193148754e+02
2.390115045137368952e+02
2.391498635001479158e+02
2.393121337556169692e+02
2.391676489921072744e+02
2.393856587879729716e+02
2.393018467447688806e+02
2.392362833658656882e+02
2.393210024291505817e+02
2.391581555947174422e+02
2.390873680539016561e+02
2.392950906182963138e+02
2.390423098690562256e+02
2.395891672439661022e+02
2.391992733095401888e+02
2.393598121051898886e+02
2.390988887850133153e+02
2.391716158694598846e+02
2.393888640076840773e+02
2.390741543722905078e+02
2.392957294379750977e+02
2.396472995147813378e+02
2.395061890268286788e+02
2.394356060115355831e+02
2.392505847512028652e+02
2.395073714703335952e+02
2.397215077845893347e+02
2.393131117452926730e+02
2.393694468759971130e+02
2.392141043014948991e+02
2.394749810590049890e+02
2.392218530611493463e+02
2.398804504641282165e+02
2.395002738309958659e+02
2.393810778293412795e+02
2.391698196634258977e+02
2.393065478076968304e+02
2.393371006622664936e+02
2.394433963641184846e+02
2.394658074692062257e+02
2.395971574015352417e+02
2.397103320931906580e+02
2.395477846051715858e+02
2.394009951348997163e+02
2.394848741067436606e+02
2.395511731180038169e+02
2.395704939440269925e+02
2.398592656432370802e+02
2.393140880327907780e+02
2.398108715738068497e+02
2.394579660130924310e+02
2.393417739387407153e+02
2.392220059780784993e+02
2.393504384169753223e+02
2.395607759023458811e+02
2.393729564411280819e+02
2.392457025306021876e+02
2.396366911694105113e+02
2.395407666359830898e+02
2.392690128426271201e+02
2.395954775998008017e+02
2.396511926598453499e+02
2.394198362980727381e+02
2.395461618468742699e+02
2.395686906245146020e+02
2.394745240407089284e+02
2.392160961190658384e+02
2.393886440268690023e+02
2.396211843011535905e+02
2.392725771808227080e+02
2.393672957872340419e+02
2.391840659508042393e+02
2.394368937759763014e+02
2.390982626255325840e+02
2.392034630528991386e+02
2.392537515382437334e+02
2.391834267495646600e+02
2.393290479206802104e+02
2.394822773030653877e+02
2.395775734688496925e+02
2.392934384975743285e+02
2.391929921303517688e+02
2.394881079853458914e+02
2.392663944091117685e+02
2.390680163441613786e+02
2.394083369312150751e+02
2.392706279389108488e+02
2.391536599235709843e+02
2.393088447022916228e+02
2.394790797361899024e+02
2.394656343354916999e+02
2.391794058079895251e+02
2.392483076569153297e+02
2.395441215797102359e+02
2.392129973237389606e+02
2.394742241218256993e+02
2.396004226995376030e+02
2.396986370151878418e+02
2.397682818377751630e+02
2.395186285966242679e+02
2.397042140003405848e+02
2.396783821086153239e+02
2.394548131298411420e+02
2.397670194475145138e+02
2.397454658522165971e+02
2.396765990510347422e+02
2.393516295256010551e+02
2.395251554166304686e+02
2.395836179314626690e+02
2.395372972453479008e+02
2.394055323918348392e+02
2.395891803984505941e+02
2.395778928771388792e+02
2.396445068313876163e+02
2.397024955796756842e+02
2.398745894857803478e+02
2.400300418075829896e+02
2.401462079497814841e+02
2.393980399052163932e+02
2.398249825541179518e+02
2.397189521307695657e+02
2.398324353643210145e+02
2.398516113407844159e+02
2.398645591550420022e+02
2.398110602654429897e+02
2.400647360126113199e+02
2.399298525779391866e+02
2.396570553892963744e+02
2.398207249556464831e+02
2.400707518512040508e+02
2.398210592258672875e+02
2.397850291175288078e+02
2.398084842335451867e+02
2.401393198838657099e+02
2.399385473447018740e+02
2.397558088064215269e+02
2.396411618236272432e+02
2.399710988946696091e+02
2.398455755652313428e+02
2.399742043517892114e+02
2.399726046961737609e+02
2.396257877554115510e+02
2.397021704850668584e+02
2.396974841394444695e+02
2.396947659071145438e+02
2.396395650041060037e+02
2.394500133030096265e+02
2.396717978230923052e+02
2.395991174190820630e+02
2.395101809251766554e+02
2.393232800185637643e+02
2.395722257534932851e+02
2.396507765868301192e+02
