2.864427931937031531e+02
2.863804554202436634e+02
2.863970512164052593e+02
2.862736519709212075e+02
2.863879220377603474e+02
2.863642564143016784e+02
2.863629607977362070e+02
2.864023855481764258e+02
2.864952377904222089e+02
2.863490987019584963e+02
2.863809589555339699e+02
2.864234157213901995e+02
2.864011270814357886e+02
2.863880275982015178e+02
2.862722610897423010e+02
2.863559662523057909e+02
2.861092730693121666e+02
2.862725642311996808e+02
2.863551561595853059e+02
2.863806749680164216e+02
2.863545409813833089e+02
2.864028183122258611e+02
2.862549043070388848e+02
2.861381271611242596e+02
2.863187843835896729e+02
2.861426280620790976e+02
2.861574988963307646e+02
2.861562089756700971e+02
2.861889264847306436e+02
2.861177154274209329e+02
2.862657823155884671e+02
2.861885839910478353e+02
2.862314627605448436e+02
2.862962479621874650e+02
2.863148157823853239e+02
2.861896279607579459e+02
2.861338241915310050e+02
2.861867894489404307e+02
2.864233532097379680e+02
2.862894843095478450e+02
2.863294628382406017e+02
2.863277277049614327e+02
2.863257654361693199e+02
2.863330584145823536e+02
2.863334254356053066e+02
2.863763817467232116e+02
2.863669171646727705e+02
2.863915719143688534e+02
2.863725806485253429e+02
2.863675578990869894e+02
2.863040705861442348e+02
2.863181620429002692e+02
2.863951865695207175e+02
2.863946203607000598e+02
2.864044060000895229e+02
2.864985278140044898e+02
2.864293078888430841e+02
2.862489796695314794e+02
2.864346639108920840e+02
2.863062427619467485e+02
2.863541937789373151e+02
2.864278534699231500e+02
2.863420352027509352e+02
2.863866996703236509e+02
2.863585335923117441e+02
2.863180667958941399e+02
2.864462295238511729e+02
2.864218571244728651e+02
2.862694594757858795e+02
2.863808148411110324e+02
2.863831721021097110e+02
2.863687284739734764e+02
2.863079901233382429e+02
2.863732825312822570e+02
2.865537359715818866e+02
2.864834381313938252e+02
2.864706948068102861e+02
2.865338522363048241e+02
2.864420323359391887e+02
2.863490912031728044e+02
2.864329313939733197e+02
2.864518793502922449e+02
2.864887211166092129e+02
2.863395329571367824e+02
2.862690538992056304e+02
2.863168754123548183e+02
2.863227701268943406e+02
2.864613724623753797e+02
2.864805623011533839e+02
2.865307701370952032e+02
2.862032867158455360e+02
2.862868941564100282e+02
2.862771277322028709e+02
2.863424460381077665e+02
2.864442162870137167e+02
2.866446637492361447e+02
2.864004926369378268e+02
2.864108604385043577e+02
2.864737274767203985e+02
2.864583099430520292e+02
2.865099803177927242e+02
2.866398718624141111e+02
2.865493187076108939e+02
2.863260986278461928e+02
2.863358420978798904e+02
2.864873556549085265e+02
2.864170590045000608e+02
2.863997925536566527e+02
2.864895677785765997e+02
2.864588029178036663e+02
2.862938023071274642e+02
2.863022212563224116e+02
2.866152118624376612e+02
2.866074071024726777e+02
2.865967846758248356e+02
2.865507498458720761e+02
2.864958156451396576e+02
2.865779878894126114e+02
2.865036504097403736e+02
2.865083949045503005e+02
2.865413810047886614e+02
2.866670410434940095e+02
2.864100748467004109e+02
2.864596778104302643e+02
2.866463584052309557e+02
2.864732095469600495e+02
2.865023441975340575e+02
2.864686499257640548e+02
2.863636168472096983e+02
2.863493257915988011e+02
2.863951196151917316e+02
2.863936064556738188e+02
2.865067301116473573e+02
2.865320530269193000e+02
2.863319207634503414e+02
2.863647660102395207e+02
2.864136170958916523e+02
2.865558332783054425e+02
2.866358920722117887e+02
2.865846951737954100e+02
2.865354661125177245e+02
2.864318782107250740e+02
2.863653865616401504e+02
2.864206976426489177e+02
2.864149850846819163e+02
2.864187217590509817e+02
2.865639212710671586e+02
2.865084689869226509e+02
2.864049294004933586e+02
2.864554466457308877e+02
2.866262545812599569e+02
2.865154961255938701e+02
2.865435676499095621e+02
2.865308183088913552e+02
2.864414430431992287e+02
2.863488124836355837e+02
2.863528472833276624e+02
2.864140293238394293e+02
2.864102306938074207e+02
2.863923113633944695e+02
2.863886079513113714e+02
2.865941440139505971e+02
2.865360480726178025e+02
2.864341162306025694e+02
2.864702883729064524e+02
2.864870643029725557e+02
2.864924954700255171e+02
2.864395792384878519e+02
2.865417724122144705e+02
2.865342164974757679e+02
2.864005702036783418e+02
2.863297347688985042e+02
2.863216481583808672e+02
2.862257099784544039e+02
2.861832451493334020e+02
2.863266081595807577e+02
2.863614547014451546e+02
2.863832367267124823e+02
2.864884115045279600e+02
2.863178554579336605e+02
2.864007886789272561e+02
2.863465156744069304e+02
2.864381214999431222e+02
2.864498454890951393e+02
2.864498718257513588e+02
2.865047360199040440e+02
2.864257174300061024e+02
2.863168912947593867e+02
2.864119065339517078e+02
2.865029312931258687e+02
2.863518973583693423e+02
2.862686446661668924e+02
2.863508723212110567e+02
2.863800734941941641e+02
2.864475837199238413e+02
2.863534956809602932e+02
2.863536369553531244e+02
2.864789217260378678e+02
2.866501798306896376e+02
2.863794166682840228e+02
2.863211685330120986e+02
2.863046220592096915e+02
2.865392207303570444e+02
2.864359703439614009e+02
2.863556265475266969e+02
2.863569903883657730e+02
2.863007874370424588e+02
2.862637516591398139e+02
2.863399382205606116e+02
2.862263505094151697e+02
2.862440208297201707e+02
2.864781944283500366e+02
2.862654775544449421e+02
2.862062957638486864e+02
2.864294778723862009e+02
2.863589214819587596e+02
2.862978051903131131e+02
2.863311105454664016e+02
2.862698221099329885e+02
2.861902037052311698e+02
2.863774540940893871e+02
2.863331885731666944e+02
2.863396924498727572e+02
2.863636928040223779e+02
2.864896826239025245e+02
2.864657261360669622e+02
2.865532243208620571e+02
2.864452239047898274e+02
2.863790049506379773e+02
2.862951050480396020e+02
2.862430142889537024e+02
2.861600025810875536e+02
2.860598504041878982e+02
2.863023846195733881e+02
2.863731553159796022e+02
2.863024170620037694e+02
2.863850508084142916e+02
2.863164160137550880e+02
2.864873334494333221e+02
2.864357570675507532e+02
2.864863378789987678e+02
2.865255835369303554e+02
2.865698616796202600e+02
2.863611714141919151e+02
2.863392199658748041e+02
2.862957989968638799e+02
2.862994840122527762e+02
2.863589852741073400e+02
2.863656963022442028e+02
2.864388045630775537e+02
2.864408342508662031e+02
2.862353917492121695e+02
2.863278091628806692e+02
2.865150520444001927e+02
2.864615712643242773e+02
2.865876287007467340e+02
2.865056783618748568e+02
2.865606655975782360e+02
2.865725150793409739e+02
2.864794612588173663e+02
2.864893666866084345e+02
2.865883930346670923e+02
2.864569596705814547e+02
2.864648488801879580e+02
2.865486071474541632e+02
2.866076606230754464e+02
2.866111745805718556e+02
2.866189821490070244e+02
2.865750741332363987e+02
2.866355620393583763e+02
2.866345035965511556e+02
2.867201676059543729e+02
2.867682523786194224e+02
2.868438690856442577e+02
2.866368475202087325e+02
2.867882373463966701e+02
2.867750734718376862e+02
2.867773527127370130e+02
2.866559544897821752e+02
2.868154454657803285e+02
2.867941373914002270e+02
2.865814491791094270e+02
2.865938048105894609e+02
2.867835444566007368e+02
2.868482649789442007e+02
2.868499453373372603e+02
2.868208508947286646e+02
2.868576099643482280e+02
2.868170205519339220e+02
2.869081101682193093e+02
2.870109239724328631e+02
2.869940292925911649e+02
2.868505614560932031e+02
2.869529559936842134e+02
2.869953980045333424e+02
2.868900490906035543e+02
2.868734355657329047e+02
2.867393978401133268e+02
2.867780475339833970e+02
2.869220974488397360e+02
2.868768290800334739e+02
2.867245956654185193e+02
2.868338150324780145e+02
2.867309533600956115e+02
2.868450068240294399e+02
2.868469300934157218e+02
2.868026400932477031e+02
2.868084849108184358e+02
2.866393591199042135e+02
2.865818906166333591e+02
2.864495815762530242e+02
2.863982680866585611e+02
2.863796312371907220e+02
2.864336300608711667e+02
2.864000697621771110e+02
2.864576666022255154e+02
2.863731097858882890e+02
2.864652596606970292e+02
2.864447741817794508e+02
2.863260835477306614e+02
2.864516090186785959e+02
2.866084568260208130e+02
2.865845309006180628e+02
2.864355374896205149e+02
2.865492675536278853e+02
2.864809637209572770e+02
2.863533789702751733e+02
2.865713219860995196e+02
2.863119705557733710e+02
2.864773190095344830e+02
2.864328383851893136e+02
2.864788542712055346e+02
2.863463820755397364e+02
2.864281836607841569e+02
2.863133258320133336e+02
2.862628697351642586e+02
2.862720598759742643e+02
2.862335094372833169e+02
2.862413559759265240e+02
2.862370418541887602e+02
2.862001343939787148e+02
2.861823142916591678e+02
2.862970783266430317e+02
2.861317896853360594e+02
2.862280735068350168e+02
2.862417216678512091e+02
2.862799856408424262e+02
2.863243033573988328e+02
2.862731095357319759e+02
2.861469147311938173e+02
2.861552399169832483e+02
2.861915617520608635e+02
2.862403385991647724e+02
2.863028254651405859e+02
2.863065614561967891e+02
2.862571859106703300e+02
2.862113235026914708e+02
2.862600902197169717e+02
2.861223172780968866e+02
2.862212851152210078e+02
2.862479616088609760e+02
2.864104138651644575e+02
2.862813445648826018e+02
2.863165872933710148e+02
2.862566647498545649e+02
2.863118094016061264e+02
2.862408164847832950e+02
2.862314373450744256e+02
2.863579329628840355e+02
2.864565864371483599e+02
2.864374966497278479e+02
2.863573326970565063e+02
2.864040959607883110e+02
2.865152045970627341e+02
2.865108715794169143e+02
2.863174782245363303e+02
2.864437767826646564e+02
2.863102422074362607e+02
2.864385059186906233e+02
2.863371147206878504e+02
2.865730074308536359e+02
2.863405355548288185e+02
2.863166489525212910e+02
2.861768809980762853e+02
2.863134578816311091e+02
2.862977673891242034e+02
2.863930823249343689e+02
2.864218541229108723e+02
2.865392420516591301e+02
2.864769773722474042e+02
2.863698927026646857e+02
2.863986408742368326e+02
2.863810044832002859e+02
2.864583696695368076e+02
2.864253309060986226e+02
2.865150428870796873e+02
2.864310089602442417e+02
2.865416522514742041e+02
2.864131943564131575e+02
2.862696715494217869e+02
2.862877315985434166e+02
2.862708885129126770e+02
2.863412828017355309e+02
2.862689297352789595e+02
2.862204508012166571e+02
2.864561469054295344e+02
2.864218714504724517e+02
2.863248195183562075e+02
2.864676873884853308e+02
2.864265584664277640e+02
2.864309173507641049e+02
2.863475703670192729e+02
2.864190318151056545e+02
2.863897148403496544e+02
2.862126634971041881e+02
2.862999116408730060e+02
2.864005950357013148e+02
2.863429351248691432e+02
2.863608155138591087e+02
2.862811025410942989e+02
2.862698392353447616e+02
2.862300416397076219e+02
2.861159534223172045e+02
2.862474036888510796e+02
2.863246505050259998e+02
2.864915133469756370e+02
2.863979162080527203e+02
2.864326950537677590e+02
2.862977005352909714e+02
2.862368176560408415e+02
2.864366245176235566e+02
2.863030249861276957e+02
2.862810451918530816e+02
2.863139298990774932e+02
2.862485173863004206e+02
2.863414161886724401e+02
2.863962219740213300e+02
2.863748052801656172e+02
2.864268539454489542e+02
2.863331451934095071e+02
2.863635688610622196e+02
2.865219547591037781e+02
2.863483634884523212e+02
2.864485664264861953e+02
2.865155916363311803e+02
2.865872597397798245e+02
2.865584966547342560e+02
2.863769311765285579e+02
2.865578789561311055e+02
2.865094787936318426e+02
2.864563595785436974e+02
2.865077139490784361e+02
2.865959698126542321e+02
2.864725865938949596e+02
2.863020947429017724e+02
2.864837005504637091e+02
2.865928683650568018e+02
2.864564342912477173e+02
2.864085072564213874e+02
2.864558417831080419e+02
2.865114054271226678e+02
2.864767847659065296e+02
2.865636635105236678e+02
2.866638294441706307e+02
2.866988022389602406e+02
2.866541733500666282e+02
2.864724248332456114e+02
2.866278604248103079e+02
2.866279457395287977e+02
2.866377803196829746e+02
2.866094179521463161e+02
2.866201519655164134e+02
2.866541442866583793e+02
2.867111915564581182e+02
2.866347249092891616e+02
2.865757994904160455e+02
2.866304084965033780e+02
2.867360544746441064e+02
2.865822970173456383e+02
2.865630544827285462e+02
2.865626862580352281e+02
2.866977823659146907e+02
2.866665448148411883e+02
2.865409008015428185e+02
2.864795263470884947e+02
2.866086414049191262e+02
2.866096158305479662e+02
2.865958380452962615e+02
2.866136244069102190e+02
2.865320007807146681e+02
2.865657885506787466e+02
2.864654853059977313e+02
2.865350373728278441e+02
2.864563032366929747e+02
2.863947755647294002e+02
2.865377988283116792e+02
2.864657156959235067e+02
2.863751669928024057e+02
2.864182235144486981e+02
2.864204574819627851e+02
2.864105442780335693e+02
