1.027774045112011123e+02
1.028188076005542797e+02
1.028533302312959421e+02
1.032709550130466027e+02
1.025987311922521741e+02
1.028575411590577033e+02
1.023856839499061948e+02
1.028256840932158838e+02
1.028205774989348953e+02
1.026991794953784165e+02
1.030985500049087165e+02
1.032264343501252029e+02
1.028396087407704158e+02
1.033267061372205262e+02
1.023338316375165817e+02
1.031388592169616487e+02
1.027066241437832588e+02
1.024478285063186576e+02
1.027178264463090755e+02
1.026171295523168254e+02
1.027411531523118668e+02
1.025915863940228547e+02
1.026358125413642028e+02
1.033859189287964426e+02
1.023774813522659741e+02
1.024561677229970655e+02
1.025432716672496696e+02
1.029974703120810915e+02
1.024451161147703004e+02
1.028358896334675592e+02
1.027851954454966403e+02
1.030208891275706407e+02
1.031070412137832477e+02
1.036943316187257409e+02
1.049059440476721505e+02
1.038249845881720859e+02
1.027884296232784180e+02
1.025386812534283081e+02
1.026365725392988111e+02
1.029245876180950319e+02
1.032135800332865614e+02
1.034267370291424726e+02
1.030163390193095125e+02
1.025063658431187577e+02
1.028912813827128758e+02
1.030031796426442270e+02
1.023036724039255176e+02
1.029198044528028362e+02
1.030030108163402360e+02
1.025384011083745719e+02
1.027642738261343283e+02
1.023478484310230101e+02
1.031038164677296436e+02
1.040852225465656176e+02
1.032744022163979594e+02
1.027603646574316798e+02
1.026949745553801989e+02
1.027595580803501178e+02
1.030456081718438810e+02
1.026860544141559188e+02
1.020431668028821690e+02
1.028950793731401063e+02
1.029989801788044588e+02
1.033088391902311827e+02
1.030189638412900166e+02
1.028466300298451443e+02
1.023033558070647899e+02
1.026196487861034115e+02
1.033220163268471765e+02
1.021040902150929099e+02
1.029060070315475741e+02
1.029982068836844746e+02
1.023315742186210286e+02
1.028922921445909680e+02
1.022717001577573939e+02
1.029066221674468125e+02
1.021160220142692907e+02
1.027388263048793391e+02
1.028393831058152728e+02
1.037148539895606376e+02
1.021407827508705708e+02
1.025569031994615443e+02
1.029122091867736373e+02
1.023943256688602474e+02
1.029656671391806100e+02
1.027274109189722111e+02
1.033240158798127339e+02
1.028073529913146302e+02
1.028963504668815858e+02
1.033291797581284186e+02
1.022821465242889332e+02
1.028139899752254536e+02
1.028467592139130744e+02
1.032407220303102235e+02
1.025573222710035992e+02
1.030506225468517840e+02
1.027302230280818804e+02
1.027957004844162867e+02
1.022045116065770571e+02
1.029634207057697637e+02
1.023984511687690002e+02
1.027554925807796025e+02
1.020925590160340448e+02
1.031827432778644749e+02
1.022747080575696259e+02
1.030336459016910879e+02
1.028040669693350964e+02
1.029637163293527209e+02
1.029416175353327247e+02
1.031594476878682798e+02
1.023784633056979345e+02
1.028741269629614834e+02
1.028693954348494088e+02
1.042477548131151508e+02
1.036306520444079524e+02
1.032053630912576949e+02
1.032606284860595309e+02
1.033065941596563420e+02
1.027836937013597662e+02
1.031419077719354931e+02
1.033300683445701651e+02
1.035026768162603616e+02
1.033061738286023683e+02
1.028682621116386287e+02
1.034591108903951948e+02
1.039796155292264501e+02
1.032819840922765025e+02
1.033601946323793896e+02
1.033592314799556817e+02
1.025744398601396909e+02
1.034310157533316641e+02
1.032997892380698346e+02
1.032900608895411239e+02
1.039759144990055830e+02
1.033927583268591519e+02
1.034548010957907422e+02
1.033767308771911644e+02
1.030926082650517941e+02
1.031176781939360581e+02
1.029521003897099831e+02
1.031318728188662277e+02
1.043826656069963548e+02
1.044968319116845663e+02
1.040292076762172542e+02
1.033084145238871656e+02
1.032191651402484922e+02
1.031192027317616322e+02
1.027361452970002489e+02
1.028475774935349563e+02
1.026260327124943075e+02
1.026492738400205411e+02
1.028537295155245630e+02
1.026736151641290604e+02
1.030817670464096096e+02
1.021069996880202808e+02
1.024668459081834015e+02
1.030007323701446467e+02
1.022254242276396781e+02
1.024537924311272121e+02
1.027030713732229543e+02
1.027360272581481553e+02
1.020299519009596878e+02
1.029347642916336696e+02
1.020416698823573682e+02
1.019631519241580122e+02
