9.985588065283843662e+01
1.004552557498863763e+02
1.001176011721775012e+02
9.989773748577771073e+01
1.007646263497689318e+02
9.999272583874791565e+01
1.005991765105783458e+02
1.001521784884882180e+02
1.001715634206490222e+02
9.988555758214505431e+01
1.002826733112405577e+02
1.007397118204669368e+02
1.006257461160539464e+02
1.005831735488085172e+02
1.001707727703900446e+02
1.002062173357732036e+02
1.005645480550656288e+02
1.001100866148099726e+02
9.989984557116497399e+01
1.006206623650074192e+02
1.002783245305771516e+02
1.000677219675852143e+02
1.001907748343623581e+02
1.009823364751179184e+02
9.990037248726419250e+01
1.000433591675810021e+02
1.000394191536206563e+02
1.001689903738924841e+02
1.003125869052965271e+02
9.945853096062592158e+01
1.002468369810710129e+02
1.004226201938507330e+02
1.001120717461999305e+02
1.014849944098844929e+02
1.036723395059110118e+02
1.010987335122263886e+02
1.006385588625517897e+02
1.006045958029146732e+02
1.004839883624975840e+02
1.000274024238972714e+02
1.006247373208576761e+02
1.009112772147853576e+02
1.009297622742262064e+02
1.002146396895059723e+02
9.999753260787582576e+01
9.998050660488000574e+01
1.000440941381425688e+02
1.003046156621468299e+02
9.976758927435110991e+01
1.002380184581112275e+02
1.003297073410665945e+02
1.003988853297848465e+02
1.007849502104602237e+02
1.019751423433045687e+02
1.011638280512246553e+02
1.005993786544940320e+02
1.002151763260032880e+02
1.006024349843860364e+02
1.003217986539049917e+02
1.007943485085490778e+02
1.007503592785328266e+02
1.004090899126860990e+02
1.011362363111729366e+02
1.010520210788711921e+02
1.010315111477879526e+02
1.005092567774816388e+02
1.008809514563929355e+02
1.007911525938689152e+02
1.004510626349348996e+02
1.004372547314181787e+02
1.001282544522921967e+02
1.002076943115290533e+02
1.008213581187169581e+02
1.003532088798375383e+02
1.001564971012187470e+02
1.008121340580425596e+02
1.003389767235354384e+02
1.002991065546777492e+02
1.005501998552456797e+02
1.005222837434956347e+02
1.001316982891865024e+02
1.003962003152762890e+02
1.005122395444017087e+02
1.003145238491945861e+02
9.981478229175952777e+01
1.001230153873791409e+02
1.003029222015739350e+02
1.002816827781231268e+02
1.001292192161480870e+02
1.004720651017594832e+02
1.005413129443313096e+02
1.004416363256474227e+02
1.004765913541850750e+02
1.004890130566939064e+02
1.005090146514087195e+02
1.008990065921707782e+02
1.003664510150005498e+02
1.006738856179336494e+02
1.003213213481369479e+02
1.003737389932359605e+02
1.003712469401970822e+02
1.004445579084213733e+02
9.990959214134035449e+01
1.000034531749031288e+02
1.004338618344879848e+02
1.002775563175385258e+02
1.006135147878309652e+02
1.004394200140992410e+02
1.007221811899458999e+02
1.001486593143521731e+02
1.006626176585211425e+02
1.006950500360263590e+02
1.006068748619845792e+02
1.022362186412905629e+02
1.012847939041906216e+02
1.014401099638564148e+02
1.009060656394346580e+02
1.010289993151177868e+02
1.010301164606808442e+02
1.008895249129463991e+02
1.008394465292823128e+02
1.012378240701280561e+02
1.010895630621331520e+02
1.003095095914989230e+02
1.012841459994643429e+02
1.011267664800288486e+02
1.006558157875607549e+02
1.006414266778241995e+02
1.008587158025766968e+02
1.012269962719508811e+02
1.006537202957607491e+02
1.008619345457853456e+02
1.009660807307266026e+02
1.011600951769132735e+02
1.008802600348135883e+02
1.008231531820059246e+02
1.008437089301789769e+02
1.005281388246234968e+02
1.001964822128304746e+02
1.003475501800943590e+02
1.001924294181690698e+02
1.012098487952888632e+02
1.031076452618310242e+02
1.017159030651267244e+02
1.007388149433634084e+02
1.002221243470003884e+02
1.000525419612310429e+02
1.004498826968302438e+02
9.962066986282614778e+01
9.997806697364165984e+01
9.996733497388500211e+01
9.984873594997581847e+01
1.002141238201754163e+02
9.976654400364095920e+01
9.925284979076474201e+01
9.991992969689552240e+01
9.965273454152385568e+01
9.942587662791254388e+01
9.973339060647833776e+01
9.938627617295689731e+01
9.877567036428764879e+01
9.952930254467315763e+01
9.902474565698655340e+01
9.909087709306646730e+01
9.926590698192228501e+01
