2.864887101374626468e+02
2.863798699836484616e+02
2.862744508334854459e+02
2.864491269237973938e+02
2.863487897701531324e+02
2.864819364987536687e+02
2.863934120188181396e+02
2.864553115241543537e+02
2.864474350550839858e+02
2.865918476057774456e+02
2.864380452816051843e+02
2.865463908974783749e+02
2.864880784912961644e+02
2.863709362734376214e+02
2.864300323852863244e+02
2.866300070422438466e+02
2.863904831456999887e+02
2.863446990541594914e+02
2.865680337130951898e+02
2.864525799524309946e+02
2.864541523288216354e+02
2.864809787780366719e+02
2.864534164394521554e+02
2.864416573677811471e+02
2.864232220734557472e+02
2.865605872790566195e+02
2.866108779027146056e+02
2.865236048364958492e+02
2.863619267715380943e+02
2.865998304710685147e+02
2.866642422147861566e+02
2.865967206448788716e+02
2.866014795655863168e+02
2.864986165056932919e+02
2.860884862467710263e+02
2.861706620652648780e+02
2.863000208342380688e+02
2.863794271716508320e+02
2.863964067110629799e+02
2.865241562583526616e+02
2.864925836722834447e+02
2.863749300115679262e+02
2.862704265702664088e+02
2.863559275927623275e+02
2.865327024908903013e+02
2.866041284351012450e+02
2.866340325800181859e+02
2.865945574475556441e+02
2.866429586560913663e+02
2.866553365310759318e+02
2.866032087999777218e+02
2.864832528071967204e+02
2.864235166055207173e+02
2.862245391914260608e+02
2.861125655256404912e+02
2.863256462141983434e+02
2.864359998503060183e+02
2.865368875231275752e+02
2.864942115628967372e+02
2.863984573824295694e+02
2.863430217022684587e+02
2.863213797476745412e+02
2.863538752453603138e+02
2.863428626445793270e+02
2.862316349991948528e+02
2.862949295614465086e+02
2.862376756007276413e+02
2.863308715407646901e+02
2.864303941249728496e+02
2.865307709300873285e+02
2.865476396748960042e+02
2.866118194895781812e+02
2.866009566286056156e+02
2.865537902180433889e+02
2.867291190668364038e+02
2.865377490226773602e+02
2.864738393131133307e+02
2.866960355877890834e+02
2.866830810610272806e+02
2.866343031373293684e+02
2.866775590626959911e+02
2.866553301213303371e+02
2.866465276219660154e+02
2.866772488956017355e+02
2.867229705300954379e+02
2.868903531518204204e+02
2.867066808201455501e+02
2.867030622774430526e+02
2.868098347576007541e+02
2.867611906482867994e+02
2.866231578318167408e+02
2.865837033826705351e+02
2.866295083090025742e+02
2.867757561210313497e+02
2.866652541473062001e+02
2.866534197951012288e+02
2.866039253622679439e+02
2.866329597284043871e+02
2.867674398237223272e+02
2.867047550770744806e+02
2.867451826123839851e+02
2.867205881128293754e+02
2.867672296255473157e+02
2.868301184724502946e+02
2.867931644253898753e+02
2.868021533923053994e+02
2.868212629121100576e+02
2.868248951277304855e+02
2.867664967279753796e+02
2.867435937053401744e+02
2.868445678602010958e+02
2.867722335631723354e+02
2.867611131113329179e+02
2.867246679294419778e+02
2.867427644620806291e+02
2.868492436918664339e+02
2.867612075706069277e+02
2.867586347934321225e+02
2.867821272341493568e+02
2.868032467338085212e+02
2.868101893929942321e+02
2.867100267073447526e+02
2.866979918122883078e+02
2.869870880388522778e+02
2.869497961984534982e+02
2.867314929199440030e+02
2.867279419989939129e+02
2.868836357244318833e+02
2.869631246181390907e+02
2.868446647996480010e+02
2.870084861138613519e+02
2.869527841619999435e+02
2.869448448483159950e+02
2.869644596013351361e+02
2.870200195754584342e+02
2.869979668972804348e+02
2.871079411242131414e+02
2.871060806115181094e+02
2.873212617044845842e+02
2.873266469901425921e+02
2.872852370683346521e+02
2.874105974371435082e+02
2.870521195797797986e+02
2.869459844946106841e+02
2.870306619339314125e+02
2.871558112907184750e+02
2.874075873479264942e+02
2.873400718928330093e+02
2.874749766851497839e+02
2.875258288441041827e+02
2.875200838589816499e+02
2.876244744102695563e+02
2.874911921036870126e+02
2.874541437089974920e+02
2.876555262166993430e+02
2.876026150173049132e+02
2.876968316902463130e+02
2.878411669791044005e+02
2.879037970606054841e+02
2.877913543355221577e+02
2.880425673393654620e+02
2.880229611945346164e+02
2.881419938062986148e+02
2.880899446025679822e+02
2.881507427324416994e+02
