9.701095836230372527e+01
9.596177999038582129e+01
9.616125579422305236e+01
9.575551489392127280e+01
9.584000451078743765e+01
9.512781040975592362e+01
9.493577797271366592e+01
9.472781329515892423e+01
9.463639533242131563e+01
9.472658209967579523e+01
9.468556526502521820e+01
9.450882652424549235e+01
9.455070264033264493e+01
9.462612654076464480e+01
9.412824602221458292e+01
9.365361604182352551e+01
9.353763002194250475e+01
9.371896962398290043e+01
9.369235970138699088e+01
9.356715455654546076e+01
9.339857850752629531e+01
9.323666494455237341e+01
9.336998931909106147e+01
9.367322551635500361e+01
9.386270475058161367e+01
9.329909425020666447e+01
9.301757358885613769e+01
9.295237903451577210e+01
9.354707084461801969e+01
9.273597712835635321e+01
9.295544008081076015e+01
9.338262608605494108e+01
9.313153475490570088e+01
9.327689377015367711e+01
9.290878361296414312e+01
9.242083501217751973e+01
9.293632672219477797e+01
9.304214199956841469e+01
9.292630604036800435e+01
9.290267264385251167e+01
9.209479570216630862e+01
9.266336613027573321e+01
9.226285048074838357e+01
9.225049117831041201e+01
9.235091252133450723e+01
9.220167553561709894e+01
9.230479983061566429e+01
9.190371210492594400e+01
9.246652090692255399e+01
9.256728289985539959e+01
9.249496208885612702e+01
9.238948485674295341e+01
9.274384236419030003e+01
9.216080390469640804e+01
9.235884945397214096e+01
9.230872412728835741e+01
9.181405350913119889e+01
9.195020923248432609e+01
9.206439065576883252e+01
9.200707982866917689e+01
9.200213971900819843e+01
9.199540575990624802e+01
9.147179049060326861e+01
9.160819515822363712e+01
9.136096318337091304e+01
9.158873302389230275e+01
9.201635579560951328e+01
9.170211077846219894e+01
9.199625899213718583e+01
9.181997005388399202e+01
9.173967884710471310e+01
9.174672350257112896e+01
9.157383692992330282e+01
9.134377735691596456e+01
9.171736570154452295e+01
9.161048815378785548e+01
9.154480015949923200e+01
9.149260315249723874e+01
9.146354184944971166e+01
9.154745843125641613e+01
9.142798625624108411e+01
9.134345725782077352e+01
9.172286568090390801e+01
9.110546102101051247e+01
9.109771507179668504e+01
9.126138558551478752e+01
9.106676116269062504e+01
9.143346079125150538e+01
9.126657072976242091e+01
9.148055470550286827e+01
9.105352319980902109e+01
9.117697544710949842e+01
9.117121678346931901e+01
9.122017114452431485e+01
9.094711542616728650e+01
9.098760553804119411e+01
9.106871936128776213e+01
9.065279701695924075e+01
9.095148454841785224e+01
9.088452003245798494e+01
9.132374191785777384e+01
9.060371616242878190e+01
9.114709630686337505e+01
9.080508865112886951e+01
9.083428401132334784e+01
9.095242815106337275e+01
9.056610957770162429e+01
9.107274449473361244e+01
9.082183328870799244e+01
9.060192169480838231e+01
9.077677354814166222e+01
9.081776030436445524e+01
9.025420004086235792e+01
9.037587707712954455e+01
9.024751452709671184e+01
9.000998518539472570e+01
9.046132016224557049e+01
9.036109081345244931e+01
9.056720883692317159e+01
9.053223025765868215e+01
9.026933011205905188e+01
9.063414617110454685e+01
9.039928237726820726e+01
9.047870446212652951e+01
9.007022341533786403e+01
8.971061484855852086e+01
9.031566180464302818e+01
9.039708293183815613e+01
8.986918961164759878e+01
8.981264642891052574e+01
9.042481909035650744e+01
8.978510930898072218e+01
9.002997565246187150e+01
8.984433922599752975e+01
8.983969006979602057e+01
8.984043885015044850e+01
8.994844461588327533e+01
8.980320447897214819e+01
9.000498499354561943e+01
8.998260036505330106e+01
8.983094387552650062e+01
8.960891022797143535e+01
8.965993998683605071e+01
8.960758571131073325e+01
8.996672228889561040e+01
8.918288020462887289e+01
8.956571678844780138e+01
8.946748457292210333e+01
8.965468686777711582e+01
8.950395696549190916e+01
