2.397185509011936517e+02
2.397598455307558254e+02
2.398845247088492272e+02
2.398804903094765280e+02
2.398778860421376464e+02
2.397323504550024325e+02
2.398645980082459630e+02
2.399360928228468310e+02
2.401461765537400197e+02
2.399991962372526757e+02
2.400357703919333971e+02
2.398544619004701417e+02
2.396408155595975131e+02
2.395968690721489054e+02
2.397557845230224984e+02
2.399870645505803850e+02
2.397993408339935968e+02
2.398729879377442558e+02
2.399259060112838426e+02
2.397218431507156140e+02
2.399880096619639573e+02
2.399266812348041924e+02
2.394732807045998868e+02
2.394113056909467048e+02
2.395405298253602098e+02
2.399785747818179686e+02
2.401174461266654134e+02
2.400471250623867547e+02
2.398770162801785943e+02
2.398247521718177779e+02
2.400320816750193842e+02
2.400349455793462994e+02
2.399949067019818756e+02
2.395868399394578603e+02
2.384982485325567723e+02
2.388926145419929981e+02
2.393053658080541766e+02
2.394910570703587780e+02
2.397984430420229671e+02
2.398770831410204210e+02
2.393442884543284492e+02
2.396116104580653428e+02
2.398228625302566854e+02
2.397436033905333943e+02
2.398679241065263739e+02
2.398687153864193249e+02
2.398227179647350056e+02
2.397646532927666669e+02
2.396234598990522215e+02
2.396296790685633766e+02
2.397383406252639304e+02
2.398119563582038154e+02
2.395103421105322923e+02
2.392733830370752628e+02
2.393043277097751513e+02
2.395354769283518408e+02
2.398419597201784939e+02
2.394305432426824893e+02
2.396051243218107345e+02
2.394888706591040943e+02
2.396586831940306865e+02
2.395820230780016971e+02
2.389679726436130807e+02
2.390280317326069337e+02
2.396151982364669095e+02
2.398981191243443334e+02
2.395103663217417136e+02
2.395508762442874797e+02
2.397150061555972798e+02
2.396545956114507305e+02
2.395124010707748141e+02
2.398325768779018574e+02
2.397243624796734309e+02
2.394695830360939510e+02
2.395367350073411217e+02
2.396320206505790793e+02
2.396667247011099278e+02
2.398940262886009123e+02
2.398019131351918531e+02
2.399008638645331928e+02
2.404719478349703934e+02
2.400213115944232811e+02
2.393968263349845529e+02
2.397620815077608256e+02
2.397252652206290406e+02
2.400155872291255434e+02
2.399541262395097192e+02
2.399413356155833981e+02
2.398467261378140449e+02
2.399213548791611856e+02
2.400041625910410801e+02
2.401289195113539847e+02
2.399431976862892100e+02
2.398040516657931676e+02
2.398873936471726438e+02
2.396196675086455059e+02
2.395968766507171210e+02
2.397030821470812327e+02
2.397561779609806365e+02
2.395553538835635834e+02
2.396066714544609511e+02
2.396932916287678381e+02
2.394648236020924230e+02
2.396585454149181089e+02
2.395923585222806480e+02
2.394347060630101396e+02
2.395612449669687578e+02
2.392700637051639205e+02
2.395066526325789198e+02
2.397159098644601727e+02
2.393801789689387363e+02
2.394783018905702647e+02
2.394094703603161634e+02
2.390926686093722253e+02
2.387328104409536991e+02
2.387186030845054177e+02
2.388546566079063780e+02
2.388875827851781253e+02
2.388419366315573313e+02
2.391254816877770111e+02
2.391106249446966387e+02
2.390604753790856876e+02
2.390591425075670884e+02
2.392778466055275715e+02
2.390014863400136846e+02
2.389714310263435948e+02
2.388082075152907748e+02
2.390792042748259973e+02
2.391935699081226119e+02
2.391781942101079892e+02
2.392932172117124310e+02
2.390372700980667560e+02
2.389747934419864350e+02
2.384662034957449066e+02
2.389180035178808623e+02
2.386026370397327412e+02
2.386316433736851650e+02
2.389022448288878877e+02
2.390764118886062022e+02
2.393137317939700495e+02
2.392499581626027805e+02
2.387501254311830508e+02
2.376849602739979446e+02
2.381640312219988402e+02
2.387624517083548596e+02
2.388658065563107868e+02
2.388307205154192445e+02
2.389761007817728569e+02
2.393162678116109419e+02
2.391977151963466213e+02
2.391679524465437510e+02
2.396366612215613259e+02
2.396740153952027583e+02
2.396008460535711038e+02
2.395942088386722162e+02
2.396470934537195774e+02
2.395530066864034495e+02
2.398059024040105385e+02
2.397407157879602266e+02
2.398671662279206203e+02
2.399004910460969313e+02
2.400662631013299517e+02
2.398635570464154227e+02
2.402155993974242847e+02
2.402303999588654051e+02
