3.402667864805547993e+02
3.402497783693168003e+02
3.402476261223065990e+02
3.402326907672410812e+02
3.402051042648709540e+02
3.401887718299149697e+02
3.401825113359965371e+02
3.401927876660946026e+02
3.402219149976488666e+02
3.402495655290368290e+02
3.402737404778621340e+02
3.402698922925047214e+02
3.402484748258096943e+02
3.402340423687765565e+02
3.402172653289854338e+02
3.402094961840926430e+02
3.402036043391712496e+02
3.401966216143350152e+02
3.402097989794661430e+02
3.402449858314769813e+02
3.402443172274668655e+02
3.402688854238274416e+02
3.402565120454440262e+02
3.402449563669105146e+02
3.402264204188114718e+02
3.401974497622211970e+02
3.401828900939515847e+02
3.401731132039231511e+02
3.401634939119762180e+02
3.401629752142295615e+02
3.401869395058408259e+02
3.402250889886104801e+02
3.402160969861917579e+02
3.402159135123111469e+02
3.402590634854060454e+02
3.402305219079482868e+02
3.402054407714974786e+02
3.401834515667029564e+02
3.401705036966994271e+02
3.401696874161725646e+02
3.401747100946540172e+02
3.402203908103739991e+02
3.402590388193391391e+02
3.402998316952301252e+02
3.403282379994395228e+02
3.403018229197548976e+02
3.402538751506178301e+02
3.402218494148561945e+02
3.402000889340403660e+02
3.401894071865445426e+02
3.401772265768769898e+02
3.401591886572661565e+02
3.401612256717516516e+02
3.401913427642713827e+02
3.402588214774881408e+02
3.402290255055510784e+02
3.402852113133752141e+02
3.402512162132842946e+02
3.402681347730764969e+02
3.402383338199131231e+02
3.402182462758948418e+02
3.401822943583327401e+02
3.401666904070045803e+02
3.401686775604277955e+02
3.401906825668890519e+02
3.402634344801929842e+02
3.403299259542235973e+02
3.403726185424258119e+02
3.403809266025106695e+02
3.403175954150153188e+02
3.402644045791815302e+02
3.402279258546611800e+02
3.401914438141903361e+02
3.401779429006328428e+02
3.401918116636181253e+02
3.402473398897001857e+02
3.402705504657464530e+02
3.403312587918640588e+02
3.403075575666869668e+02
3.403017571601370150e+02
3.402800113059626597e+02
3.402529016428943009e+02
3.402193512311587824e+02
3.402037141288485600e+02
3.402155536914009417e+02
3.402680370467301714e+02
3.403653259614550848e+02
3.403834480121092270e+02
3.403663933991125532e+02
3.403584394055951066e+02
3.403273992832758381e+02
3.402967475884733517e+02
3.402621871748066837e+02
3.402246594084706999e+02
3.402308746509407911e+02
3.402901555677069041e+02
3.403318751001631313e+02
3.404020044712524964e+02
3.404607884306749952e+02
3.404082899756116376e+02
3.403659997521375544e+02
3.402743038317751143e+02
3.402707120940206664e+02
3.402430314928103599e+02
3.402423389824011792e+02
3.402850785144420342e+02
3.403991570114473006e+02
3.405098397210198868e+02
3.405322763227698601e+02
3.404709846822673285e+02
3.404280406220223085e+02
3.403468706894835236e+02
3.402750460222569586e+02
3.402514478293538218e+02
3.402433730038504223e+02
3.402459311927475483e+02
3.402885147264155989e+02
3.403531751944322536e+02
3.403855812036069324e+02
3.403898590123787926e+02
3.403926401565379365e+02
3.403504802998079981e+02
3.403399915605761521e+02
3.402867071029155568e+02
3.402578794781314286e+02
3.402581349760843636e+02
3.402504269128374403e+02
3.402944922752762977e+02
3.404006177851800317e+02
3.404487269458279002e+02
3.404540323923994265e+02
3.404597760179936472e+02
3.403783940779279078e+02
3.403764520899486570e+02
3.402815926385531498e+02
3.402427866128418259e+02
3.402466396980199193e+02
3.402618057767621735e+02
3.403477537674775704e+02
3.404556725024147568e+02
3.404600754496620425e+02
3.404469537887395632e+02
3.403988943576227939e+02
3.403223316677499497e+02
3.402586132246560737e+02
3.402476810041555382e+02
3.402219377033596288e+02
3.402509222785697034e+02
3.403318113539955334e+02
3.404094471452654034e+02
3.404468530001914246e+02
3.404379105239498244e+02
3.404500211111628118e+02
3.403415659595972897e+02
3.402815077184280312e+02
3.402344050872864045e+02
3.402201924872871928e+02
3.401942674143284080e+02
3.401910094363478834e+02
3.401884441357813671e+02
3.402302679131955188e+02
3.402840847818164889e+02
3.403300916214247991e+02
3.403374616499833678e+02
3.403568095000821359e+02
