1.002745751773876890e+02
1.000508657947207070e+02
1.002278168900132300e+02
1.002835532401443857e+02
1.001432316759171925e+02
1.002121310547832849e+02
1.003075229574403693e+02
9.967610613898652616e+01
9.999989548443670628e+01
1.000641976199688230e+02
1.001217082337264088e+02
1.005960563196815230e+02
1.008376988984505687e+02
1.004399761441157324e+02
1.001209279514223596e+02
9.973574859746956633e+01
1.001987853785008582e+02
9.974218071185912038e+01
1.001537375753462271e+02
1.000996398605597619e+02
9.998528190683235550e+01
1.002195612034759051e+02
1.004024187618727524e+02
1.004105138222874416e+02
9.972502741223128453e+01
9.992852725808820935e+01
1.000893515322612899e+02
9.985078129131886726e+01
1.002688568710705539e+02
9.986430982736042949e+01
9.989499565110709511e+01
1.000929778823522867e+02
9.977743346842697747e+01
1.013777099094540404e+02
1.033420938703383030e+02
1.012537570194844960e+02
1.004195013314295579e+02
1.003451159424751040e+02
9.984172705359658551e+01
1.002677026239907718e+02
1.004915224744850661e+02
1.001711775438621004e+02
1.001138246493057409e+02
1.000148239278291697e+02
1.001645988470235835e+02
1.001116986950339651e+02
1.003923360233014961e+02
9.994438250847947813e+01
1.003960220315020848e+02
1.004195271868894679e+02
1.002608021376742045e+02
1.002943979669879013e+02
1.002978441848879925e+02
1.016024833081852421e+02
1.006640081585263005e+02
1.002347856989921979e+02
1.003424124077455843e+02
1.004922797744739427e+02
1.003556317512431519e+02
1.001900717347032810e+02
1.005848179710637424e+02
1.003166026638841828e+02
1.016170185989481070e+02
1.007807685942432983e+02
1.002902174611894139e+02
9.985977481781475262e+01
1.004941718384669684e+02
1.002392436634434461e+02
1.003799328547341929e+02
1.003450056083886039e+02
1.001867887391426848e+02
9.991937107789151185e+01
1.003056334124616598e+02
1.005379919952501382e+02
1.001150773753724224e+02
1.003197783135905325e+02
1.002576227015573522e+02
1.001697223047444396e+02
1.002523058481595939e+02
1.004489049234389739e+02
9.990638657913171983e+01
1.006466500963484094e+02
1.007196910356086619e+02
9.962863344021246803e+01
1.002598572609311844e+02
9.986323966014856524e+01
1.002279876089129260e+02
1.003035672386105688e+02
1.002927466862881687e+02
1.000217023929298676e+02
1.000095649412411944e+02
1.000344304888058531e+02
1.003462079673574863e+02
1.002656867300216845e+02
1.002678630986946473e+02
1.003613460660831862e+02
1.003731505238367134e+02
1.003221992817966424e+02
1.006066414228183135e+02
1.007410725696250466e+02
1.004802866395935865e+02
1.003877353682691052e+02
1.002364388038931082e+02
1.002594621576758840e+02
1.005591952436129759e+02
1.008585192000098374e+02
1.003084220184096438e+02
1.005774883020027772e+02
1.007136339124199225e+02
1.003126603807173751e+02
1.009541056880892711e+02
1.006966111924129308e+02
1.006518143617882401e+02
1.024325612373745429e+02
1.014688279642257527e+02
1.019040707326997648e+02
1.010394520481960257e+02
1.009521682790744990e+02
1.013110997830150382e+02
1.007228734436593385e+02
1.008973090335989156e+02
1.009050658973205401e+02
1.008150742907470061e+02
1.008051389219102560e+02
1.008854515512640120e+02
1.013496156401097323e+02
1.007851930216412626e+02
1.005333807557657764e+02
1.007410826732777167e+02
1.007938504091811893e+02
1.008282729408354612e+02
1.004250520599684933e+02
1.011052665334151328e+02
1.015896834244248481e+02
1.009577807735669239e+02
1.011051401219863095e+02
1.009709848713504954e+02
1.005882630729073099e+02
1.004149992309781254e+02
1.000737736181845463e+02
1.003232774346669771e+02
1.016078910120869949e+02
1.031582152882766081e+02
1.015002421522812455e+02
1.006508126593910930e+02
1.006137289040844962e+02
1.001667439836321449e+02
1.000327330123383831e+02
1.000176683612042297e+02
1.004023310295241487e+02
9.988999675240764020e+01
9.956163535083720717e+01
9.998682601003550019e+01
9.993975117426343502e+01
9.943136329041642796e+01
9.981810795597986896e+01
9.968503561094672705e+01
9.937887992557416794e+01
9.943004761971462813e+01
9.915238216368477708e+01
9.945316241917987554e+01
9.893340334343298537e+01
9.905578783264797949e+01
9.889851532634418163e+01
9.909470135786587264e+01
