2.864217113075420116e+02
2.864291283991156547e+02
2.865193374553256263e+02
2.864927644843632493e+02
2.864674245832207475e+02
2.864584098745688721e+02
2.864439590823419053e+02
2.865117788031420218e+02
2.865975368804977848e+02
2.866024461336593276e+02
2.866200212938922505e+02
2.865302485018211769e+02
2.864014192927921840e+02
2.864457991462844006e+02
2.864747938329628596e+02
2.865690262602099665e+02
2.865780357750634266e+02
2.866075291156564617e+02
2.865086435510631304e+02
2.864742005272979100e+02
2.865683014864021629e+02
2.865605646510573479e+02
2.863394354332882017e+02
2.863128799266349347e+02
2.864316661110678979e+02
2.866661603987720355e+02
2.867823593098461856e+02
2.867204924402929578e+02
2.865735567957189573e+02
2.865809929890774015e+02
2.866415116658850479e+02
2.866363738057715977e+02
2.867115626680301261e+02
2.866852491219478907e+02
2.863244607437061404e+02
2.862156362074753702e+02
2.863890336307231337e+02
2.864409313524151912e+02
2.866593186605375081e+02
2.865083369356618732e+02
2.863931016709414052e+02
2.864959125418966437e+02
2.866866143603256774e+02
2.866351213880854516e+02
2.866785662013609794e+02
2.866436021512714092e+02
2.866203413335844630e+02
2.865401755622883684e+02
2.865100289009242829e+02
2.864971283658086918e+02
2.865962918858697321e+02
2.864513474507704700e+02
2.866560519533393290e+02
2.864567351489632188e+02
2.865060276464799927e+02
2.866488876336960061e+02
2.865644349885106408e+02
2.864789750975624543e+02
2.865343504766133833e+02
2.865931676814608977e+02
2.865660118249274433e+02
2.865959808034081675e+02
2.863304155631420826e+02
2.864375316484186555e+02
2.866270315504748964e+02
2.866778596938436863e+02
2.865215624024070280e+02
2.865839835766237798e+02
2.865581861992762356e+02
2.865280764018902460e+02
2.865606905128141193e+02
2.867465653821435012e+02
2.866783522197883372e+02
2.865812164673992015e+02
2.866186365516317096e+02
2.867260040689533298e+02
2.867602979598966613e+02
2.868387199067445295e+02
2.868308846681342743e+02
2.869376395798406065e+02
2.870379480744794591e+02
2.868986754281234539e+02
2.866529242439119685e+02
2.867951508395689757e+02
2.868023338630040939e+02
2.869015262945748077e+02
2.869206936164232502e+02
2.868184810542400669e+02
2.867992040054096492e+02
2.868699055024075619e+02
2.869149695391271848e+02
2.870776473187084434e+02
2.869150626663111439e+02
2.869115278524598693e+02
2.868651428187702663e+02
2.868391096474439905e+02
2.867682648143825759e+02
2.867633418049311445e+02
2.867547825338247662e+02
2.867083728958240840e+02
2.867667807842383354e+02
2.867381706374192731e+02
2.867345600782921906e+02
2.869074312451087394e+02
2.868860972612786213e+02
2.867293243113242056e+02
2.867775974411246693e+02
2.866759045308976397e+02
2.866951607711559973e+02
2.868265203408526531e+02
2.868048447661099658e+02
2.867907894751684807e+02
2.869038540314715533e+02
2.867973497598678136e+02
2.866389831449369012e+02
2.865646905822540589e+02
2.865902483854266052e+02
2.866415824158112287e+02
2.865737979987509902e+02
2.866914003308780252e+02
2.867826666614222972e+02
2.867774953759887353e+02
2.867904348936655765e+02
2.868106999425617119e+02
2.868307254535194488e+02
2.867957193313757216e+02
2.867866386240331735e+02
2.869331473372349706e+02
2.870393701975788190e+02
2.870799313232957388e+02
2.870024660730207984e+02
2.869529983698214437e+02
2.870676843263207161e+02
2.869413695139880360e+02
2.870502374005317847e+02
2.868925332324391206e+02
2.869559956990756291e+02
2.870869583187342187e+02
2.871756988481909616e+02
2.872598671511333919e+02
2.873192640714558479e+02
2.872010866530868611e+02
2.868982841539090032e+02
2.869927663719407747e+02
2.871053021866109702e+02
2.871030573988520587e+02
2.872306563625318176e+02
2.873182516326014024e+02
2.874706805778327521e+02
2.873472724705669066e+02
2.874305047195880434e+02
2.877385007793428713e+02
2.877519950058999143e+02
2.876735602460223049e+02
2.877590698267826497e+02
2.877957188635347734e+02
2.877610256382707234e+02
2.878739795824988619e+02
2.878820083955432096e+02
2.880134632022514438e+02
2.880027789961753228e+02
2.881867665281056929e+02
2.881586434888546933e+02
2.882827210237445570e+02
2.881417696103804360e+02
