2.397758007607505988e+02
2.399340098410673647e+02
2.401976051529082099e+02
2.397150964013710563e+02
2.399322439108083529e+02
2.398632274086362770e+02
2.397675392315187821e+02
2.397469174482101835e+02
2.395775337115238983e+02
2.401496964503755009e+02
2.403596850648928012e+02
2.399533569682884320e+02
2.396696054714243758e+02
2.398097332415148060e+02
2.399285026998289538e+02
2.399357772557646342e+02
2.398482455880807720e+02
2.394796039852762988e+02
2.398572207206573523e+02
2.399439376814717377e+02
2.398207664261591106e+02
2.400363888527502922e+02
2.397652651148309531e+02
2.397137723771172375e+02
2.401320266734431641e+02
2.399848263836762499e+02
2.402134188682341573e+02
2.398801183756991122e+02
2.399090961683436092e+02
2.398874033352963124e+02
2.399894413139152221e+02
2.397263543338110310e+02
2.396693992574988954e+02
2.391097751789679933e+02
2.384615276370546724e+02
2.391490595090564284e+02
2.393530110074707409e+02
2.393152464114082534e+02
2.395541424652848264e+02
2.398814541772629809e+02
2.397642015318739368e+02
2.391475699273723592e+02
2.395685831856222592e+02
2.394862602744897231e+02
2.395432596981392237e+02
2.396538551795225658e+02
2.395476938602356825e+02
2.396195211542762991e+02
2.399633718374103353e+02
2.398106457637637732e+02
2.397373477670911655e+02
2.394987266629456997e+02
2.394156666478037323e+02
2.392269967383468838e+02
2.392034900892325311e+02
2.396237041764346429e+02
2.397342210433141645e+02
2.395347172586289162e+02
2.396657717669791055e+02
2.394604488254068144e+02
2.395909826606482511e+02
2.394786372640908496e+02
2.389026006733668339e+02
2.389267425506613733e+02
2.390395174656990491e+02
2.391633201729952418e+02
2.395608849896595984e+02
2.392326949312913484e+02
2.394847302768498309e+02
2.397870994171706798e+02
2.396777835692633687e+02
2.397275038336891839e+02
2.395337116307172209e+02
2.396427711079993230e+02
2.396218337964430702e+02
2.396649848238430422e+02
2.395317898794815790e+02
2.395965514233687088e+02
2.394824243122036478e+02
2.394864596470864626e+02
2.396008481231288272e+02
2.396846869387428285e+02
2.394600903314881464e+02
2.396249704017521651e+02
2.396754011122231134e+02
2.396774060035779712e+02
2.400782450646453015e+02
2.397250060541778396e+02
2.395843179920502450e+02
2.396414162189064143e+02
2.398718156918812099e+02
2.395493936926783647e+02
2.402204043030145328e+02
2.395625803798827462e+02
2.396265668864094494e+02
2.397516272201562799e+02
2.394425610477886721e+02
2.400252732558914204e+02
2.396655444905487400e+02
2.397937806064880704e+02
2.397375111404561210e+02
2.395026954406250468e+02
2.397058604559727826e+02
2.400226868352492602e+02
2.398864208313928827e+02
2.396857841432988891e+02
2.395418917597936286e+02
2.396394313281954567e+02
2.393699445415011269e+02
2.395520994022585057e+02
2.396273213617554632e+02
2.395352219400016622e+02
2.392825646739012484e+02
2.384514051561372128e+02
2.384337168439261916e+02
2.385391333658473911e+02
2.387233172727261206e+02
2.387429421441840987e+02
2.393149372971830360e+02
2.391772910105731000e+02
2.390821909681294528e+02
2.391731936285068514e+02
2.390529452883198474e+02
2.388100751448919254e+02
2.389297065793082595e+02
2.390257930957847918e+02
2.391320122017634446e+02
2.388950323255942294e+02
2.390441398347551569e+02
2.389134894400454243e+02
2.391085874485082456e+02
2.392689830923547731e+02
2.390501526289120022e+02
2.385988200945237168e+02
2.390428496848547866e+02
2.389445898610738084e+02
2.387151854373137496e+02
2.390645895926682272e+02
2.392361000746930415e+02
2.392619230043690379e+02
2.392340335973498213e+02
2.389412720007802307e+02
2.379548555342377085e+02
2.382859174569362040e+02
2.387881209837985637e+02
2.389537589013711170e+02
2.390088804053704905e+02
2.392335009293871906e+02
2.392724458026867751e+02
2.391937763215216819e+02
2.395085568515527257e+02
2.397254307066843637e+02
2.396982905507793191e+02
2.397586109358371971e+02
2.393783723954842060e+02
2.396536146528233928e+02
2.396480779619365649e+02
2.399590728693579820e+02
2.401485272644552253e+02
2.396928982445978136e+02
2.397181392437230727e+02
2.399576014127747214e+02
2.401647942059338448e+02
2.403766264962656294e+02
2.401310245257479892e+02
