9.774653357226254968e+01
9.713529574744609363e+01
9.767706740812776900e+01
9.774992554276973067e+01
9.745765811743062557e+01
9.777345417789085502e+01
9.763059708000071168e+01
9.672051501117671535e+01
9.764851888081064146e+01
9.758379063129547148e+01
9.723364384487619816e+01
9.728489964171239990e+01
9.725061767545504665e+01
9.706005444643908220e+01
9.766206058632913312e+01
9.714755852526992896e+01
9.771432159027561681e+01
9.757965205175985091e+01
9.754120542735346078e+01
9.701766688748834611e+01
9.742374375615156623e+01
9.718218449437806328e+01
9.733166424239347236e+01
9.744692820928499088e+01
9.694970680203256563e+01
9.740765990204788238e+01
9.777585849173699728e+01
9.712138608733444300e+01
9.728054234601360406e+01
9.705044661243961457e+01
9.706122105571699876e+01
9.736588281054609695e+01
9.716092620831183524e+01
9.712334622331194112e+01
9.739160299212319671e+01
9.721804959114054157e+01
9.717588475921256475e+01
9.746872683990666530e+01
9.676447878927825741e+01
9.688523221872644342e+01
9.708567571259696649e+01
9.708486244296302914e+01
9.731744033360315882e+01
9.727959371730197802e+01
9.678589987979567866e+01
9.686128741697716293e+01
9.708705851982772117e+01
9.708447282083237440e+01
9.709278968496026607e+01
9.705914000607619130e+01
9.730830699869970601e+01
9.731516955326581808e+01
9.706659438127537953e+01
9.683769980925275433e+01
9.697843782117753619e+01
9.693181611784929430e+01
9.712454919248064300e+01
9.723665671023009338e+01
9.646948579015152347e+01
9.686572268400543351e+01
9.744172467272379379e+01
9.681218537744149444e+01
9.715357422783729646e+01
9.733657809123722870e+01
9.675277482851596744e+01
9.690810449243464575e+01
9.680487556410793104e+01
9.669689760284909141e+01
9.689154742128100395e+01
9.671473031714775459e+01
9.687083691224130177e+01
9.663637894966990416e+01
9.669083362250808023e+01
9.663134286606214118e+01
9.675482647979664819e+01
9.700461947082958147e+01
9.661304010202805159e+01
9.681538508760689865e+01
9.649421128383869473e+01
9.645098522276747133e+01
9.646711895407439386e+01
9.689044348491501069e+01
9.704397626677767619e+01
9.583971621595829049e+01
9.659044900448462556e+01
9.686842853040155887e+01
9.632811947831294219e+01
9.667845951289649520e+01
9.676347059949561924e+01
9.670631102727391237e+01
9.705642033042052219e+01
9.680037705666438796e+01
9.686714080434119012e+01
9.671063348919595626e+01
9.691995018045479071e+01
9.628210502426755113e+01
9.659748015232383977e+01
9.672135599532892059e+01
9.662388502018707470e+01
9.683064217906888871e+01
9.694637220279916789e+01
9.672531270519822044e+01
9.681522265368955971e+01
9.702555242797375001e+01
9.646783799637942991e+01
9.657938148264128131e+01
9.681610122424375220e+01
9.654896438187536489e+01
9.650194305203309852e+01
9.649276104279442734e+01
9.645962844440542483e+01
9.640477663407493480e+01
9.683952227613814046e+01
9.658156485442150085e+01
9.629789748320888521e+01
9.669143629835900811e+01
9.651367472721402407e+01
9.639912788604374327e+01
9.693347216345925688e+01
9.624475172167598203e+01
9.629668251300881820e+01
9.657894237662215176e+01
9.627381252050132332e+01
9.664471360639900865e+01
9.676233906227025727e+01
9.676633756831802202e+01
9.663793003401758597e+01
9.646691338780516389e+01
9.653453472390430079e+01
9.648064360655247640e+01
9.670316771562345082e+01
9.650474112492202039e+01
9.649697189303491029e+01
9.641974276606386240e+01
9.625713903965346674e+01
9.612882048970634230e+01
9.640118808476982792e+01
9.677987616226914724e+01
9.625779494874637976e+01
9.637269737466893105e+01
9.601213578421162254e+01
9.647377462843441265e+01
9.605979255158088392e+01
9.650918458206250250e+01
9.595368936465847298e+01
9.638808876653995128e+01
9.677775823885856710e+01
9.633334137528068197e+01
9.640122246229032044e+01
9.627505528097755416e+01
9.649986020690663224e+01
9.634922298810664643e+01
9.628173242676923849e+01
9.647403688318634352e+01
9.655523952286840483e+01
9.659543244820203256e+01
9.615139087472442725e+01
9.626773896708226630e+01
9.670044746263236846e+01
9.622187234122112898e+01
