2.871022273965601812e+02
2.878534306163983842e+02
2.883908218735380729e+02
2.885897880172645955e+02
2.887429097208729445e+02
2.891333684625352021e+02
2.890568463020534864e+02
2.892499269349571591e+02
2.895024088482907132e+02
2.894271254439098016e+02
2.895953361066365801e+02
2.897710970658573046e+02
2.896200865840932011e+02
2.897447330840506652e+02
2.899931918944910763e+02
2.897550244709994445e+02
2.899380513600544305e+02
2.900693369950742522e+02
2.897400694377147374e+02
2.899124215974745198e+02
2.902121288934228573e+02
2.898341556327517310e+02
2.901099017620381915e+02
2.901803885562050027e+02
2.900472094005597796e+02
2.903587438660776456e+02
2.902386422123200305e+02
2.900243671966167653e+02
2.903227353330603933e+02
2.901585732801001427e+02
2.900964908209594455e+02
2.903305199070563845e+02
2.904178382419780746e+02
2.902815551071075220e+02
2.902150860359797093e+02
2.901539228042013860e+02
2.904109382801088373e+02
2.904197119492546904e+02
2.901871932528243292e+02
2.904693998674193267e+02
2.903669555117952541e+02
2.903585453697134540e+02
2.905270576219830332e+02
2.902822721208346479e+02
2.903108313506713216e+02
2.906657487515923890e+02
2.904296068831711750e+02
2.904973733365162047e+02
2.905724194341469797e+02
2.903159827524977459e+02
2.905497198783326098e+02
2.906404974775944652e+02
2.903787057581972135e+02
2.904678252324377468e+02
2.906109726646353124e+02
2.904138608274247986e+02
2.905584364738612635e+02
2.906002481063585492e+02
2.903599605728718984e+02
2.905717941783014453e+02
2.905629721331261521e+02
2.904016934312826947e+02
2.905842370918338702e+02
2.905980379370636797e+02
2.905099084273306858e+02
2.907588897112063364e+02
2.906084134487222741e+02
2.905456393033064728e+02
2.906937717916200654e+02
2.908092858383128032e+02
2.906328643714643931e+02
2.905858278306336615e+02
2.908299732697092281e+02
2.907837891097694296e+02
2.906982024067587531e+02
2.907277341736089511e+02
2.907776111735672089e+02
2.907428824878325599e+02
2.906799294958314022e+02
2.907698948684123366e+02
2.906566406485013090e+02
2.909611339641231211e+02
2.909859031377388305e+02
2.907797612024302794e+02
2.909393971045213334e+02
2.910079363908761252e+02
2.907819128229365901e+02
2.909208852678431754e+02
2.909547489053440472e+02
2.907484858401853671e+02
2.908476299285413802e+02
2.909323126784710780e+02
2.908273986275110587e+02
2.909080600935649272e+02
2.908914242862915103e+02
2.908086858770961385e+02
2.910175632566038075e+02
2.908447119411549124e+02
2.907713327560859398e+02
2.909408152803017629e+02
2.909827610456908928e+02
2.907687120121473185e+02
2.908233170201035023e+02
2.908516711275967737e+02
2.907374682429548329e+02
2.909579127744166840e+02
2.910366501627519256e+02
2.908974585713345391e+02
2.911069141834025231e+02
2.911052284175506770e+02
2.909779996716637811e+02
2.911074374373354772e+02
2.911103724257855561e+02
2.909077184823560174e+02
2.910954674619399043e+02
2.911098590868440965e+02
2.910787152054612079e+02
2.910069677655991995e+02
2.909135584026449806e+02
2.908989861975007329e+02
2.911951582004581383e+02
2.910237655685651248e+02
2.911807736846172929e+02
2.911922455936214078e+02
2.908698639372776711e+02
2.911516163123877163e+02
2.911059693237415900e+02
2.908522959527829244e+02
2.911444945315726613e+02
2.912270645600530656e+02
2.910467772852309167e+02
2.910984776563606715e+02
2.910292106058246304e+02
2.909490888046322539e+02
2.912559810167553564e+02
2.912440687920520190e+02
2.910105602775586817e+02
2.911434294293569565e+02
2.912146640315416448e+02
2.909880914755392496e+02
2.910814873331275408e+02
2.912478735025047740e+02
2.911751888476510999e+02
2.912693253306255201e+02
2.911566761130525265e+02
2.913214489783877639e+02
2.911650078017783017e+02
2.910142605243766525e+02
2.913042449453636209e+02
2.912401837567709890e+02
2.910944635269479477e+02
2.912419743243306698e+02
2.913669703881571991e+02
2.911830795196062240e+02
2.912934878010811985e+02
2.913543405901978076e+02
2.913015152715559566e+02
2.911074674165585634e+02
2.912542725444833991e+02
2.912469754820941148e+02
