2.850514730471899156e+02
2.849567391351773153e+02
2.851456417959262239e+02
2.852715463174621959e+02
2.852527120589091396e+02
2.848945319761138535e+02
2.849743614214282843e+02
2.850534438583554220e+02
2.850401736494227976e+02
2.851431585265403896e+02
2.851529537103544953e+02
2.851378305838965730e+02
2.852841552718515459e+02
2.853411815561453864e+02
2.851598250430188841e+02
2.850866858540942417e+02
2.852534956130816113e+02
2.853944120211986046e+02
2.853721872359159875e+02
2.852657622128352273e+02
2.853704147756508291e+02
2.854212726401021314e+02
2.852833759015944111e+02
2.853334643913049717e+02
2.855595441645158417e+02
2.855544860009476906e+02
2.854618023775846041e+02
2.854782372150007177e+02
2.854597562318901396e+02
2.854838348904234522e+02
2.855525571254419788e+02
2.855816754221834231e+02
2.858607332858594532e+02
2.858934054894069163e+02
2.855980016159550701e+02
2.856379042602465006e+02
2.857610880567129925e+02
2.859135547966415629e+02
2.858430845897141808e+02
2.857644877531624843e+02
2.859618460557480830e+02
2.856944109568547105e+02
2.858224930026651123e+02
2.858230365400540336e+02
2.859582211486810479e+02
2.859606948680606706e+02
2.858752071277417599e+02
2.858404635252711614e+02
2.860848858468310141e+02
2.860229171072822396e+02
2.858651123268140850e+02
2.859828212629126938e+02
2.862585495547362484e+02
2.861739122918132239e+02
2.859331656026883479e+02
2.860051730007768356e+02
2.861289073012957829e+02
2.862103709219897496e+02
2.862855093592655749e+02
2.862817661874366308e+02
2.864562363812793251e+02
2.862739029180602870e+02
2.864638581401422925e+02
2.864518543998672158e+02
2.863344409003326518e+02
2.864707398899716395e+02
2.866328437462699981e+02
2.866420925845785064e+02
2.865955870435337260e+02
2.865189473639398443e+02
2.866164676124128619e+02
2.866482242581459445e+02
2.868136186819571662e+02
2.865165837623447942e+02
2.865142284461327904e+02
2.868701249517145015e+02
2.869533592567559026e+02
2.867045711809891486e+02
2.867461254457583664e+02
2.867914128389044777e+02
2.868307884910273629e+02
2.867196543385658174e+02
2.868702359732692457e+02
2.870123265985317289e+02
2.871554525951171968e+02
2.872020949918210135e+02
2.870658881587097540e+02
2.868387638367500472e+02
2.870817399682335918e+02
2.871678411781087448e+02
2.873620351316889696e+02
2.869891237859649777e+02
2.870571690508274401e+02
2.872826393548489818e+02
2.874344852490203266e+02
2.872855914650387490e+02
2.870490979527490367e+02
2.871822966297974062e+02
2.873413695888581856e+02
2.871802684870867779e+02
2.873924361948907062e+02
2.876101438612010952e+02
2.874660665491940676e+02
2.874510566841020704e+02
2.875875878510641996e+02
2.873307570597188487e+02
2.873882773569043820e+02
2.876494882492630154e+02
2.876892434506627296e+02
2.877872589539725254e+02
2.877391494956932547e+02
2.877881125172675070e+02
2.878545575052752952e+02
2.876397569314127622e+02
2.876323720924024201e+02
2.877989260783905934e+02
2.879541472148562775e+02
2.878408811910812233e+02
2.879384988454181666e+02
2.880209914753342559e+02
2.879678305961969045e+02
2.880532046242338993e+02
2.880140065494541091e+02
2.882130335674689832e+02
2.881593644246086683e+02
2.881427060480754108e+02
2.882984733461385076e+02
2.881924493609116666e+02
2.883773784049298570e+02
2.884163732976703614e+02
2.882306466066181088e+02
2.884850581411814687e+02
2.885499298294338928e+02
2.882935877007107024e+02
2.885996910697118665e+02
2.887081839102214644e+02
2.885154473423212949e+02
2.886889029517527661e+02
2.888713102065570979e+02
2.886505265094090760e+02
2.886723342844546210e+02
2.889650403683647824e+02
2.887957127812750855e+02
2.886745782806139573e+02
2.889075035344273488e+02
2.889164065966100452e+02
2.887777567571837949e+02
2.888424613013123121e+02
2.890879389835885149e+02
2.888878236505619270e+02
2.887456696652358232e+02
