2.386364159067837534e+02
2.387987078595799346e+02
2.387190737813294561e+02
2.389771412944836300e+02
2.388124540744607032e+02
2.389420284961194056e+02
2.393032212271403125e+02
2.387980885780946210e+02
2.384711619198662902e+02
2.392174004568733210e+02
2.392683807708159236e+02
2.387089335517235611e+02
2.387629323584857275e+02
2.387009661451606632e+02
2.389238363030691232e+02
2.391267344021093777e+02
2.387444151496642064e+02
2.384674632805865713e+02
2.385553726554172727e+02
2.390894016443623116e+02
2.390166727290940969e+02
2.391769137115817045e+02
2.386978028980350928e+02
2.385381911740790599e+02
2.391644493816928332e+02
2.389128232926113071e+02
2.385704058878720843e+02
2.386245099753174088e+02
2.388657927964101191e+02
2.385319298699069748e+02
2.384920706206555678e+02
2.390204247503216664e+02
2.388333324502277435e+02
2.384236140358220837e+02
2.385502946103352997e+02
2.393117294417590699e+02
2.389632199875657932e+02
2.383221226511222142e+02
2.386724749196247615e+02
2.389419305470227357e+02
2.387566903530376692e+02
2.391143237555857013e+02
2.386400255138245257e+02
2.385945425791937851e+02
2.389105710816814678e+02
2.390317797300959626e+02
2.386623556608549279e+02
2.388363901556406574e+02
2.386988664241268054e+02
2.388745177434402933e+02
2.387229688211316159e+02
2.387375056849583359e+02
2.388772311579045891e+02
2.385402735718163001e+02
2.389930935432250010e+02
2.384901313863566941e+02
2.385834211925185002e+02
2.386834021587942232e+02
2.389331695543948229e+02
2.389382389302117815e+02
2.385324965824715662e+02
2.386106303055144338e+02
2.384655924594122496e+02
2.391954472558392126e+02
2.388961643794202985e+02
2.388842535898163817e+02
2.387102317677471035e+02
2.388776228002691084e+02
2.390763571852968141e+02
2.387562565951808722e+02
2.392620939434956711e+02
2.391322986214684363e+02
2.384468612567939090e+02
2.383526936552960649e+02
2.389991302098100334e+02
2.392259815122841644e+02
2.388668357983443968e+02
2.384228915958833284e+02
2.390866310333223339e+02
2.388306466435350330e+02
2.385247556112945233e+02
2.390746998165062394e+02
2.386189992152243633e+02
2.387928895431538479e+02
2.388356219098031943e+02
2.390855789039388526e+02
2.389242533957374235e+02
2.391091698532152066e+02
2.388059997037293272e+02
2.384068159792164749e+02
2.382845452200488410e+02
2.392219040257624840e+02
2.390130752008108175e+02
2.386572333233383461e+02
2.385323613229131752e+02
2.391659276051370000e+02
2.389568467022984350e+02
2.387677221246133001e+02
2.391863411471809115e+02
2.388055488588019841e+02
2.387433005936438803e+02
2.388230446041297625e+02
2.386171731214153624e+02
2.390138313918148754e+02
2.391880729210837444e+02
2.389236390394252112e+02
2.387973417667704723e+02
2.386865924816769109e+02
2.385015383699073084e+02
2.393322779625563044e+02
2.390583050442926378e+02
2.388087382493541782e+02
2.386852340878776602e+02
2.392526762163446676e+02
2.393085470616057080e+02
2.389039393960208315e+02
2.388614563430129465e+02
2.388432411536523432e+02
2.390228626602444137e+02
2.389996673284737199e+02
2.386235076330082450e+02
2.385085172342988074e+02
2.391882053359141764e+02
2.391556234813976118e+02
2.384230615515133707e+02
2.386454021327109842e+02
2.394297741924937952e+02
2.387893568981751287e+02
2.388870294698690486e+02
2.387539238480545691e+02
2.390201444691059862e+02
2.384749399812024819e+02
2.385860802533268554e+02
2.386616424309246725e+02
2.391789144676175738e+02
2.393536070721062572e+02
2.384594397320720134e+02
2.386449314650705844e+02
2.388260563532991227e+02
2.390812053249486553e+02
2.386307011352890868e+02
2.384847733671881826e+02
2.389231186952897872e+02
2.388324133260760220e+02
2.388445281768995017e+02
2.389919775767812951e+02
2.386626223538779925e+02
2.385984336539830792e+02
2.387909573488269928e+02
2.390577205826715783e+02
2.384433273365269486e+02
2.384398367534813303e+02
2.386325603108065252e+02
2.393886059848405239e+02
2.386774852185100144e+02
2.382943175725179401e+02
2.384102427986318560e+02
2.393544861950004758e+02
2.391371019599813508e+02
2.387799700158268763e+02
2.385754842360181556e+02
2.390903985540963106e+02
2.389966751029866430e+02
2.386745093391497505e+02
2.388425213048154774e+02
2.386500810565877657e+02
2.391697019932898627e+02
2.388359075035314447e+02
2.390472442551096037e+02
2.389480468884278253e+02
2.391080472074422971e+02
2.387696032737043197e+02
2.384725901885230144e+02
2.387981823009040454e+02
2.389597616843406058e+02
2.387448904379661769e+02
2.386626053253486361e+02
2.387242609772118840e+02
2.385729052064558289e+02
2.390000506123538742e+02
2.387720445182502544e+02
2.387565107510614837e+02
2.389338246890655171e+02
2.386467666169006918e+02
2.389527083293932037e+02
2.388922259240914343e+02
2.387344381406445564e+02
2.388102812780211934e+02
2.385228853382857324e+02
2.393709848788166710e+02
2.391378374336292438e+02
2.388149869271510113e+02
2.388237996099136353e+02
2.388262902217782937e+02
2.392216844436235306e+02
2.388210969290945513e+02
2.387622035794967985e+02
2.388747478666088000e+02
2.385783697888302584e+02
2.389150723013279674e+02
2.384714264046892538e+02
2.391011893026953601e+02
2.389632961488855187e+02
2.387814707699860435e+02
2.386100587693854038e+02
2.390077186226994570e+02
2.391227501467326704e+02
2.384505178107457368e+02
2.386211663883424592e+02
2.391268061439649273e+02
2.387733044775480948e+02
2.385879784162811745e+02
2.382862619654387117e+02
2.393432634913707204e+02
2.391787991436162883e+02
2.387783438361494461e+02
2.387367339690565586e+02
2.388861626384724275e+02
2.389730049787347070e+02
2.385650345781223223e+02
2.386134334631764204e+02
2.386645908722613001e+02
2.392484813366289700e+02
2.388404800539279051e+02
2.386277877800461908e+02
2.388862434319433135e+02
2.390152904937756091e+02
2.388499740721867113e+02
2.386570633376428248e+02
2.386766133398394913e+02
2.393853240707296379e+02
2.390532197884332106e+02
2.388792588097334146e+02
2.387171561082325013e+02
2.386239134192130962e+02
2.389727567354798623e+02
2.391491167884330764e+02
2.383859725452576868e+02
2.390500737469471915e+02
2.389657656144810005e+02
2.390408928808875544e+02
2.389400323016301684e+02
2.386422770940146165e+02
2.391338570728464958e+02
2.386807585942348453e+02
2.389605345848060836e+02
2.386981878366038927e+02
2.385308331493850176e+02
2.383064981146459331e+02
2.390138800179816769e+02
2.387119046693004805e+02
2.384965200761670019e+02
2.384944342846008283e+02
2.388336796980304086e+02
2.390785171401572882e+02
2.385895556792113439e+02
2.387064484626399405e+02
2.389917850014286103e+02
2.392670218134012146e+02
2.390276954837139840e+02
2.384796914689673031e+02
2.387641928959737072e+02
2.389587706828923785e+02
2.388715941242176939e+02
2.388499529295121704e+02
2.390753517305375908e+02
2.385520861235797554e+02
2.393081174412614303e+02
2.388228656921752702e+02
2.386744800749276862e+02
2.386324193490393100e+02
2.385653770905911131e+02
2.391335692198098570e+02
2.387459868287110965e+02
2.387427443210434319e+02
2.387761560487955421e+02
2.389530577197798209e+02
2.390146537774959086e+02
2.390405455264006207e+02
2.389578562234849244e+02
2.390479729984006099e+02
2.392565305144506738e+02
2.390347481186894072e+02
2.388074366904316150e+02
2.388283982419324900e+02
2.390505942544530171e+02
2.389118482358113909e+02
2.388379382974114833e+02
2.390046900702064079e+02
2.387651820717274802e+02
2.387588848823303351e+02
2.389914924443019402e+02
2.389974583452363674e+02
2.386873083165777700e+02
2.388188915279488640e+02
2.390281094699121240e+02
2.392716105979984320e+02
2.387221780177035555e+02
2.390175442083641428e+02
2.390771953655291497e+02
2.392189386354045837e+02
2.390380493331573177e+02
2.389861885726201365e+02
2.390044783754758271e+02
2.385845405646641382e+02
2.389766659371016146e+02
2.391147968085694231e+02
2.388843238162872069e+02
2.384919841585412996e+02
2.387245826096116446e+02
2.385978188653504333e+02
2.387612570049236922e+02
2.389114790624790032e+02
2.389523040375354412e+02
2.389722765544053971e+02
2.386037689584972838e+02
2.385362985278956387e+02
2.392675406105720413e+02
2.390874916614482117e+02
2.389765919552948787e+02
2.386514841892631864e+02
2.385265907056790127e+02
2.389033665167475817e+02
2.393418552860274247e+02
2.391541290704709297e+02
2.386797799986570396e+02
2.389151544992387244e+02
2.386521413736317925e+02
2.389210700971727022e+02
2.389190557265126245e+02
2.390071046299718773e+02
2.390125730579481740e+02
2.386763084765433405e+02
2.391016126855949153e+02
2.389380975207889151e+02
2.388733067717519987e+02
2.388326330772100903e+02
2.390509690275079322e+02
2.390241501670861055e+02
2.392479686579271174e+02
2.389605970526384908e+02
2.390768149060881171e+02
2.385760177469218490e+02
2.387126159435080410e+02
2.389099086952636810e+02
2.391274586142893668e+02
2.390305783124823336e+02
2.388124136181263566e+02
2.388154244828772619e+02
2.394210987511185067e+02
2.388580016591282345e+02
2.385777034681314035e+02
2.387535438471071814e+02
2.392444152990225348e+02
2.387857300636191837e+02
2.387718508907553314e+02
2.390179296663426101e+02
2.388902555027494543e+02
2.386371206042078938e+02
2.389172265700896105e+02
2.387994284804554184e+02
2.386432963198782318e+02
2.389046157106827195e+02
2.388097690549988954e+02
2.386039782152502369e+02
2.386351274635533173e+02
2.389765057206754193e+02
2.387203651939782105e+02
2.382954863256589704e+02
2.385601115504237839e+02
2.392004484439713394e+02
2.386765695827425589e+02
2.385708308172581553e+02
2.384343147113815746e+02
2.393654581972185440e+02
2.391390235634984549e+02
2.383775254042626557e+02
2.388831835210784504e+02
2.387705280493832731e+02
2.390293157316045551e+02
2.389561281436937463e+02
2.389094212871328864e+02
2.388543308753824874e+02
2.386491842702565691e+02
2.392542368963762556e+02
2.389928880945340381e+02
2.386190019537796445e+02
2.385539402876806037e+02
2.386044471035199592e+02
2.391882500279532167e+02
2.389920368889003157e+02
2.393483151414843633e+02
2.388191136658347489e+02
2.389139973926915843e+02
2.389614306001596731e+02
2.390965671087757016e+02
2.389617798992699989e+02
2.387478417998258635e+02
2.384873731206457990e+02
2.386627783694595166e+02
2.391102649420896853e+02
2.386050681288726025e+02
2.383981953382145775e+02
2.383656626746551410e+02
2.387696393103507262e+02
2.390102054443370889e+02
2.391806262025572778e+02
2.385407780518388847e+02
2.391582948146350702e+02
2.389653329778475097e+02
2.386470451439133456e+02
2.386636928872159160e+02
2.387584889518822422e+02
2.389828377452361394e+02
2.390189483628996356e+02
2.387155684706390559e+02
2.391371941699372883e+02
2.389847325835322920e+02
2.387119374732873496e+02
2.387714889204939936e+02
2.389500469462094259e+02
2.390419974655623321e+02
2.388769040420558838e+02
2.387863605624554282e+02
2.389345483294293615e+02
2.388614169848095798e+02
2.390580850628666383e+02
2.387573361286177942e+02
2.389489402033988199e+02
2.386238834078266109e+02
2.393287426505377198e+02
2.393093764765719982e+02
2.389278928915260565e+02
2.387986782998135311e+02
2.387943005288450422e+02
2.394143956533419271e+02
2.391218576338197863e+02
2.386300142057402809e+02
2.386367163174137147e+02
2.387656063572547680e+02
2.393733868967349565e+02
2.387506698270260586e+02
2.387559741052981224e+02
2.391893174875524437e+02
2.389509433544217245e+02
2.387113068769127722e+02
2.383707869947796496e+02
2.389005886849552383e+02
2.391929176393393561e+02
2.388030281334755500e+02
2.386219188462836200e+02
2.392564570359913034e+02
2.393033508691132738e+02
2.383863173196646414e+02
2.390228537262502186e+02
2.390329691105365271e+02
2.386617204719966310e+02
2.392223494756925959e+02
2.390400758047594252e+02
2.391268884227042975e+02
2.385575668473776716e+02
2.389661007078611874e+02
2.390015851389539705e+02
2.392354179273908414e+02
2.388651802440661243e+02
2.388238617272277224e+02
2.386279541440097773e+02
2.391486888928561427e+02
2.392476499954290148e+02
2.390542273106995026e+02
2.388299168963693546e+02
2.391757696825328594e+02
2.392860441661822222e+02
2.389203514228990741e+02
2.390150703400136081e+02
2.387052187255984848e+02
2.388910574872110431e+02
2.389867600951285169e+02
2.386258224570743778e+02
2.388332380561503498e+02
2.386862559775437092e+02
2.389636385957212212e+02
2.388663388148621607e+02
2.388730659861355434e+02
2.388257953824243884e+02
2.385820479724458210e+02
2.388576133709098031e+02
2.390134583606511569e+02
2.390820445989854477e+02
2.387435616057493064e+02
2.387719730147399844e+02
2.389485348855334905e+02
2.388982493681016592e+02
2.389727813683764168e+02
2.387447022332604547e+02
2.386586542539635900e+02
2.388935152427695527e+02
2.390391398627246815e+02
2.383900848165411333e+02
2.385551997210653781e+02
2.392213876787425022e+02
2.390456754105445327e+02
2.385521660216941484e+02
2.391303807692412704e+02
2.387861507991641190e+02
2.385161302176965989e+02
2.385338001290025431e+02
2.382327746023568409e+02
2.391496718890857665e+02
2.389487718321772718e+02
2.386492249869167210e+02
2.388175442450531989e+02
2.390235598095971170e+02
2.386733734476251811e+02
2.390223553028743879e+02
2.389973011649780119e+02
2.386324236572826578e+02
2.390189729182952476e+02
2.392356165664592993e+02
2.387305924728853768e+02
2.389396770851958536e+02
2.387079315997450522e+02
2.385354412481692918e+02
2.389759686306255162e+02
2.386027263411669139e+02
2.387145849833607656e+02
2.391695389941354506e+02
2.390319100767712541e+02
2.388681335168713815e+02
2.386636862427096730e+02
2.389150047508042292e+02
2.394801770368567588e+02
2.386971601044123474e+02
2.385164343265903426e+02
2.387047357042095825e+02
2.393760870972305099e+02
2.389841306994625256e+02
2.389494636772717513e+02
2.388405276435100006e+02
2.392863051730959114e+02
2.387703986028341490e+02
2.388728613707668273e+02
2.386569270059149801e+02
2.386985551142178394e+02
2.390460210423995022e+02
2.387838966902715185e+02
2.384993257437417640e+02
2.392954589690845353e+02
2.389823967210575972e+02
2.388181046449467146e+02
2.386464307344093925e+02
2.390379799600314072e+02
2.392178664545771483e+02
2.384578802724651325e+02
2.386673599793334404e+02
2.392617130766714979e+02
2.390253390083467764e+02
2.389736815014059346e+02
2.387081692421664911e+02
2.389939777337709472e+02
2.391554660007055872e+02
2.387652651196213185e+02
2.385711935860752817e+02
2.389279327181950521e+02
2.391125126422123515e+02
2.391037809288167182e+02
2.392679202274657655e+02
2.390567541310012132e+02
2.386759020709349386e+02
2.389733051333228389e+02
2.388350507479537725e+02
2.388486012625510000e+02
2.387241313162041649e+02
2.389454841443309476e+02
2.391231699005560358e+02
2.384560356774133822e+02
2.387130863033745243e+02
2.389814984999499927e+02
2.387481719660473516e+02
2.386624787285311697e+02
2.386413857099924201e+02
2.387306720520766419e+02
2.391655248853553815e+02
2.388858864997042986e+02
2.385977318627109582e+02
2.384390673723076191e+02
2.393940095345529073e+02
2.390107587981855488e+02
2.385478727948221547e+02
2.385208551844060594e+02
2.389478789579290208e+02
2.391656628323739540e+02
2.389356675580707758e+02
2.386065478630015093e+02
2.390722454890031941e+02
2.389877615195714782e+02
2.385548339052782296e+02
2.388300938423041941e+02
2.391420665474203133e+02
2.387759963634820508e+02
2.385159040940384045e+02
2.389012748169719487e+02
2.390311699950135562e+02
2.388989981545097123e+02
2.383674754126209336e+02
2.389559634900860772e+02
2.389843733681300364e+02
2.385557869720147437e+02
2.389884712479762072e+02
2.386834223436654838e+02
2.387539415252049366e+02
2.387126848827731749e+02
2.388188183603521964e+02
2.390108744726537964e+02
2.391599398695327352e+02
2.386187946687044530e+02
2.388101670519117761e+02
2.388653491901294217e+02
2.392604821300681124e+02
2.388778378725908453e+02
2.385032265536579246e+02
2.390673547213719701e+02
2.388668797995430850e+02
2.387881283183263861e+02
2.387205164581958172e+02
2.390012857992660713e+02
2.388779113655405126e+02
2.385184286185543385e+02
2.385040336770794056e+02
2.389210132229698047e+02
2.388940886283155578e+02
2.384649978861608304e+02
2.390274838994329514e+02
2.391370878586207311e+02
2.387554516950772552e+02
2.384974855294859708e+02
2.390135077444236629e+02
2.386961492052542155e+02
2.390336114066642494e+02
2.388225043853481111e+02
2.387170049559416327e+02
2.388738648646916261e+02
2.388484223789758971e+02
2.390866784228815902e+02
2.385954789885061871e+02
2.386884443352671497e+02
2.389581585265999308e+02
2.387185889378106367e+02
2.387330293781184025e+02
2.387318242541931568e+02
2.394458429379529889e+02
2.388177888456608287e+02
2.386630306300556867e+02
2.388258119777345883e+02
2.389226845408407769e+02
2.393578913493048503e+02
2.389811004710956297e+02
2.389089117095259382e+02
2.393588076313614010e+02
2.387032383219085432e+02
2.388062380747149973e+02
2.386833718742008443e+02
2.388487821175450279e+02
2.390651698901328643e+02
2.386152424975518613e+02
2.389510658434493564e+02
2.387137712900442637e+02
2.390093334970592025e+02
2.390370601605811487e+02
2.390490763470209288e+02
2.387116948126920306e+02
2.388239986990335808e+02
2.391484279377148141e+02
2.389231591258834442e+02
2.387549606239795139e+02
2.389556556959112470e+02
2.392558747646972961e+02
2.390801497205073929e+02
2.390030758117144671e+02
2.392163099679886216e+02
2.390761440491014298e+02
2.390569771536750068e+02
2.389241449424666826e+02
2.389472991249853919e+02
2.388928370051366130e+02
2.390399532782108736e+02
2.388858613777296966e+02
2.390269128768178177e+02
2.389757048722631225e+02
2.392062376937205102e+02
2.389839483600060532e+02
2.384952170133066431e+02
2.386293237116800299e+02
2.390395640937801147e+02
2.389398545921875154e+02
2.385369149044661583e+02
2.391150029497669323e+02
2.393121358799602092e+02
2.390352808225834735e+02
2.388035215052968567e+02
2.387820806050837064e+02
2.385816767438719808e+02
2.393368183985896849e+02
2.390342404399360987e+02
2.388989756822409163e+02
2.386494695816672618e+02
2.387479602038984012e+02
2.392883170984350727e+02
2.390472691883008736e+02
2.388794715936810178e+02
2.387483084103341753e+02
2.391728149229492431e+02
2.389490596454225226e+02
2.386301409471081740e+02
2.390220217803964999e+02
2.393639742101362344e+02
2.394842886396125152e+02
2.389809833340715102e+02
2.389005531854923845e+02
2.389792020701140416e+02
2.391199670953279508e+02
2.391273505282851204e+02
2.386590724702126920e+02
2.389109545347255050e+02
2.389135652906631151e+02
2.389660985319827375e+02
2.389679234801683663e+02
2.386841179344592376e+02
2.388464266636660795e+02
2.390198944498017681e+02
2.392512660604237738e+02
2.388354205130188177e+02
2.387461778616637673e+02
2.389796921412520589e+02
2.386381106993096921e+02
2.388161054051146550e+02
2.389291820713172001e+02
2.391191411803449967e+02
2.387899521240174465e+02
2.386574346388559036e+02
2.389453471692623623e+02
2.392103860537398816e+02
2.383749617809887980e+02
2.385703707269553604e+02
2.390154735587129551e+02
2.389449331057246582e+02
2.388758529356120164e+02
2.386558101547512649e+02
2.386008947445703825e+02
2.390176638954756356e+02
2.393222660558221833e+02
2.388765156068672013e+02
2.387222992979110643e+02
2.387779698615412087e+02
2.391879973299496385e+02
2.389590953025373210e+02
2.387608507045173667e+02
2.385159724824528666e+02
2.387503268095809688e+02
2.393755595239620106e+02
2.390748261993129518e+02
2.386017227242505214e+02
2.393279313139238695e+02
2.389909080456837103e+02
2.388260963725773820e+02
2.387165837482030213e+02
2.392182241565990637e+02
2.387099548202801031e+02
2.387385202140630156e+02
2.387446422403447457e+02
2.390295612592802854e+02
2.389737357238521724e+02
2.390937855162334245e+02
2.390419492102385277e+02
2.388439547510218972e+02
2.392540161637055292e+02
2.385632531681074795e+02
2.388684306001595417e+02
2.385501839375815507e+02
2.385981392384626645e+02
2.391742278279654386e+02
2.387836606981697685e+02
2.386203212706476791e+02
2.390006864939707327e+02
2.392082837726778450e+02
2.390987765168989370e+02
2.387582239377886424e+02
2.390106707910294119e+02
2.389143373402010866e+02
2.392147123385740031e+02
2.390221570308720800e+02
2.391291993825249165e+02
2.388549259494058106e+02
2.388212245121748367e+02
2.386722277552265439e+02
2.387775355504873858e+02
2.386853099975167822e+02
2.393317209914678472e+02
2.388747287050319983e+02
2.388883879089263473e+02
2.385614624559751746e+02
2.390935414573627611e+02
2.390202817203231973e+02
2.386919505589654875e+02
2.388574113672285364e+02
2.386581852866776501e+02
2.389222426191634270e+02
2.388580432690078226e+02
2.384775402071944939e+02
2.389333317589975252e+02
2.391633140716620858e+02
2.388748977462084895e+02
2.390696353228476880e+02
2.391778587060000234e+02
2.389532577371645914e+02
2.388954937418215820e+02
2.390525552969444334e+02
2.389074784626992880e+02
2.388778177693644693e+02
2.389961834602283091e+02
2.386933124727128472e+02
2.389984939193312812e+02
2.388756851450476404e+02
2.384637815452288976e+02
2.389708037759876049e+02
2.389043732702989189e+02
2.389163738058334729e+02
2.387382364548144267e+02
2.389244360101745031e+02
2.389475945226358533e+02
2.390348422875717915e+02
2.387901285371569031e+02
2.389198408005406975e+02
2.390396843500382431e+02
2.388097058604511176e+02
2.386211173282620166e+02
2.388457859923177296e+02
2.389867124466177586e+02
2.384351359211103443e+02
2.387756286702894215e+02
2.388747628703112298e+02
2.386730413062681180e+02
2.384031137773964417e+02
2.387024145700274573e+02
2.390200907636097725e+02
2.392055963697970355e+02
2.389087010909720448e+02
2.388000906337217373e+02
2.389290952255220191e+02
2.394182138830706492e+02
2.391186984868603531e+02
