1.014390611021666331e+02
1.015629695290044054e+02
1.014972957019964070e+02
1.012409208743331845e+02
1.012459921071009035e+02
1.016121650193692147e+02
1.015483940444392488e+02
1.014063910690005486e+02
1.013566991575481637e+02
1.013760977136740280e+02
1.014436186762083025e+02
1.010356823871167791e+02
1.012486115221037011e+02
1.012956835103583870e+02
1.016873822849649258e+02
1.013010153056093259e+02
1.010193244390293472e+02
1.008739139264014284e+02
1.012913785479000808e+02
1.015885524245718585e+02
1.015577252501718135e+02
1.010828441329825438e+02
1.011592537048337590e+02
1.017806519219298025e+02
1.015779014588608078e+02
1.011316920011245770e+02
1.011701018392795532e+02
1.018164589029452713e+02
1.018936991737836166e+02
1.015559118044312044e+02
1.016881913344141850e+02
1.015484102471703665e+02
1.011585960524305250e+02
1.011553819118739312e+02
1.015509564766250179e+02
1.011069078009261375e+02
1.013928324383083321e+02
1.013582277894287671e+02
1.012538487249020562e+02
1.014999146304329969e+02
1.017621100816425468e+02
1.011861786422006020e+02
1.009370966336017688e+02
1.015223209665425088e+02
1.015948265402304429e+02
1.015746847821091450e+02
1.015979462096550634e+02
1.012721559356106127e+02
1.011523111650638356e+02
1.015513578958403968e+02
1.014609152489941124e+02
1.016696328881343590e+02
1.011151152732372793e+02
1.017674606100841430e+02
1.016486938221278251e+02
1.013116049057113202e+02
1.012895781559578410e+02
1.017634051404449451e+02
1.014906961008607027e+02
1.012916330854815783e+02
1.010893642858331845e+02
1.012407534449741746e+02
1.017707480224276111e+02
1.016682418631598352e+02
1.013016221909008863e+02
1.009139831758000554e+02
1.014554827146113638e+02
1.017515076443113884e+02
1.013561559236288758e+02
1.014288323990377449e+02
1.014549014566846381e+02
1.013752424427426604e+02
1.009255625629983655e+02
1.011380221583832366e+02
1.014700058394243598e+02
1.013767248683224551e+02
1.012762771996006421e+02
1.015387676064641056e+02
1.015502696343472877e+02
1.010771126490075602e+02
1.012736288709019021e+02
1.011457160594372482e+02
1.014852765693236023e+02
1.015139708525415898e+02
1.014309272430861029e+02
1.013084287090685507e+02
1.013818797600558952e+02
1.015866132335669363e+02
1.012795368467585035e+02
1.011282496623101537e+02
1.016742879434048774e+02
1.013782200279468952e+02
1.011695357736652596e+02
1.009405501897681035e+02
1.014502456219583024e+02
1.013715401368073543e+02
1.010407263603519681e+02
1.010590149005468703e+02
1.014676507084485451e+02
1.013396206619593016e+02
1.014943326106492236e+02
1.012559319041303070e+02
1.014014488786846329e+02
1.012702278842788388e+02
1.012892878936454508e+02
1.013407818640742875e+02
1.008779284728795460e+02
1.007540941361118456e+02
1.017360451489172277e+02
1.013643924828120504e+02
1.010797589593576475e+02
1.010827110975102272e+02
1.012126763291200291e+02
1.013269620644290967e+02
1.013386900280083296e+02
1.012299991011798994e+02
1.011062774537604838e+02
1.015711736277348365e+02
1.016392423985736713e+02
1.011482206012964156e+02
1.011209338511958435e+02
1.013850289742827044e+02
1.014662751875181357e+02
1.013038211829992861e+02
1.013209564674235281e+02
1.017688823205363775e+02
1.012907872323767151e+02
1.011845718517033248e+02
1.009809557565308751e+02
1.011754175709270243e+02
1.013774592790854712e+02
1.015478042748523677e+02
1.012856130001082420e+02
1.015963999121730126e+02
1.014008336117442894e+02
1.007534407135273113e+02
1.012893305770565036e+02
1.017331147271973322e+02
1.018204043379201522e+02
1.016641213242235011e+02
1.012319114663059310e+02
1.012538485930418091e+02
1.016090371857568329e+02
1.015106440686907945e+02
1.016839010374926033e+02
1.017264439160251612e+02
1.011115319864924373e+02
1.012643903651301258e+02
1.019041052289178566e+02
1.012297458249172877e+02
1.012535247821989657e+02
1.013690053923597389e+02
1.016714035800769551e+02
1.012251847512262231e+02
1.012430281981015838e+02
1.012920930194058684e+02
1.014478595907835796e+02
1.012385858642485914e+02
1.013410744596126278e+02
1.013977795501360930e+02
1.015154044578306269e+02
1.015549317283647639e+02
1.011367636414242810e+02
1.009757400446346338e+02
1.017436272224505274e+02
1.016900621054000595e+02
1.011093213806241806e+02
1.016826381957702239e+02
1.015557311502221722e+02
1.015676187719240460e+02
1.010564086865697391e+02
1.010512392046894519e+02
1.013494176050438682e+02
1.016926842107963580e+02
1.018736023231807479e+02
1.013972540359086452e+02
1.010812080384787208e+02
1.014029329016499190e+02
1.016400610180817381e+02
1.015794742141408165e+02
1.012748932081097593e+02
1.013316049072871010e+02
1.010445061688184438e+02
1.014962767068834779e+02
1.016994223039684329e+02
1.014801985550735708e+02
1.011558562144138733e+02
1.012904070631687290e+02
1.012946642195666271e+02
1.013803047374590420e+02
1.010499398714041490e+02
1.009138629562883125e+02
1.009802935680392153e+02
1.017050101235778925e+02
1.013892524011915839e+02
1.013617451621676651e+02
1.016056297804381785e+02
1.013137839244788410e+02
1.012923701835343735e+02
1.015278023113321098e+02
1.014386219270999732e+02
1.016929428983147119e+02
1.013831369399791100e+02
1.007659661074040827e+02
1.013943085353833453e+02
1.014940580624974729e+02
1.008254907752900777e+02
1.011703551332398803e+02
1.014072728212950238e+02
1.016670568953180691e+02
1.013457198644234154e+02
1.008637355491173935e+02
1.015711861314158426e+02
1.015782972469602328e+02
1.012440062346991567e+02
1.010100813657079470e+02
1.013633766845855035e+02
1.016717528065938581e+02
1.014498971079570424e+02
1.012217673161027847e+02
1.012469324020538579e+02
1.016558163736050489e+02
1.014000794525505142e+02
1.012974959240665527e+02
1.008291218238496612e+02
1.015440436121070462e+02
1.018128428257662534e+02
1.014514552631168129e+02
1.013231221211166684e+02
1.016250169400009185e+02
1.011924452616548393e+02
1.011417360613626926e+02
1.011150466005654636e+02
1.011363674421810401e+02
1.014657265272142723e+02
1.015710524583880670e+02
1.012982013469596865e+02
1.014959281578069863e+02
1.017526784554295745e+02
1.013303404079750720e+02
1.010778211365944941e+02
1.010122143012794851e+02
1.017299308125832766e+02
1.019430253863177001e+02
1.013931835934884447e+02
1.012742001795771785e+02
1.014200444372866059e+02
1.011459465572052068e+02
1.018649775373573476e+02
1.015654312409630506e+02
1.012104438919225231e+02
1.009083737110688190e+02
1.011304030776709766e+02
1.016615513613061239e+02
1.015023482512800683e+02
1.009687386090258059e+02
1.012228253855664803e+02
1.016026088851147477e+02
1.015189720392938142e+02
1.009547564196125933e+02
1.011642195753316713e+02
1.017572371214269680e+02
1.016870884373617088e+02
1.010834790922914976e+02
1.011020876496620104e+02
1.013558380060366630e+02
1.013563008238865990e+02
1.017220220260041259e+02
1.014636956187568302e+02
1.012662777797582976e+02
1.011261123052955355e+02
1.015981122015247138e+02
1.014891276836855809e+02
1.011711833898289541e+02
1.010706963620237246e+02
1.009952933245966733e+02
1.015107939934956818e+02
1.016460953059798982e+02
1.009634162394504102e+02
1.010813173383256895e+02
1.013715568172024319e+02
1.016864132679447295e+02
1.014189043958182452e+02
1.012793791856196890e+02
1.015667279576990012e+02
1.015348634592359502e+02
1.013333776304964005e+02
1.011211898859517504e+02
1.016290638914376672e+02
1.011751690741137963e+02
1.011621359690911390e+02
1.010696478359492261e+02
1.008859304332657416e+02
1.010482723632159008e+02
1.017338512315446195e+02
1.015774354912690143e+02
1.011936081355057837e+02
1.010172886741202518e+02
1.013089028379378078e+02
1.014808926999854890e+02
1.011652968166163049e+02
1.009334918821563889e+02
1.010739797857103923e+02
1.009664613922981289e+02
1.016842982326314200e+02
1.015236154603242795e+02
1.013887918456369590e+02
1.011176819635138600e+02
1.008347176678987154e+02
1.015555115835485793e+02
1.016834697450098162e+02
1.017054620625131776e+02
1.015815201488534711e+02
1.013690651701191854e+02
1.013249671345963776e+02
1.013604637613626522e+02
1.016986715742850009e+02
1.016705858167406831e+02
1.014169738420996083e+02
1.009431802195708912e+02
1.012577536975299637e+02
1.013988379324779459e+02
1.015945928543630856e+02
1.012627786255142865e+02
1.011801566529704672e+02
1.011698121339962881e+02
1.013135707211388876e+02
1.009989661157731575e+02
1.011264624241548375e+02
1.015849216125760250e+02
1.018162663342287289e+02
1.010701439476943477e+02
1.010376427056219057e+02
1.014610518733056779e+02
1.015771197576122375e+02
1.012028195381658406e+02
1.011963723723699218e+02
1.012881586126361668e+02
1.015211120646216045e+02
1.014429439734534384e+02
1.015391060234226899e+02
1.013853874010405463e+02
1.010735261459822851e+02
1.009848482985455576e+02
1.011055242325149806e+02
1.011890940824539911e+02
1.012620840881420889e+02
1.011158545138034555e+02
1.015023223836392390e+02
1.014245566767886686e+02
1.011810798187040774e+02
1.015314270885282326e+02
1.014560633344941749e+02
1.014338669355604594e+02
1.011082252871207885e+02
1.011882943781356659e+02
1.015704447327422599e+02
1.016024849452127086e+02
1.015475785998196017e+02
1.014731471129806550e+02
1.013442933793371026e+02
1.018922377964186836e+02
1.015471910042102905e+02
1.011369201222552618e+02
1.012364067715106302e+02
1.017176599002079769e+02
1.018151068645270243e+02
1.009400650157666632e+02
1.012183662673285198e+02
1.018074034743415837e+02
1.015387689661239250e+02
1.012781362107857461e+02
1.008030798999765665e+02
1.016689033000728841e+02
1.014055089790418265e+02
1.009377738701937801e+02
1.013375387731477844e+02
1.015575248819232570e+02
1.015268447858244798e+02
1.017069997157162220e+02
1.015282232731424159e+02
1.011926832895109101e+02
1.010006198326197904e+02
1.016696740954628098e+02
1.013467633228113556e+02
1.012547303408070860e+02
1.007762353862498230e+02
1.014859354715081139e+02
1.015927339164234127e+02
1.014298138758016563e+02
1.016639150671556990e+02
1.013449497345457218e+02
1.010710288827233825e+02
1.011646324538627368e+02
1.012505583310617112e+02
1.014307104171132750e+02
1.014781027646035909e+02
1.014459725225177777e+02
1.015202474192580553e+02
1.019265445910693444e+02
1.013896479906244252e+02
1.012059741326849007e+02
1.009726843839522843e+02
1.014244191051623147e+02
1.016671893951382941e+02
1.016990783679865444e+02
1.008168055873543807e+02
1.015460544228436675e+02
1.016081692128884697e+02
1.014330300880622673e+02
1.011626441243629557e+02
1.012812452376580978e+02
1.010919594289481012e+02
1.014411811268225136e+02
1.013403357977488639e+02
1.013035368739987234e+02
1.015267455831914418e+02
1.010021796497372861e+02
1.007925986024452953e+02
1.010812444429757875e+02
1.012632067708072015e+02
1.014389228065190878e+02
1.014170868263046970e+02
1.011965323133340604e+02
1.014188521466609103e+02
1.016378062912385332e+02
1.015823726660893271e+02
1.011258702305609631e+02
1.007906972429699550e+02
1.011314754781138845e+02
1.012010274821275999e+02
1.013930409350457325e+02
1.011675376811435711e+02
1.010167042990135684e+02
1.015297035755523751e+02
1.013320607339523605e+02
1.009548037539023966e+02
1.010578864672393848e+02
1.009043788006005826e+02
1.015696793509515459e+02
1.013633610643002498e+02
1.014671697344287367e+02
1.015768525666146758e+02
1.015058420221875082e+02
1.012457068138780159e+02
1.008839169101029398e+02
1.014025525988656540e+02
1.015886226011211448e+02
1.013034300645486923e+02
1.009631387392842043e+02
1.015647172882606242e+02
1.014796583071429410e+02
1.011176965585709837e+02
1.011687990224010747e+02
1.015391801998055712e+02
1.011415164194602312e+02
1.012474233324073225e+02
1.012173461128660961e+02
1.014648918601533438e+02
1.014710487362345219e+02
1.010857085140528397e+02
1.010231258987067093e+02
1.014628290445117926e+02
1.016602436366555793e+02
1.013046340299190575e+02
1.008411751285467943e+02
1.015331696339092247e+02
1.014847397663101560e+02
1.010684275736947626e+02
1.006463828066453772e+02
1.013213826891541061e+02
1.015213273837517249e+02
1.013767249542622864e+02
1.013640634801420788e+02
1.012350200047071525e+02
1.015102246188822761e+02
1.015051750714952590e+02
1.014162873417085251e+02
1.015706978397490587e+02
1.011475770185404599e+02
1.009420906345790883e+02
1.012203311201550235e+02
1.015696800527937143e+02
1.017182905861541826e+02
1.013841110876099236e+02
1.012417401491213269e+02
1.015779955088539026e+02
1.015813901308445253e+02
1.013753577705158619e+02
1.010507369228353838e+02
1.012489072459287769e+02
1.015253588060021457e+02
1.016636676102743166e+02
1.014243142478845670e+02
1.009900044254292624e+02
1.015674549980577837e+02
1.016803528812657902e+02
1.012286848755570787e+02
1.011022191670438133e+02
1.014277757077683333e+02
1.013201597546191550e+02
1.015967873164323265e+02
1.016162433204773237e+02
1.015182015702243206e+02
1.016566150432033169e+02
1.017394109916918836e+02
1.011424596748411915e+02
1.014088517256311803e+02
1.013575854110204091e+02
1.010070910784784672e+02
1.010720257361834769e+02
1.013850488214421972e+02
1.014589071128632867e+02
1.009969889025479546e+02
1.013237841802399117e+02
1.015113353667948530e+02
1.013752499210146425e+02
1.015636792725964028e+02
1.011512128836736650e+02
1.015400296376731575e+02
1.016061095834930796e+02
1.015267878042791807e+02
1.013881419403059425e+02
1.009875701112370621e+02
1.010825515649672184e+02
1.012968428250119217e+02
1.013669505492080134e+02
1.012264875225768037e+02
1.011259045880768923e+02
1.009706089521380790e+02
1.015189694833647280e+02
1.013540811441362735e+02
1.009494843293860669e+02
1.009159145646547557e+02
1.014869513998651627e+02
1.013983005118882232e+02
1.010318631952857373e+02
1.013087933808615873e+02
1.014586417904636164e+02
1.013261871526091227e+02
1.012665501977071898e+02
1.008004838064945261e+02
1.014273819587668868e+02
1.014030841098454516e+02
1.015839625247233329e+02
1.015804840709459427e+02
1.015914568080219595e+02
1.015371070692461473e+02
1.011517666317567006e+02
1.011655127540757206e+02
1.015931202933014106e+02
1.015117350268680525e+02
1.014870787131980592e+02
1.012885041070497891e+02
1.011568577192864069e+02
1.014004740284567561e+02
1.016034966517054272e+02
1.014206546687111796e+02
1.013233585916112673e+02
1.017092750709880420e+02
1.015704995919723501e+02
1.009985031023155244e+02
1.011628859074647409e+02
1.008390912693452037e+02
1.013683859291682552e+02
1.013797765974922527e+02
1.012984975424949283e+02
1.013971548132789877e+02
1.011825279187628013e+02
1.008432272920219788e+02
1.012361313304016193e+02
1.010831715708129508e+02
1.017142880695425191e+02
1.019553827843708973e+02
1.016823991800649054e+02
1.013031711060713178e+02
1.010056779794004314e+02
1.013703889939000220e+02
1.016722577849442786e+02
1.012602562426452408e+02
1.011910724506432331e+02
1.014248821826267317e+02
1.017563697402631533e+02
1.013692088766635919e+02
1.013954835250789444e+02
1.015965565961790134e+02
1.014243310891107654e+02
1.009753645157202868e+02
1.009401647732935885e+02
1.014347135416960555e+02
1.015868291879787222e+02
1.014678084987255176e+02
1.010991324170260413e+02
1.018136133078028394e+02
1.016912481434708724e+02
1.011028339937659553e+02
1.010679176246070341e+02
1.014460037364241742e+02
1.015619229955336067e+02
1.015334906694650527e+02
1.012129610422951629e+02
1.016637054573805017e+02
1.016834049092734489e+02
1.010596560953858187e+02
1.012767596207585967e+02
1.016444791766220561e+02
1.012771163789121687e+02
1.011377773582273534e+02
1.013415556898332284e+02
1.018656418088360027e+02
1.012410232862882111e+02
1.011857796637258815e+02
1.014131357210699633e+02
1.014532707825890299e+02
1.011675746103251896e+02
1.012130448977268742e+02
1.013378247145472955e+02
1.016120070921247844e+02
1.014817682098513529e+02
1.011797091023516231e+02
1.013235204068267876e+02
1.014240619583427616e+02
1.014420494750127659e+02
1.012787141783716294e+02
1.014592655470531355e+02
1.016196886089070262e+02
1.014000394068457780e+02
1.011028376523096313e+02
1.012249639269740982e+02
1.016636209550311492e+02
1.014565142161671787e+02
1.013879045450141234e+02
1.018077984311806432e+02
1.014889869904987023e+02
1.010880344499722696e+02
1.010526679970098343e+02
1.010938333155373812e+02
1.015796737829102341e+02
1.016438311744896481e+02
1.013868353846054902e+02
1.012894611027624592e+02
1.012012256547777866e+02
1.013194441998870872e+02
1.010623568052514685e+02
1.015785052352387794e+02
1.018146372308346912e+02
1.015900989650596671e+02
1.011648179470554965e+02
1.009309474624435126e+02
1.015152055304374272e+02
1.013105825647636493e+02
1.008740438178570002e+02
1.013213948085435163e+02
1.012776998626126073e+02
1.017143896042625784e+02
1.011102027938066499e+02
1.009655937326991193e+02
1.016154036473238449e+02
1.014164591907664743e+02
1.012958496140215487e+02
1.012147243049958689e+02
1.013144538173294791e+02
1.014378130382996375e+02
1.014929006684523785e+02
1.015177161871518479e+02
1.012178725596446753e+02
1.012304124786848547e+02
1.015081141453081983e+02
1.011993364785738407e+02
1.008964132794085202e+02
1.013258825853654201e+02
1.019517092977369401e+02
1.015454952698951985e+02
1.008280914931878414e+02
1.011458707738898397e+02
1.015526191371669000e+02
1.011489175384592301e+02
1.010245630689249765e+02
1.013311323973054527e+02
1.015768945115719362e+02
1.010375136060483641e+02
1.006602516205761049e+02
1.008180593764532063e+02
1.013520881126686390e+02
1.012782143082316821e+02
1.015806326482120454e+02
1.015547101541138062e+02
1.011507666115254551e+02
1.012577246353870493e+02
1.015611323139008988e+02
1.011729586265934273e+02
1.009406097504191848e+02
1.010052124862063323e+02
1.016073226055228673e+02
1.012352014776640061e+02
1.012872576439489762e+02
1.014711641448184452e+02
1.011945456110107813e+02
1.011544504682970711e+02
1.012221942532451635e+02
1.016516290398562887e+02
1.018421408691481957e+02
1.013112347610021544e+02
1.011308939489064187e+02
1.007590017497216763e+02
1.007807194091164575e+02
1.016129183333820265e+02
1.013521203184916004e+02
1.008200121218457781e+02
1.007205544218937376e+02
1.015651446155073359e+02
1.015193964544078398e+02
1.011002138061397204e+02
1.013362922775176003e+02
1.015915257575778696e+02
1.013329033503954406e+02
1.009856477542938507e+02
1.007308216124150135e+02
1.012225798198748947e+02
1.015346706239019454e+02
1.014181840792924589e+02
1.010300711888561978e+02
1.012844544134726021e+02
1.014543385657701151e+02
1.015863418944570498e+02
1.015880773372101515e+02
1.013159253359792586e+02
1.012961517590559879e+02
1.013936372615013255e+02
1.015292851831185317e+02
1.013351201751377602e+02
1.011626318365062929e+02
1.017012631176878159e+02
1.016248224270913170e+02
1.013973857833913712e+02
1.012969464457867872e+02
1.017573539733481169e+02
1.010113489111526519e+02
1.012361338483408275e+02
1.016199189582091122e+02
1.017052634300567462e+02
1.010159718993164262e+02
1.008479164543395541e+02
1.012977485556968844e+02
1.015330532086533708e+02
1.012293690212438264e+02
1.014584285227705323e+02
1.011871450416354605e+02
1.015474214463771574e+02
1.016185737390995456e+02
1.011850849187113113e+02
1.009730537281475335e+02
1.012610192415251618e+02
1.014387112803758413e+02
1.013104453432614633e+02
1.014254442838564927e+02
1.009728901094050570e+02
1.011940780885554290e+02
1.015692641682391439e+02
1.013089520128009440e+02
1.009329147164017826e+02
1.010658358477397627e+02
1.015082029343637799e+02
1.013695244520124561e+02
1.010878567830840353e+02
1.016300086252100527e+02
1.014599089884748224e+02
1.010902197778977865e+02
1.011524775037299406e+02
1.017111228159414509e+02
1.017780477793158411e+02
1.014887242831297129e+02
1.011683853811851037e+02
1.010818365657975590e+02
1.016023143579964909e+02
1.014922420055560082e+02
1.015787883064260768e+02
1.010484151426099402e+02
1.011559591328502989e+02
1.014268514113404507e+02
1.016484877750582854e+02
1.011669893735944896e+02
1.012497266255245592e+02
1.015238410351797000e+02
1.015423482823861292e+02
1.016537113704416271e+02
1.012174886258556512e+02
1.010943374630118257e+02
1.012557469527573772e+02
1.011136722766650138e+02
1.014122019275978204e+02
1.013523394728397449e+02
1.014520905528691088e+02
1.010533628449124421e+02
1.015054172676307047e+02
1.017011762916868634e+02
1.018540847298603040e+02
1.013752962871815271e+02
1.011306844037519994e+02
1.009131893025145814e+02
1.012769616310179543e+02
1.017102254439003701e+02
1.013279513397683189e+02
1.010465693958285556e+02
1.013163324178026841e+02
1.017414809790971191e+02
1.015587250022143309e+02
1.013035509128089871e+02
1.009343708430604352e+02
1.015003430919414740e+02
1.012384023677929150e+02
1.011108940146575748e+02
1.012022136178143086e+02
1.013235215465356873e+02
1.011264410899535164e+02
1.014471445067927675e+02
1.013398750293644639e+02
1.014838145733367725e+02
1.012187089902443660e+02
1.012373303327884173e+02
1.016359004145763691e+02
1.015769016292185114e+02
1.009474555801333508e+02
1.011124857030390700e+02
1.017192308685666262e+02
1.013843324587190153e+02
1.010010821810768533e+02
1.013280485797379242e+02
1.016679071552410818e+02
1.017600842021335410e+02
1.011159555359703290e+02
1.010817241531212289e+02
1.016528725653929968e+02
1.017568449433220366e+02
1.014008634358737737e+02
1.012396014142350822e+02
1.016541250245630152e+02
1.014840145667883320e+02
1.011500074002743190e+02
1.012927524872783209e+02
1.015969754648535144e+02
1.011288128299453462e+02
1.011091932954506518e+02
1.015994229166783072e+02
1.016054045082631916e+02
1.010506251900994812e+02
1.010190103842880518e+02
1.009989958262987670e+02
1.014708933785059912e+02
1.010119515691935561e+02
1.008634179936275359e+02
