2.869343542973592207e+02
2.869199378040368060e+02
2.869280087426551518e+02
2.868238098901110220e+02
2.869039001561029067e+02
2.870251982975759120e+02
2.870543194464489716e+02
2.867301148338239614e+02
2.869375432536603512e+02
2.871724421189067584e+02
2.870790258597410798e+02
2.868064757464431409e+02
2.868176854829961258e+02
2.868720042091451887e+02
2.869955878907592819e+02
2.869586273022207479e+02
2.866551773133022039e+02
2.867342789717499727e+02
2.868832857293521670e+02
2.871738029326934907e+02
2.872175427331501396e+02
2.869476011594854299e+02
2.868494694394422027e+02
2.870902144187236331e+02
2.870776551045253200e+02
2.867523032413569695e+02
2.867570564331251148e+02
2.870260042048487890e+02
2.869164783383794202e+02
2.867335109765299421e+02
2.868956794080744999e+02
2.870513569280669799e+02
2.867194594224835669e+02
2.867228738486669499e+02
2.870161645352366691e+02
2.871925963956915098e+02
2.868863970116669861e+02
2.866673755330483004e+02
2.868312743403785703e+02
2.870689046275907117e+02
2.871902383097290681e+02
2.868783533052142616e+02
2.866888114275486146e+02
2.869325326448127953e+02
2.870507297865983105e+02
2.870080387506396846e+02
2.868732321239872931e+02
2.868726514557237692e+02
2.868426201917166054e+02
2.868472546066852829e+02
2.868968681384484967e+02
2.869855235366886177e+02
2.869198127156924443e+02
2.869492220697025573e+02
2.870314007530460572e+02
2.866547403395883862e+02
2.866687522044896355e+02
2.868990941145396505e+02
2.869500955176577008e+02
2.867257626896222860e+02
2.866298564682164738e+02
2.866965549735494392e+02
2.869536097076749002e+02
2.871185815309150939e+02
2.868351218138494119e+02
2.868000002669770083e+02
2.869926619914638195e+02
2.870872016961288296e+02
2.870381574437556651e+02
2.870827460942441576e+02
2.873364860946289241e+02
2.869056410515031530e+02
2.865434198249953965e+02
2.867901261146166121e+02
2.870685492862783121e+02
2.870439887829740542e+02
2.867404730121949683e+02
2.868325725293515802e+02
2.869707005997739202e+02
2.868300535417528749e+02
2.867377474812156493e+02
2.868801446800608801e+02
2.869166707121448781e+02
2.869761607418937501e+02
2.868778255482652071e+02
2.869717697077033449e+02
2.871029804312941565e+02
2.870888634684646945e+02
2.867628227302549817e+02
2.866254357670133572e+02
2.868642592798917690e+02
2.871546783485493393e+02
2.868209097248777084e+02
2.867157737555942276e+02
2.868878787225408473e+02
2.871362924863390162e+02
2.869473898193591026e+02
2.869364505545576662e+02
2.870316770816459666e+02
2.868834983009281245e+02
2.869765910629095060e+02
2.869518445523626156e+02
2.868783655802786825e+02
2.870390698803362852e+02
2.871389286520500832e+02
2.869232010389973766e+02
2.867810249337725850e+02
2.868287605163470175e+02
2.870753886608444532e+02
2.871399951566948516e+02
2.868887411964365128e+02
2.867876037475189150e+02
2.868896370167218492e+02
2.871648271159837691e+02
2.870932344747718616e+02
2.868326115388865105e+02
2.868420497999509848e+02
2.869957421347184550e+02
2.870819170930165001e+02
2.868218593382356971e+02
2.867628246486436865e+02
2.868825469534623949e+02
2.871508435814616860e+02
2.869389764082577017e+02
2.867060064372311672e+02
2.870198317484980066e+02
2.870383646884741893e+02
2.868512784075601871e+02
2.867510132058723116e+02
2.868678669133193466e+02
2.869797029049714752e+02
2.868192475932044658e+02
2.867724084874074038e+02
2.869122084700358641e+02
2.871225814536742860e+02
2.867871474640164706e+02
2.867841750225149440e+02
2.869912083957066784e+02
2.870478052371245781e+02
2.869982985379662068e+02
2.866883611621137220e+02
2.867669136267857652e+02
2.869685154734981438e+02
2.870487129576220013e+02
2.871095959879017414e+02
2.869941360680676894e+02
2.866929088261334755e+02
2.867570018889737753e+02
2.870097187707235094e+02
2.868052842321370122e+02
2.866016210053893474e+02
2.866932020570535542e+02
2.870863041780734761e+02
2.871329271520369844e+02
2.866641078463471217e+02
2.865926902671093330e+02
2.868971759364852119e+02
2.871304391881030256e+02
2.870425755276573341e+02
2.868878928829257120e+02
2.868006875277939685e+02
2.870052090837156129e+02
2.867671223934957538e+02
2.867732068724175747e+02
2.869730576399842334e+02
2.869968789589688072e+02
2.869777920100156621e+02
2.870634795475069154e+02
2.871180721847724726e+02
2.870589511658784545e+02
2.869440598775848912e+02
2.867605501325700175e+02
2.868353068201984115e+02
2.870551682160214568e+02
2.871914805032723734e+02
2.867599757028894487e+02
2.868030697736086836e+02
2.868006196228670319e+02
2.869985544713753143e+02
2.870208724751785780e+02
2.868684614605360252e+02
2.868090547491271423e+02
2.868012251754894919e+02
2.868874238586147953e+02
2.870875850908778943e+02
2.870284376772552264e+02
2.867932662117052018e+02
2.867659204389100296e+02
2.868636250945849611e+02
2.871283769643502524e+02
2.869290420784751063e+02
2.867757407226383179e+02
2.868683906656368094e+02
2.870707328026721257e+02
2.870114546249033083e+02
2.868881160093836797e+02
2.869165927578945912e+02
2.869139321325263836e+02
2.868123849891193800e+02
2.868841161532293427e+02
2.868017242231110231e+02
2.871219538987309079e+02
2.868607108046880398e+02
2.867386944673750691e+02
2.869751778050004418e+02
2.869989711144968965e+02
2.867838503667221630e+02
2.867944081803643144e+02
2.869112138138826822e+02
2.870935656613198148e+02
2.867993764475280045e+02
2.866376056426669265e+02
2.868642484889319917e+02
2.872044710088194392e+02
2.870123329857486851e+02
2.867677819445308955e+02
2.869999776626374342e+02
2.871352138025069962e+02
2.869010388081796350e+02
2.866470488748500998e+02
2.867855423522981937e+02
2.869643590489897633e+02
2.870045293269366198e+02
2.867745855417506391e+02
2.867473146610948902e+02
2.870667414945825158e+02
2.870903094593301716e+02
2.868405786550887342e+02
2.867574736786239100e+02
2.869906746697348012e+02
2.871291008072728346e+02
2.869153186468824401e+02
2.867746423363367967e+02
2.868209255158020028e+02
2.868550225652370500e+02
2.871181573910677685e+02
2.870272927133987650e+02
2.869527661740651752e+02
2.871726254099770586e+02
2.869461235526230212e+02
2.868943797584682898e+02
2.869710291952864054e+02
2.870330748372748531e+02
2.871059929463046387e+02
2.869230734169982497e+02
2.869202870196050412e+02
2.867552073202968472e+02
2.866242116410815015e+02
2.868447597622636636e+02
2.869814891384841076e+02
2.866558133208718573e+02
2.865545529213716236e+02
2.868026878212139650e+02
2.870836886185231265e+02
2.870867266665050579e+02
2.867717169271006128e+02
2.869680265450402885e+02
2.872714373650745188e+02
2.871321374223689418e+02
2.868377387481730807e+02
2.868286731636351305e+02
2.871433819092516728e+02
2.870540751436550408e+02
2.867876906926018705e+02
2.868288041375477064e+02
2.868826656904511196e+02
2.868550673912274647e+02
2.870570902439258703e+02
2.869016824571638153e+02
2.868023232092495505e+02
2.867900518149153868e+02
2.869837075657340506e+02
2.870303441350186517e+02
2.868412855474969660e+02
2.867969736169465591e+02
2.868906468987913172e+02
2.871013257040593203e+02
2.870850164144068799e+02
2.869283216218756820e+02
2.870250853028614983e+02
2.871008151619421369e+02
2.871850590456066357e+02
2.869854624827066232e+02
2.869365165712480916e+02
2.870044642125745327e+02
2.870525022724826840e+02
2.869278300691466370e+02
2.868286922018988321e+02
2.870087776824667003e+02
2.868612062558203775e+02
2.868991235381409410e+02
2.869458032201526407e+02
2.868913499876457536e+02
2.868319017556372614e+02
2.871117231496971840e+02
2.871377868297857958e+02
2.870284552641315372e+02
2.868019189890907228e+02
2.870035497420049069e+02
2.871875333265276140e+02
2.871463356687045803e+02
2.869565123612684943e+02
2.869463870035198738e+02
2.869221604734559037e+02
2.869387665436586872e+02
2.870656318610206199e+02
2.871028278927428232e+02
2.867218475400348439e+02
2.866509382608516603e+02
2.868779774930066537e+02
2.869824785105739124e+02
2.869248319044043569e+02
2.869891419869031211e+02
2.869721904720855150e+02
2.868605592194211908e+02
2.868309716233396784e+02
2.870111831775880660e+02
2.871476481135072163e+02
2.869770466809409868e+02
2.867442139311207825e+02
2.867304947248157418e+02
2.867749364087521826e+02
2.870797924882991197e+02
2.872034115852166565e+02
2.869181458579892592e+02
2.868511605331245278e+02
2.867978887067565097e+02
2.868324964259731473e+02
2.870498653879029121e+02
2.871944988049896779e+02
2.870803986754979746e+02
2.869065021006767893e+02
2.868142628946587251e+02
2.870984490651543410e+02
2.870432087507675192e+02
2.868846658207629616e+02
2.870060927277995120e+02
2.871300605854372066e+02
2.871942579974478917e+02
2.872164173962757445e+02
2.871361029332393286e+02
2.870317580204776391e+02
2.868169372442054623e+02
2.868656800799765847e+02
2.870386864300923548e+02
2.871272806605228425e+02
2.869248223932508495e+02
2.869115316545545511e+02
2.871024600605693990e+02
2.871444844029806518e+02
2.868303212410904166e+02
2.869737669542005847e+02
2.869800327341258708e+02
2.870516081052401205e+02
2.867874624319044301e+02
2.868456997904690979e+02
2.871416377516900980e+02
2.870600353957710240e+02
2.868367083272041782e+02
2.868176064971768824e+02
2.868262824177007815e+02
2.869870609253155180e+02
2.870166966516570142e+02
2.868433068492473694e+02
2.867131303076566837e+02
2.869921043988019846e+02
2.868754621877552609e+02
2.866522737587209804e+02
2.866535658753475104e+02
2.869957285809235827e+02
2.870402522854220706e+02
2.866703655617282038e+02
2.866510142343717007e+02
2.868484088278775062e+02
2.869866881987353509e+02
2.867804752448161594e+02
2.867622494065121259e+02
2.869576152430752813e+02
2.869575719081885268e+02
2.870809345911565060e+02
2.869664471785860655e+02
2.868015351880217736e+02
2.867776979385217260e+02
2.869780845800598286e+02
2.870811674782920022e+02
2.868493143469354436e+02
2.867465403044743653e+02
2.869121203155029320e+02
2.869928462012618411e+02
2.872417748436288889e+02
2.872129930264336508e+02
2.870543104002015298e+02
2.868831824055984612e+02
2.869639644175701392e+02
2.870057137472390991e+02
2.870292891057337670e+02
2.870621146109536426e+02
2.869513685401999510e+02
2.868476005148643821e+02
2.870791373439599852e+02
2.870113781832974951e+02
2.865839963460655895e+02
2.864811825146995830e+02
2.866739074643744516e+02
2.870933174246046633e+02
2.870619177766359940e+02
2.868556157673179428e+02
2.869818171218823295e+02
2.870907897020037467e+02
2.868842370072536028e+02
2.867387628838882847e+02
2.867776279807832793e+02
2.868178191726112232e+02
2.869872100293691233e+02
2.869865926532352773e+02
2.870448388966785842e+02
2.871566588633351103e+02
2.868532365809760449e+02
2.867777495513515760e+02
2.868440448136916530e+02
2.870331601190861761e+02
2.871970046544855109e+02
2.870393221578443672e+02
2.869425380650640705e+02
2.870355445746787950e+02
2.870525876311267552e+02
2.871426933168262394e+02
2.868526908348110283e+02
2.868425886893185179e+02
2.869932221454404271e+02
2.872591806862421890e+02
2.870938741811113459e+02
2.868825853049640955e+02
2.868823411397784753e+02
2.870828003575028333e+02
2.871391159053874844e+02
2.868921892298354237e+02
2.867318625700011694e+02
2.868436499867437419e+02
2.871055325416381834e+02
2.871156231586735998e+02
2.869594615644512032e+02
2.870179701755517954e+02
2.871672040197774436e+02
2.867642827298054158e+02
2.866952118145758845e+02
2.868546261836267490e+02
2.871339380099232699e+02
2.870701149477746981e+02
2.868468869776197607e+02
2.869933613682289888e+02
2.872154484587371712e+02
2.869295871016679484e+02
2.868265009279111268e+02
2.871632862717738703e+02
2.868558051298131772e+02
2.868961158133676008e+02
2.872312480042548941e+02
2.871138048468038733e+02
2.868945973254710111e+02
2.867851863439834119e+02
2.869827210745002617e+02
2.872558665918907650e+02
2.871959105115635680e+02
2.867987390760276298e+02
2.868155683368831319e+02
2.870082896218640940e+02
2.872787539714490777e+02
2.870224913651907741e+02
2.869261685498436236e+02
2.869911244691859906e+02
2.872559673136854599e+02
2.871379623853486009e+02
2.870531307577202256e+02
2.869717879380607428e+02
2.869256342095080186e+02
2.869545959967424551e+02
2.869473576835903827e+02
2.869668272623165990e+02
2.867533768771736504e+02
2.867619811167074317e+02
2.869564658618075441e+02
2.870430196634689537e+02
2.870993151981219853e+02
2.868539452727941921e+02
2.869041629997992118e+02
2.870604380915980869e+02
2.871143672823667998e+02
2.869755117901005974e+02
2.867523824384010709e+02
2.868693900763238958e+02
2.870676201192631538e+02
2.871104488317383243e+02
2.868219259323174697e+02
2.868214175164596895e+02
2.869699115548737041e+02
2.870704771401501603e+02
2.868059011743918632e+02
2.867207230431894800e+02
2.870181100231022810e+02
2.871508463096276387e+02
2.868818945346362739e+02
2.868669895442488951e+02
2.869915226647343616e+02
2.869284809060548014e+02
2.868392898229080288e+02
2.865426709211205321e+02
2.867421101884136192e+02
2.870276671135484889e+02
2.868349322490276450e+02
2.867999000617371621e+02
2.868686017945751701e+02
2.870191963888727855e+02
2.867612367672549567e+02
2.869059941842060653e+02
2.869224664612142419e+02
2.869205497269244347e+02
2.870266371346750134e+02
2.870258014616247237e+02
2.870605672964123301e+02
2.871823112855196314e+02
2.869007575052197581e+02
2.868429048464182074e+02
2.868552819301204977e+02
2.868677911973281880e+02
2.870002590392616071e+02
2.871303608950113926e+02
2.869981722666132669e+02
2.868403581631705492e+02
2.868658933496216719e+02
2.872479415008930914e+02
2.872117395278546041e+02
2.868145933304343203e+02
2.867875774775207560e+02
2.870976721252164339e+02
2.871571586225367128e+02
2.869354289571676304e+02
2.869631362627361568e+02
2.870686100659290219e+02
2.870233912719398859e+02
2.867613608851770550e+02
2.867901253063221816e+02
2.868180767404170410e+02
2.869316803127645130e+02
2.870055053342987890e+02
2.869674692752265628e+02
2.869791794058228902e+02
2.871421870355232500e+02
2.868948343616595480e+02
2.868109708853546067e+02
2.868905730557190168e+02
2.871136137640691004e+02
2.869902154464729165e+02
2.867996734342436298e+02
2.870341647676652883e+02
2.872316531062901390e+02
2.871426278991928029e+02
2.870131179682117590e+02
2.870085174027463495e+02
2.872203889956983289e+02
2.870428460932017174e+02
2.867783204764135689e+02
2.867381850696971242e+02
2.869731911283617478e+02
2.869793946208826014e+02
2.871783571124598780e+02
2.872549807225753966e+02
2.869830722702244543e+02
2.868762515821485408e+02
2.869294974624060046e+02
2.869919464048349482e+02
2.869176056582326169e+02
2.869706565972946350e+02
2.871065921121094107e+02
2.870263148826694533e+02
2.866494159310521468e+02
2.867341884364075781e+02
2.870191194054659718e+02
2.869819260091787214e+02
2.867996949528287587e+02
2.868535726104914829e+02
2.869955662839311685e+02
2.870759230651181042e+02
2.868166110128221362e+02
2.867815142285742809e+02
2.869807770154481545e+02
2.871362857182885477e+02
2.868337122695612038e+02
2.867106705772647501e+02
2.869221020214944815e+02
2.871575725090841047e+02
2.871682641917549859e+02
2.869082307582967246e+02
2.870727002412543811e+02
2.871466329375477926e+02
2.868688389071875235e+02
2.867788978648941338e+02
2.870364201170897900e+02
2.871367049132189209e+02
2.868631508604120199e+02
2.867693475704757020e+02
2.870400451491598233e+02
2.870232413493594663e+02
2.866914752349649120e+02
2.867368998269357121e+02
2.870553573465758177e+02
2.868869591584594900e+02
2.867507700213491830e+02
2.869276484056309187e+02
2.869570846413324148e+02
2.867455171195268235e+02
2.868258290017847116e+02
2.870321080503301800e+02
2.871567589697679637e+02
2.868842748144731445e+02
2.868263266028819203e+02
2.869230294073209961e+02
2.871182207146012502e+02
2.870943577089616952e+02
2.868113528767914886e+02
2.868490102640971031e+02
2.870890221228011683e+02
2.867904688295931805e+02
2.867787557263236522e+02
2.868672590601217394e+02
2.871316178805325876e+02
2.868302908003478819e+02
2.866118188821203034e+02
2.866415987027403389e+02
2.869780554517724340e+02
2.868933244075854532e+02
2.868349270188409719e+02
2.871315554133317391e+02
2.869915214184597403e+02
2.867711388398001304e+02
2.867642243066702576e+02
2.869223560926682239e+02
2.870067240535003634e+02
2.870439916566124339e+02
2.869149021770046488e+02
2.869062741374052052e+02
2.869047881607328350e+02
2.868693993111766645e+02
2.868573911341945859e+02
2.868545118058630123e+02
2.870978025839767156e+02
2.869218559752163173e+02
2.867324865486252747e+02
2.868338253825282322e+02
2.871345890840091784e+02
2.871619661045091334e+02
2.868125500250881714e+02
2.868256013646369524e+02
2.869392241481418182e+02
2.870814868619186768e+02
2.870105450222076229e+02
2.869809285005341053e+02
2.870338141126895835e+02
2.871718833118176804e+02
2.869086260572886431e+02
2.868798764554567811e+02
2.868548425192033733e+02
2.869206536142871187e+02
2.870783979195312554e+02
2.869546293411972897e+02
2.869909620800825110e+02
2.869256919457919253e+02
2.870282250522026857e+02
2.868819077340638728e+02
2.868747381863691430e+02
2.869271919972783849e+02
2.870655923346587315e+02
2.871048444000127233e+02
2.868041410980281398e+02
2.868883756715178492e+02
2.871053722517037272e+02
2.870725044550124494e+02
2.870822447583035455e+02
2.871268048550401204e+02
2.871807039277630338e+02
2.869180054494666479e+02
2.869146524085065835e+02
2.869296832966314810e+02
2.870514097242470370e+02
2.870238282886953129e+02
2.871051178289392851e+02
2.870596878507437850e+02
2.870258501185259092e+02
2.870894119198761700e+02
2.872205414054192829e+02
2.868155956282061538e+02
2.866762940500361196e+02
2.869047469606305754e+02
2.871194866195036752e+02
2.868967027671919823e+02
2.869641541289228712e+02
2.872170001749454400e+02
2.870317554183043285e+02
2.869011901673079592e+02
2.869884695014627027e+02
2.870410528867921585e+02
2.871364553968774089e+02
2.872447868647108749e+02
2.870564957962649260e+02
2.867306502337677898e+02
2.867819639884048684e+02
2.870764504796654819e+02
2.871188739801445422e+02
2.868269753015151764e+02
2.868968261634071837e+02
2.870751545707286709e+02
2.872154338350735543e+02
2.868681483161710162e+02
2.870455796680868161e+02
2.872028450401334680e+02
2.871693110758170064e+02
2.870735104460317189e+02
2.869178046115925440e+02
2.870443127680508724e+02
2.870993439821202742e+02
2.872018715654829180e+02
2.869382865888185279e+02
2.868793832298072743e+02
2.870189557800001694e+02
2.871377715365860581e+02
2.871665178636114888e+02
2.868902042659357221e+02
2.868148185839254438e+02
2.869616952074149481e+02
2.870737386195719409e+02
2.870432591439211478e+02
2.868420237037792617e+02
2.870265535528859573e+02
2.870696275271580475e+02
2.868663159298864684e+02
2.869437101340404297e+02
2.870448723204274870e+02
2.869294831667271524e+02
2.868847149999970156e+02
2.869842825075081123e+02
2.871586715861124048e+02
2.867843434687962940e+02
2.866228397501981817e+02
2.869134801486954984e+02
2.871245021935927753e+02
2.870388687290569578e+02
2.870260967074679002e+02
2.868392659600976913e+02
2.870632420877579420e+02
2.873372622470126885e+02
2.870975631544247335e+02
2.869955658647055543e+02
2.869484964037314398e+02
2.869455643085103134e+02
2.871575081109110101e+02
2.870458536721827727e+02
2.868482763980836694e+02
2.869471993498261213e+02
2.872079570861348543e+02
2.872270346995707087e+02
2.868994200613848875e+02
2.868763805953610131e+02
2.872437919609780579e+02
2.870353650507360612e+02
2.869999544624113810e+02
2.870737384148454225e+02
2.870878599333156558e+02
2.869022296729434061e+02
2.869303502354542275e+02
2.871266739075911687e+02
2.871424906626473899e+02
2.870293628285625687e+02
2.869364150858035032e+02
2.868522134419827694e+02
2.870674090688481215e+02
2.871250331512898697e+02
2.867050467098636659e+02
2.867142899717337627e+02
2.867249083792880242e+02
2.869545934362607227e+02
2.870562755464766269e+02
2.868322992006999925e+02
2.868592057293546418e+02
2.871420605140788211e+02
2.872219061487733711e+02
2.870812181873228610e+02
2.868610342161874769e+02
2.869362495976367882e+02
2.870092947781186012e+02
2.870713434058433222e+02
2.871085684811128544e+02
2.870712596648439217e+02
2.869062857395088599e+02
2.868990831991532673e+02
2.869969657030721351e+02
2.869249995804537434e+02
2.872228055083888876e+02
2.872370889191327592e+02
2.867698236606459545e+02
2.867967264883932899e+02
2.868921747267892783e+02
2.871348017631299285e+02
2.869480607507534842e+02
2.867689086595769936e+02
2.868519698756623484e+02
2.869099499195599492e+02
2.869750613499240330e+02
2.867622209566648621e+02
2.867338552573967831e+02
2.871565532944313759e+02
2.870928647758132115e+02
2.869649284911618565e+02
2.870306334067932994e+02
2.870446291998974289e+02
2.870228368834788739e+02
2.870059620593698924e+02
2.870133866910928191e+02
2.869604981482421522e+02
2.868661180392036272e+02
2.869476722046561576e+02
2.869994349880512345e+02
2.869340255364312497e+02
2.866785309497883532e+02
2.868634968353298405e+02
2.871224679723032978e+02
2.869162325684162056e+02
2.868703791112893100e+02
2.869908069100467287e+02
2.871386572040753435e+02
2.871457655797010489e+02
2.868817148967941080e+02
2.868657331368960399e+02
2.870436934117968804e+02
2.869985566337875298e+02
2.867240671330731061e+02
2.868006105941693704e+02
2.869259279837747272e+02
2.868500808486332403e+02
2.866464907398358832e+02
2.868177441964922423e+02
2.869304878238653487e+02
2.866802666437420157e+02
2.867909738602985499e+02
2.870741991695259117e+02
2.871359902099306396e+02
2.869333508726695641e+02
2.867646967873004087e+02
2.868804027832704264e+02
2.870877335569217053e+02
2.870830418381646609e+02
2.867576236976912583e+02
