2.400171450689946369e+02
2.399463361116662554e+02
2.399565137400169306e+02
2.396269319141469794e+02
2.396531545225435877e+02
2.399668300056899000e+02
2.398808658361409414e+02
2.397956180456028221e+02
2.396999107050622513e+02
2.398980250507429162e+02
2.399150634591190965e+02
2.399263213978042586e+02
2.398187770949709829e+02
2.398915822489550180e+02
2.399741863059921343e+02
2.397542690411028161e+02
2.398942196228189232e+02
2.401115691830000571e+02
2.397852670948850573e+02
2.400352004630935028e+02
2.398236176708055609e+02
2.397237602310833608e+02
2.399866790150184954e+02
2.402286391419145275e+02
2.403584943861953036e+02
2.401303937919002180e+02
2.399846553525562456e+02
2.402554746335513016e+02
2.406661054668938107e+02
2.401900772390435748e+02
2.401344349018060882e+02
2.401034175914807349e+02
2.399580141761696268e+02
2.401308492942233954e+02
2.398628001269593426e+02
2.400589864128517092e+02
2.402659516056346547e+02
2.401293261728156097e+02
2.402976196947795131e+02
2.404153818885743021e+02
2.405893905700451114e+02
2.403593156507617721e+02
2.403353815630491965e+02
2.406118317328334797e+02
2.405015682151845056e+02
2.403063152960993420e+02
2.400183166782316277e+02
2.404657496965099597e+02
2.406668960584837862e+02
2.406800714175988105e+02
2.405977658675123223e+02
2.405235417872382016e+02
2.405608767965854042e+02
2.408451498181385375e+02
2.407273961232225474e+02
2.407322232590108513e+02
2.407238618070445000e+02
2.407637893650662875e+02
2.406939031546446586e+02
2.406342089572515590e+02
2.407086209863834654e+02
2.408769374749308838e+02
2.409901132585193011e+02
2.409550656831131903e+02
2.410125740182722893e+02
2.410383098997756690e+02
2.414279956652428609e+02
2.412484698006159078e+02
2.410421700525090785e+02
2.413075596537987906e+02
2.412911450675820504e+02
2.412099057648757992e+02
2.413842499154574455e+02
2.412473265077567532e+02
2.412663126125695783e+02
2.411643242096711219e+02
2.412864848095460957e+02
2.415378763796164776e+02
2.412765310516495276e+02
2.408507265294050796e+02
2.411679145433133726e+02
2.414267137604139180e+02
2.416798263953347714e+02
2.417379068869562104e+02
2.415540941496935829e+02
2.416504952087039158e+02
2.416903407187074606e+02
2.416370460512180216e+02
2.414913063367497728e+02
2.415797420962245496e+02
2.416081371285198429e+02
2.416997499493956809e+02
2.418685922921770270e+02
2.417211942591913214e+02
2.415882663330864943e+02
2.418175171236497079e+02
2.419134083480853690e+02
2.415947659265990808e+02
2.418878390304661536e+02
2.420590020959311630e+02
2.415025255050653641e+02
2.417755645550274437e+02
2.423314361457671566e+02
2.421650832079521081e+02
2.420220759424031201e+02
2.423941426252621341e+02
2.420852359664035873e+02
2.421234916158466319e+02
2.423458110237161236e+02
2.421811350056741219e+02
2.421969635492613122e+02
2.424124578549483715e+02
2.423423090059013418e+02
2.425380928647218468e+02
2.423194770824198088e+02
2.421195243551977399e+02
2.421621931433930115e+02
2.425262634367768726e+02
2.428627592855942510e+02
2.423206530753329560e+02
2.427386889989967358e+02
2.425078835527440049e+02
2.426079881210504254e+02
2.430106608798047603e+02
2.430092527266245668e+02
2.428828960983647676e+02
2.428180448769740281e+02
2.431061093040463845e+02
2.429560116629253059e+02
2.429862531178888787e+02
2.430400821115006522e+02
2.430211333055184184e+02
2.430222149302160233e+02
2.429330192675217859e+02
2.429869179608074603e+02
2.433668207102069800e+02
2.429569441777233862e+02
2.429709796306416365e+02
2.428681628329051421e+02
2.432271634230010307e+02
2.431335679206606528e+02
2.432642406452536932e+02
2.432861709468853633e+02
2.433541906029717268e+02
2.435104228765303276e+02
2.433376268169122625e+02
2.435251204195667469e+02
2.434546665704829138e+02
2.431771722133600804e+02
2.436275140166104336e+02
2.435972410575012930e+02
