2.385725842033135393e+02
2.381586978122147684e+02
2.379121149743442913e+02
2.381514413448278447e+02
2.384496448945012617e+02
2.379580408742926920e+02
2.377992698068469792e+02
2.381159538368225128e+02
2.378789446620860417e+02
2.378372181716072191e+02
2.380176892537521383e+02
2.379725783370319334e+02
2.377999546780305309e+02
2.381490767313083552e+02
2.379759422793734984e+02
2.378212313199400114e+02
2.379224674087281812e+02
2.381258475731349336e+02
2.378463383228726968e+02
2.377874587290772013e+02
2.384140799122170336e+02
2.380998364422374607e+02
2.380028665210865029e+02
2.381406266384141475e+02
2.377377763077520001e+02
2.379928736723502141e+02
2.382770076073616110e+02
2.379731619967021743e+02
2.380107706103567580e+02
2.380164379438264461e+02
2.378151283726616612e+02
2.386199397703943248e+02
2.377195576188295547e+02
2.376031969252451290e+02
2.371135569356084432e+02
2.375407658013940875e+02
2.378657583163505649e+02
2.378527268026445824e+02
2.378950069662402029e+02
2.377654131363951819e+02
2.379010909489474841e+02
2.375152037754701269e+02
2.382151163074080102e+02
2.377079576488513624e+02
2.378815670874881505e+02
2.378794269695768833e+02
2.377754092844253080e+02
2.378955875566095983e+02
2.379670189489796428e+02
2.377567767498688625e+02
2.379461185168221391e+02
2.377534748128192916e+02
2.382274978888222847e+02
2.377358770254180342e+02
2.379568300672541739e+02
2.377812516022156331e+02
2.379642829949893041e+02
2.376644389168474447e+02
2.378833151712231881e+02
2.376404772540239776e+02
2.378976905599523946e+02
2.377943241077248047e+02
2.375003730515891505e+02
2.378674353642225867e+02
2.377706323678594060e+02
2.378985497349982268e+02
2.381440843888289294e+02
2.381295692707068667e+02
2.379980815191644581e+02
2.377865647253874783e+02
2.377317231977490621e+02
2.379442730258345762e+02
2.379543264507866525e+02
2.378278636478359260e+02
2.379522842102454376e+02
2.382606612673936297e+02
2.380511860363933465e+02
2.380315026482818155e+02
2.381130112613686833e+02
2.381699735410726646e+02
2.378628727591474217e+02
2.384429779259085365e+02
2.379696443614170391e+02
2.382976592188905727e+02
2.380775052143916071e+02
2.380550122722765707e+02
2.382938416166680611e+02
2.380437894908591261e+02
2.381345677047618210e+02
2.382557501410680914e+02
2.383793565892684398e+02
2.381449344525790082e+02
2.379792395806705372e+02
2.384439100903538531e+02
2.378928306549388765e+02
2.380748553961314258e+02
2.383026302902636360e+02
2.381216459288121143e+02
2.380765815780350749e+02
2.383353866769089109e+02
2.380399074324048172e+02
2.382776732699421984e+02
2.382810758401223268e+02
2.381787231435582726e+02
2.383553828063747915e+02
2.379064882403229433e+02
2.379775706898649617e+02
2.381051491628566907e+02
2.381765746822810570e+02
2.383839043325955345e+02
2.379009781605524552e+02
2.378428333396925325e+02
2.382804776070615844e+02
2.378579878703654913e+02
2.377059017967590933e+02
2.376840220487699753e+02
2.375591066571865042e+02
2.377031406540411353e+02
2.377045931514250015e+02
2.375721909873110462e+02
2.375280072970851677e+02
2.379942223604886919e+02
2.376495554134355928e+02
2.375024683528438061e+02
2.375234929184408941e+02
2.374171696312364475e+02
2.375764105755916660e+02
2.373150180067129611e+02
2.372322396613242006e+02
2.374434104171030810e+02
2.371401480885373303e+02
2.371686835691554904e+02
2.371018506275318032e+02
2.376542116994557148e+02
2.372860552560772192e+02
2.370603912691392452e+02
2.372099696908340718e+02
2.369599381830978757e+02
2.369523304169556468e+02
2.373018307203043094e+02
2.370271323960865004e+02
2.369879815747084137e+02
2.363861993840994273e+02
2.367159812610272240e+02
2.372282914272505252e+02
2.369986046369780581e+02
2.371447343361444382e+02
2.371444798510858902e+02
2.371397966216031534e+02
2.373587238600629234e+02
2.372994973273902417e+02
2.371979461301403092e+02
2.371358414635036809e+02
2.369414731080032652e+02
2.368976347521200978e+02
2.370508118407593372e+02
2.372464125917142894e+02
2.372569494091918898e+02
2.370773869734736934e+02
2.372949724754977012e+02
2.371132594171877201e+02
2.370623599269293607e+02
2.371408764821230477e+02
2.372202197220802020e+02
2.372631294792007566e+02
