2.346621862407236279e+02
2.356993579953475830e+02
2.366587324163226640e+02
2.382750016521595171e+02
2.383619876109617337e+02
2.383889615959900823e+02
2.386472958776482756e+02
2.388007268503853311e+02
2.384885920020569472e+02
2.388683740316992896e+02
2.397062822553166086e+02
2.387605036015338271e+02
2.382525756354738462e+02
2.385290611687830449e+02
2.392330606845081604e+02
2.397074347562703736e+02
2.398794993855520090e+02
2.401400644172839236e+02
2.393961029788719941e+02
2.388502861962573718e+02
2.390571414373531525e+02
2.397405506760305514e+02
2.392013522906998730e+02
2.393696984655034896e+02
2.395927321466205058e+02
2.392940510114585777e+02
2.390859864112806292e+02
2.396557638357385542e+02
2.388063726389515296e+02
2.387469151596504844e+02
2.392087456378469312e+02
2.391485811361520746e+02
2.394452403263310032e+02
2.394230928145435655e+02
2.391333523423803626e+02
2.391392025597077691e+02
2.394982481235450962e+02
2.392984694153360863e+02
2.394197709690559179e+02
2.397290891379451523e+02
2.394972216563916163e+02
2.394235071766936755e+02
2.399492720496281208e+02
2.394931643312754943e+02
2.395972594284111494e+02
2.394270993767266873e+02
2.396425582712827520e+02
2.397143524856528529e+02
2.391728464687922724e+02
2.391330711854361653e+02
2.395682350981576292e+02
2.393843042931655702e+02
2.391905487470647813e+02
2.397344082768348414e+02
2.389078397474288238e+02
2.393033769197490983e+02
2.397633769415125471e+02
2.395569716072926383e+02
2.398337257071134445e+02
2.396603203068137020e+02
2.391862898507909279e+02
2.389408559373568721e+02
2.395194342210925242e+02
2.398339750491504390e+02
2.402867482994928423e+02
2.395662310342137005e+02
2.396543582289855010e+02
2.405429656878727371e+02
2.397426771634726776e+02
2.395473197993212580e+02
2.400167931154703354e+02
2.397177414089665319e+02
2.398405587106095993e+02
2.400706960486223522e+02
2.393658148139185471e+02
2.395063805812085036e+02
2.399810759557508391e+02
2.403959664170183714e+02
2.397993197814538178e+02
2.399225290757802043e+02
2.399942156436836740e+02
2.402786051621536672e+02
2.397949583781438889e+02
2.400250908279697626e+02
2.403819713195040322e+02
2.394314717148758689e+02
2.396537739076736386e+02
2.398446721347185360e+02
2.405079349910937196e+02
2.393169886549974308e+02
2.395624628670595939e+02
2.405258545745009542e+02
2.404861540706771450e+02
2.401961376602835969e+02
2.404547517679766031e+02
2.403960560860943758e+02
2.407629509918607766e+02
2.399659171270584466e+02
2.402529678585421777e+02
2.400330620743432064e+02
2.402202556059346819e+02
2.402798264069182039e+02
2.405670323824983825e+02
2.399968138234144988e+02
2.399141946345888528e+02
2.403801058900365604e+02
2.405138348564290709e+02
2.397465314917761816e+02
2.400291751400088742e+02
2.405853709521908002e+02
2.402199048450068801e+02
2.400701863946910635e+02
2.401159005067851524e+02
2.410268218110295777e+02
2.402263767062887325e+02
2.397303486153070082e+02
2.401019836578528839e+02
2.408844583966488244e+02
2.398235952832143028e+02
2.400501182148211967e+02
2.407027316208798311e+02
2.400944085469182312e+02
2.400839713799313415e+02
2.404396977268300759e+02
2.409111060449578190e+02
2.402244536812905835e+02
2.403977698876829265e+02
2.405238571384227555e+02
2.399253260786462363e+02
2.399664713811009733e+02
2.406744948507419224e+02
2.402718743988673396e+02
2.400367404710687254e+02
2.406361522814888758e+02
2.407044736672003182e+02
2.405422308599937367e+02
2.402609354430506698e+02
2.405194709658917134e+02
2.413340175947786577e+02
2.403916841710496328e+02
2.402632854779060381e+02
2.401573626039173348e+02
2.406156171132842019e+02
2.406516540362368630e+02
2.408167933395997125e+02
2.406974178301655911e+02
2.412017661482826725e+02
2.403266796588767136e+02
2.398841899219839888e+02
2.405167580937146568e+02
