2.883466628297662169e+02
2.887872366415891179e+02
2.893804324152201275e+02
2.898873896785006536e+02
2.897910165786560697e+02
2.898680120149177810e+02
2.900925104889607837e+02
2.901440204214263190e+02
2.900928059906494241e+02
2.903716968089480019e+02
2.905413033304111536e+02
2.901015136849558758e+02
2.899440888761008068e+02
2.900097029913929987e+02
2.902666653296274717e+02
2.905404177240846479e+02
2.907796200928351595e+02
2.907650939815553670e+02
2.904069322333589298e+02
2.901992582178980342e+02
2.902541341402102830e+02
2.904716958192940410e+02
2.903080456466967121e+02
2.904058577290367111e+02
2.905022817934658974e+02
2.903664453538615930e+02
2.902711417891727592e+02
2.904536352364989398e+02
2.900708999710670923e+02
2.900536828221325436e+02
2.903385921447745091e+02
2.902213202629054649e+02
2.904133060592482138e+02
2.904821029279530080e+02
2.902866092980633539e+02
2.902284057290723922e+02
2.904221780139268958e+02
2.903050744632801639e+02
2.906193668456041337e+02
2.905292989469219265e+02
2.902995567738246905e+02
2.904896212573372054e+02
2.906712537922907700e+02
2.903641133575383151e+02
2.902434093877781152e+02
2.904139294064257797e+02
2.905123064651320988e+02
2.904214685968647700e+02
2.902742882409784215e+02
2.905005927226214339e+02
2.904992006469197463e+02
2.902689670221258780e+02
2.903825166266892666e+02
2.905468994981733886e+02
2.902645157731133736e+02
2.903120184040652134e+02
2.905154712158969801e+02
2.905090692459144748e+02
2.905752823656321766e+02
2.904271508375582584e+02
2.902209953059746113e+02
2.903055336241612849e+02
2.905150067257760043e+02
2.907388570901945855e+02
2.906526004655333963e+02
2.904004310636058221e+02
2.905941643339267557e+02
2.908388437517186844e+02
2.904391910811783077e+02
2.904988840603269864e+02
2.906944182235831136e+02
2.906630490290755802e+02
2.908630371530852017e+02
2.906924293472704335e+02
2.903512350637274153e+02
2.905346552390332704e+02
2.908688976399011494e+02
2.907878397542710900e+02
2.906255055099534843e+02
2.906997293960118327e+02
2.907260365854089628e+02
2.908047435758091410e+02
2.905972351050804150e+02
2.908473683216834047e+02
2.907345459235066869e+02
2.903242518600768562e+02
2.903915095463316902e+02
2.907332973516129755e+02
2.909057909837036391e+02
2.904801230235366916e+02
2.905569884468285977e+02
2.909996100655507121e+02
2.908941031878993613e+02
2.907461489288213556e+02
2.908874284433182424e+02
2.909829671854843696e+02
2.909093968310493779e+02
2.906216972434800141e+02
2.909242304125231726e+02
2.907753313069802630e+02
2.906787152635400275e+02
2.910163170007818962e+02
2.909762105485729080e+02
2.905735519859662759e+02
2.906354455170434790e+02
2.909796037340392445e+02
2.908822206646789823e+02
2.905587935230561811e+02
2.907514588561439837e+02
2.909228367764730478e+02
2.906728684687481632e+02
2.907992721393016495e+02
2.909764968988036458e+02
2.911827596732678671e+02
2.908173237317290614e+02
2.905997700023271477e+02
2.908895264503241265e+02
2.909353557020496055e+02
2.905653918091524588e+02
2.908038281199198991e+02
2.909938436149021754e+02
2.906652570569850127e+02
2.906768508166495053e+02
2.910489823435324865e+02
2.910619075860117277e+02
2.907950877451260681e+02
2.908711153301890704e+02
2.908147480940481842e+02
2.905482113772791308e+02
2.907483485351595505e+02
2.909743563499360448e+02
2.907213962385009722e+02
2.906952972584857662e+02
2.909529456450326279e+02
2.910882308730313071e+02
2.909531773631306919e+02
2.909157052817270710e+02
2.911190853950311634e+02
2.913335919021253062e+02
2.908287771782422055e+02
2.908472893230489262e+02
2.908001944321301266e+02
2.910423585671269961e+02
2.911051625853691576e+02
2.910344181903729464e+02
2.911348757710711084e+02
2.911733063244215032e+02
2.907209333410586964e+02
2.908312381471587855e+02
2.910861302595799884e+02
