2.401181724906608395e+02
2.400313994566833173e+02
2.402515540976115744e+02
2.403042497503524544e+02
2.401408462012004748e+02
2.399286806577148639e+02
2.401361241219210285e+02
2.401365079435921359e+02
2.401439573196528272e+02
2.400351141023867001e+02
2.399001113913820689e+02
2.399695630264738782e+02
2.400708683324631636e+02
2.400594779238970489e+02
2.398177012311838325e+02
2.399581573582225644e+02
2.400049211418707955e+02
2.397676029494283512e+02
2.398873169104143699e+02
2.395587853497929416e+02
2.398028684510832989e+02
2.401234597477437376e+02
2.397774250455994149e+02
2.396188012247571351e+02
2.396988440685683202e+02
2.397446254534922616e+02
2.400560094352109388e+02
2.396502438277258591e+02
2.398931932829505911e+02
2.398692948533575588e+02
2.401543685540292188e+02
2.394767081076612385e+02
2.395655596343279967e+02
2.397673590752678194e+02
2.401743691478841640e+02
2.397857190455076761e+02
2.399321559244112620e+02
2.401241369334782405e+02
2.402289989099546403e+02
2.400216160011534896e+02
2.401954448236877226e+02
2.398432778068070945e+02
2.397406402391061704e+02
2.400490335369855472e+02
2.399180075055925556e+02
2.399250710003622089e+02
2.395623768433339649e+02
2.395861771715678969e+02
2.396327289427540279e+02
2.396636042437806680e+02
2.396138573186155725e+02
2.395717213176735925e+02
2.399732535678198531e+02
2.398154159767804856e+02
2.398865418245156036e+02
2.399475892363815035e+02
2.397677997407791963e+02
2.398975712505839510e+02
2.401156902303504523e+02
2.399757406218143387e+02
2.396389919705148657e+02
2.396573767618176589e+02
2.399344791633076284e+02
2.394926726101930115e+02
2.400760832116758081e+02
2.399424387220359733e+02
2.397556085450040655e+02
2.397107131299700029e+02
2.397853848015114124e+02
2.397502675797781819e+02
2.396448199665114771e+02
2.398526686021786816e+02
2.398061810679137409e+02
2.395187306394349207e+02
2.394354110165222664e+02
2.393704247850953095e+02
2.398148709062222395e+02
2.395841035502577085e+02
2.396835627391650689e+02
2.399055861446393294e+02
2.397794575783553626e+02
2.396080589217013141e+02
2.397231254450017843e+02
2.398371904016187557e+02
2.396980838298548235e+02
2.397782587802292653e+02
2.397846457031985210e+02
2.398494163715830894e+02
2.396359251987325081e+02
2.397231777554037535e+02
2.394199389125371056e+02
2.398943691390458923e+02
2.394139663922480565e+02
2.393668655034916810e+02
2.395975258346763610e+02
2.397035512819099949e+02
2.396486076525064846e+02
2.395612891200997581e+02
2.395531860933091650e+02
2.397582163463999620e+02
2.396238798453436800e+02
2.397347640670582223e+02
2.395736427454047828e+02
2.395838806070690055e+02
2.395106201772699706e+02
2.396966798173798168e+02
2.397424660165138448e+02
2.395062543518633618e+02
2.394858778102116332e+02
2.396059427960688026e+02
2.396356485246290049e+02
2.393536832684959847e+02
2.391738947040458925e+02
