3.402653473827593302e+02
3.402649597100721621e+02
3.402649596307974775e+02
3.402649595197047461e+02
3.402649595549895594e+02
3.402990197995359836e+02
3.402639890004388690e+02
3.402639890520377435e+02
3.402639888882853825e+02
3.402639890402662672e+02
3.402639890356454657e+02
3.402639891291693175e+02
3.402639888847850784e+02
3.402639889783485501e+02
3.402639890593877112e+02
3.402639889452228203e+02
3.402639889879495740e+02
3.402639889810778300e+02
3.402639888480478589e+02
3.402639889047187012e+02
3.402639890444046955e+02
3.402639888025366304e+02
3.402639888398452968e+02
3.402639887653788833e+02
3.402639886880670019e+02
3.402639891150793687e+02
3.402639887349070591e+02
3.402639888489595137e+02
3.402639889358015921e+02
3.402639889190470512e+02
3.402639884683657669e+02
3.402639890335861992e+02
3.402639888040508822e+02
3.402639888749092165e+02
3.402639893279556418e+02
3.402639895645042998e+02
3.402639894675710934e+02
3.402639894026030447e+02
3.402639894068910849e+02
3.402639894620604082e+02
3.402639893158871018e+02
3.402639893885420292e+02
3.402639894468942430e+02
3.402639894670434728e+02
3.402639893743250923e+02
3.402639892708841103e+02
3.402639894177380597e+02
3.402639894083432068e+02
3.402639894141156560e+02
3.402639892514173994e+02
3.402639895182731493e+02
3.402639896988487749e+02
3.402639893272297513e+02
3.402639893322377134e+02
3.402639892246867248e+02
3.402639892253918674e+02
3.402639895232119329e+02
3.402639892977848035e+02
3.402639891955357712e+02
3.402639892879875561e+02
3.402639892578758349e+02
3.402639893007915930e+02
3.402639891909246330e+02
3.402639892247291868e+02
3.402639891985022018e+02
3.402639891065120423e+02
3.402639892012031737e+02
3.402639892716010763e+02
3.402639890917690195e+02
3.402639891193501853e+02
3.402639891224872031e+02
3.402639892176775334e+02
3.402639892046279328e+02
3.402639891907759306e+02
3.402639891917834234e+02
3.402639891434212132e+02
3.402639890158046683e+02
3.402639891627508746e+02
3.402639891950079232e+02
3.402639888631089207e+02
3.402639889480013267e+02
3.402639891687429667e+02
3.402639890480418785e+02
3.402639891502912519e+02
3.402639891787596866e+02
3.402639889605669055e+02
3.402639891833421188e+02
3.402639889942785203e+02
3.402639891475735112e+02
3.402639890274699610e+02
3.402639891540127906e+02
3.402639888970792299e+02
3.402639890337130169e+02
3.402639890039794182e+02
3.402639890349891516e+02
3.402639889589156610e+02
3.402639889160491862e+02
3.402639889122219756e+02
3.402639889361036580e+02
3.402639889987792117e+02
3.402639889724600835e+02
3.402639887672933696e+02
3.402639889091704504e+02
3.402639888553722471e+02
3.402639890398017997e+02
3.402639887958482063e+02
3.402639888518420435e+02
3.402639887824603875e+02
3.402639889946495941e+02
3.402639888797631329e+02
3.402639887672664827e+02
3.402639887288098066e+02
3.402639886786093371e+02
