9.842835275989121158e+01
9.858100829436301638e+01
9.846543849254182135e+01
9.851867354395169230e+01
9.837309539621311671e+01
9.814813882930963018e+01
9.828889746990329002e+01
9.857434581713566502e+01
9.829398098884632873e+01
9.855512076669286614e+01
9.842430886656897826e+01
9.822616355203906835e+01
9.834851354234233156e+01
9.807810208724254153e+01
9.833513102548461404e+01
9.820075929459439124e+01
9.836992104146408167e+01
9.870648724055837420e+01
9.877965386577788820e+01
9.874937513871255135e+01
9.839435852340398014e+01
9.829440970145471113e+01
9.869218514950773624e+01
9.841965278731636602e+01
9.852814776299696575e+01
9.807829499499990789e+01
9.841357029734139417e+01
9.838853768190635662e+01
9.815466570526830026e+01
9.820376990580608378e+01
9.820631076104585588e+01
9.839921700023292317e+01
9.843130396422277784e+01
9.810119492608909297e+01
9.843233455913029673e+01
9.818475113285619216e+01
9.816215106643778654e+01
9.847151385373202004e+01
9.812576534027856212e+01
9.819983642935312673e+01
9.813126379871239635e+01
9.823761654303088164e+01
9.803899153900204055e+01
9.794439462335628832e+01
9.815152406628938309e+01
9.850521877835096518e+01
9.822655640070466632e+01
9.815095740870691543e+01
9.826482156881326091e+01
9.825301737331739105e+01
9.838757309196203948e+01
9.809360018629816125e+01
9.808082515151868108e+01
9.824788373661662888e+01
9.802717123410526767e+01
9.794312435954623197e+01
9.798379904375059368e+01
9.818031157331665781e+01
9.806795379722059636e+01
9.827582072330612561e+01
9.813008435887418557e+01
9.847105708724144790e+01
9.838189496280138258e+01
9.822574976564389715e+01
9.779445642764420654e+01
9.819948511293108595e+01
9.814403806718685530e+01
9.830899907555777872e+01
9.807633001588703792e+01
9.815599682542170967e+01
9.770170586785927469e+01
9.827884262196060661e+01
9.787609932662320489e+01
9.840415889533004190e+01
9.830170266406582869e+01
9.821313786722187444e+01
9.811817001994126031e+01
9.825046155885870292e+01
9.812031474950295262e+01
9.800407817179278425e+01
9.809170924721223628e+01
9.811065893178590613e+01
9.803298264940013951e+01
9.810359366786177304e+01
9.812726808174356563e+01
9.822121142577371700e+01
9.803123563326768419e+01
9.788193733789042028e+01
9.819732493372498539e+01
9.810854852614976096e+01
9.841468634272433746e+01
9.841418376259048273e+01
9.837098237950441160e+01
9.807380390965330719e+01
9.806957097637541665e+01
9.804813038543973391e+01
9.805654765879729950e+01
9.808398520587375913e+01
9.810205574272679030e+01
9.776519231937432153e+01
9.786587008325612658e+01
9.783906415003620793e+01
9.805135534768039918e+01
9.812105969058548283e+01
9.771290744858215760e+01
9.795853152007968845e+01
9.787306508141010397e+01
9.796501830322023352e+01
9.832083237636807382e+01
9.790388054549765684e+01
9.820728987780175601e+01
9.823024863086199332e+01
9.816227233208731207e+01
