2.862910770832407366e+02
2.863146204591810147e+02
2.863539257436075900e+02
2.862914312792832447e+02
2.863296623539611687e+02
2.863469517717005033e+02
2.864612153349840469e+02
2.864284262934998537e+02
2.863973098991107236e+02
2.864643270185709980e+02
2.863736555742495966e+02
2.865080143614063104e+02
2.864115102900797183e+02
2.864858322504154557e+02
2.864925735694620812e+02
2.865316757607278646e+02
2.865827769705847459e+02
2.864695942182280533e+02
2.865089239427048255e+02
2.864473277410075411e+02
2.866109980948651241e+02
2.867319272112515023e+02
2.866032613252154988e+02
2.865630161861169540e+02
2.864882269172658766e+02
2.866664011500612901e+02
2.867110689623769986e+02
2.866894115035513551e+02
2.867513271199648557e+02
2.868449002124333447e+02
2.867791874742757727e+02
2.866305641150203769e+02
2.867325379910720926e+02
2.868431936198958283e+02
2.869943772274402249e+02
2.869230674870288453e+02
2.869571789743144450e+02
2.870547170036053899e+02
2.871202505561353178e+02
2.870919578071264482e+02
2.871083110442049247e+02
2.871112586465794152e+02
2.870191759766499331e+02
2.870951468853660913e+02
2.872096783952638930e+02
2.871228378316425847e+02
2.870492548338222036e+02
2.871332869409934005e+02
2.871039873513940961e+02
2.871031522090525527e+02
2.871022775591400773e+02
2.871368248826107674e+02
2.873135394528851521e+02
2.872470280978041615e+02
2.873100861264060200e+02
2.873777459778968364e+02
2.874142701587837223e+02
2.875132046037043665e+02
2.874873874737015740e+02
2.875137401979231981e+02
2.873998830185368547e+02
2.875013208698760536e+02
2.875373354186801294e+02
2.875240758516544588e+02
2.876211283782677128e+02
2.876280275750306714e+02
2.875797629108185447e+02
2.876072843728686053e+02
2.875339676806322586e+02
2.875824702650683662e+02
2.876376209853614796e+02
2.876264080355375086e+02
2.877333979494695200e+02
2.876630937165546698e+02
2.875852153317038642e+02
2.876633520209992412e+02
2.877424948847377095e+02
2.877601576190983224e+02
2.878049727451310105e+02
2.878661974649550643e+02
2.878742220413476502e+02
2.879384818217277484e+02
2.880038549505872538e+02
2.880731815960585323e+02
2.879926748528070561e+02
2.879532187379647326e+02
2.880497038772941778e+02
2.880405238233940395e+02
2.880649456626551341e+02
2.880824240068743620e+02
2.880328152874346870e+02
2.880951635144712668e+02
2.880522828087561606e+02
2.880820044848746875e+02
2.881300412193796774e+02
2.882290304504921892e+02
2.881305733232047714e+02
2.881254819359820090e+02
2.882118099948902454e+02
2.883115449995993345e+02
2.883184703264794280e+02
2.883212197861269033e+02
2.882672924462385140e+02
2.883396567315087395e+02
2.884031937111149091e+02
2.884159689074926405e+02
2.884241815560280315e+02
2.884059269330801953e+02
2.884311248385158706e+02
2.885175773460155710e+02
2.884476820873402971e+02
2.883606051085804438e+02
2.882961041528392911e+02
