2.349626451692598721e+02
2.361273968825688314e+02
2.370393061073968966e+02
2.373125201113533649e+02
2.375987283062365805e+02
2.378194143736391197e+02
2.382858599807332496e+02
2.385924833174123023e+02
2.385953113879390628e+02
2.388331296972565667e+02
2.390713423387664704e+02
2.388843389734983305e+02
2.391818380617672517e+02
2.391805155895971211e+02
2.396798701680911563e+02
2.398324242895939733e+02
2.396346289164154939e+02
2.398319957483236919e+02
2.399601918124570830e+02
2.396649175512046952e+02
2.398494615791833269e+02
2.396237997382253582e+02
2.396808429618600940e+02
2.398601036758570046e+02
2.401606638809927290e+02
2.400008878548515270e+02
2.400371298851186737e+02
2.400388288866853657e+02
2.400640558499557926e+02
2.403531522223918273e+02
2.401414764757876412e+02
2.400535009316197375e+02
2.401327065839074351e+02
2.403142973125399351e+02
2.405163688194116105e+02
2.404562076029757236e+02
2.405433515232957404e+02
2.404028974939661509e+02
2.409545035684931520e+02
2.406861472049992017e+02
2.404115578263608484e+02
2.408202477042513294e+02
2.407056472008778485e+02
2.407462382173149535e+02
2.407803123034133534e+02
2.405812852763385479e+02
2.404627820726412040e+02
2.406330399531283035e+02
2.407011151132813893e+02
2.408663767246887346e+02
2.408845765065242688e+02
2.408517458966044842e+02
2.410011014220989125e+02
2.407482419560299149e+02
2.409977960618947179e+02
2.408664646794037765e+02
2.409238362168335073e+02
2.407693877044955286e+02
2.410820172370636385e+02
2.411857215546015993e+02
2.411859516892658633e+02
2.410053780406687167e+02
2.407864277569388207e+02
2.411924688496274314e+02
2.408074061764885982e+02
2.410413931209412794e+02
2.408862765864737696e+02
2.412992666752988953e+02
2.411613152734488779e+02
2.408454234912525465e+02
2.411136941465325947e+02
2.409778662268713276e+02
2.412411885241313030e+02
2.408664964647871329e+02
2.409009850653820592e+02
2.413687287607040446e+02
2.414434208998200972e+02
2.412187740890469740e+02
2.415093311304047177e+02
2.413874677133136402e+02
2.411199782421813325e+02
2.414517444430562989e+02
2.417629291251980419e+02
2.412756156738825837e+02
2.415083037842275360e+02
2.416762486229992248e+02
2.412048477139213958e+02
2.413692871799333091e+02
2.414574644551244091e+02
2.411934089955692571e+02
2.414273946550162293e+02
2.416111069386238057e+02
2.414113533408989554e+02
2.414416772958799129e+02
2.416323528657030693e+02
2.418120023040653166e+02
2.418943913185998724e+02
2.419333808557413192e+02
2.414317715913757354e+02
2.417263895820740345e+02
2.417605514990763425e+02
2.416306768824541962e+02
2.415302280095092158e+02
2.416941779694391528e+02
2.419808681497829355e+02
2.418003249762558653e+02
2.417907302483480407e+02
2.416846748725938312e+02
2.415482686263474079e+02
2.418091517900299721e+02
2.415649499992409801e+02
2.418077739782171705e+02
2.418502434721802672e+02
2.420579804288754531e+02
2.420900450261875960e+02
2.421924662161566175e+02
2.421570800601755025e+02
2.420113670238940529e+02
2.420677105896056673e+02
2.419402267884929927e+02
2.418450070260652183e+02
2.421047412335853153e+02
2.419886188393172404e+02
2.418799392262666004e+02
2.421581320884259867e+02
2.421339610412239551e+02
2.420666237940368717e+02
2.417311585499083719e+02
2.418223373064605255e+02
2.418868613793624718e+02
2.421400056525171465e+02
2.423658907499027748e+02
2.424099205782220849e+02
2.419039396515430269e+02
2.421983235293425025e+02
2.422043714434190917e+02
2.420768397826373928e+02
2.423097249791487968e+02
2.420855275595911564e+02
2.420658167678807331e+02
2.423350803819580790e+02
2.425705768421959476e+02
2.423297821003896786e+02
2.418769817960830721e+02
2.420559900724463205e+02
2.423255614636842665e+02
2.423483866659296382e+02
2.423543763170303009e+02
2.423018223121708559e+02
2.424071746381173398e+02
2.422771190009013935e+02
