9.774288753315120459e+01
9.754448050617556021e+01
9.765772170454499701e+01
9.774238024183064510e+01
9.718839865959888868e+01
9.727436562766864370e+01
9.676149580182533327e+01
9.681990671845234431e+01
9.689444295764231185e+01
9.670913032313558233e+01
9.716510091416979833e+01
9.634392469880525312e+01
9.647463978271900942e+01
9.645353269468564861e+01
9.646366302929716596e+01
9.636437972827293663e+01
9.646583595221524376e+01
9.641316842604241799e+01
9.651652468271861096e+01
9.658067696087994136e+01
9.658698941764889412e+01
9.651061721395267057e+01
9.623130632878557833e+01
9.617903425148155350e+01
9.636643076565492549e+01
9.649189407526205287e+01
9.676654000302572456e+01
9.637891359939432334e+01
9.656029892751548971e+01
9.619305842971688492e+01
9.710136818009347337e+01
9.603439676887926169e+01
9.629398236224352559e+01
9.653515880590487086e+01
9.591669728391900662e+01
9.624324628878287058e+01
9.611515150956178388e+01
9.574159957865428794e+01
9.604383179862095687e+01
9.582282516739280709e+01
9.648252477135042682e+01
9.599184868647905944e+01
9.607816285574016035e+01
9.587778056439680086e+01
9.643153919776705152e+01
9.604187490979641950e+01
9.628955186438288649e+01
9.610927772154504112e+01
9.588293932935242481e+01
9.601429579371090028e+01
9.611856799617038405e+01
9.610826506277597048e+01
9.602106898598151474e+01
9.589301052021049543e+01
9.612790987630127404e+01
9.585474699611638982e+01
9.598687394929946493e+01
9.573549595849361538e+01
9.578333461659912018e+01
9.557471073239167936e+01
9.586096288233790119e+01
9.623335023433769209e+01
9.632860864227392028e+01
9.599959099133614870e+01
9.600293285852809788e+01
9.583395994671616336e+01
9.623850132920470912e+01
9.569625833516887781e+01
9.620600527453935058e+01
9.637257007062009961e+01
9.592469331800521104e+01
9.557946624209257891e+01
9.583986699268452014e+01
9.643937044502304445e+01
9.578042313673034869e+01
9.585507645822781342e+01
9.563355534866684593e+01
9.587724093641297429e+01
9.559458248061456231e+01
9.556104603677199805e+01
9.540548174858541586e+01
9.570272585894872464e+01
9.565286930788350617e+01
9.583010251050835393e+01
9.577842971992316734e+01
9.567069300497739448e+01
9.588441766508661601e+01
9.603289277759255071e+01
9.548276954414386353e+01
9.558039787274729804e+01
9.576136131357786496e+01
9.543908677726692247e+01
9.591661942203946012e+01
9.603624463541450496e+01
9.524112334173726424e+01
9.572523516425593471e+01
9.516180316080657065e+01
9.577214542374764505e+01
9.554800079229643472e+01
9.572326304112213791e+01
9.536553574890518803e+01
9.558142311984273931e+01
9.544924281022430534e+01
9.543458665806946328e+01
9.530952379962678833e+01
9.551154906738351258e+01
9.582711900012624540e+01
9.557297554460852496e+01
9.556720424646840684e+01
9.540309531865045756e+01
9.570742128258626735e+01
9.564828387863137493e+01
9.501972829831306910e+01
9.541875474468160689e+01
9.521837077297787744e+01
9.481453173633701681e+01
9.517849387860898958e+01
9.532385837729920297e+01
9.526812942844827603e+01
9.541497278561057271e+01
9.521446050178001030e+01
9.571565937848049543e+01
9.513613054574626915e+01
9.545692120817066950e+01
9.548931290489088042e+01
9.571178468618781210e+01
9.523216430880164296e+01
9.544112865061391915e+01
9.511703377836022355e+01
9.521334439729599808e+01
9.554549949070583637e+01
9.516040611600124066e+01
9.521970082654718226e+01
9.546143295149251173e+01
9.507232042472794831e+01
9.540071994850781323e+01
9.548112479893688942e+01
9.518006640808674490e+01
9.511813624595920658e+01
9.532698249983815231e+01
9.532187339757632571e+01
9.500326201124551062e+01
9.546551147610610144e+01
9.560540163184998619e+01
9.507614752240242240e+01
9.499792739390049690e+01
9.543674300580475744e+01
9.521007912851997901e+01
9.571240798738453748e+01
9.495059680525098145e+01
9.556543064965268286e+01
