2.885799323953381190e+02
2.891704213648709469e+02
2.896058605858567603e+02
2.897340451370791357e+02
2.899434119156917973e+02
2.901734012404777445e+02
2.903315421967331531e+02
2.904566963272093858e+02
2.905310920854787469e+02
2.906343051247821450e+02
2.906831209180542714e+02
2.906932499501524489e+02
2.908495038877904335e+02
2.909650402685472272e+02
2.911306538242532724e+02
2.910924499844391562e+02
2.911416452798545151e+02
2.912355113781035243e+02
2.912253817218204972e+02
2.911561315841769897e+02
2.911190080309106634e+02
2.910488292278150197e+02
2.911337529514493667e+02
2.912868506830947695e+02
2.913764122555387530e+02
2.913471919071114939e+02
2.913201809611596786e+02
2.913545582362469872e+02
2.913283872744403880e+02
2.915120608279058274e+02
2.913220175273325481e+02
2.912611065305385978e+02
2.914049981307524604e+02
2.914542726823964927e+02
2.914981106753041331e+02
2.915545410543828098e+02
2.915425265982761402e+02
2.916130575252601034e+02
2.917174902316430121e+02
2.916122808633420505e+02
2.916067376010327621e+02
2.916728540626727408e+02
2.916927317653787100e+02
2.917117491195785419e+02
2.916331918908753664e+02
2.916272140027195974e+02
2.916164557257959018e+02
2.916776054169928898e+02
2.917391095523466333e+02
2.917966620941907081e+02
2.918074787713546243e+02
2.917321934465080062e+02
2.917734019691579874e+02
2.917459298926540328e+02
2.917733654977535593e+02
2.917926481317808225e+02
2.918668900740732965e+02
2.917837488594406636e+02
2.919014392295232483e+02
2.918355384361495339e+02
2.919303701380885059e+02
2.918302692857973852e+02
2.917291719216393631e+02
2.918409260812202888e+02
2.917480015726188185e+02
2.918350497285773599e+02
2.918104722049887982e+02
2.918690221927591324e+02
2.918735358950192449e+02
2.917237224274786627e+02
2.918382682590640229e+02
2.919083703265730492e+02
2.920083138235389129e+02
2.918616107157639021e+02
2.918407362792679010e+02
2.920350224779381278e+02
2.919596287644930044e+02
2.919052799054579168e+02
2.920000122841825601e+02
2.920319795877911133e+02
2.919992420847694348e+02
2.920531245137293013e+02
2.922135905183910722e+02
2.920632801539694015e+02
2.920612674804913809e+02
2.921106318950428999e+02
2.919941947237095405e+02
2.919438627905104227e+02
2.920695475255770930e+02
2.920171477482415980e+02
2.921190392943635743e+02
2.921495304966650224e+02
2.921028831398952548e+02
2.920606620224189669e+02
2.921433100236353653e+02
2.921852031879732863e+02
2.922613468566076449e+02
2.923199404303903748e+02
2.921170979141541011e+02
2.921624064024331915e+02
2.922367542495918542e+02
2.922222062231278983e+02
2.921746928432363006e+02
2.922830080651983167e+02
2.923127385896573287e+02
2.923382216484242235e+02
2.922254164856182683e+02
2.921503874955312199e+02
2.922520448323267033e+02
2.922705659177779012e+02
2.922141496648715133e+02
2.922402655239494038e+02
2.924072977521770440e+02
2.923727317127129481e+02
2.924436083206417152e+02
2.924850015405415320e+02
2.924668939090246340e+02
2.923879547340912382e+02
2.924720882336667387e+02
2.924986938232918305e+02
2.924869511715110093e+02
2.924123971605603174e+02
2.924476641317800727e+02
2.924099903444872552e+02
2.924335358671108338e+02
2.923416282900508349e+02
2.923720888469118222e+02
2.922831444905540934e+02
2.922892370937684632e+02
2.924432255673095824e+02
2.924881802678050917e+02
2.925097680858124818e+02
2.926282007910502330e+02
2.923924809464759846e+02
2.925131220411431627e+02
2.924496259730275369e+02
2.924912949819511709e+02
2.925149457175920702e+02
2.924697648380098940e+02
2.924946096725884104e+02
2.925425414200778960e+02
2.925920121591461793e+02
2.925901162944722387e+02
2.923691291411087718e+02
2.925559144444079607e+02
2.926908421695630977e+02
2.926725617121863934e+02
2.926552359636630172e+02
2.925832087915703710e+02
2.926435742791717303e+02
2.926217142260126707e+02
