9.718229081630967414e+01
9.785520702573977303e+01
9.764878706539492725e+01
9.776700374494502910e+01
9.769993150087891820e+01
9.779445072367535374e+01
9.758741051634206087e+01
9.777288797788101249e+01
9.749438521119837731e+01
9.793794871080548603e+01
9.807612924740449500e+01
9.804135628537675018e+01
9.813111828955852900e+01
9.788844370942446460e+01
9.761828884159636743e+01
9.774130168755861803e+01
9.781811787527955460e+01
9.799443094364353612e+01
9.757270842530402888e+01
9.762262120422293776e+01
9.733356363859985549e+01
9.741152657523396385e+01
9.760463424403137367e+01
9.788889634001345996e+01
9.751562274672949115e+01
9.789949475559798486e+01
9.783343456369907187e+01
9.727608339630971557e+01
9.724885671665826692e+01
9.778538988854369052e+01
9.802205107363870695e+01
9.734617578068626642e+01
9.805532029469809174e+01
9.885677344321959481e+01
1.001309094157990671e+02
9.862530326504064249e+01
9.820077893936161217e+01
9.803956711878426233e+01
9.784718794566317968e+01
9.818220046332591266e+01
9.805839991989336113e+01
9.796838662339899884e+01
9.794126774779242339e+01
9.736121282203491489e+01
9.761819813886334885e+01
9.759389246733282164e+01
9.828031824939388628e+01
9.791037569888868575e+01
9.814802780951691830e+01
9.811461424646074647e+01
9.805708866502482124e+01
9.780946687624553704e+01
9.804684756915172272e+01
9.855685460796827613e+01
9.816415557340468467e+01
9.788688110692021382e+01
9.806130822009494352e+01
9.822058361853238750e+01
9.803443227232260426e+01
9.757444047179713209e+01
9.794334621101275218e+01
9.786404402144781045e+01
9.926182526796407046e+01
9.909015196814651460e+01
9.852008191637774814e+01
9.811150129759045058e+01
9.810531539598504480e+01
9.812081831510106156e+01
9.776087679343190473e+01
9.815059601504471232e+01
9.798675460540520987e+01
9.758456666837109594e+01
9.810527599887858230e+01
9.841463590991243393e+01
9.846964610152410557e+01
9.791358788824437909e+01
9.829456486948089378e+01
9.819306138087303282e+01
9.788251951503268344e+01
9.821138710499893421e+01
9.772902234036723712e+01
9.804606899476014803e+01
9.837611574894799560e+01
9.779681482304884810e+01
9.796387350655395210e+01
9.884334365196092165e+01
9.846202491554633696e+01
9.810816011417144011e+01
9.872564269699815043e+01
9.792155809356034979e+01
9.801525272576139969e+01
9.846988882543267607e+01
9.838886824026070599e+01
9.820477750810609052e+01
9.855248573235674314e+01
9.813201199639134131e+01
9.804005063139136666e+01
9.787925145300481233e+01
9.886890942675201188e+01
9.863290025026786623e+01
9.868556154185826301e+01
9.811507757136730845e+01
9.911579714238200722e+01
9.848273171882628674e+01
9.897174541450755214e+01
9.857312525991174823e+01
9.936827133524376165e+01
9.886971424796520580e+01
9.880554359925709207e+01
9.912097798289288164e+01
9.890806559245184815e+01
9.935111965276523449e+01
9.971939254445577205e+01
1.006553654948316421e+02
1.001852084089937733e+02
1.001909903659069840e+02
9.949754582430084326e+01
9.973933856597848546e+01
9.962717454474558565e+01
9.993448795051860145e+01
1.001006754632136904e+02
9.986215565252625481e+01
1.002534735333136950e+02
9.958115183331825904e+01
9.962749769449222015e+01
9.948842530111947724e+01
9.950071302470752244e+01
9.944779111683307349e+01
1.003100047096909435e+02
9.950122141969735878e+01
9.955519989553637572e+01
9.914485460367718872e+01
1.003261527255568666e+02
1.004644712001983180e+02
9.983605384922822168e+01
9.964283548219150077e+01
9.910214131376528712e+01
9.934535771818082139e+01
9.944175843729293263e+01
9.987165755443247406e+01
9.959855246926623806e+01
1.009573481359482230e+02
1.024324883192592637e+02
1.015383707606740273e+02
9.984134494830760786e+01
9.951539139512948395e+01
1.001664552735805955e+02
1.000636400422282151e+02
9.935120029432300726e+01
9.992631058149748924e+01
9.925420399627661538e+01
9.875318273408377934e+01
9.910186852634801369e+01
9.936245769498425773e+01
9.902933136747181209e+01
9.957468647467653966e+01
9.943893006824390568e+01
9.916170814308286197e+01
9.888639036386392434e+01
9.910798987472800547e+01
9.908264935718477773e+01
9.893899338235225116e+01
9.971218637847384514e+01
9.908585636334964875e+01
9.905654709432350558e+01
