2.870501931908955839e+02
2.870190599490347267e+02
2.869126887437984124e+02
2.869063681954915523e+02
2.869576571269022338e+02
2.868919775533212828e+02
2.869307419260708230e+02
2.869463671061275249e+02
2.869330555171583228e+02
2.869451874905743693e+02
2.868178694140828497e+02
2.868571822958649591e+02
2.868720144917237462e+02
2.868994891241725327e+02
2.869240923571420012e+02
2.869491524286955837e+02
2.868673964734550168e+02
2.867365326572599429e+02
2.868360793628371539e+02
2.870466694949488442e+02
2.869861585391025187e+02
2.869414935232704806e+02
2.870630960437560475e+02
2.869932987227459193e+02
2.870293975362422429e+02
2.868279491118204874e+02
2.869092022266546564e+02
2.869772657319697942e+02
2.870078133609114843e+02
2.871409959375272933e+02
2.868721255724705088e+02
2.869514377662068227e+02
2.869572215201689573e+02
2.867664218122831130e+02
2.867041427148023445e+02
2.867553131043369490e+02
2.868526494816583750e+02
2.867661011489284419e+02
2.868204500476740009e+02
2.868443822139977328e+02
2.868848166357473701e+02
2.868750932732430670e+02
2.868962336718817596e+02
2.869450919417718637e+02
2.870349579915209688e+02
2.871196842515200274e+02
2.869579462160535286e+02
2.868868934836629592e+02
2.870442024515694470e+02
2.869604924662025383e+02
2.868091433897487832e+02
2.869618060051639645e+02
2.871083159800583644e+02
2.870206003400426198e+02
2.870793209282344378e+02
2.871187856669781695e+02
2.869607604290569611e+02
2.869933668583954045e+02
2.870273207580329995e+02
2.870303661980309471e+02
2.871056173530755586e+02
2.870257747476352392e+02
2.868609642402888653e+02
2.868209059146811910e+02
2.868896988158456907e+02
2.870170626976167227e+02
2.870655940723094659e+02
2.869864804658475350e+02
2.871569372454162021e+02
2.869249273546825520e+02
2.870434048511950209e+02
2.871380629551247807e+02
2.871172432804775667e+02
2.870879952741017291e+02
2.870640402614513391e+02
2.870837776500858354e+02
2.870942159917281629e+02
2.870065554077228853e+02
2.871717702311166249e+02
2.872130097071747628e+02
2.872037050643097587e+02
2.872863371224827347e+02
2.871725355545911498e+02
2.871922508251660702e+02
2.871550494002892151e+02
2.870327801155938801e+02
2.869735527154509782e+02
2.871233267863715923e+02
2.870805887833710699e+02
2.870844901754659304e+02
2.872098461488496355e+02
2.872185021202311077e+02
2.871424248541097199e+02
2.871409098857186564e+02
2.872056053310075754e+02
2.871746394572556369e+02
2.871937269173446339e+02
2.871464564749759916e+02
2.871035098941628121e+02
2.871026870180310766e+02
2.869585087778870616e+02
2.870631795421600714e+02
2.870809037725678081e+02
2.869998010105924209e+02
2.870433881489449277e+02
2.870769636773125058e+02
2.870533875407575692e+02
2.870404762748458438e+02
2.871242284007924468e+02
2.871306197750478191e+02
2.872476736968885120e+02
2.871994662969300975e+02
2.870618374118436122e+02
2.869669991864520853e+02
2.869479522698567848e+02
2.869032215640827985e+02
2.869575444052653665e+02
2.868726933438045421e+02
2.869709886785212234e+02
2.869109021862699933e+02
2.868839308600805111e+02
2.869553684405591980e+02
2.870576444109025829e+02
2.869889214969347790e+02
2.871806170003330863e+02
2.870975303426902769e+02
2.871838524236001717e+02
2.873330784882339799e+02
2.872828034978565483e+02
2.871221216487837751e+02
2.871974532688280988e+02
2.873826350372234515e+02
2.872628245774460538e+02
2.871913668123932553e+02
2.874502304214410060e+02
2.873875380678773013e+02
2.873504894940435292e+02
2.875349219216546430e+02
2.874922601625848415e+02
2.874722740746531144e+02
2.874768256136459286e+02
2.874195237389919271e+02
2.871857457595717165e+02
2.872427701533233630e+02
2.873865178413881836e+02
2.875601235619728300e+02
2.874068289817170694e+02
2.874383906444664945e+02
2.875658572350295685e+02
2.876259259556358643e+02
2.875287461648803742e+02
2.876481645089907033e+02
2.877877461733528435e+02
2.877897985869092849e+02
2.878441471178651341e+02
2.878186524579243724e+02
2.877787671727535894e+02
2.878413490572566502e+02
2.879034456788419902e+02
2.879867783281842435e+02
2.879006222909696930e+02
2.880521178157613349e+02
2.879404553962110640e+02
2.878654937346283305e+02
2.879461523350288985e+02
