2.397203118616811253e+02
2.392625620886698243e+02
2.397005180146467183e+02
2.394856136570301430e+02
2.397646141816695433e+02
2.397456157772311087e+02
2.400092810668851655e+02
2.399111129135838212e+02
2.398841462979900143e+02
2.401768191747501078e+02
2.398944739614860566e+02
2.393264219474772574e+02
2.393291773066712551e+02
2.393721834550916299e+02
2.395165394389277935e+02
2.399601453640666193e+02
2.396514527448709657e+02
2.397814290129704204e+02
2.398449829446689989e+02
2.396366882214360032e+02
2.396619176363365966e+02
2.398959494370832317e+02
2.401012113960153727e+02
2.398787478385052907e+02
2.398920236503447256e+02
2.393683190671573868e+02
2.398889173012333060e+02
2.398422146062431750e+02
2.398250942565172181e+02
2.396063714101966013e+02
2.394519844699777025e+02
2.394732203943721345e+02
2.397846215366833746e+02
2.391520965015112381e+02
2.384736267029853991e+02
2.387881246283142218e+02
2.391315499728128486e+02
2.390050020140894560e+02
2.393570851863763949e+02
2.395968211760357462e+02
2.393480953559542002e+02
2.393683288611779574e+02
2.394431026788311385e+02
2.393309856855514965e+02
2.391978048929798604e+02
2.392746128995374590e+02
2.390435975626845675e+02
2.394001405435726326e+02
2.394891240590147845e+02
2.393922673434536534e+02
2.391837829980781862e+02
2.394294162153052241e+02
2.391504595013125254e+02
2.388185211354012552e+02
2.391542285826638761e+02
2.393458970683454652e+02
2.393930295696664814e+02
2.391239488104923794e+02
2.389719837604277473e+02
2.392080158605275244e+02
2.391959614481673100e+02
2.394958489700235020e+02
2.388334260274766621e+02
2.386385453976311055e+02
2.393509645934615548e+02
2.392074126868211579e+02
2.393641734580249647e+02
2.394464968539637937e+02
2.393692326898678857e+02
2.395805588737700873e+02
2.393105548618885905e+02
2.394581282954346477e+02
2.393358483397778400e+02
2.395894913881079447e+02
2.394402798367378580e+02
2.394232306179238776e+02
2.395770587243627858e+02
2.396701035749387358e+02
2.394388045206783318e+02
2.393185364430834170e+02
2.393176138781937823e+02
2.396487708183017560e+02
2.395075483280820379e+02
2.394086139378925964e+02
2.397261669325360742e+02
2.398770498507391551e+02
2.396663572642644340e+02
2.396841481598896451e+02
2.399943822390951027e+02
2.401546103048932821e+02
2.400270548017063845e+02
2.398097578779974413e+02
2.397009361835663128e+02
2.396957402765053473e+02
2.395383780000419449e+02
2.393399708965145294e+02
2.393697799944703775e+02
2.395143592797044221e+02
2.395793447011603803e+02
2.396563347044877617e+02
2.395486966804622000e+02
2.396944497136313146e+02
2.394303568951511352e+02
2.394113020684958428e+02
2.396963695287210783e+02
2.397224561642352967e+02
2.396995832895283911e+02
2.395822658093091775e+02
2.396861023955810879e+02
2.395200904771296848e+02
2.393867983616311506e+02
2.394697827406013175e+02
2.393455213846043819e+02
2.388977946370277721e+02
2.388297613716205490e+02
2.391976110189679332e+02
2.394425630758391037e+02
2.390582753740697228e+02
2.389209206246201518e+02
2.390311269434142503e+02
2.389324853787756240e+02
2.389429998935597723e+02
2.389495301287851419e+02
2.391159193251740760e+02
2.391210020801308929e+02
2.388284249165303663e+02
2.388631973434055169e+02
2.385988442709285380e+02
2.392746202837843157e+02
2.388751394880065675e+02
2.391173836383081834e+02
2.390010491442018292e+02
2.391848218855594723e+02
2.385718491537604962e+02
2.383147971586497817e+02
2.385299219098444325e+02
2.387832287231550481e+02
2.388325618106304375e+02
2.389962016142017944e+02
2.389445222557475006e+02
2.388345552647958812e+02
2.387246692604360021e+02
2.381826887697682480e+02
2.383987161765440703e+02
2.384609441311122566e+02
2.388351390063424162e+02
2.388296103874101846e+02
2.391749900201739365e+02
2.388979533893423195e+02
2.389945786728482346e+02
2.392875295639988735e+02
2.393605397590408472e+02
2.395523540677884000e+02
2.397228501693444116e+02
2.396250260245677737e+02
2.395961510812424820e+02
2.394404490466312154e+02
2.395980350365019831e+02
2.394348053028515722e+02
2.395351973573588964e+02
2.395371218059641762e+02
2.396180835287833872e+02
2.402025293120436515e+02
2.400978175952830043e+02
2.400214451677762781e+02
