2.865084990544438028e+02
2.866522168942658482e+02
2.865965407945492984e+02
2.864868182882216843e+02
2.865202694385977225e+02
2.866006107826183893e+02
2.865352559461762780e+02
2.865257674657347593e+02
2.865179909780046614e+02
2.864694279199202924e+02
2.865134100302364573e+02
2.865254683455498252e+02
2.863628673345031643e+02
2.864429432002843328e+02
2.863809368741038384e+02
2.864916112570221571e+02
2.864203553960559816e+02
2.865144687640758434e+02
2.867141971211593727e+02
2.865332450966362217e+02
2.864734682221659341e+02
2.864170008880786895e+02
2.865398117061156995e+02
2.863748091288545083e+02
2.864076778387903346e+02
2.864330400500026030e+02
2.864026995370399504e+02
2.864147614440562961e+02
2.864027761397872496e+02
2.863585427267680643e+02
2.863901866408594969e+02
2.863760664037719721e+02
2.863097413003537781e+02
2.861925597408732642e+02
2.860321178443561507e+02
2.860702681488772896e+02
2.862151293178499145e+02
2.863289586078995512e+02
2.862693057075953789e+02
2.863745172758517015e+02
2.862689652794139192e+02
2.862558892980175074e+02
2.863937140169717281e+02
2.863864173247663416e+02
2.863264172833910948e+02
2.862767412167798398e+02
2.863669643027395750e+02
2.863874599527109126e+02
2.863478606730205343e+02
2.865610538803597933e+02
2.863475238398682450e+02
2.864742508012055282e+02
2.865216171080936078e+02
2.862452424557355357e+02
2.865301556495683712e+02
2.864639265768865357e+02
2.863823612643518004e+02
2.864606678022550454e+02
2.865411209177251521e+02
2.866140707694846128e+02
2.867185683862402925e+02
2.867453723417459059e+02
2.864729680739313267e+02
2.864668197938221397e+02
2.865451774944883709e+02
2.864946097228451549e+02
2.865041236918841037e+02
2.865429580841280881e+02
2.865448042036486527e+02
2.865160994894800410e+02
2.865713085370587692e+02
2.865674291179124680e+02
2.866320171693351426e+02
2.866833472980711690e+02
2.865326917518670484e+02
2.865492752406952945e+02
2.865653745910765338e+02
2.866530592808749702e+02
2.866723321089619390e+02
2.865343007300198792e+02
2.866152048929870375e+02
2.865554066899908889e+02
2.865445152938539195e+02
2.866186578514802363e+02
2.866970930119508694e+02
2.867472456201263071e+02
2.865839051039577612e+02
2.865197785984010466e+02
2.866824208841839550e+02
2.867260776057368616e+02
2.866871325299914020e+02
2.867489053838946234e+02
2.867558517778348346e+02
2.866767820647851295e+02
2.866941342635070100e+02
2.867019532400260573e+02
2.867584779800557158e+02
2.866705798101451705e+02
2.868154071139815642e+02
2.867446065673138946e+02
2.869982919231768506e+02
2.869181346262644183e+02
2.868227971245706840e+02
2.867460470167334847e+02
2.867346239587169521e+02
2.867429834941710283e+02
2.868108198136052351e+02
2.868875247671819579e+02
2.869115040874958709e+02
2.868995674006146146e+02
2.870532691978453954e+02
2.869835796531391452e+02
2.866887614753018738e+02
2.866805887267108233e+02
2.866026408176991822e+02
2.866526651178182874e+02
2.867235740448805359e+02
2.867675149230720422e+02
2.867168854163427909e+02
2.868535019840549580e+02
2.869396864161855660e+02
2.867973007688335656e+02
2.866950085968325652e+02
2.869080041123806382e+02
2.869232369294567775e+02
2.868628553449112246e+02
2.869210573768750123e+02
2.869569308244250010e+02
2.868951414144463001e+02
2.868936740252743789e+02
2.870019098500894188e+02
2.870414731089360316e+02
2.869850070859429252e+02
2.868619160010231894e+02
2.871530399868950099e+02
2.871623583836459943e+02
2.870435649475352307e+02
2.872071926214138671e+02
2.872697772688675855e+02
2.873923315756973693e+02
2.875485505131636614e+02
2.874096511385853887e+02
2.871926724967781297e+02
2.870868255198709562e+02
2.871704513397174310e+02
2.872969017595779064e+02
2.874262475620881219e+02
2.874192022922853198e+02
2.873827223495222256e+02
2.875062364442765670e+02
2.876109625909910505e+02
2.876390475961139259e+02
2.874641639904948534e+02
2.875320239128266735e+02
2.875972435329392169e+02
2.877739553982867733e+02
2.877080397435491932e+02
2.877015973047284092e+02
2.876301874010736128e+02
2.876293617498428716e+02
2.877494243738329374e+02
2.877478844829666969e+02
2.876599019954722394e+02
2.875833628361911565e+02
2.877269320471725678e+02
