2.406627278394431642e+02
2.424108613618666652e+02
2.434401292338161227e+02
2.438219219660039414e+02
2.443361641263453521e+02
2.446920502631748775e+02
2.453828167106035210e+02
2.450389618159191798e+02
2.457717811880533247e+02
2.459923869057561490e+02
2.455748573725010431e+02
2.458867448797047075e+02
2.457326262872588813e+02
2.462828887193149683e+02
2.465923626663746120e+02
2.461764015381374122e+02
2.462772004200082563e+02
2.470921485146533314e+02
2.465430119047125572e+02
2.467909760824802277e+02
2.470667413470258396e+02
2.469256638921670799e+02
2.471956923013421203e+02
2.474828277642322121e+02
2.472848504650687289e+02
2.473817440969954475e+02
2.473166019835383906e+02
2.473876791338908845e+02
2.475324117931459114e+02
2.476912246145304834e+02
2.477900277003294889e+02
2.474845087218471065e+02
2.474978814873242356e+02
2.473489541546751695e+02
2.473508493850573302e+02
2.477781129644093028e+02
2.478370911651207109e+02
2.473609643249156136e+02
2.481154175587432746e+02
2.479404764001392607e+02
2.477272916051850586e+02
2.478609364724513568e+02
2.484261837657071510e+02
2.479970904412375319e+02
2.478667790422925918e+02
2.484006612768481261e+02
2.482255237309438769e+02
2.484239786714422280e+02
2.482654848532564245e+02
2.482244063360234065e+02
2.487269517292575074e+02
2.486232490044279473e+02
2.486465653392077400e+02
2.486408012830624159e+02
2.484107867624700532e+02
2.482843401607503893e+02
2.482030494224950417e+02
2.487562675162764378e+02
2.483912670756879209e+02
2.480806738761258714e+02
2.486627435465328233e+02
2.486005210977647550e+02
2.487158392835661118e+02
2.485804278968890912e+02
2.486663189901024396e+02
2.485579071783641041e+02
2.485171324817487175e+02
2.487394465011510931e+02
2.488652039895932830e+02
2.487157513512577509e+02
2.487058873242066568e+02
2.484902463202344904e+02
2.486301703335219884e+02
2.488176377340960244e+02
2.489386447874216799e+02
2.487314551808356953e+02
2.489274490846979404e+02
2.484263312766129275e+02
2.487675633602255232e+02
2.490277147265068436e+02
2.487068710555774089e+02
2.486960318847310702e+02
2.493155588738247843e+02
2.487851029034400199e+02
2.492921253830104718e+02
2.487165001088592362e+02
2.492941827176237837e+02
2.490363203610351945e+02
2.487671408206061017e+02
2.497509764135603803e+02
2.493901773257286152e+02
2.494879473542698349e+02
2.495505705511319263e+02
2.490584165453603589e+02
2.488356382895599381e+02
2.489790164718543508e+02
2.489596182067163852e+02
2.488791169232272011e+02
2.491586994108559736e+02
2.493545610738551375e+02
2.495499634483199145e+02
2.493972940604005544e+02
2.491957331272794534e+02
2.493858364131477572e+02
2.493133124083695975e+02
2.488857689354315141e+02
2.499044824095465174e+02
2.497873104646806723e+02
2.495230754454678390e+02
2.497550518146570369e+02
2.490182480790764430e+02
2.498572100789685067e+02
2.497887163008547589e+02
2.492322448480272215e+02
2.495999801665761879e+02
2.494613519888304154e+02
2.490403378246316777e+02
2.491928025951531538e+02
2.494436860566704581e+02
2.494568446461731526e+02
2.496323226650567619e+02
2.496372027559798141e+02
2.497811681629239331e+02
2.498452696131206494e+02
2.497200812667967114e+02
2.503171808519851140e+02
2.502500026725283249e+02
2.499888173468647494e+02
2.498459922997302556e+02
2.503969105854862676e+02
2.497537699442247003e+02
2.499043486672716199e+02
2.498000491610970357e+02
2.496421795257382712e+02
2.497473218852067873e+02
2.497173145476941443e+02
2.501119965438315660e+02
2.501675962270142008e+02
2.500577375359410723e+02
2.498919272963614731e+02
2.500814837612665258e+02
2.500550033448529348e+02
2.501683179242938877e+02
2.504848792496677561e+02
2.500181827454676977e+02
2.502138059205186948e+02
2.503613518378404024e+02
2.499076837330660510e+02
2.501296379937527945e+02
2.502211562314422224e+02
