9.469211668467904985e+01
9.401427617580419849e+01
9.390181991660574568e+01
9.369825879665192758e+01
9.326335166354725459e+01
9.292640116251577354e+01
9.327293544528750147e+01
9.277664136048879584e+01
9.268244855103296231e+01
9.328653226520357578e+01
9.250408218239937241e+01
9.309639870267346851e+01
9.294958825981431971e+01
9.229141261872941016e+01
9.246569230429111030e+01
9.256839367545516950e+01
9.217607254205813661e+01
9.202044426398009591e+01
9.253424990947657136e+01
9.203345714820811452e+01
9.210615079730443711e+01
9.237973679817423545e+01
9.202652131416608938e+01
9.210662553085570892e+01
9.181221640733753020e+01
9.163002237894210111e+01
9.173301288678898402e+01
9.202252115843521096e+01
9.182525334028265718e+01
9.190458477497774936e+01
9.153701357651038961e+01
9.218993868397750191e+01
9.190140038631636799e+01
9.193771173156297039e+01
9.203237429701806604e+01
9.147358853942957069e+01
9.231967885182116618e+01
9.172749521157014385e+01
9.143905872279161429e+01
9.148350122657926420e+01
9.189340171724843742e+01
9.147399337656025864e+01
9.148443847020730857e+01
9.168825804570901994e+01
9.098479784622516320e+01
9.145380969975279584e+01
9.138743463230956365e+01
9.140489709514604044e+01
9.142102484156420417e+01
9.111094593162046351e+01
9.110097250889344878e+01
9.103541378052442212e+01
9.089701684926528458e+01
9.105423785865620800e+01
9.128936349616209611e+01
9.105606423850163367e+01
9.120861844421487774e+01
9.125589687411962814e+01
9.133612573456910866e+01
9.112141441358350846e+01
9.081828593236707547e+01
9.109058447047881657e+01
9.092634440796065576e+01
9.097453320318099657e+01
9.108751676308003198e+01
9.077071941703472646e+01
9.106834925859239149e+01
9.096758277161059425e+01
9.069272533768975109e+01
9.111395078044354534e+01
9.086796770185220851e+01
9.118550322730169455e+01
9.088045022304896747e+01
9.094425701355375224e+01
9.099304376129312288e+01
9.119067027981049023e+01
9.050325924270288169e+01
9.118131438022537338e+01
9.076471098363542467e+01
9.108470344196472013e+01
9.091804721473637585e+01
9.083496705524517267e+01
9.067896063597312661e+01
9.048133125796603338e+01
9.082811095892721198e+01
9.058203553834117372e+01
9.057734790452764173e+01
9.092701229648410788e+01
9.061170879006157008e+01
9.023292136186152845e+01
9.077700154041679070e+01
9.051702952745013420e+01
9.060695551616556997e+01
9.076781641185171168e+01
9.064822745694864636e+01
9.122435851457071010e+01
9.090487759317136351e+01
9.080338380608030491e+01
9.084510555925184860e+01
9.027442370975303731e+01
9.058353558751451828e+01
9.066421946223704253e+01
9.052058979604704803e+01
9.049595624974210750e+01
9.073531165873465909e+01
9.043787022690362676e+01
9.001413632802011477e+01
9.032031772146699211e+01
9.027161646256432448e+01
9.050150336957500485e+01
9.043894415790930452e+01
9.008931471716039141e+01
9.029348803152862502e+01
9.089277461764113752e+01
9.034394561454915618e+01
9.080799192996299496e+01
9.068569415082981777e+01
9.021800957517694997e+01
9.072263372326762010e+01
9.045416013073156591e+01
9.032455969718371591e+01
9.044483136066105544e+01
9.025633308343280703e+01
8.983109874876949164e+01
8.947629802100800589e+01
8.982816518196811728e+01
8.976251638032054814e+01
8.979468479495773181e+01
8.990879404621419724e+01
8.993495390802441136e+01
9.007067934956131694e+01
9.028620717916163585e+01
9.004262983857199742e+01
8.995419125599259758e+01
9.039688224551879614e+01
8.995554720000784243e+01
8.984934524719336935e+01
9.011613341709723102e+01
9.026260452904170961e+01
9.028510805721180077e+01
8.998719040925659840e+01
8.984041728637593849e+01
8.982811704192722857e+01
8.981520243324278852e+01
8.974045758413525675e+01
8.966037917637976307e+01
8.974713191485410846e+01
8.970520971266797972e+01
8.966993576190283477e+01
9.007571782156385609e+01
