2.883946068724398515e+02
2.891668268862446212e+02
2.896146346556380990e+02
2.897662787298400531e+02
2.900833096984903818e+02
2.903782903856589428e+02
2.905951113618448858e+02
2.905979989457966326e+02
2.909369951169103956e+02
2.908119447812226781e+02
2.908394881304968180e+02
2.910311717617320255e+02
2.908665114377102441e+02
2.911634607636403302e+02
2.911955480734859520e+02
2.909938647835277834e+02
2.912340615418733591e+02
2.914114482420997660e+02
2.913124736792149747e+02
2.914892364860975249e+02
2.915393731929300998e+02
2.913883947673878652e+02
2.915615598289215313e+02
2.916608689910194130e+02
2.915762556742695324e+02
2.916451814722803988e+02
2.916316486562047885e+02
2.917452726975324708e+02
2.917724927802708521e+02
2.917946409715175946e+02
2.917721173010116331e+02
2.917381204235595646e+02
2.917804781562313678e+02
2.917537179787854029e+02
2.916930080206621483e+02
2.919647502660662326e+02
2.918830375451569807e+02
2.917097749438168535e+02
2.919560413369848106e+02
2.919946010921365200e+02
2.918389240051104707e+02
2.919392285850259441e+02
2.920720270133985537e+02
2.920519616430692622e+02
2.921519177955282203e+02
2.922272135002729669e+02
2.921883989707118303e+02
2.922178732554618250e+02
2.922432605191961557e+02
2.921929253369509070e+02
2.923404969551148724e+02
2.923755790594286168e+02
2.924383390609231697e+02
2.922659564094163329e+02
2.922795166104172608e+02
2.922632869853366060e+02
2.923007506371945965e+02
2.922879257894808802e+02
2.921024908018513315e+02
2.921261442736726508e+02
2.923787367069278957e+02
2.923971802487233163e+02
2.923837584923944064e+02
2.923885949916061691e+02
2.923654043057080685e+02
2.923599661231157256e+02
2.923295119633037871e+02
2.924587022280392148e+02
2.925244892822312295e+02
2.924070039323040078e+02
2.925504757791718475e+02
2.924056293531463098e+02
2.923341343651640614e+02
2.925167916555893726e+02
2.925863862853174737e+02
2.924735943308609194e+02
2.926153435801610954e+02
2.923977408405968959e+02
2.925019450662687746e+02
2.926116830470868990e+02
2.923496108830040043e+02
2.924892849843897693e+02
2.925429670934286719e+02
2.925388388052793971e+02
2.926734181833423349e+02
2.925682850221061244e+02
2.927106842979181351e+02
2.926452852594473484e+02
2.926573825893717071e+02
2.928456503480296078e+02
2.926871269412179686e+02
2.927861928327648684e+02
2.927377509759841132e+02
2.925191068511306298e+02
2.925316718872973638e+02
2.925465126378841205e+02
2.924233359016560030e+02
2.925624813799875596e+02
2.926264111255371176e+02
2.926523943765117792e+02
2.927737475473110180e+02
2.926785857262048012e+02
2.927244483606320387e+02
2.928730749862408516e+02
2.926070314781771344e+02
2.927037245583188110e+02
2.930775589265294343e+02
2.929425094694404379e+02
2.929323080025648096e+02
2.929220972638767080e+02
2.927401363523094346e+02
2.929981124827078247e+02
2.929227728308803762e+02
2.926306145731745687e+02
2.927762733326212015e+02
2.928049762706195338e+02
2.925261630585269472e+02
2.927733950790622544e+02
2.929766417262407003e+02
2.928892643100026021e+02
2.929922175753202396e+02
2.928366971752927839e+02
2.929712989934356528e+02
2.930013795303812572e+02
2.931195177436022163e+02
2.932212954387361492e+02
2.932709949278776662e+02
2.931689069731947370e+02
2.932680764809569496e+02
2.932358233065254467e+02
2.929960138639240199e+02
2.930894176563767246e+02
2.931488927055174827e+02
2.931959360722804036e+02
2.930127382539674272e+02
2.930949816107470269e+02
2.932118751552774256e+02
2.930712806825256962e+02
2.931082506238934684e+02
2.929738777191714689e+02
2.932327193828471081e+02
2.932130667590360531e+02
2.931997165957139373e+02
2.933297370793395089e+02
2.930892297464344551e+02
2.932499411021939295e+02
2.933241581288463635e+02
2.930822222341822112e+02
2.932933595931661444e+02
2.933289675165713106e+02
