9.673647663475507841e+01
9.628491435874803983e+01
9.661981909400027746e+01
9.700681404507476202e+01
9.670967730551662100e+01
9.626278102634661593e+01
9.674647786471531674e+01
9.677810246016883866e+01
9.669670069530415901e+01
9.641611667432596278e+01
9.649757881159767692e+01
9.647320429999867031e+01
9.690677413525219208e+01
9.660264228833837308e+01
9.656493175707670673e+01
9.672441416814825743e+01
9.670320614501345347e+01
9.680746125554418313e+01
9.708905644491237297e+01
9.642461956136617118e+01
9.641613530050365455e+01
9.666845934548850039e+01
9.646965162103522573e+01
9.646947996258238334e+01
9.627846592754951871e+01
9.644874741382157879e+01
9.644759834277438415e+01
9.667656822799760619e+01
9.626070013300925154e+01
9.664433056064619620e+01
9.643210562005931763e+01
9.662397534399894994e+01
9.629647273147456588e+01
9.601943274347384261e+01
9.654129347214770007e+01
9.663186017908334691e+01
9.685881517161674026e+01
9.643851576836630102e+01
9.637236725455555586e+01
9.663442389165520297e+01
9.708164540003235743e+01
9.652254090883910465e+01
9.683969045679930332e+01
9.665948789971436383e+01
9.659977609297317258e+01
9.624771166021878344e+01
9.663854521094833672e+01
9.641231070425003224e+01
9.670644569981311633e+01
9.675359815304868505e+01
9.596834851771701835e+01
9.679041314497334270e+01
9.712526183450724204e+01
9.633036315759744639e+01
9.647659407484849226e+01
9.654823995225075350e+01
9.666405790798005171e+01
9.605214778666346831e+01
9.618046387653559748e+01
9.631915090169813709e+01
9.680239197737337520e+01
9.700107767500126954e+01
9.645649875136751916e+01
9.661980409855351581e+01
9.652840255105996903e+01
9.688352107728861995e+01
9.660163523075273417e+01
9.691248805496100260e+01
9.725528393951105954e+01
9.686699615175967892e+01
9.674746373928854837e+01
9.658467117307550609e+01
9.699829856957715890e+01
9.715238126473424529e+01
9.682186683082015577e+01
9.676718047687819535e+01
9.681005067421618548e+01
9.647507905331984546e+01
9.654728225271763620e+01
9.670011628049230978e+01
9.686888873496774011e+01
9.666672001969392625e+01
9.622611159183905727e+01
9.653073894771858932e+01
9.663965320943061954e+01
9.649161950912640862e+01
9.660335488625342748e+01
9.659439219273114929e+01
9.689071962428685936e+01
9.635562856630603790e+01
9.653295549877059045e+01
9.673050158100456031e+01
9.631185458960153767e+01
9.667905101025785086e+01
9.674304273744053262e+01
9.653298230862456819e+01
9.620425109007560138e+01
9.657014147937452719e+01
9.703724633530499943e+01
9.628113164061456075e+01
9.658285969081784117e+01
9.674126989819042421e+01
9.670577924202295605e+01
9.636830891230442830e+01
9.644418947080686166e+01
9.659331345568216420e+01
9.686690394273261973e+01
9.642909504135151622e+01
9.663201225051221854e+01
9.682336960749665877e+01
9.702895124633431578e+01
9.658954643261320427e+01
9.655342307603167740e+01
9.710853026825155609e+01
9.647951377133937001e+01
9.634090722944422680e+01
9.637623625750802603e+01
9.646415771132842565e+01
9.700029481367035089e+01
9.626367291501804857e+01
9.670277360194775440e+01
9.662319695857001989e+01
9.670951158579178752e+01
9.715565674320892242e+01
9.680066633509413521e+01
9.666418097957308930e+01
9.677299593170896230e+01
9.640273105750067373e+01
9.606645649492396899e+01
9.693344461360798903e+01
9.683359170487358369e+01
9.655299671433971298e+01
9.658430677601025138e+01
9.646163841110160320e+01
9.611160097896079435e+01
9.648310003416598590e+01
9.626614623891322253e+01
9.648230782748538559e+01
9.661975990023410077e+01
9.678994954199589529e+01
9.603090159091998146e+01
9.672183197332203974e+01
9.648071928502439221e+01
9.681404695818805806e+01
9.671591453590276899e+01
9.636242732901700947e+01
9.708812167156172279e+01
9.691772413618558346e+01
9.660079868899218525e+01
9.664840316454179003e+01
9.693478221615502832e+01
9.685476387505725882e+01
9.699083721052404883e+01
9.763868835074629260e+01
9.685059963483185186e+01
9.743368033942088857e+01
9.648262385109414652e+01
9.679452531731153897e+01
9.713668240592146219e+01
9.726903505017214968e+01
9.647942466915395698e+01
9.667644259593275535e+01
9.653466277701635079e+01
9.677217222406943620e+01
9.680200504256445981e+01
9.639021348680114443e+01
9.646356674972078338e+01
9.664718078232097298e+01
9.641698493743609788e+01
9.656324726213081533e+01
9.648090780937106103e+01
9.664967983578112865e+01
9.689217774192432842e+01
9.696220669752250387e+01
9.661723385036812317e+01
9.686101923315580109e+01
9.675052576434512730e+01
9.670242399249725906e+01
9.673429502006763414e+01
9.624499055679200410e+01
9.667998420971429141e+01
9.649155396222924708e+01
9.661706978996869566e+01
9.661250423494436745e+01
9.663428624969263581e+01
9.685485753138796383e+01
9.661823364606181030e+01
9.622297997496809785e+01
9.658070269566222521e+01
9.657300709469940614e+01
9.682970494104044690e+01
9.679084772753957111e+01
9.706018649775217000e+01
9.654857123586134549e+01
9.648555072643306119e+01
9.679841221653752825e+01
9.605622460850879918e+01
9.638274123546239025e+01
9.648916323144926821e+01
9.611342199225168770e+01
9.634806662469044625e+01
9.679754611736558445e+01
9.664453856818830957e+01
9.625843129553923916e+01
9.638851345273370441e+01
9.689701745058022198e+01
9.615188078146037753e+01
9.650853462982399833e+01
9.629612657534808307e+01
9.640828468448317778e+01
9.637720144138934586e+01
9.646105465933298717e+01
9.623052640448996442e+01
9.632759764918772305e+01
9.641085796030311883e+01
9.681965817961486209e+01
9.636558558059367385e+01
9.644605842820527641e+01
9.658973672692349055e+01
9.642344032227907746e+01
9.658020335961383296e+01
9.684382223560920977e+01
9.661253733027628243e+01
9.678753046381176262e+01
9.658293606426059341e+01
9.679669588864118168e+01
9.656355975191223706e+01
9.694946219776117857e+01
9.665677961318033340e+01
9.631248277650486500e+01
9.695970592152566780e+01
9.690488018833497108e+01
9.654792561733931677e+01
9.663259100869150586e+01
9.653186923104902917e+01
9.643119706676800718e+01
9.682983578001717717e+01
9.629919592073463264e+01
9.649549803302983264e+01
9.639809510126150371e+01
9.705296245857290671e+01
9.676602826561730808e+01
9.617164748999891799e+01
9.684119128345069782e+01
9.605382909778280975e+01
9.678214141779773172e+01
9.689702624669898512e+01
9.609669423023797208e+01
9.658235405562220421e+01
9.642622165372551990e+01
9.633836579709435455e+01
9.691097428991486140e+01
9.643299180297282192e+01
9.642268472998195250e+01
9.683001733874118599e+01
9.662674806167676422e+01
9.621204847144095140e+01
9.652377357709671912e+01
9.666097296793709859e+01
9.650448351855288820e+01
9.633460413650861653e+01
9.685040255063256609e+01
9.628121955330341564e+01
9.647026395406997779e+01
9.666890500786344376e+01
9.683266756882737525e+01
9.675095346786154948e+01
9.666450460861761940e+01
9.667392190650282657e+01
9.717053898925748001e+01
9.640854635917293081e+01
9.658836805480086696e+01
9.643307740086169133e+01
9.646981234767798696e+01
9.665461136422237587e+01
9.693740720646748343e+01
9.668207842373091410e+01
9.691474336487321750e+01
9.634517472075721400e+01
9.655268238630115718e+01
9.645156316883340253e+01
9.692736542936950173e+01
9.641059482867480313e+01
9.669633523704523270e+01
9.671388702121716108e+01
9.635895205200544922e+01
9.648405537546881305e+01
9.621874173516737017e+01
9.658136678326071944e+01
9.674448365439225483e+01
9.654088732595452882e+01
9.682828436510028780e+01
9.680709267402495755e+01
9.617726566069417515e+01
9.696981309252483072e+01
9.665717562059070644e+01
9.657009111031079840e+01
9.661871262263385063e+01
9.636741760207344498e+01
9.652460519411572193e+01
9.670133450532655672e+01
9.672164627994702357e+01
9.619835065854584855e+01
9.681646679899404262e+01
9.693487624203577013e+01
9.652846374957641729e+01
9.626847673512702386e+01
9.653413820466680306e+01
9.669133316321905625e+01
9.623923762451089203e+01
9.644118343010484296e+01
9.636802200636151383e+01
9.640369303139461010e+01
9.613316420055768674e+01
9.646368740488854598e+01
9.693712254714050403e+01
9.632715228698801013e+01
9.686136263850694661e+01
9.639573020747464227e+01
9.686097284645580885e+01
9.640979353243365324e+01
9.638269715473910537e+01
9.651580798738397959e+01
9.659400254600774360e+01
9.663270936542748757e+01
9.654837371853507477e+01
9.708345431659193991e+01
9.642269584219536682e+01
9.694738566491112408e+01
9.703493669226115514e+01
9.656942300737826201e+01
9.632754118628422191e+01
9.699364279627656060e+01
9.651464222046841712e+01
9.666981473970353989e+01
9.685657263045463594e+01
9.669204101437192378e+01
9.699785720379192355e+01
9.637219938269470276e+01
9.640070746063138074e+01
9.658367430336410564e+01
9.710396552616846577e+01
9.627994097979565424e+01
9.680030305228483201e+01
9.691474840282216974e+01
9.661903932053219535e+01
9.674818661357437577e+01
9.696855311098589425e+01
9.650546666920870109e+01
9.655701573223764456e+01
9.646952386290541881e+01
9.678065343762101236e+01
9.632143114986679677e+01
9.651226783986624014e+01
9.635351889427921890e+01
9.667595155253179939e+01
9.620582633551568108e+01
9.654353534611692567e+01
9.663195491176840335e+01
9.643586134014930167e+01
9.684586976329869401e+01
9.704315694924984825e+01
9.619936102067258332e+01
9.680316218651552163e+01
9.652340467957850478e+01
9.614650504329131309e+01
9.649452802674848328e+01
9.677104906608592216e+01
9.647067162102099758e+01
9.626992411953513340e+01
9.665074576194491840e+01
9.637726883122714128e+01
9.683822207384929470e+01
9.689349382276230926e+01
9.664371587293976518e+01
9.629026251140579973e+01
9.652115432486857571e+01
9.643397566893963813e+01
9.631247286948938324e+01
9.662342062675611487e+01
9.692991917000802005e+01
9.612111203670831117e+01
9.661297477793367250e+01
9.682958256799963692e+01
9.723286243575114440e+01
9.608284597109219760e+01
9.671578993256041201e+01
9.707028223761746233e+01
9.687232822677788135e+01
9.653559399040541678e+01
9.613005809365687071e+01
9.617098524173449903e+01
9.648121559319872631e+01
9.640411586443819658e+01
9.627858202674633503e+01
9.603306271125994442e+01
9.687351630046116213e+01
9.655656786045027218e+01
9.631735138320590295e+01
9.627404565259995195e+01
9.619590413473098067e+01
9.629392838310634772e+01
9.641903542811100181e+01
9.652778092190214920e+01
9.660338051267471826e+01
9.685192969519012252e+01
9.662586988467232629e+01
9.675485451095097744e+01
9.679446190183482202e+01
9.685675785303577356e+01
9.642948288297770887e+01
9.642871635353522208e+01
9.680397846036059661e+01
9.638034709112986320e+01
9.662671753301668787e+01
9.700551093949383130e+01
9.672580042195353656e+01
9.668017422246953174e+01
9.662100375194484059e+01
9.682827654855162791e+01
9.636308559262060669e+01
9.651649144820716231e+01
9.655723048438738942e+01
9.630398553030551057e+01
9.648696398557058274e+01
9.653538528992174861e+01
9.679370866139235829e+01
9.617783327379787295e+01
9.623935132583069674e+01
9.667813996872645532e+01
9.605049481212658691e+01
9.634445252049903274e+01
9.657194143062319824e+01
9.618856620409025027e+01
9.631673206256597553e+01
9.647784011736207788e+01
9.633148701209502462e+01
9.644372604023766371e+01
9.640353022128192606e+01
9.673364877786127636e+01
9.622673867016852967e+01
9.641327610125613035e+01
9.695048648210293152e+01
9.686104869531396844e+01
9.631424250459463110e+01
9.680368256974999497e+01
9.659434755812452522e+01
9.643808488386275712e+01
9.690508200610935319e+01
9.661370306324619150e+01
9.623696490232761391e+01
9.661636418191083919e+01
9.636350648715989564e+01
9.629781712017462780e+01
9.713039328093655911e+01
9.664466988148154769e+01
9.641244232663672165e+01
9.674495996266499276e+01
9.651766875066569185e+01
9.667758017093166245e+01
9.649379230099113158e+01
9.683086463668236377e+01
9.677715088847236302e+01
9.680711641925002198e+01
9.680658630158920630e+01
9.629143681668954002e+01
9.677122206914664559e+01
9.709242366042087724e+01
9.653655057324834843e+01
9.690792292530666430e+01
9.721812650458150529e+01
9.689717910908926513e+01
9.666741258342257481e+01
9.671682800297035953e+01
9.700326110924265777e+01
9.729910275349270421e+01
9.729763458688718458e+01
9.674155320515639289e+01
9.646809171520145298e+01
9.666089634511648399e+01
9.690028863434758932e+01
9.677910198082271620e+01
9.706314473558246902e+01
9.718972777773545602e+01
9.680742953198644329e+01
9.714047879541094233e+01
9.631398061548377143e+01
9.692919246904826025e+01
9.674113182268719413e+01
9.645210675984402826e+01
9.687542040405914179e+01
9.688146689152239333e+01
9.662540893959224775e+01
9.716956268137441555e+01
9.713157949441718131e+01
9.655450835248529984e+01
9.659084078054529243e+01
9.662845333784883906e+01
9.675762339726155403e+01
9.645903201410210670e+01
9.652056426854950644e+01
9.651906834528499246e+01
9.679702376657651541e+01
9.681664988265380600e+01
9.691100797702482339e+01
9.653260400410324849e+01
9.661260270773156833e+01
9.624282396757506319e+01
9.640287916219686792e+01
9.638024186997689924e+01
9.694823246366293290e+01
9.678317234825674120e+01
9.599241295097039028e+01
9.608542244588413439e+01
9.667962498489849565e+01
9.636980994707244008e+01
9.686505690674427171e+01
9.677230857365724148e+01
9.628566640430925361e+01
9.653766819913312247e+01
9.651181647254664142e+01
9.638070903111004384e+01
9.670463314639158625e+01
9.690172986326406601e+01
9.688148591349231253e+01
9.608283085411348168e+01
9.635529067401178338e+01
9.658134078836836522e+01
9.646394075482295705e+01
9.683350170905386278e+01
9.673437615162644931e+01
9.647113357934516387e+01
9.668400863460989569e+01
9.663338585937221126e+01
9.674300527659507054e+01
9.594148986828922432e+01
9.639591569297544993e+01
9.648255582153690568e+01
9.601442169527432213e+01
9.647513377660312983e+01
9.680089157151188317e+01
9.655537850268559907e+01
9.671950564718916610e+01
9.662477618397726076e+01
9.615084366924016024e+01
9.657710181651037828e+01
9.656763600982611706e+01
9.682185656585500055e+01
9.701100963523776954e+01
9.634454724177670926e+01
9.661215927676651916e+01
9.643281966053608301e+01
9.683052892930531641e+01
9.661207843290907249e+01
9.647975238350819893e+01
9.624344901425523346e+01
9.642729221026814912e+01
9.681054029673281036e+01
9.700834252947508674e+01
9.645423316982731876e+01
9.671843078373775882e+01
9.710054478173891823e+01
9.658492893972430693e+01
9.660924728192161126e+01
9.660342852165150873e+01
9.725377332401517094e+01
9.626639669601446769e+01
9.649101142724167346e+01
9.683040408039956048e+01
9.669726759850158260e+01
9.680311103083857915e+01
9.653050986365542485e+01
9.676306666182422589e+01
9.648731235050341581e+01
9.628177729444814759e+01
9.646454879500629431e+01
9.689888926389140522e+01
9.671511988721846365e+01
9.679392115517519812e+01
9.679946552441084862e+01
9.614927954014730460e+01
9.672874876586710968e+01
9.617437185736770289e+01
9.640480481416267367e+01
9.646827185261487614e+01
9.683660400735310247e+01
9.595078812818699987e+01
9.621489031508279766e+01
9.601335955494296570e+01
9.624921302004167956e+01
9.629092863739099073e+01
9.652072505175840433e+01
9.648179571527312248e+01
9.636768666887667223e+01
9.662245298995590304e+01
9.675096816098526631e+01
9.624562388002890145e+01
9.627519210538689265e+01
9.695378245405765938e+01
9.599174481388375568e+01
9.605342893378582403e+01
9.605704726398806770e+01
9.626478423751761682e+01
9.655519989030118211e+01
9.637989791728068667e+01
9.662853430587044556e+01
9.678309252409964358e+01
9.616250387035660196e+01
9.626031200213920158e+01
9.606608438475153378e+01
9.643779689722173032e+01
9.660141067269914572e+01
9.629077548015423815e+01
9.621164544961499132e+01
9.657403678630397792e+01
9.690459200764240677e+01
9.619664287750454434e+01
9.646831460938274461e+01
9.647975965249999319e+01
9.680249267072771602e+01
9.667831993606115759e+01
9.642239097433586892e+01
9.647008928240222758e+01
9.629779267848381608e+01
9.623628246671798081e+01
9.644875116100185153e+01
9.659789147075444760e+01
9.579141124110583405e+01
9.653570272029503485e+01
9.623414297582051802e+01
9.644906773776158104e+01
9.629665932550206264e+01
9.639124582380070194e+01
9.669865124228563502e+01
9.658267831503592049e+01
9.683256385446732395e+01
9.687294723763544368e+01
9.687132953153286508e+01
9.677532841879614978e+01
9.666721431187535529e+01
9.675408675376728240e+01
9.647289654193355091e+01
9.649864495140000997e+01
9.619685881641630942e+01
9.663341415250124555e+01
9.630850079465044189e+01
9.657674912773485687e+01
9.631755748272307471e+01
9.690851077438219363e+01
9.652756302889768847e+01
9.646745759932166209e+01
9.606818991456276535e+01
9.636505242332624732e+01
9.670406826507837650e+01
9.667802873801787200e+01
9.662484045527934029e+01
9.649992509718104827e+01
9.654889831810368150e+01
9.678262597679508872e+01
9.667613554568727352e+01
9.649529457535187760e+01
9.627764022926072585e+01
9.643488976050302597e+01
9.689172553583807712e+01
9.677232089726724951e+01
9.650799484913562765e+01
9.666906508711097956e+01
9.690979686719309427e+01
9.649028838679180353e+01
9.710821290495800895e+01
9.674825018233254070e+01
9.669150289369383700e+01
9.635112966143570645e+01
9.604031649082496358e+01
9.682175465245991575e+01
9.650945100883215844e+01
9.675153533763047164e+01
9.625197953462098610e+01
9.633753110773282913e+01
9.659109428295982980e+01
9.649633961388384762e+01
9.610438365040663200e+01
9.644043991895817669e+01
9.670170534088555314e+01
9.580767303139145952e+01
9.638407981617031339e+01
9.707743192026423174e+01
9.587752725073643489e+01
9.621607227575476884e+01
9.623986685639935956e+01
9.653473245074401632e+01
9.660342512143610350e+01
9.633006798087971845e+01
9.646096389324175391e+01
9.662758714137414984e+01
9.616842718066111217e+01
9.688294642151267055e+01
9.608871367865917534e+01
9.655881754071059220e+01
9.626623814126344314e+01
9.648378311275853036e+01
9.667993331903791443e+01
9.666604542186642846e+01
9.654406286506343804e+01
9.682380967774533076e+01
9.697277450822923583e+01
9.717156035154459914e+01
9.646187510308247681e+01
9.649629710284234818e+01
9.686198389578810009e+01
9.663314692437404574e+01
9.682449089533928088e+01
9.637002443266055707e+01
9.671391132501230459e+01
9.665266224602471823e+01
9.691967165584031818e+01
9.666547807050763197e+01
9.649073292645796585e+01
9.653815767943143555e+01
9.679928254502898710e+01
9.671558474730329635e+01
9.654406945321994726e+01
9.700572525672696145e+01
9.643836749855050527e+01
9.670364245114222967e+01
9.649937224913749390e+01
9.683439719083099817e+01
9.640324130603976016e+01
9.656592535604387706e+01
9.685745505139986733e+01
9.644732839797281088e+01
9.662188144551902269e+01
9.654889708865300690e+01
9.659716875469327135e+01
9.653236358127172423e+01
9.643838693285930219e+01
9.658798348320591742e+01
9.643969706280883258e+01
9.645170947192082167e+01
9.632532508521039460e+01
9.644690641242065965e+01
9.630132817383400834e+01
9.694431056760991794e+01
9.667623985475152892e+01
9.631053867220437326e+01
9.636998755909699810e+01
9.669309179201751192e+01
9.655486130663179267e+01
9.652280102935526429e+01
9.719205337454660310e+01
9.645506329133574752e+01
9.651225764952131669e+01
9.671617782658891826e+01
9.666346418304560473e+01
9.648146611585416110e+01
9.679737891875937805e+01
9.639841724844445991e+01
9.647560462284725702e+01
9.672706740538232850e+01
9.665282452507646838e+01
9.620234798642070473e+01
9.650481227599402700e+01
9.685276833444321198e+01
9.666393728742258418e+01
9.658475333665673190e+01
9.596895257218533004e+01
9.607606005851933162e+01
9.654970319370659126e+01
9.664159350755618050e+01
9.645385009001353183e+01
9.660585473951370261e+01
9.647895583417795251e+01
9.664362625285792774e+01
9.636738584523537554e+01
9.635784177863168054e+01
9.668222876319090631e+01
9.608278944818658829e+01
9.657877655117334825e+01
9.641724666750037898e+01
9.637959428369696013e+01
9.673839580633745072e+01
9.652496323410564116e+01
9.603471828013495326e+01
9.651756418169010487e+01
9.673843225246349675e+01
9.622534626457532170e+01
9.671030113683487173e+01
9.647344624761797149e+01
9.608713184294690279e+01
9.635099340780958244e+01
9.645912824633143146e+01
9.660806495933208282e+01
9.607333271820449738e+01
9.673720448808973060e+01
9.693221944768737330e+01
9.572099863424027433e+01
9.624745273280719005e+01
9.663294391751976775e+01
9.646246894557829421e+01
9.626372278695568241e+01
9.659632819168292883e+01
9.630247907393402329e+01
9.645940208385054859e+01
9.649815399423970064e+01
9.646464931417047239e+01
9.659069087402906462e+01
9.595901737941399290e+01
9.646669856618348149e+01
9.583603228889285219e+01
9.607679530933296519e+01
9.636278195672635150e+01
9.634966278616913371e+01
9.669881576885227048e+01
9.622859441754258114e+01
9.595719268821467551e+01
9.632091057405989432e+01
9.652364215621101096e+01
9.606446071379168927e+01
9.683643851231794031e+01
9.644472297205602729e+01
9.640928385798561351e+01
9.619701350633209813e+01
9.624027054820943761e+01
9.621920258374508705e+01
9.616482080270647259e+01
9.635364597261639119e+01
9.643682577163463066e+01
9.634299203195176631e+01
9.698887523804525301e+01
9.643131626046674398e+01
9.677377066625456337e+01
9.629780353947212745e+01
9.651806299551749646e+01
9.627409856282189082e+01
9.633002172837666421e+01
9.658778066291664288e+01
9.645614500640711242e+01
9.666430825304134089e+01
9.654583828528954825e+01
9.668171224832072141e+01
9.682222499927665638e+01
9.605250443547691930e+01
9.666926763337174577e+01
9.674554290377170673e+01
9.651667256555566610e+01
9.670084987143165733e+01
9.677275033809216609e+01
9.640893883300799416e+01
9.632341622570156403e+01
9.657729774614701057e+01
9.644690815080093671e+01
9.629761399638208275e+01
9.676133112070749576e+01
9.679545196310589006e+01
9.659477223517778555e+01
9.644982907036455799e+01
9.638373073464775587e+01
9.658639695051135732e+01
9.696065462072215269e+01
9.654112598265079725e+01
9.654775522936557763e+01
9.660281719715597148e+01
9.648019096923762561e+01
9.635746278211871640e+01
9.667573561378316072e+01
9.718535462967228966e+01
9.678804569943281422e+01
9.629251250569693354e+01
9.689250344330753251e+01
9.701902486410146764e+01
9.670946957704863678e+01
9.652067098143528767e+01
9.611686943165979358e+01
9.643060831914068842e+01
9.712716026466840447e+01
9.681021410202522759e+01
9.641056923699915160e+01
9.642188612820598337e+01
9.653184774913707145e+01
9.662007388474093261e+01
9.637157770371783272e+01
9.622979444705295293e+01
9.668732187808267042e+01
9.623305594803963459e+01
9.633366014034760383e+01
9.648022011277011245e+01
9.615261300225070329e+01
9.655966633230571006e+01
9.654628774867087770e+01
9.704153855551015795e+01
9.667812706540819079e+01
9.680637444275014047e+01
9.672104813297424641e+01
9.609186477773624802e+01
9.629969720155374091e+01
9.666058754520652485e+01
9.656065703827646018e+01
9.691833720346924963e+01
9.662476909831576677e+01
9.643097723583134950e+01
