2.413286383314240027e+02
2.417307922446111661e+02
2.411701281684820799e+02
2.410543849294938070e+02
2.409642906646193126e+02
2.412578508223688232e+02
2.412374767048126785e+02
2.408841030598261739e+02
2.411623256344758204e+02
2.417965709056999515e+02
2.414776189192269840e+02
2.413316778216305067e+02
2.413127337135665869e+02
2.409509596237193989e+02
2.411622296716520850e+02
2.410347667759216392e+02
2.415527528055751816e+02
2.415463257781060520e+02
2.409550732285590300e+02
2.415328707618268993e+02
2.411941844094748149e+02
2.414886751493108648e+02
2.412851245993505529e+02
2.407965772269531328e+02
2.413385373350372447e+02
2.410053635550667650e+02
2.408533062173438850e+02
2.409389353101518907e+02
2.409243442367849184e+02
2.410745443846404896e+02
2.401308226783464477e+02
2.405245562242719473e+02
2.407280414488870690e+02
2.398630048715939154e+02
2.387123114372445514e+02
2.395720049372788196e+02
2.400436256867007785e+02
2.401815426953870656e+02
2.400392125363944444e+02
2.401444190693382268e+02
2.409445790700086718e+02
2.402958620066754065e+02
2.405314001942614368e+02
2.404638113120278149e+02
2.409973042228345719e+02
2.405019845122469917e+02
2.404552690275393445e+02
2.403773596955245466e+02
2.402976821123226898e+02
2.405869957249919651e+02
2.412435617209955581e+02
2.402090003206365907e+02
2.402390214863668518e+02
2.394734278111689036e+02
2.406711579953424405e+02
2.403688069487859593e+02
2.405302500930908991e+02
2.400263583610300202e+02
2.402536186102152271e+02
2.404973448787925747e+02
2.398707664046394257e+02
2.401125273609493718e+02
2.397492295749635787e+02
2.396100759406998293e+02
2.400802397154727998e+02
2.400199635702188914e+02
2.398968043055703276e+02
2.402400598734305674e+02
2.412779712939844501e+02
2.405854554165826187e+02
2.410612982064128857e+02
2.410084761010756154e+02
2.402345938106840322e+02
2.406642720642940105e+02
2.407263788599665020e+02
2.401411587219191688e+02
2.400787205557832920e+02
2.404804580167508732e+02
2.404795952743236569e+02
2.403603882787716941e+02
2.402640084937073368e+02
2.404783717831263914e+02
2.405102836627469003e+02
2.410373395489842778e+02
2.410859794608647064e+02
2.406368572156280834e+02
2.405045564502648574e+02
2.404954812701997753e+02
2.406666876678558822e+02
2.401470578864174001e+02
2.402526934268582863e+02
2.406310568999577129e+02
2.404680681179112298e+02
2.406507198318233804e+02
2.403465807566824424e+02
2.404959328282247668e+02
2.409324568798667485e+02
2.408909520128709403e+02
2.407696386992253963e+02
2.404253571884592020e+02
2.403538238266227438e+02
2.406632781323183963e+02
2.409642685504413748e+02
2.409755573842124647e+02
2.409815186835610064e+02
2.403391532895435603e+02
2.404954742167321058e+02
2.402970832415854545e+02
2.406244647645737871e+02
2.407920515904268939e+02
2.402371496757369016e+02
2.402109386926965726e+02
2.401725255425644718e+02
2.394498845190251757e+02
2.393548489906847578e+02
2.394736589749970790e+02
2.400891715427418376e+02
2.398385209283525512e+02
2.397102007065215048e+02
2.397642594760799000e+02
2.402080259979197479e+02
2.396075411287491477e+02
2.397253774242110467e+02
2.395066667674643668e+02
2.398559695984140490e+02
2.394782734722150508e+02
2.391262198188990169e+02
2.395760008372502341e+02
2.399895240255941360e+02
2.399985921553494848e+02
2.397215153267846119e+02
2.400579221712595199e+02
2.397234698400209538e+02
2.388790957945902846e+02
2.396322280194246161e+02
2.389190373676653110e+02
2.390893870033957853e+02
2.395307383642873447e+02
2.395258486068761670e+02
2.393971644903627691e+02
2.397992233638927075e+02
2.393521234036940086e+02
2.381652312569086689e+02
2.388766545308138518e+02
2.398293580774988811e+02
2.395837449455516150e+02
2.398015933067111689e+02
2.397000650204682870e+02
2.401165591412414244e+02
2.404944678679808305e+02
2.407043244952312477e+02
2.405479592894451173e+02
2.409523407577911485e+02
2.411060945157888398e+02
2.409743932492293936e+02
2.408676740616558334e+02
2.404466573843606056e+02
2.402663267861010183e+02
2.401716201398075157e+02
2.407288258208394609e+02
2.409974906713838720e+02
2.413616408892378047e+02
2.413105589619622151e+02
2.411881350621679303e+02
2.413932396615462892e+02
