9.882832690543011722e+01
9.848603888052180366e+01
9.935837526923002372e+01
9.881007528304529330e+01
9.878319939498531710e+01
9.883408087785203122e+01
9.894516381523918369e+01
9.901741713071696438e+01
9.847690771192706904e+01
9.823225303196797142e+01
9.868538210850113046e+01
9.919722825347287198e+01
9.987274284056212537e+01
9.892292708344757557e+01
9.900680174582750226e+01
9.891184257141215141e+01
9.876127517817251089e+01
9.871531731018096423e+01
9.905908871157244278e+01
9.913798190447892011e+01
9.875857828504236124e+01
9.896209156737491242e+01
9.900474986251511211e+01
9.907407590139639808e+01
9.915438187468623710e+01
9.952729589064063020e+01
9.881329102378776952e+01
9.920918946109428305e+01
9.935343595627317370e+01
9.940713930081555816e+01
9.931058432259233371e+01
9.958716243674558655e+01
9.922459683826639321e+01
1.007629426655110905e+02
1.031004426759901236e+02
1.010231843824176252e+02
9.975585458270778361e+01
1.000029740960013669e+02
9.961091576830268934e+01
9.935321798500217483e+01
9.954007058995058799e+01
1.000465501265465633e+02
9.962033436478726856e+01
9.956218625161723423e+01
9.937881372917529177e+01
9.924368472437306821e+01
9.968460368655890136e+01
9.989617556409886845e+01
9.958354056341833882e+01
9.935425056080948991e+01
9.929149851052791576e+01
9.983529296471334646e+01
9.985318337168537539e+01
1.008753796361027213e+02
1.001009243649616707e+02
9.965233501021704399e+01
9.970613889753998649e+01
1.003452098715749656e+02
9.969418035401200484e+01
1.000897675782865832e+02
1.000431216617871115e+02
9.967780068364423585e+01
1.006292443512322734e+02
1.005801921593263302e+02
9.998200395961181641e+01
9.998965529556706144e+01
9.966898456799675898e+01
9.961941059177270574e+01
9.949982383047502310e+01
9.923236335662802787e+01
9.896163120452932560e+01
9.914241495590799502e+01
9.971091243457560438e+01
9.946551890019986786e+01
1.001140232390393976e+02
9.981774222169347865e+01
9.948572910360731214e+01
9.973200353678430474e+01
9.939157510372228899e+01
1.002045465483590192e+02
9.959136980466611533e+01
9.921144956558548245e+01
9.930194123600348632e+01
9.902475233190716608e+01
9.898275262783884898e+01
9.947979217857245260e+01
9.963646303551570327e+01
9.957684450850227620e+01
9.957624529555953075e+01
9.949243199174675567e+01
9.952590409183893883e+01
9.950370565440493920e+01
9.960741031257003897e+01
9.955017364213868802e+01
9.944101764586615388e+01
9.932674885905974804e+01
9.950345911029295110e+01
9.946641135413068469e+01
9.965753465085424523e+01
9.937093236077730296e+01
9.955257286557969110e+01
9.946633309897161723e+01
9.940034844455335872e+01
9.933300270267386622e+01
9.950614314393969551e+01
9.985801861826263348e+01
1.000641839434404829e+02
9.998807241962862236e+01
9.975071805998170760e+01
9.992643148827060884e+01
1.001135761424450124e+02
1.003394453820499876e+02
1.001070386564850736e+02
1.021336287645098224e+02
1.011895504024936798e+02
1.005793312314003032e+02
1.001987598044408827e+02
1.008151586603006535e+02
1.003977170884502783e+02
1.004244249963875149e+02
1.004718713093383116e+02
1.007766052746765695e+02
1.004748997417575680e+02
1.007054015174374939e+02
1.007925338625193064e+02
1.009216111342064863e+02
1.004216647507334557e+02
1.003135173928709065e+02
1.002151636459034876e+02
1.002361110923163068e+02
1.000910256479510991e+02
1.001124829477950158e+02
1.009185069953326774e+02
1.017105296301482582e+02
1.012295472595018424e+02
1.007899874574093388e+02
1.007976970822777076e+02
1.003670090116133906e+02
1.002852975936990561e+02
1.001838383540548421e+02
9.988466280785127083e+01
1.013170859138388522e+02
1.032381011329886746e+02
1.014093472397151601e+02
9.997187130521705001e+01
1.000294291975124423e+02
9.959830492271657931e+01
9.947220971720854266e+01
9.899341712054614106e+01
9.888775978277459444e+01
9.903993830653546127e+01
9.905430303390481583e+01
9.912265578605187955e+01
9.863281680159303733e+01
9.853905677033903032e+01
9.881195157188143696e+01
9.917053037015271855e+01
9.895525472237095244e+01
9.873248005326821897e+01
9.854389058562254888e+01
9.828533420206963456e+01
9.834542358924136352e+01
9.794279592446092408e+01
9.817372048451295541e+01
9.757022811862991318e+01
