2.868668868910190781e+02
2.869081107486786664e+02
2.867870851980587759e+02
2.866846517410100432e+02
2.867458250332599050e+02
2.868576944608282702e+02
2.867245454351147487e+02
2.867234858242297264e+02
2.868207517418225621e+02
2.869929180025774258e+02
2.868786295136235367e+02
2.869306381390130696e+02
2.868171100213649538e+02
2.867692397965534497e+02
2.867582862472245324e+02
2.867879488424810006e+02
2.868745501974819376e+02
2.868812885904355312e+02
2.867855258816207993e+02
2.868610645604049409e+02
2.867818330250239569e+02
2.869022211927933199e+02
2.868429018803545318e+02
2.867434515476774664e+02
2.868869562803383815e+02
2.866554115100104241e+02
2.866505055117531242e+02
2.867067509027239680e+02
2.866849313528742869e+02
2.866805359602698786e+02
2.864447627188847605e+02
2.865292737205618891e+02
2.865151669623662087e+02
2.864887747065395160e+02
2.862474562329425112e+02
2.863303266627989956e+02
2.864142673931690979e+02
2.864811893514528833e+02
2.863356276048029940e+02
2.864843811638696138e+02
2.867015571148144204e+02
2.864670857085368993e+02
2.865290359720930837e+02
2.865410775323780967e+02
2.866918238858445420e+02
2.864978295112078399e+02
2.865071615645374550e+02
2.864965640321190108e+02
2.865359872469087463e+02
2.866856836935240267e+02
2.868168965782081159e+02
2.865751989550107623e+02
2.866119398459687204e+02
2.865620437375416145e+02
2.867323480473442601e+02
2.866377124327952401e+02
2.866322375850648427e+02
2.864283676122184943e+02
2.865097349945728524e+02
2.865731103039756249e+02
2.863737866119810747e+02
2.864285311910470568e+02
2.864451296959775846e+02
2.863491940279048436e+02
2.865242661990277497e+02
2.864507463726482683e+02
2.865303874334015291e+02
2.866474745522846206e+02
2.868019669399517966e+02
2.866879355245507668e+02
2.868134741176043576e+02
2.868976350326894931e+02
2.866975982564586616e+02
2.868374085417659671e+02
2.867060436779221959e+02
2.865500685371810050e+02
2.866612100218035835e+02
2.866796555408064364e+02
2.867172038337153026e+02
2.866647575507789156e+02
2.866500060099395455e+02
2.867035867886026494e+02
2.868522812574224758e+02
2.868965749269577259e+02
2.869284013968335216e+02
2.868232940546710665e+02
2.867264083806742860e+02
2.867403291577400637e+02
2.866127476134655012e+02
2.865777830974255380e+02
2.866590098305387642e+02
2.867501995194170945e+02
2.867090850553157111e+02
2.867637241459544839e+02
2.867323669689466783e+02
2.868534962114617315e+02
2.868372406091589824e+02
2.868545907139372844e+02
2.867671726308147413e+02
2.867894400251563525e+02
2.867793278124026415e+02
2.868598158975121919e+02
2.869586151525921309e+02
2.869778839938700798e+02
2.869272868797578440e+02
2.867859770608378653e+02
2.867679217144748236e+02
2.867086429234020670e+02
2.868061208298888118e+02
2.868832091137373936e+02
2.867233570328194219e+02
2.867448721076362403e+02
2.867937805976296772e+02
2.866821349572770146e+02
2.866488195476367764e+02
2.866730236777506775e+02
2.867989275908455511e+02
2.866761634375136509e+02
2.867323772618841531e+02
2.867022204040454767e+02
2.867652860324014341e+02
2.866242176452673789e+02
2.867089340438662930e+02
2.866932829128350591e+02
2.867664340351803958e+02
2.866419899307570631e+02
2.866114286780169209e+02
2.866869971488201827e+02
2.869140803099040227e+02
2.868832469720530867e+02
2.868407331499441284e+02
2.869521764360459883e+02
2.868543124944930014e+02
2.867492060365604516e+02
2.868186129901125128e+02
2.867115610136500550e+02
2.867740034562495453e+02
2.869242637633530535e+02
2.868493121357539621e+02
2.869111354817839015e+02
2.869861894264117836e+02
2.870111878684398903e+02
2.868392272061692552e+02
2.870253600871265576e+02
2.871620192785155155e+02
2.870937488983915387e+02
2.871576405957023326e+02
2.870741184740232370e+02
2.872733130478789576e+02
2.874954961173619381e+02
2.874516234157597978e+02
2.874782772403738704e+02
2.875995661875490441e+02
2.876687977331927186e+02
2.877045865790874473e+02
2.876746862532756381e+02
2.875207705761142165e+02
2.874553208649265343e+02
2.874924353191704540e+02
2.876715151213891772e+02
2.878881456158155743e+02
2.879290060968762077e+02
2.878611721685912812e+02
2.878577090342788551e+02
2.880616800089461549e+02
