2.377685334705593903e+02
2.380622654086112391e+02
2.380887275583023950e+02
2.379958897360697563e+02
2.379286506858335031e+02
2.380033615642832672e+02
2.380010351670848650e+02
2.379296389993447463e+02
2.378638806718469141e+02
2.378055912995196195e+02
2.377378457770314810e+02
2.376274209881273975e+02
2.376601532836525905e+02
2.374474449550388329e+02
2.379410565251762648e+02
2.374830403750681853e+02
2.375302447661894973e+02
2.375928399263927702e+02
2.376839414408069331e+02
2.377597852403066270e+02
2.380685383230455443e+02
2.381179696298022748e+02
2.381780314383781558e+02
2.379002290218905955e+02
2.379719023606055259e+02
2.380831541251056649e+02
2.381918797442710058e+02
2.381168778096622418e+02
2.378214397359472514e+02
2.379952712231990972e+02
2.381926557602961338e+02
2.382036453821625344e+02
2.380838527529714383e+02
2.380032443589674642e+02
2.374878153297350991e+02
2.374525928537567836e+02
2.377115270279712149e+02
2.376539387517800890e+02
2.378293489370574605e+02
2.379732193572204721e+02
2.378316512890484091e+02
2.377567945704886085e+02
2.376063669345266760e+02
2.379496591812904569e+02
2.380910783151238093e+02
2.379061954258640981e+02
2.380089079529146545e+02
2.378409499382800902e+02
2.376817606452511882e+02
2.379767229521007437e+02
2.379573834031211845e+02
2.379046542591107425e+02
2.379930383372407903e+02
2.377405696787762679e+02
2.376879209174535106e+02
2.378034671136540794e+02
2.379504040242799476e+02
2.380619191541076134e+02
2.382129096029464961e+02
2.380522124417164207e+02
2.375882684099926792e+02
2.379805719765795402e+02
2.377753342947081876e+02
2.376066071500387409e+02
2.377494765036815352e+02
2.376376452107881789e+02
2.378592477694938907e+02
2.380561491489544039e+02
2.377473273970775836e+02
2.380900832112724572e+02
2.375649358851622992e+02
2.374577760233172512e+02
2.378947024804520822e+02
2.377742790101665094e+02
2.376513507631171649e+02
2.380474335521715545e+02
2.381324973948938180e+02
2.381458677910211179e+02
2.381591403204003825e+02
2.379395660315668977e+02
2.378055832790321347e+02
2.378723180513967748e+02
2.379624562423398118e+02
2.380025714272636321e+02
2.380470280963438370e+02
2.380017307105304383e+02
2.379658225741298168e+02
2.379283695986756584e+02
2.380750748702222381e+02
2.376743834527100034e+02
2.376946230174316099e+02
2.378275441451104655e+02
2.378447085183674972e+02
2.378481677226136242e+02
2.383082618389055085e+02
2.379072974518497574e+02
2.378674293147150536e+02
2.380884601803432759e+02
2.381168399920579475e+02
2.376356566593904063e+02
2.379283358421053833e+02
2.378634189565003965e+02
2.378963613151678373e+02
2.377656070790900742e+02
2.380623796886224284e+02
2.380738626918752345e+02
2.379073605192220668e+02
2.381162859514387264e+02
2.382913529688305516e+02
2.383370619479833294e+02
2.378824929891911495e+02
2.379414766947456883e+02
2.381585062961846404e+02
2.377675614288450845e+02
2.375124269451484906e+02
2.379055603294367245e+02
2.377203480909143707e+02
2.378695907794118796e+02
2.378891076212204041e+02
2.378065363408032624e+02
2.379942529545445211e+02
2.379358245726198220e+02
2.379324836400216157e+02
2.376332592103928221e+02
2.373674509890333866e+02
2.377122443241247822e+02
2.376764003904123967e+02
2.376013817185656478e+02
2.375445458548398108e+02
2.377870258042175919e+02
2.375870746849682575e+02
2.382222427546090273e+02
2.380339475946716163e+02
2.373578881765168944e+02
2.375650685339275867e+02
2.377228145062302076e+02
2.377501558460908484e+02
2.375812763087263875e+02
2.377367811581372337e+02
2.375923442917516866e+02
2.374478109384054960e+02
2.371917492405146106e+02
2.368752149165295577e+02
2.370305005511796423e+02
2.370173212088808441e+02
2.372347821032813329e+02
2.375041991324899016e+02
2.375513612203624518e+02
2.376210267817576778e+02
2.376297169723570732e+02
2.376904114961165817e+02
2.376288274846995989e+02
2.376264550946338829e+02
2.377217547245159324e+02
2.376013500169925976e+02
2.377478808141529782e+02
2.375994721388389053e+02
2.376387325294688253e+02
2.375473269654269473e+02
2.380432203077383235e+02
2.380013183240467640e+02
2.378166303897255602e+02
2.379758201124874688e+02
2.380110987298476459e+02
2.380827128766260614e+02
