2.858415848509235389e+02
2.860259405283204615e+02
2.858500858819602399e+02
2.860036010168147982e+02
2.859515790845133552e+02
2.859373841035985038e+02
2.859707438304936886e+02
2.858738556291709187e+02
2.858777807796688535e+02
2.857510528263819651e+02
2.858340211300132978e+02
2.858543168959310492e+02
2.856275729712803013e+02
2.857895079827837321e+02
2.859481867177372010e+02
2.856461466153658080e+02
2.857118316348448275e+02
2.857694949499872905e+02
2.858305852117917425e+02
2.859875598804734977e+02
2.861250909623690291e+02
2.860543648917999349e+02
2.860920705782385198e+02
2.859987599774145792e+02
2.861262407808027319e+02
2.862138751784841020e+02
2.861384872548791236e+02
2.860354758354571345e+02
2.858912514216377758e+02
2.860135910850265191e+02
2.861733781518915407e+02
2.860217656882745700e+02
2.861678487096440335e+02
2.862692109864672716e+02
2.856877209993870110e+02
2.856967721061038787e+02
2.858717599572126460e+02
2.858289850881585039e+02
2.860742412484613055e+02
2.860980526232371517e+02
2.860148039191312250e+02
2.858436730683358178e+02
2.859216328057308942e+02
2.859729656293711173e+02
2.861710874424441613e+02
2.861609213409215045e+02
2.861327168798575826e+02
2.860398971902489507e+02
2.861397313483774383e+02
2.861802199063857302e+02
2.861404558559333395e+02
2.860847722640280040e+02
2.862259451167470274e+02
2.860508396897834587e+02
2.858612720127044327e+02
2.860238215458165882e+02
2.861082156358406223e+02
2.862602547049668260e+02
2.863811158581099789e+02
2.861247109621837694e+02
2.858814892798122855e+02
2.861862699354770143e+02
2.861125982262971092e+02
2.859000941007472534e+02
2.860811016846175789e+02
2.860253561326914564e+02
2.861103519173712471e+02
2.862317092964868834e+02
2.861158160257343752e+02
2.862194738857949687e+02
2.858895872997830452e+02
2.860978152227424971e+02
2.861274913903336596e+02
2.860248099882134625e+02
2.860810353042079441e+02
2.862676863283418243e+02
2.861782650400376156e+02
2.864168832997719960e+02
2.864184504422116220e+02
2.860597746991431336e+02
2.861581681636662324e+02
2.861245012825430081e+02
2.861443186994347343e+02
2.861815118107655849e+02
2.863070283890780843e+02
2.861617350421912533e+02
2.862207306596820331e+02
2.863282719162181706e+02
2.862146680549869870e+02
2.860210148604890037e+02
2.860973083154057690e+02
2.862028951556749803e+02
2.862127183322397741e+02
2.862647492823005564e+02
2.863713905232094135e+02
2.861049425540624611e+02
2.862127996637891556e+02
2.864062287672331308e+02
2.862932471736616549e+02
2.862214499669190673e+02
2.862783051553150813e+02
2.861330284220625231e+02
2.861499826909754916e+02
2.862023221086025728e+02
2.864150549051499297e+02
2.862955526563118269e+02
2.861448067989406354e+02
2.864538980214812796e+02
2.865975994664589166e+02
2.863539826518658060e+02
2.863688881513232332e+02
2.864392442606084046e+02
2.864333145781106396e+02
2.862764386704694175e+02
2.862501399100206640e+02
2.862917835436473410e+02
2.862347123173016143e+02
2.863478362729119908e+02
2.863981384865093673e+02
2.863727313857784225e+02
2.864159641461473598e+02
2.865397488280934795e+02
2.864554524712203261e+02
2.863062585094622818e+02
2.864114884649447390e+02
2.864831958591525449e+02
2.864209325001323236e+02
2.863453800944898262e+02
2.865282901839382816e+02
2.865434031576436951e+02
2.865790094141244140e+02
2.869511058446672109e+02
2.867183255422570483e+02
2.865437083740678190e+02
2.866240541026693336e+02
2.866787791277715769e+02
2.867346917662380292e+02
2.865829674006650976e+02
2.866813688118294294e+02
2.866678568377657825e+02
2.866720056809541006e+02
2.866879536476729413e+02
2.865094353449294999e+02
2.866760040712312048e+02
2.864860079714555354e+02
2.866819655620069511e+02
2.868311055795282982e+02
2.867123671192433108e+02
2.868766777108419888e+02
2.869293744770610033e+02
2.869825404081602187e+02
2.868668548500090196e+02
2.870499303358643033e+02
2.868670072293817270e+02
2.869256636092693498e+02
2.871800281719256986e+02
2.869488266837088304e+02
2.869729411592265365e+02
2.871315935347820982e+02
2.872082049386745553e+02
2.873765382847994942e+02
2.873537564247029081e+02
2.873644088657692350e+02
2.875225708960525708e+02
2.874206737322664367e+02
