1.006643527296678116e+02
1.005111695611037135e+02
1.008935357785078253e+02
1.010861970356313719e+02
1.010310963667545110e+02
1.004209888099246797e+02
1.006671220714750348e+02
1.009217734584791515e+02
1.011150188387356224e+02
1.011761622658709712e+02
1.014567524468450728e+02
1.012343232334844885e+02
1.007068699928722282e+02
1.008911914408528787e+02
1.010742818593992780e+02
1.006743078534330493e+02
1.006684909762616229e+02
1.004898840731090530e+02
1.007711076200366165e+02
1.004294342927190797e+02
1.010246167322512605e+02
1.010773929939322073e+02
1.008517546859571894e+02
1.003806764206630078e+02
1.005920772756699222e+02
1.007720200284072121e+02
1.009727738290977186e+02
1.015244659660738051e+02
1.007965242507612658e+02
1.008740694320659372e+02
1.009989462611511755e+02
1.006069370310972175e+02
1.010786120881672758e+02
1.009809602268400681e+02
1.005291049153881744e+02
1.004681714458374699e+02
1.008430604342464250e+02
1.008930959642755880e+02
1.008510053074092525e+02
1.008589279929332889e+02
1.007049975451534323e+02
1.005932263326169647e+02
1.007457537762432906e+02
1.010512966826089922e+02
1.009594219551389642e+02
1.012343232112439892e+02
1.006403650488619945e+02
1.007812779914589214e+02
1.009195901639118205e+02
1.011139202630669587e+02
1.011861914776549582e+02
1.011798766855054765e+02
1.008057662860226884e+02
1.005697501463778138e+02
1.009621122154129438e+02
1.010780451136690203e+02
1.010666274378562548e+02
1.007722825065663841e+02
1.009593742274735177e+02
1.010342829203878097e+02
1.008386061682847412e+02
1.007404443429785914e+02
1.009081658808505608e+02
1.003826727888857704e+02
1.010690995799967737e+02
1.009287774620149776e+02
1.003837393198452475e+02
1.013493306877928717e+02
1.012609640921372574e+02
1.008477409216308018e+02
1.005265425522837148e+02
1.007089051870668186e+02
1.007113961184073077e+02
1.008696781797922455e+02
1.007432613914681383e+02
1.009316518647325296e+02
1.005389399130900046e+02
1.009001562476505001e+02
1.007398427195647201e+02
1.008408617112418852e+02
1.009029616496193427e+02
1.010483120233340486e+02
1.010659306953862568e+02
1.010907206627088470e+02
1.011643301914657371e+02
1.008881869727701286e+02
1.005520026558009903e+02
1.007310106338251359e+02
1.007664294153478295e+02
1.008745830498734932e+02
1.011547226823239072e+02
1.009599371125331118e+02
1.010814491453457435e+02
1.008661571404405350e+02
1.010908198805348519e+02
1.010866689897790138e+02
1.006941299257600946e+02
1.008697158501668554e+02
1.010018106674242091e+02
1.013651541198817085e+02
1.008076461455842718e+02
1.006029795596933099e+02
1.009802020541141161e+02
1.010931900885255459e+02
1.010374625157036661e+02
1.007869020895381738e+02
1.011986545905368331e+02
1.009491507022682271e+02
1.009420609517707703e+02
1.006849997830437502e+02
1.006582292661042857e+02
1.008754530680981674e+02
1.009767215803367009e+02
1.011922558991836212e+02
1.008671695779287916e+02
1.008878212274966018e+02
1.008420463652058743e+02
1.005251035112571998e+02
1.011075439401882221e+02
1.009407156848653102e+02
1.008597396683612004e+02
1.011595392796321136e+02
1.012921552136330803e+02
1.007461277600778971e+02
1.003202178770035857e+02
1.006931550137341986e+02
1.009369961190399039e+02
1.011211576773971927e+02
1.005121010074345236e+02
1.006770807454115584e+02
1.007731249523433377e+02
1.008925572664592067e+02
1.013488576656735489e+02
1.007147580072390980e+02
1.006455693590549600e+02
1.009951146133737439e+02
1.010412897333362565e+02
1.010620333225572978e+02
1.008938528616732100e+02
1.005891154911401344e+02
1.008247889246605808e+02
1.007072077401348338e+02
1.009984110770687380e+02
1.013602126864259532e+02
1.010425087277024403e+02
1.005872583881053259e+02
1.010531998006325551e+02
1.013587332069453026e+02
1.005390918949650541e+02
1.005190207283413457e+02
1.005510436419579037e+02
1.009096243457189388e+02
1.010489886397410260e+02
1.010767779332145864e+02
1.007404333783040471e+02
1.006257481812712626e+02
1.007493919006802798e+02
1.008203449854394762e+02
1.008793347025548002e+02
1.008827111185718621e+02
1.007207124977155104e+02
1.007829480956881270e+02
1.007006884044779440e+02
1.006858328833932745e+02
1.005232441824427809e+02
1.006836058270291829e+02
1.006804176061264258e+02
1.007972306318275741e+02
1.003694687436297954e+02
1.005587480384320997e+02
1.008925166337883041e+02
1.008657214641834088e+02
1.007670737783186468e+02
1.009544657974175692e+02
1.013362267319988064e+02
1.010595120400450782e+02
1.005588560964322227e+02
1.004956792052498145e+02
1.010062598454073850e+02
1.008095035688359218e+02
1.009830472020534131e+02
1.009824993284811967e+02
1.009281910476434092e+02
1.009609761536634807e+02
1.011976241164916246e+02
1.012299829818625199e+02
1.006698171671732354e+02
1.009067030586648315e+02
1.009873329221093741e+02
1.009698682700527144e+02
1.004335414198650795e+02
1.009665914243107068e+02
1.005791995362946665e+02
1.006369877362378844e+02
1.012727398401443111e+02
1.010314512387953556e+02
1.008206223785535940e+02
1.009587158103356614e+02
1.009556460171056642e+02
1.011254362103548630e+02
1.009532132251561478e+02
1.005887822573861428e+02
1.007553268253942207e+02
1.008249353931297350e+02
1.011893532978751864e+02
1.007623631220039186e+02
1.008137478765138439e+02
1.006517126245092726e+02
1.011257918044396575e+02
1.011217814467917009e+02
1.008394881987005505e+02
1.011744267390390064e+02
1.009293940129002607e+02
1.006115784654588197e+02
1.007823808035308417e+02
1.011744998073839383e+02
1.009690768076989258e+02
1.004524256321696356e+02
1.004972260574976843e+02
1.009694088504277261e+02
1.012192890944371584e+02
1.010888002858788326e+02
1.007230535156725608e+02
1.010792123934110833e+02
1.008142403012037249e+02
1.010240575354874437e+02
1.007225660849254609e+02
1.007463936465220513e+02
1.009369266800686233e+02
1.013073608737414588e+02
1.012428098360738886e+02
1.007114138128983427e+02
1.007678700386609876e+02
1.010284285343392554e+02
1.006931639930001978e+02
1.006938583759043269e+02
1.007727413523736146e+02
1.007539990547513042e+02
1.007907445101487269e+02
1.006270219879801715e+02
1.005932141319552358e+02
1.009455883650106358e+02
1.011745964317258881e+02
1.009497547728047806e+02
1.008806889991309532e+02
1.011702285581944096e+02
1.008386411217221053e+02
1.003566911857800505e+02
1.005667136070817804e+02
1.009795437947753243e+02
1.006456724344418490e+02
1.010770083005589441e+02
1.011484332114846438e+02
1.006871807100182963e+02
1.011495616089765690e+02
1.013315820817457507e+02
1.009829944715832397e+02
1.007323042084327795e+02
1.006608030021685636e+02
1.008010387121676672e+02
1.008272341585713292e+02
1.005060437731564917e+02
1.009476305821657292e+02
1.011535029849631968e+02
1.013798826702188762e+02
1.009403643346569623e+02
1.010082001592817278e+02
1.008114596997775294e+02
1.012083692558710339e+02
1.008907571659323565e+02
1.004138475141973146e+02
1.007962477494190097e+02
1.008716178041734253e+02
1.010931500925151880e+02
1.009598319312054144e+02
1.008583105727035019e+02
1.010917113064325719e+02
1.007440666524786792e+02
1.003788999515714409e+02
1.007309185151302131e+02
1.009206508909771713e+02
1.008505490821369079e+02
1.007983887160778380e+02
1.010089544568633784e+02
1.009357620028590219e+02
1.009416553455511547e+02
1.011353642015611882e+02
1.006253103190267097e+02
1.010330886415495826e+02
1.005927761193257624e+02
1.009156190202761678e+02
1.008750221798762823e+02
1.009015711089587057e+02
1.012208915838962326e+02
1.009726645297733256e+02
1.010907223558894685e+02
1.006482972882812845e+02
1.006604771696522107e+02
1.006030688264181663e+02
1.008667448717443449e+02
1.012511370019929018e+02
1.012960703530943789e+02
1.007406994673194021e+02
1.007450884357205041e+02
1.005402351959477869e+02
1.008319911354322471e+02
1.007369384037051674e+02
1.007271419277670219e+02
1.006962429091882427e+02
1.006993438317858107e+02
1.010417298891123181e+02
1.013210221472209014e+02
1.011952971280724540e+02
1.008202783808658722e+02
1.010549766274907455e+02
1.008469299330147919e+02
1.008570278545208794e+02
1.006331327057618523e+02
1.006964503280665468e+02
1.013604765910237688e+02
1.008783933025861046e+02
1.005984095700503644e+02
1.006353322459178656e+02
1.008043006858273429e+02
1.008748083258758612e+02
1.009332849313490073e+02
1.012112064165526562e+02
1.013905043109758708e+02
1.012328946989885168e+02
1.012994241124749379e+02
1.008153838311265105e+02
1.006438210904774024e+02
1.007485196746963538e+02
1.009391011093689059e+02
1.008391414491439946e+02
1.009763054900964789e+02
1.011928865495164729e+02
1.012824328030846317e+02
1.009745061871534091e+02
1.010704651866659560e+02
1.010026004497418199e+02
1.010639010922627818e+02
1.009023192987388740e+02
1.011207787785880328e+02
1.010034122052928041e+02
1.007261814650352676e+02
1.005108889751645762e+02
1.006099116012233452e+02
1.007929258140414959e+02
1.009739692200168406e+02
1.008149194877795338e+02
1.007230207096173018e+02
1.011385520082398131e+02
1.010878237192392106e+02
1.004749180637219297e+02
1.004474286309824151e+02
1.006109648060600534e+02
1.009490885115592533e+02
1.008295775961711485e+02
1.011477975892769905e+02
1.013774298430483185e+02
1.008380944880770613e+02
1.007708634705631425e+02
1.008647433065274157e+02
1.007155017594918149e+02
1.008086984122773373e+02
1.007209568860845934e+02
1.007133052136107239e+02
1.005861464686786491e+02
1.006745756790688802e+02
1.008448328532071372e+02
1.007245240111733011e+02
1.009978461430593626e+02
1.008203166092840917e+02
1.008734962087905984e+02
1.008941374930322041e+02
1.010613645144861295e+02
1.010896365956523795e+02
1.005543458162394330e+02
1.007830687717510187e+02
1.009993882756682666e+02
1.009755028562386912e+02
1.004783163634841259e+02
1.007894787937757854e+02
1.009318173087549440e+02
1.007082939354385900e+02
1.008057552992035539e+02
1.007130752926473747e+02
1.007756914310430290e+02
1.005570381479263489e+02
1.007046560308301224e+02
1.006699508396261535e+02
1.012238012247685788e+02
1.008117707222679513e+02
1.008113913683277048e+02
1.010829013357316057e+02
1.007635723955656886e+02
1.004780790856837598e+02
1.006413195365402231e+02
1.008702526162103368e+02
1.008236218414428436e+02
1.008211614946328609e+02
1.006837101247880355e+02
1.008521578892202939e+02
1.007552016795902006e+02
1.011741951873965064e+02
1.011769360407726026e+02
1.009915355552034271e+02
1.006562510735371347e+02
1.009823863792727678e+02
1.011931284071796995e+02
1.012850916529210537e+02
1.008195544000212038e+02
1.007621171973505483e+02
1.007164222003206788e+02
1.009724548536825779e+02
1.008581138247090365e+02
1.005874894679253231e+02
1.011219773119410092e+02
1.009534982571246502e+02
1.007921863495942034e+02
1.009226584743403805e+02
1.008435858770955775e+02
1.008969158305879574e+02
1.010649776735421739e+02
1.009670777545119904e+02
1.007208440831074228e+02
1.008083145623684800e+02
1.005836522477330135e+02
1.007331158318654616e+02
1.009012760717178452e+02
1.008023727743149180e+02
1.011523383405465779e+02
1.008500488784542313e+02
1.006088978772780678e+02
1.009629227891712731e+02
1.009567093073195139e+02
1.007291163559469283e+02
1.007462890955030872e+02
1.012897144825758033e+02
1.008789461955658453e+02
1.009193197907056145e+02
1.009074304812496479e+02
1.006436948585086242e+02
1.008572765309324240e+02
1.013052950620404999e+02
1.008808637566787496e+02
1.001013814242714233e+02
1.008107631937238722e+02
1.007507554180608196e+02
1.012455248288820258e+02
1.009816908850761337e+02
1.007130454766912635e+02
1.008331812977640283e+02
1.011346362040679736e+02
1.009265343929935739e+02
1.004264997181554122e+02
1.008697899044374111e+02
1.005586939824451491e+02
1.006547289892668431e+02
1.006637962051755295e+02
1.008072649111199297e+02
1.005797938622042835e+02
1.010660517399966096e+02
1.011173706300416484e+02
1.014872506047617122e+02
1.010806277139945593e+02
1.012304541106029916e+02
1.007294488670367514e+02
1.011488501163272105e+02
1.008590015968615177e+02
1.009578234247575352e+02
1.011045366347383236e+02
1.010529976543295589e+02
1.006843312917631579e+02
1.007595868866441577e+02
1.006456097632001132e+02
1.011447558989204509e+02
1.010285926419066840e+02
1.009592974056477459e+02
1.008855879887934606e+02
1.008228251535248461e+02
1.006603585011914817e+02
1.007955484123036314e+02
1.008014227354371286e+02
1.009857211067874800e+02
1.011421748996161085e+02
1.009900282779024252e+02
1.012434540612932352e+02
1.009507149470588132e+02
1.008477034063044613e+02
1.010402155797661550e+02
1.009997614368813856e+02
1.007854695577270832e+02
1.003281239871416233e+02
1.008745184152465981e+02
1.011375937339270337e+02
1.012142043059005800e+02
1.012897126519888360e+02
1.006357000834583317e+02
1.006364414117145287e+02
1.009318014331769291e+02
1.006751990610039655e+02
1.008128271688598687e+02
1.010853610992858620e+02
1.010515275021813153e+02
1.008087526134466287e+02
1.010270644494864882e+02
1.012190079907969107e+02
1.012542987357971498e+02
1.007726847374991763e+02
1.006307863429465215e+02
1.011229038623701371e+02
1.012516426457046208e+02
1.013336228983158804e+02
1.008366366531611362e+02
1.005604101138366104e+02
1.004900801877177372e+02
1.007956501957116728e+02
1.006909228894569281e+02
1.009560455040540177e+02
1.009734874746406348e+02
1.007972015348623955e+02
1.008541711005492658e+02
1.008058267595781103e+02
1.008099704184477332e+02
1.007540315746095416e+02
1.008654020658062223e+02
1.007687864134133520e+02
1.008736619337527856e+02
1.009399929470623789e+02
1.010933004130622521e+02
1.008628849950075619e+02
1.007913549846899599e+02
1.010825344610870928e+02
1.010896161412406826e+02
1.006528231152407642e+02
1.011184111096988403e+02
1.008359428578257848e+02
1.009549588723307210e+02
1.004126126181304670e+02
1.004399656178521099e+02
1.009503580943820253e+02
1.006956214773111498e+02
1.006648043379669417e+02
1.006093378642292322e+02
1.007057154587428585e+02
1.007803816035074078e+02
1.010678088971778834e+02
1.010758633379616498e+02
1.011096405001599834e+02
1.010548380158454478e+02
1.008706562428982778e+02
1.006817411571440744e+02
1.006189934238013848e+02
1.006093540930176999e+02
1.008978595309084909e+02
1.007104781125509589e+02
1.008264585410232570e+02
1.010613962881041772e+02
1.010436061050675249e+02
1.012786721877845508e+02
1.011469456257576809e+02
1.005464519542946391e+02
1.007650716247076019e+02
1.007096053470119585e+02
1.006707820785062637e+02
1.009235802318544444e+02
1.013866444553408570e+02
1.009577848869228234e+02
1.006368360771444799e+02
1.007185269149338183e+02
1.013951747881906726e+02
1.010079220088457532e+02
1.005628452778020687e+02
1.007157330379614990e+02
1.007499568521282072e+02
1.005913347875944055e+02
1.009337388507816087e+02
1.007491997788392268e+02
1.006445735839011348e+02
1.005727863820444981e+02
1.009254225727222405e+02
1.009726114232488072e+02
1.011439678671413844e+02
1.013254183966554223e+02
1.011473572222964350e+02
1.002784824030094342e+02
1.004293544650100785e+02
1.009539732345675134e+02
1.012589769458412405e+02
1.012412816634575989e+02
1.010396644180593029e+02
1.009362344733613810e+02
1.010724686437051076e+02
1.010076449148557884e+02
1.012326121125145590e+02
1.012820214319077081e+02
1.009277647592048623e+02
1.008361908154682141e+02
1.008150787970988631e+02
1.004003436052607725e+02
1.009007154133271911e+02
1.010043513327399722e+02
1.007947529850053030e+02
1.008153055272209002e+02
1.006541932887217996e+02
1.007221290916712491e+02
1.006793384883288383e+02
1.011413123816474950e+02
1.009487262945907560e+02
1.002822528304452163e+02
1.007043718717045095e+02
1.011495465723611318e+02
1.011720141721163628e+02
1.009494430458958618e+02
1.009182650969111279e+02
1.010842968044028538e+02
1.008718907290298006e+02
1.009249184315853398e+02
1.011574230370757306e+02
1.006548242531784894e+02
1.007921453462286792e+02
1.012075471147075518e+02
1.009060148057143493e+02
1.007481487477173943e+02
1.007904308413647385e+02
1.010778011392319655e+02
1.015158305987620082e+02
1.009176251103500732e+02
1.009336097782690871e+02
1.009437772056095497e+02
1.005618038658916902e+02
1.007957215492956351e+02
1.012957966174982261e+02
1.008556185755565338e+02
1.010338949856610071e+02
1.011997840615402851e+02
1.012488710543658073e+02
1.008929242920640945e+02
1.006034406972447073e+02
1.010230597533892904e+02
1.008999421804855814e+02
1.007609745987316927e+02
1.011568592434260694e+02
1.012261377780733227e+02
1.010558506579565829e+02
1.009103534204833750e+02
1.010630918879069924e+02
1.009744400270403730e+02
1.008613816356024557e+02
1.011640580024116929e+02
1.008931312922152301e+02
1.011172971899234625e+02
1.012310444980800384e+02
1.005158624502556535e+02
1.007063762881047211e+02
1.009634771339416375e+02
1.008662147309039483e+02
1.007920054477752387e+02
1.011361105819721615e+02
1.011195669619662567e+02
1.009583844940198532e+02
1.009204305815375164e+02
1.005444442500339477e+02
1.011117804739127877e+02
1.007675663942639090e+02
1.008284343343947285e+02
1.009019356707762682e+02
1.006787675037783885e+02
1.006313427365814874e+02
1.006778877771348419e+02
1.009266163024206691e+02
1.007098985864597722e+02
1.011946668774106826e+02
1.007750107021571608e+02
1.008954322322854438e+02
1.009340658223862448e+02
1.012268614863363183e+02
1.009351536939847733e+02
1.007721156374792599e+02
1.013629024743502072e+02
1.012746503331308645e+02
1.009602005584590643e+02
1.008516414187119921e+02
1.010287950770657091e+02
1.008622261478917039e+02
1.008689856731640901e+02
1.008553613401180513e+02
1.008927311643606259e+02
1.003423667870930700e+02
1.011166277154506901e+02
1.012588413213726426e+02
1.004367414764968061e+02
1.007404364218644304e+02
1.010124328273305281e+02
1.010520374081495305e+02
1.006441387608917495e+02
1.007547668500565692e+02
1.008435200221621812e+02
1.011290717525965448e+02
1.009571392057600434e+02
1.006818202107101570e+02
1.007984775424739183e+02
1.007809651297705358e+02
1.013158838360707961e+02
1.009770131517978342e+02
1.006484036755172298e+02
1.009546233999338938e+02
1.008363472871428002e+02
1.010192945876583934e+02
1.006329871169536005e+02
1.007494228034157686e+02
1.007416103667637799e+02
1.006894868493711357e+02
1.005873714906556842e+02
1.004892768542352428e+02
1.008053660939867768e+02
1.009429616364468103e+02
1.008203683956772920e+02
1.008497000663519430e+02
1.011552515592403410e+02
1.010743462733528304e+02
1.012474574270957675e+02
1.007217300529850377e+02
1.006364720903286951e+02
1.007944957868994607e+02
1.006807142703834899e+02
1.009678728377185024e+02
1.011038345945779469e+02
1.009179829086713198e+02
1.009976397705540450e+02
1.008125786688892305e+02
1.007516969737671246e+02
1.006782122642995461e+02
1.009812902148483573e+02
1.013166154245596431e+02
1.009165633451337527e+02
1.009676751926171931e+02
1.009890873173953452e+02
1.007433207932451040e+02
1.007054913921749062e+02
1.006938496925831572e+02
1.008134310641307962e+02
1.006031327935155701e+02
1.005027776188332496e+02
1.005369704995707281e+02
1.007224269948719524e+02
1.007173780613435383e+02
1.008677865404619780e+02
1.009006018909335012e+02
1.010372219563391667e+02
1.012287042893880624e+02
1.012038758591609877e+02
1.008612800034107266e+02
1.003979851721571777e+02
1.007417600611107673e+02
1.008254180867076997e+02
1.011375291180723792e+02
1.010234228904803757e+02
1.010051919073123372e+02
1.007968742703972111e+02
1.009758827950753783e+02
1.010162547076873096e+02
1.006482507298630793e+02
1.010043789266711656e+02
1.006705658261568175e+02
1.006894514498757616e+02
1.009102932354877566e+02
1.010722745993083578e+02
1.011399232186611243e+02
1.007252810370745664e+02
1.008889391005829026e+02
1.008468706649894244e+02
1.009503554610057563e+02
1.007777577734581911e+02
1.012560123019391796e+02
1.012923144111177294e+02
1.011965968740684616e+02
1.009389633052567206e+02
1.011132847907557704e+02
1.010040996144996797e+02
1.008234555606788945e+02
1.010605829630969339e+02
1.007507732215137679e+02
1.006177727145201715e+02
1.011053428019903322e+02
1.009915777322061530e+02
1.009253799038796018e+02
1.009287593220556261e+02
1.008098442144942624e+02
1.008653671157166372e+02
1.005652147141985466e+02
1.006171296976730787e+02
1.006810892465756524e+02
1.011207858314427313e+02
1.002989890906981145e+02
1.006740614323092444e+02
1.007166414953308191e+02
1.007929438647589535e+02
1.006738780803492546e+02
