9.889782255576439240e+01
9.900945873950922760e+01
9.894996526638426815e+01
9.918384553615761945e+01
9.993894464861686799e+01
9.875395028423737642e+01
9.961496398703327770e+01
9.877895712780095039e+01
9.896773542165004756e+01
9.851646902885376278e+01
9.871286533455912604e+01
9.907204713652468797e+01
9.952196869661183598e+01
9.969784392234271309e+01
9.878648561754933155e+01
9.945603833771866675e+01
9.932162431478745646e+01
9.891587894981533680e+01
9.873475372123918703e+01
9.906854197089809588e+01
9.868662823833835773e+01
9.857320632033537322e+01
9.880767259686534487e+01
9.869857883049640179e+01
9.873881395842140307e+01
9.918948655825420246e+01
1.000711692224453060e+02
9.902163229517429954e+01
9.865853846972781582e+01
9.845551678495462511e+01
9.910614983937301758e+01
9.951807850331476857e+01
9.849339292602439855e+01
9.954281869218955592e+01
1.012433670945534345e+02
1.003689240131835305e+02
9.965676933700650864e+01
9.926163997829756624e+01
9.868130602237516769e+01
9.960440171205463855e+01
9.916822866126257452e+01
9.906140830028611788e+01
9.879171949020313548e+01
9.818985832165786576e+01
9.989001850769516011e+01
9.965391067037535322e+01
9.878296545027744457e+01
9.957431584278570824e+01
9.882447594802312096e+01
9.896732957654251095e+01
9.900235599097254635e+01
9.923875498791620942e+01
1.001690078976267841e+02
1.001972126159099759e+02
9.954368606052069879e+01
9.942122178161893942e+01
9.973382116090014904e+01
1.000323189522038234e+02
9.871021454425050479e+01
9.955150565877350743e+01
9.943238579727187698e+01
9.917979550948808765e+01
9.980149650389343208e+01
9.977501348600439712e+01
9.938987233646629704e+01
9.968060048766831471e+01
9.987018932191824661e+01
9.874896966445783164e+01
1.000267208376968284e+02
9.929593465962234689e+01
9.944563482901254758e+01
9.902471383113839920e+01
9.864737068538401843e+01
9.929233601064139236e+01
1.001766087638534515e+02
9.918333742381975071e+01
9.913093072057641564e+01
9.938402873335463994e+01
9.855891642097030569e+01
9.944732206771543304e+01
9.884962655993045644e+01
9.903097561300296547e+01
9.883550700012851564e+01
9.881090407321164548e+01
9.912098012129342806e+01
9.900332085077025113e+01
9.936645987975047944e+01
9.902555847334683392e+01
9.899456254758344187e+01
9.944723856888828095e+01
9.975948928847833486e+01
9.925553249793892974e+01
9.929381720943895573e+01
9.885277926768503676e+01
9.975182751555753669e+01
9.913264882162273750e+01
9.939399505562302295e+01
9.966377168942138098e+01
9.910830970457642763e+01
9.915317831461941012e+01
9.956698960389464048e+01
9.926705680425232003e+01
9.906411190361797026e+01
9.919373700115075110e+01
9.951474286183929507e+01
9.954996549045489473e+01
1.002272345776820686e+02
1.004389311808230474e+02
9.912863211088172477e+01
1.004510111598318503e+02
9.951867861292986106e+01
9.992925570169562377e+01
9.956023261829430737e+01
1.008414707449157532e+02
1.010996970659194290e+02
1.011987050610387087e+02
1.003845730245121217e+02
9.972121862067832865e+01
9.989184487023857173e+01
9.949995092067655378e+01
9.916797820951744313e+01
1.012691718090962212e+02
9.991447915465353447e+01
9.957903666378796004e+01
9.955015275987746293e+01
1.004763476338338961e+02
9.969724585775759351e+01
1.007071957836948997e+02
1.001248420754916992e+02
1.005068187988397455e+02
1.008914723511227720e+02
1.004787276594305609e+02
1.010496251256282250e+02
1.015013183418859057e+02
9.960361855187154845e+01
9.922985975089729038e+01
1.000835715716964529e+02
1.000045352719779430e+02
1.012266530631848553e+02
9.990050433956879772e+01
9.950945415451796805e+01
1.013463074525658527e+02
1.015177881746288193e+02
1.001208674315268610e+02
1.000075448336279322e+02
1.007654730502915754e+02
9.949808115975660883e+01
9.947315970790486972e+01
1.005797075052008864e+02
1.001315128377653849e+02
9.940332924046971641e+01
9.861622243820603728e+01
9.977797365639339944e+01
9.987388307760666351e+01
9.901764278849005052e+01
9.899736137157897531e+01
9.948437899777714222e+01
9.914829760421929450e+01
9.871901766503248155e+01
9.872898350372410903e+01
9.999910439235607384e+01
9.894257616433878866e+01
9.876811620604014763e+01
9.876417902318281961e+01
9.873320288105249176e+01
