2.869656693430148948e+02
2.870342193865180889e+02
2.870758964360104528e+02
2.869628898018445398e+02
2.869801885126856860e+02
2.870576357342040410e+02
2.869844534478331184e+02
2.868786169269874904e+02
2.869496707381027250e+02
2.871964618225075014e+02
2.872228651874888214e+02
2.871472481141061053e+02
2.870123295709768740e+02
2.870286727651849219e+02
2.870996311306496978e+02
2.870874548801371589e+02
2.870075233917817741e+02
2.870872885443754967e+02
2.872747548554320929e+02
2.873222165262282601e+02
2.872268854834294416e+02
2.872669977207480656e+02
2.873336780419608090e+02
2.874035178450170633e+02
2.872827583628399566e+02
2.872792449760886484e+02
2.872411987604760384e+02
2.870588812949507087e+02
2.870287223549317446e+02
2.870969944656019948e+02
2.872206766055371077e+02
2.871547734845561877e+02
2.870276751984355883e+02
2.871762799066870571e+02
2.869894213166170971e+02
2.869292633835198671e+02
2.870679136799690809e+02
2.871714140850456261e+02
2.872515398662344523e+02
2.872247739779208473e+02
2.869631183259410818e+02
2.870751164568412719e+02
2.871837610812030448e+02
2.872626522009608152e+02
2.872660848866414085e+02
2.870088118619247552e+02
2.871082346021231047e+02
2.870767689691598434e+02
2.870994345278961077e+02
2.871438662105628623e+02
2.871582134906569195e+02
2.871573842827396561e+02
2.870387634028521120e+02
2.869150479193745582e+02
2.870335813512501204e+02
2.870219891279837725e+02
2.870633342864149995e+02
2.870050739565261892e+02
2.870205383224507614e+02
2.871022864891541531e+02
2.870281962171799819e+02
2.870085598363792201e+02
2.871336253782588983e+02
2.871864813482315526e+02
2.872186090571029808e+02
2.871786683407676151e+02
2.872503414578810066e+02
2.871051918619793355e+02
2.871830597560876299e+02
2.871837166407847235e+02
2.872486116354704677e+02
2.871507753689911056e+02
2.873505821822903954e+02
2.874297504426542105e+02
2.871252144149808601e+02
2.871858624318152238e+02
2.872235513831973890e+02
2.872480280526203273e+02
2.874786367639711671e+02
2.874796582804301579e+02
2.873900433265204697e+02
2.873813436712645739e+02
2.873174731757956124e+02
2.874722894846946133e+02
2.874314005762614102e+02
2.874537674846262121e+02
2.875933361294363522e+02
2.874522304786714244e+02
2.874622501793399465e+02
2.874335434428551821e+02
2.872876323283426814e+02
2.873241751373106467e+02
2.873358961418882700e+02
2.874647191321083142e+02
2.875754720109657114e+02
2.873439848466816215e+02
2.873451785870589674e+02
2.872925093752576799e+02
2.872474519723447770e+02
2.873664068335930892e+02
2.873731000057999267e+02
2.874068559160262453e+02
2.875949160285466633e+02
2.874326056257467030e+02
2.875533149313957324e+02
2.874942127665894418e+02
2.874031096563863912e+02
2.872384479219003310e+02
2.873753651143471188e+02
2.873195097656125085e+02
2.872139101806614576e+02
2.871633399740697996e+02
2.873100629867263933e+02
2.874355602977699959e+02
2.873450961455678794e+02
2.871640667638573632e+02
2.871512678278724593e+02
2.871314279962845717e+02
2.872536254549388559e+02
2.873527506138986496e+02
2.875755029253850239e+02
2.874815869895955984e+02
2.872619927732595215e+02
2.874174531242521766e+02
2.875730742056292115e+02
2.874940196738027680e+02
2.875812490723894825e+02
2.876864150821062367e+02
2.874620120592352919e+02
2.875719861483044610e+02
2.875711924653383562e+02
2.873122747329428535e+02
2.873961459171743513e+02
2.872968252135059970e+02
2.874802219388626554e+02
2.876921630845032496e+02
2.876978575834879734e+02
2.878582973675365793e+02
2.878238287081411499e+02
2.875321205025235827e+02
2.875552495903130534e+02
2.877367982641200683e+02
2.874045241036180300e+02
2.875896137442243798e+02
2.878101682990808285e+02
2.878551794637504031e+02
2.876456914190274006e+02
2.878176070855511739e+02
2.878499018491201582e+02
2.875565775143442693e+02
2.877890615245748904e+02
2.880267507326939835e+02
2.880615954936579328e+02
2.879343051273729657e+02
2.879479809332960940e+02
2.881625957935074780e+02
2.882345076193726641e+02
2.880726033619603754e+02
2.881128712981977742e+02
2.882056995406464353e+02
2.882073922155880723e+02
2.881080837050872674e+02
2.881287396370221927e+02
2.882480497078185522e+02
2.883682682668032271e+02
