2.871785406849804758e+02
2.871306340827478607e+02
2.873145726166935106e+02
2.872917903822500989e+02
2.870469138508139508e+02
2.872981297737516684e+02
2.871711445193941472e+02
2.870985603143128060e+02
2.873190708785934362e+02
2.872225086234398646e+02
2.871711703556302950e+02
2.871105219701660758e+02
2.870489292602073306e+02
2.869450738500765965e+02
2.869265101664682902e+02
2.869255483827482749e+02
2.870837187109935371e+02
2.869332742113470545e+02
2.869372369364319866e+02
2.867260231498809731e+02
2.867873221491348659e+02
2.869043991311042987e+02
2.870988129792694394e+02
2.870849961875144913e+02
2.866692426542505814e+02
2.868632804414604038e+02
2.869882179394300579e+02
2.871313154263597767e+02
2.870184567009249008e+02
2.868521237354574964e+02
2.869235954593282827e+02
2.869421945459532139e+02
2.869652568608759680e+02
2.871692467694796846e+02
2.865068779345735379e+02
2.866137140173968305e+02
2.870791912003874700e+02
2.870100507944446235e+02
2.866687561959593040e+02
2.867175318495133638e+02
2.867141111128807438e+02
2.869953343146268026e+02
2.871358150268374629e+02
2.870661201548081749e+02
2.872071453530884924e+02
2.871335684796278542e+02
2.870955415851607881e+02
2.870469063916085020e+02
2.871302158790659291e+02
2.870699819673076831e+02
2.870850420880599927e+02
2.872016239958477399e+02
2.871782498588681847e+02
2.865829417233156278e+02
2.867150031814624640e+02
2.867880261048107400e+02
2.869117331906736013e+02
2.871458222135855181e+02
2.870480354069543409e+02
2.869077353446007805e+02
2.869257089601342727e+02
2.870000890636972599e+02
2.870686757859441514e+02
2.869884252864529230e+02
2.870450940707131622e+02
2.870786886268393800e+02
2.872421222322067820e+02
2.872130134791354408e+02
2.870170397434186498e+02
2.871325892557608199e+02
2.873000332947464130e+02
2.870554501409028489e+02
2.870582636839369570e+02
2.871310320540732732e+02
2.873064801245491253e+02
2.872577814813465125e+02
2.872709560726837594e+02
2.871465423504197361e+02
2.871696984060806699e+02
2.873136466526703430e+02
2.871950110138525929e+02
2.873000003142764740e+02
2.873897505758798161e+02
2.872211661342578850e+02
2.870425022689815933e+02
2.871836078685878988e+02
2.872322866317579724e+02
2.872556743071124856e+02
2.872552807663933550e+02
2.872501968989191141e+02
2.870296515090187199e+02
2.872344683204036642e+02
2.872702316441286712e+02
2.873591108190287287e+02
2.873927461464210182e+02
2.874241414309543075e+02
2.874801997482142610e+02
2.872844171524971557e+02
2.871711993436318267e+02
2.870470004179137504e+02
2.870532384158442483e+02
2.872996386405370686e+02
2.871766879263958572e+02
2.873508972686257152e+02
2.874784015304438185e+02
2.871560786834027681e+02
2.872880908936781452e+02
2.873385100653919721e+02
2.873709184660827418e+02
2.870683445017018585e+02
2.872733437236227587e+02
2.874022286952809964e+02
2.871848844694317791e+02
2.871176705539864429e+02
2.870989839946742563e+02
2.869843491483332514e+02
2.870963678920982716e+02
2.872535923224656358e+02
2.873646540768061186e+02
2.872474041709929793e+02
2.874686607277790813e+02
2.874105595062453631e+02
2.872893149735900806e+02
2.871839166363942581e+02
2.872142545305816270e+02
2.871252757125297990e+02
2.872883689237929161e+02
2.875222673449511603e+02
2.874173049228909917e+02
2.873925552539071191e+02
2.874407543637751132e+02
2.873875625453093221e+02
2.874011512824337728e+02
2.873896535401776191e+02
2.872266531799263589e+02
2.871531281401437354e+02
2.875060348764178002e+02
2.875102045616945929e+02
2.873733897240369402e+02
2.875510537856214910e+02
2.876577383516667510e+02
2.875673277301796134e+02
2.872684582164368408e+02
2.872104769712580605e+02
2.873926254397480875e+02
2.874368408013731369e+02
2.875023837383955083e+02
2.876120860547677580e+02
2.876617904858605925e+02
2.875263426312303636e+02
2.875437055624600475e+02
2.875284629699269203e+02
2.876842222749467624e+02
2.877532754729672320e+02
2.877675372416977666e+02
2.877799646339622086e+02
2.877956173114036460e+02
2.877627321926963191e+02
2.876260733524442799e+02
2.876309477630809397e+02
2.876135292814051354e+02
2.876832639566007401e+02
2.877735215449708335e+02
2.878744167968704346e+02
2.877482831249855622e+02
