1.006590436895851894e+02
1.009744596835342776e+02
1.011381496857917881e+02
1.012401505783547009e+02
1.007679244110028094e+02
1.009613626410543361e+02
1.013038007835405239e+02
1.013688686037904034e+02
1.009649771063784414e+02
1.003342974926025448e+02
1.008520367627170344e+02
1.011558960470321722e+02
1.010597356262733797e+02
1.006366507207011551e+02
1.007810476110197300e+02
1.008922928898832510e+02
1.010101667377388281e+02
1.006274198035120122e+02
1.008763643699219159e+02
1.006106207722897352e+02
1.005343688146401320e+02
1.007909496963984708e+02
1.009074192875998932e+02
1.009599034100962172e+02
1.012294986996854504e+02
1.007538438467233703e+02
1.003642328864374491e+02
1.008445296521478411e+02
1.009024115792129095e+02
1.007078692543704364e+02
1.003566547983733130e+02
1.008283727087418811e+02
1.009130995643294568e+02
1.005776310829759410e+02
1.006197425263935656e+02
1.011308365952974100e+02
1.006917667524894995e+02
1.006995062583409322e+02
1.009573033824934924e+02
1.008566167706934920e+02
1.006892852210811355e+02
1.008631591669481651e+02
1.009035658591892144e+02
1.006061171105690022e+02
1.002829731167882557e+02
1.004262986602961263e+02
1.008026745127147734e+02
1.007648962913863215e+02
1.004882513714501897e+02
1.003544191383799671e+02
1.006066048154420258e+02
1.006789332170957749e+02
1.000373697447636658e+02
1.001416505572007196e+02
1.006031646956884202e+02
1.004626992818589315e+02
1.007065428912865599e+02
1.005945319554607664e+02
1.006576361663602057e+02
1.007387434327850286e+02
1.007258508139754127e+02
1.008504241672319921e+02
1.001016109455208181e+02
1.003109693743680708e+02
1.005176155754106730e+02
1.004875694113941194e+02
9.989903909929647341e+01
1.002975238471240260e+02
1.006399358022624568e+02
1.004292484668034575e+02
1.005817956082791085e+02
1.003973503743758897e+02
1.006090954430700322e+02
1.005581033261599515e+02
9.993894600333516109e+01
1.005321301451075300e+02
1.004418222524767970e+02
1.000449075630535276e+02
1.002068504821528592e+02
1.002079349676054107e+02
1.005958019819356082e+02
1.005828577230335128e+02
1.001783597075531560e+02
1.005039178088014609e+02
1.005609082930547515e+02
1.002683178247352345e+02
1.000344943481738511e+02
9.978507043582830249e+01
9.996111036206906419e+01
1.003325373134768341e+02
1.000651260759119765e+02
9.989448297691113510e+01
1.005089000736306986e+02
1.001511642405736353e+02
9.998479663964315023e+01
9.989566602745826174e+01
1.000955127578964152e+02
1.002953654190185944e+02
1.002845826721392513e+02
1.003659037952459130e+02
1.005834477302275900e+02
1.004606611338815156e+02
1.002769957969456982e+02
1.002890267728455456e+02
9.984065803223120383e+01
9.966641811644815618e+01
9.990957118142505067e+01
1.002193127810360664e+02
9.987657578351875998e+01
1.000756097026605858e+02
1.003113823965186953e+02
1.001412879385680412e+02
9.986317122183551476e+01
9.988224085752494830e+01
1.001813430887652885e+02
9.991806656522209096e+01
1.001902568760389158e+02
1.002687745429851276e+02
1.000278335160611647e+02
9.974805389973109016e+01
1.001363920797254963e+02
1.001470949690711194e+02
9.994689534739488579e+01
9.978855235039361560e+01
1.002733166769889976e+02
9.978471126999079388e+01
9.993020821651124663e+01
1.003298803349363340e+02
9.992958626327985883e+01
9.981558684285312211e+01
1.004050706507811128e+02
1.003556193571519231e+02
1.001186445635664910e+02
9.969615752779721163e+01
9.994059047391026240e+01
9.985924220517206606e+01
1.000817067907931346e+02
1.001652864392861062e+02
9.945676873945382113e+01
9.991582598604834686e+01
1.002666369025685214e+02
9.988743451916342053e+01
9.978894188616959582e+01
1.001789407995940451e+02
1.006097440675352317e+02
9.992003043351763836e+01
9.999340435352621625e+01
9.972987411686818859e+01
1.000321184728411481e+02
9.995974894967805824e+01
1.001352625400440957e+02
