2.257083577695929080e+02
2.272722933848789353e+02
2.286463653379187519e+02
2.284432127455728789e+02
2.284584586285259036e+02
2.291304469577193004e+02
2.298509847300554156e+02
2.302743848166192322e+02
2.292989621021204130e+02
2.294841358239252713e+02
2.299739687405611903e+02
2.307949070916637027e+02
2.307290960890558438e+02
2.307541701067317206e+02
2.308630494532801833e+02
2.309707604642151182e+02
2.311251079488995686e+02
2.305034826883334915e+02
2.309985773924056218e+02
2.312897594811073532e+02
2.307737015425801701e+02
2.307471203155188562e+02
2.308578325030168514e+02
2.316071273543057032e+02
2.313725008691269522e+02
2.310875675034928634e+02
2.309495346321060651e+02
2.316011801077776227e+02
2.313908943619420597e+02
2.313123552864231272e+02
2.309872593638512797e+02
2.317319806218987139e+02
2.314135731364045512e+02
2.312105349698638577e+02
2.313866478993710416e+02
2.319881951995559177e+02
2.315572134332461189e+02
2.313166084434802485e+02
2.313901876208080637e+02
2.318632916679629545e+02
2.316548648160309369e+02
2.319191488621346764e+02
2.315962555639647746e+02
2.314551118728936956e+02
2.318757343743959893e+02
2.317709483608965400e+02
2.314451641693337649e+02
2.315964267721530803e+02
2.319472303394911705e+02
2.312468503007914649e+02
2.311458172415522938e+02
2.314774294983313041e+02
2.320285474404018089e+02
2.315929286062274741e+02
2.315767981467889456e+02
2.320115024190475594e+02
2.320652860192463152e+02
2.319571408244270003e+02
2.316735449017714643e+02
2.322390364869421830e+02
2.318018391337475350e+02
2.314021587639712436e+02
2.317095903336161484e+02
2.318728814710982533e+02
2.319684662572204559e+02
2.316065614412589468e+02
2.317397913122965463e+02
2.322768230377161274e+02
2.318197767690310229e+02
2.314328321040835874e+02
2.316744146526600900e+02
2.320476973393617754e+02
2.320096468397259741e+02
2.316096191326582527e+02
2.313868109349681390e+02
2.322169413140705103e+02
2.322186133286644463e+02
2.316838475392507917e+02
2.319082786950891659e+02
2.318563417282375951e+02
2.322129620901169744e+02
2.320378147009912482e+02
2.315316180387631277e+02
2.319242090998384072e+02
2.321388344573755091e+02
2.317846005174372976e+02
2.315585038217134013e+02
2.315158052038388803e+02
2.322548371450634193e+02
2.318777945963251170e+02
2.314386041115363639e+02
2.314348275131277433e+02
2.323128257534671377e+02
2.322142276502373477e+02
2.313274294668379127e+02
2.316920703464791131e+02
2.322988464615461055e+02
2.322700383962752539e+02
2.318148948019733950e+02
2.319586006464963646e+02
2.315931506975146306e+02
2.320986609262825766e+02
2.321741573981495605e+02
2.316585827106197542e+02
2.313669524815280738e+02
2.315203203183341714e+02
2.321759476702563632e+02
2.321170799566387757e+02
2.317214591296823301e+02
2.319732735833582922e+02
2.323777401577710862e+02
2.316142469253025240e+02
2.313794708977577272e+02
2.317746192885778385e+02
2.322656913943221468e+02
2.319553685919680959e+02
2.314940558846639362e+02
2.320574614889859504e+02
2.322599107331399182e+02
2.320378985863799244e+02
2.316669657697997309e+02
2.318356437304948656e+02
2.322851953013074535e+02
2.317482088824311859e+02
2.315192697616176645e+02
2.317565857989887661e+02
2.323772746707035139e+02
2.319360289656989664e+02
2.317279821548124801e+02
2.323581591879795951e+02
2.325117957488546381e+02
2.317207392906253745e+02
2.319043924676708741e+02
2.324023113963450271e+02
2.323008453622506977e+02
2.319574183425238516e+02
2.318554141389728329e+02
2.323811339341420990e+02
2.321642238078355547e+02
2.316636056293685044e+02
2.319662146512390564e+02
2.324834911452009862e+02
2.321045109775596984e+02
2.316195765536320721e+02
2.321132655413452994e+02
2.324308399441902964e+02
2.324042498100883165e+02
2.321515756784900759e+02
2.322095860752831413e+02
2.327224338834082573e+02
