3.402516343635085718e+02
3.402515945513384850e+02
3.402290592593216161e+02
3.402515921796120324e+02
3.402515626618696842e+02
3.402516152821032733e+02
3.402290870278976058e+02
3.402515751842593659e+02
3.402515912382054921e+02
3.402516038438465102e+02
3.402290801344127544e+02
3.402515999207529944e+02
3.402516229522689741e+02
3.402515228883894451e+02
3.402290817839739248e+02
3.402516235814171637e+02
3.402516182247122174e+02
3.402516013110265476e+02
3.402290758254496836e+02
3.402516597564837753e+02
3.402516421722139626e+02
3.402516074403421840e+02
3.402291209943853687e+02
3.402515929535798591e+02
3.402515863015101445e+02
3.402516145311847708e+02
3.402290969079363094e+02
3.402515946301124359e+02
3.402515987619107705e+02
3.402516127545285940e+02
3.402290934526161550e+02
3.402516191911882970e+02
3.402515990570213376e+02
3.402515847191234570e+02
3.402291097589261426e+02
3.402515840617907656e+02
3.402516680578413002e+02
3.402515730975210886e+02
3.402290459767488642e+02
3.402515873519634511e+02
3.402515627828036600e+02
3.402516479314112416e+02
3.402290767359168626e+02
3.402516192158527133e+02
3.402516437426961033e+02
3.402515287277877292e+02
3.402290595308525667e+02
3.402515405963716262e+02
3.402516065778568191e+02
3.402515741948809023e+02
3.402515900175579873e+02
3.402515837364738900e+02
3.402516289133081955e+02
3.402516052394951771e+02
3.402291054001565840e+02
3.402515770268506117e+02
3.402516108441852793e+02
3.402516433354245464e+02
3.402290705734984613e+02
3.402515741775186484e+02
3.402515858627321563e+02
3.402515996810582806e+02
3.402290871574781477e+02
3.402516123676205098e+02
3.402515559767841182e+02
3.402516272660656114e+02
3.402291094455704865e+02
3.402516038703159893e+02
3.402516317576686902e+02
3.402516143328165867e+02
3.402291031097931295e+02
3.402515891215049919e+02
3.402515702563021023e+02
3.402516281576766346e+02
3.402290726487472625e+02
3.402516140093213153e+02
3.402516489338577799e+02
3.402515787628227031e+02
3.402290445043989280e+02
3.402516011643468801e+02
3.402516011003325502e+02
3.402516016164667576e+02
3.402290952036351541e+02
3.402516382108286166e+02
3.402515641298697915e+02
3.402516153736963815e+02
3.402290654939631622e+02
3.402516201848538913e+02
3.402515549476103729e+02
3.402516110263869678e+02
3.402290812649835630e+02
3.402515957433725475e+02
3.402516256759368503e+02
3.402515875641316825e+02
3.402290803513913033e+02
3.402516118863712222e+02
3.402515851035640821e+02
3.402515773329511717e+02
3.402290979701021456e+02
3.402515762418424288e+02
3.402515622298367930e+02
3.402515787086061891e+02
3.402290785434967688e+02
3.402515896124484698e+02
3.402515821636249598e+02
3.402516327301648857e+02
3.402290513383403550e+02
3.402515772649707628e+02
3.402516051035271971e+02
3.402516125635311823e+02
3.402290902631260110e+02
3.402516105038971546e+02
3.402516693465478852e+02
3.402516409103229194e+02
3.402290928650566570e+02
3.402515651238362011e+02
3.402515934073969106e+02
3.402516028422305681e+02
3.402290803317557675e+02
3.402515933497782612e+02
3.402515723600903925e+02
3.402515872973008300e+02
3.402290342073031866e+02
3.402516241184726482e+02
3.402515865014218548e+02
3.402515887838523554e+02
3.402290773194366125e+02
3.402516098319117646e+02
3.402515901698890275e+02
3.402515458253574252e+02
3.402290415380835498e+02
3.402516097656562692e+02
3.402515912265540123e+02
3.402515686939384523e+02
3.402290695045364259e+02
3.402515990393133052e+02
3.402515952849703922e+02
3.402515492702760298e+02
3.402290875022411569e+02
3.402515940231028253e+02
3.402516021850195216e+02
3.402515793456182109e+02
3.402290929251802254e+02
3.402516145475964890e+02
3.402515838312740470e+02
3.402515718665015925e+02
3.402290813676266339e+02
3.402515713039601337e+02
3.402516036882769299e+02
3.402515659255956848e+02
