1.067946499372491189e+02
1.060933298389553414e+02
1.065383817819111840e+02
1.063444706481535036e+02
1.062165109843648452e+02
1.059228107695856949e+02
1.060134250807706735e+02
1.063205787645019171e+02
1.059728064710578792e+02
1.059568901792546427e+02
1.055028441082107094e+02
1.057565541285543418e+02
1.053210427220114980e+02
1.055949687351922108e+02
1.057856720684540051e+02
1.055237105777472522e+02
1.055230633549428632e+02
1.055161377212718747e+02
1.053276467510055312e+02
1.054281863092503500e+02
1.056299773275383842e+02
1.055534084813391900e+02
1.053799876131932791e+02
1.056147213579610167e+02
1.054006205893693391e+02
1.057781266290189137e+02
1.050304469479328446e+02
1.056851341764549801e+02
1.056710483008368868e+02
1.054300563855729962e+02
1.054290956544102897e+02
1.059547561043967363e+02
1.052627336440998533e+02
1.054618958157426363e+02
1.052213749217131209e+02
1.058006159690869339e+02
1.052292855245190282e+02
1.053159915821318435e+02
1.052804735805299998e+02
1.051810278290179070e+02
1.057983310700829662e+02
1.050524018736273888e+02
1.052999224414457871e+02
1.052975050737150582e+02
1.056178029474304907e+02
1.053438218621737832e+02
1.053208424099131548e+02
1.055230441013925002e+02
1.057306667813411991e+02
1.055841729483016564e+02
1.052647405527586812e+02
1.054353731485989130e+02
1.056783598283247585e+02
1.053641620212505359e+02
1.050017547735543531e+02
1.054549483149933167e+02
1.054570619740950406e+02
1.050144453281508845e+02
1.050354837750456340e+02
1.057480381346722567e+02
1.056561097398878388e+02
1.053315495540419562e+02
1.047246369356912936e+02
1.056995776206774877e+02
1.055273936170574416e+02
1.051341911796463222e+02
1.054243755914874328e+02
1.058142275348242691e+02
1.053069845543127485e+02
1.049971088541340691e+02
1.050746950848219967e+02
1.056677083195853726e+02
1.053028075593444868e+02
1.053260626443775578e+02
1.051422029817976096e+02
1.054003352527669790e+02
1.054238093394395150e+02
1.052789620139623281e+02
1.051938198979888597e+02
1.051794453644572087e+02
1.056766882581048463e+02
1.051897569938190600e+02
1.052308001433801223e+02
1.053294654179217247e+02
1.060176820146664767e+02
1.050285056248673641e+02
1.052531526134207098e+02
1.051910540030277872e+02
1.063015252586509405e+02
1.054711661806688880e+02
1.053373183895001262e+02
1.049991120334766350e+02
1.058576307274853576e+02
1.056419912923850433e+02
1.052633513389746298e+02
1.051627673735080322e+02
1.057675151793848869e+02
1.053405574423211277e+02
1.049998665833606566e+02
1.054440853419167183e+02
1.053342536235817306e+02
1.056580962704671407e+02
1.056892747503999459e+02
1.052810767615138019e+02
1.054123569312938713e+02
1.052305964926300561e+02
1.059167114887738563e+02
1.052952288384782378e+02
1.049467283031693796e+02
1.051004818206283886e+02
1.057441027161508629e+02
1.055969887622240435e+02
1.054836434095045661e+02
1.054883156568707108e+02
1.057205926867483186e+02
1.052255372108795797e+02
1.052719592080275675e+02
1.050136780658596223e+02
1.058683762526120518e+02
1.055507788005034371e+02
1.051942650039396199e+02
1.051321483969595647e+02
1.061795849239351099e+02
1.054581886058475675e+02
1.052514233161583093e+02
1.053622350968205268e+02
1.056699424216472920e+02
1.053308686328882686e+02
1.050231223449387130e+02
1.051929995254164965e+02
1.052090286596387045e+02
1.052516525845044129e+02
1.050283645204603857e+02
1.057089533690960792e+02
1.051779668695588015e+02
1.051038358420178156e+02
1.051840599339466280e+02
1.056779622246404529e+02
1.056097643458908664e+02
1.054128222770306280e+02
1.052866728799948675e+02
1.057923382802235466e+02
1.053739311546821540e+02
1.052092487184055329e+02
1.048801930942621539e+02
1.058424949703423295e+02
1.049507009834817381e+02
1.048667104582465157e+02
1.052512916167972463e+02
1.054733650096457183e+02
