2.382087590707463960e+02
2.378738212326404380e+02
2.378318074367163035e+02
2.379342601423663837e+02
2.382874191360915290e+02
2.383235538553540493e+02
2.380068501426459022e+02
2.381037037299092844e+02
2.381198857896972925e+02
2.382893666333996237e+02
2.380265415597838228e+02
2.381459461865906917e+02
2.376962997018218857e+02
2.378827189430847966e+02
2.376797056738055289e+02
2.383225694265568961e+02
2.380137239690897388e+02
2.380811194652513052e+02
2.378517823477266120e+02
2.376515315715479062e+02
2.380397466482427262e+02
2.378758909010419700e+02
2.376306281713681585e+02
2.378643008828308609e+02
2.377680630908649562e+02
2.380440019302115218e+02
2.381197743400484512e+02
2.375852415138394065e+02
2.382515552392650591e+02
2.378168215520645674e+02
2.381200548528453567e+02
2.380506573406961195e+02
2.377333354434057355e+02
2.377328027383593678e+02
2.372489958494917346e+02
2.372101719881773079e+02
2.379034602675829149e+02
2.378065430077758720e+02
2.377097509794084544e+02
2.375560417024566107e+02
2.375266895328745704e+02
2.379596098860988320e+02
2.374399599442410818e+02
2.376257610669428288e+02
2.380656764781315644e+02
2.377195551964755111e+02
2.374645012653028573e+02
2.379709014922270001e+02
2.377618586332338566e+02
2.377420786325251640e+02
2.378927876256703087e+02
2.374786616349920507e+02
2.376466224039602082e+02
2.377412687826246156e+02
2.373936550332220747e+02
2.376569230807448037e+02
2.378261208343602959e+02
2.377656323658765132e+02
2.376456435801678424e+02
2.374423840437769115e+02
2.377861876016614815e+02
2.378609435710783373e+02
2.377750472443547380e+02
2.374405391228185920e+02
2.378232583496121890e+02
2.376893443843855209e+02
2.375741394620045810e+02
2.378729350447891022e+02
2.379007144042660400e+02
2.379062426811322268e+02
2.378770020193578603e+02
2.377069958838237653e+02
2.379199879649776221e+02
2.380596018382863406e+02
2.379570884481422581e+02
2.375645535347293844e+02
2.377475068520264756e+02
2.378304157244424175e+02
2.380399635906206584e+02
2.378940331195935869e+02
2.380013444869162242e+02
2.382530117890335362e+02
2.380843672505926918e+02
2.378363024377244983e+02
2.382728145218489715e+02
2.380139448469489309e+02
2.378433809448361274e+02
2.376514276857601260e+02
2.382383470538708536e+02
2.379012535782753446e+02
2.379073598296422460e+02
2.382282654696804229e+02
2.379704577797301681e+02
2.381043828727429172e+02
2.381108327842024153e+02
2.378272942214981640e+02
2.379942920069305217e+02
2.380930680463574447e+02
2.377328105357596542e+02
2.379385581287496905e+02
2.380066709067384352e+02
2.378801006985304127e+02
2.381223796373668335e+02
2.381354253606737359e+02
2.379379656653628672e+02
2.377076271010292032e+02
2.380661359224255023e+02
2.380605721691787551e+02
2.378135602558602386e+02
2.380367023897686067e+02
2.382800373240152112e+02
2.377905426589804563e+02
2.377616970832370669e+02
2.374975947673355279e+02
2.373810070324269930e+02
2.371996611045579186e+02
2.374577094822452636e+02
2.375334353584048586e+02
2.372749562640086367e+02
2.374837369310088206e+02
2.374232047775034005e+02
2.374849592945006123e+02
2.376616594919793215e+02
2.371672593119778867e+02
2.369571397675765922e+02
2.371711443256297116e+02
2.372039332294924634e+02
2.372822742471270487e+02
2.374299057303655047e+02
2.371916139384113933e+02
2.371454678621255709e+02
2.370889212364737944e+02
2.371157087174067328e+02
2.369277421720161385e+02
2.367512615888423682e+02
2.371046329008398459e+02
2.366264166567329994e+02
2.369587993805972701e+02
2.372804107519074535e+02
2.372898235330057162e+02
2.370898844517645045e+02
2.369038370634714568e+02
2.365399433533561933e+02
2.367031940770158656e+02
2.370074630630775516e+02
2.370748307992801927e+02
2.369604408053003226e+02
2.370087200838091519e+02
2.367249885221939678e+02
2.371036246309359683e+02
2.370442156385949772e+02
2.373302852910469483e+02
2.371016107007588687e+02
2.369161963524711609e+02
2.371848719287387439e+02
2.369827524326326795e+02
2.368006723913627241e+02
2.373189875574296650e+02
2.369918684784115612e+02
2.372562795352434648e+02
2.368742359367104200e+02
2.370025363641849196e+02
2.372836844207119213e+02
2.371801676891977593e+02
2.368782041433407528e+02
