1.011147905519358687e+02
1.009410827761681020e+02
1.009152620001119089e+02
1.008154124607893465e+02
1.009240079386562314e+02
1.007595769301863697e+02
1.007697527897355059e+02
1.008034158905253861e+02
1.008373801242549774e+02
1.007429148318860683e+02
1.007760438880018228e+02
1.012829784801601107e+02
1.012405722103175805e+02
1.010899940392687455e+02
1.008846297281472317e+02
1.011502049493008855e+02
1.007324344429622300e+02
1.008341993312214981e+02
1.009848851843566990e+02
1.007770435459656824e+02
1.009938093047541088e+02
1.010110077423840238e+02
1.008775126403988764e+02
1.012952392397138368e+02
1.009060662576372351e+02
1.008916846626248116e+02
1.011649160370069467e+02
1.008453466550170674e+02
1.011600415018816506e+02
1.010215929332669020e+02
1.007952875240505506e+02
1.011118516749721863e+02
1.009806009327521821e+02
1.016437649423647969e+02
1.027187056049747298e+02
1.014172548324513770e+02
1.010481383028525073e+02
1.011952599413916118e+02
1.010682752969390066e+02
1.010374724754935158e+02
1.011576977589574398e+02
1.015781005793465539e+02
1.011363804351388609e+02
1.010830618583827913e+02
1.011239667359947276e+02
1.009325482614187450e+02
1.012579432957400059e+02
1.011095567967661424e+02
1.012059161585926432e+02
1.011504492487466109e+02
1.014115216082991111e+02
1.009932993161879580e+02
1.011268209534131159e+02
1.020116966773258440e+02
1.015223657711374727e+02
1.007730212223553963e+02
1.015263858032139836e+02
1.012641189661030268e+02
1.011897767370294474e+02
1.011050794887008664e+02
1.010600315278081354e+02
1.013611540948315195e+02
1.012236866597476137e+02
1.014012559853930497e+02
1.012206559586611547e+02
1.011931447635806904e+02
1.012253387340208661e+02
1.011503218233989401e+02
1.009963916530396659e+02
1.010410052809950940e+02
1.012082961212225314e+02
1.011179728665217681e+02
1.009099339060289822e+02
1.010408164976136050e+02
1.009324931492121351e+02
1.012022003562030221e+02
1.010634879084858397e+02
1.010817097239500271e+02
1.012629613373930511e+02
1.009645317760853942e+02
1.008412381317469197e+02
1.008608916036787377e+02
1.009796148375662455e+02
1.008268935191757691e+02
1.008152295942661567e+02
1.009462417166612767e+02
1.010527123677775876e+02
1.011240693401387603e+02
1.010996929733773158e+02
1.011208546222853357e+02
1.010518472032526205e+02
1.009210361594017371e+02
1.008933287809858399e+02
1.008180668358186125e+02
1.011428465996899604e+02
1.010388924767961925e+02
1.012250211936793534e+02
1.012192658336572748e+02
1.010658664451745494e+02
1.009321002164661536e+02
1.010646819189591952e+02
1.008765532919180004e+02
1.011148294213946173e+02
1.010185850067506976e+02
1.008816132097523450e+02
1.012160647507439677e+02
1.009430582537344208e+02
1.011806603852714233e+02
1.010991735128190641e+02
1.010939439298440021e+02
1.013293533519815099e+02
1.013296237002250422e+02
1.012735206131414287e+02
1.020970427799908151e+02
1.020404024911131415e+02
1.017908895978649753e+02
1.013107612627017176e+02
1.018816639954829810e+02
1.014909110868443491e+02
1.017899867412433537e+02
1.017032638350944040e+02
1.016309119372263439e+02
1.015649326232517069e+02
1.015524285940074805e+02
1.019714128892234868e+02
1.017648658616658963e+02
1.016852102758883234e+02
1.016563725290228746e+02
1.016803956678216849e+02
1.017937711236140217e+02
1.017646740574802635e+02
1.019285395107627750e+02
1.019112269067725833e+02
1.022463115563276830e+02
1.021297792209636128e+02
1.019618495565105576e+02
1.017941501089764955e+02
1.016672774102889463e+02
1.015364562132520660e+02
1.015849475686776344e+02
1.017076590769840436e+02
1.022729376180211744e+02
1.028328239975832759e+02
1.020272928885580228e+02
1.018542620019977250e+02
1.014679676124048484e+02
1.012704612229274659e+02
1.017892584920443966e+02
1.019335368087696025e+02
1.016259702619013865e+02
1.016474935611365282e+02
1.014937743401772394e+02
1.014065371349764177e+02
1.012617173382826792e+02
1.014714749284644313e+02
1.015725030461225771e+02
1.012180426182273862e+02
1.014337939826398696e+02
1.009780553544291166e+02
1.013871863396759778e+02
1.013438436010246875e+02
1.013105138605004782e+02
1.012903467073656287e+02
1.010488541001630978e+02
1.010063822750117168e+02
