2.859810235417205604e+02
2.858018769412412325e+02
2.857882374905565257e+02
2.859323079616041809e+02
2.861021543251081312e+02
2.860354749874533127e+02
2.858682087713288524e+02
2.860445285008974565e+02
2.859750243415708724e+02
2.859478637710490716e+02
2.860111282993453301e+02
2.859016077380196634e+02
2.858306985944367966e+02
2.858277367759630465e+02
2.858836310145032940e+02
2.860574430159961707e+02
2.859740488691199403e+02
2.859638658818226418e+02
2.857734276993098774e+02
2.857456295830072577e+02
2.859907054619783935e+02
2.857716363996215705e+02
2.858560114231082139e+02
2.858716389571766854e+02
2.858013765722716357e+02
2.859935494029570577e+02
2.858966139509012123e+02
2.857988540364264622e+02
2.860259420449148138e+02
2.858269467973136102e+02
2.859152887693508660e+02
2.859282138352857032e+02
2.857833631721687198e+02
2.859290062532612069e+02
2.857266508026034444e+02
2.856282167761866617e+02
2.859708590556484751e+02
2.858415268869466104e+02
2.857878304961952267e+02
2.856611499761761479e+02
2.858483401259995276e+02
2.858663769367580585e+02
2.855728702135452863e+02
2.858117583049716472e+02
2.860076313709486726e+02
2.858331528527489809e+02
2.857575931165656584e+02
2.859824703348513140e+02
2.858751087263246404e+02
2.859373976207579062e+02
2.859701189178836671e+02
2.857893505137265606e+02
2.858992950908818216e+02
2.859085551628189137e+02
2.856888896378760023e+02
2.858578057414900968e+02
2.859634787409538603e+02
2.859573793178516894e+02
2.857464029281426861e+02
2.857986731023157176e+02
2.859534685991772562e+02
2.860231858555295616e+02
2.860212011336538467e+02
2.857350918707246592e+02
2.859646719467422145e+02
2.859634901172661898e+02
2.858767192239258748e+02
2.860795322765509923e+02
2.860937158925054860e+02
2.860347933983193229e+02
2.859808551984248766e+02
2.859619754565662220e+02
2.861252109010260938e+02
2.861153445268548126e+02
2.860336157476014591e+02
2.860145640011518822e+02
2.860004987607368321e+02
2.862014267715321125e+02
2.861721640868443046e+02
2.862012176810478650e+02
2.862142340117300137e+02
2.862693028786330274e+02
2.862645060496611791e+02
2.862003549550004209e+02
2.863046642735050114e+02
2.863020391673122731e+02
2.861229149551977002e+02
2.861141336472264811e+02
2.863038528652719492e+02
2.861742394598330179e+02
2.862926588422208170e+02
2.863025423710270161e+02
2.862800051420259138e+02
2.863621547694871765e+02
2.864375311772444093e+02
2.862067947243461390e+02
2.862744488753690462e+02
2.863156417424131064e+02
2.861001715974471722e+02
2.862245859261300325e+02
2.863672172738453696e+02
2.862663823728617558e+02
2.864895924627865611e+02
2.863372716330526373e+02
2.862788712822379580e+02
2.863420694700974423e+02
2.862836043127209109e+02
2.863763512803316189e+02
2.863004101988145180e+02
2.863343033291689608e+02
2.864285636256159364e+02
2.861817418419616388e+02
2.862117272244886976e+02
2.863023743056440935e+02
2.860858544404891859e+02
2.860062591992934244e+02
2.861903154319101645e+02
2.861688284933190971e+02
2.860563684681947052e+02
2.861876110973911977e+02
2.861428681253694322e+02
2.862172357613896452e+02
2.863122397233351535e+02
2.860159307019156927e+02
2.860285993004214902e+02
2.860982040593891611e+02
2.861168576458287589e+02
2.861926759227802108e+02
2.862874686446325541e+02
2.861614450648767729e+02
2.861356684426997958e+02
2.861880373674436555e+02
2.862332417988672546e+02
2.860648997660131272e+02
2.861744105437778103e+02
2.862506316119526559e+02
2.860216741826473026e+02
2.862767902101979303e+02
2.864918634723869673e+02
2.863324994167974182e+02
2.863759160428793962e+02
2.863612312063676200e+02
2.863568081356327752e+02
2.864809829815301327e+02
2.864295317476244236e+02
2.864290020328438118e+02
2.865226551264661339e+02
2.865697279216971083e+02
2.863987648377192272e+02
2.865021512813312370e+02
2.865216041599564392e+02
2.866100016701219602e+02
2.865666436657961071e+02
2.866456213330688456e+02
2.867113012598907744e+02
2.866218958223622053e+02
2.865706258235105111e+02
2.868822235358650801e+02
2.867799862026190567e+02
2.868424453581368994e+02
2.867069651925488643e+02
2.868605351540784341e+02
2.868904731945526123e+02
2.868215214674986555e+02
2.867056359117476632e+02
