2.866283584044342660e+02
2.866107568146381368e+02
2.866177020401464688e+02
2.869674991091536640e+02
2.868307378054692549e+02
2.866862372163745931e+02
2.866220030356182633e+02
2.867011990879419159e+02
2.866888905949403465e+02
2.867393655767860423e+02
2.867456546108032285e+02
2.868421641308873404e+02
2.866452683654310363e+02
2.866757149039366936e+02
2.868881694787917809e+02
2.868369041006628208e+02
2.866813877830581418e+02
2.867286613388607179e+02
2.866430340395172038e+02
2.866578718679282929e+02
2.868269445070743586e+02
2.867551513769578833e+02
2.867128833305484363e+02
2.866971721010907572e+02
2.865843935547388242e+02
2.865105588537390418e+02
2.865294627718054130e+02
2.866037239137430674e+02
2.866559074696037328e+02
2.867473632239772883e+02
2.866561792775972322e+02
2.866076087823495300e+02
2.865882008088616431e+02
2.866663086353901804e+02
2.863691443709233795e+02
2.864177953550319558e+02
2.865454151857674674e+02
2.865263481817279398e+02
2.866513670232318418e+02
2.868435005608537267e+02
2.868177663226428535e+02
2.865789644397224833e+02
2.865259571405280781e+02
2.867205677937143946e+02
2.866172148035412306e+02
2.866708744952521783e+02
2.867384353570110420e+02
2.868404570065281973e+02
2.866622578183856831e+02
2.865980703410576211e+02
2.866025966514352490e+02
2.867330388209304601e+02
2.867271347466607949e+02
2.864442924801305139e+02
2.866458614788839441e+02
2.867977231225850119e+02
2.866858644508286034e+02
2.866438676825527523e+02
2.865915401282083508e+02
2.865300935314284629e+02
2.866826867228145943e+02
2.867478103755590269e+02
2.866796534775198211e+02
2.867669179003701743e+02
2.868496129377314787e+02
2.867749931667464125e+02
2.866408402876167543e+02
2.865300136081646087e+02
2.865103799791134520e+02
2.866184259758035751e+02
2.868148459923568794e+02
2.868556936224924812e+02
2.868422446699711941e+02
2.868671839418695981e+02
2.868469728962339218e+02
2.867065733164861854e+02
2.868588472557796649e+02
2.869349225082827957e+02
2.870577776433790973e+02
2.870045866630203477e+02
2.868380955028278549e+02
2.868442123533523045e+02
2.867690919659170277e+02
2.868262005291233550e+02
2.868965423103813919e+02
2.869455910098740219e+02
2.868764819858910755e+02
2.868610569195187736e+02
2.869206068563227063e+02
2.868209569092401807e+02
2.870064267160117311e+02
2.870090241234485688e+02
2.871357290504786874e+02
2.871810843866851997e+02
2.869376369183444808e+02
2.869871964120432608e+02
2.871446704901578073e+02
2.870900325858055453e+02
2.868761458174710697e+02
2.868831212646264248e+02
2.869528818635507719e+02
2.871402275778650619e+02
2.871976965355634661e+02
2.870332224936528291e+02
2.869642736217445531e+02
2.868565491747543206e+02
2.868270022164476245e+02
2.868580227046155073e+02
2.868440626262901674e+02
2.869327154887008078e+02
2.871209315398602939e+02
2.871915019454415869e+02
2.869340130889398210e+02
2.867537333582125143e+02
2.867004021265049118e+02
2.868110452550350828e+02
2.869157263621876268e+02
2.869920463357311178e+02
2.870246152004089026e+02
2.869373245230138423e+02
2.868404417417818308e+02
2.868479988799397802e+02
2.868819713466639882e+02
2.870335831321124260e+02
2.870386261288791161e+02
2.868289032446722899e+02
2.867421752355235753e+02
2.868859163904679122e+02
2.869211484473993892e+02
2.870587951435711602e+02
2.872432479641658460e+02
2.871769085042382699e+02
2.871098001637182051e+02
2.870000541076432228e+02
2.872525155536412740e+02
2.873149049787361378e+02
2.872641295037465738e+02
2.871501396724551682e+02
2.871220520763401964e+02
2.872684731548505397e+02
2.874119301923578291e+02
2.873663107812334943e+02
2.871373328093146142e+02
2.872665344072275957e+02
2.872452912859943126e+02
2.871270192120023239e+02
2.874252920420819919e+02
2.875578481839551728e+02
2.875276571282875011e+02
2.875130812416128379e+02
2.874781845398075575e+02
2.875007371443155648e+02
2.875361991577135541e+02
2.876806640390905727e+02
2.876258605147500020e+02
2.875101859855179214e+02
2.875241763917057369e+02
2.876119681972925832e+02
2.877525420688696158e+02
2.876154939326586373e+02
2.876337346145103879e+02
2.877081993992994740e+02
2.876555795652218990e+02
2.875697479546002455e+02
2.876322955402862931e+02
