2.880821771173090156e+02
2.880195442987821934e+02
2.879945895748455769e+02
2.880308548431611939e+02
2.879905890349825768e+02
2.880743794930771742e+02
2.880981091557899276e+02
2.881079509851628018e+02
2.881425317070236929e+02
2.881350594372299270e+02
2.881612593646373739e+02
2.881483162229432651e+02
2.880493699164670147e+02
2.880536530984431351e+02
2.881513753878937791e+02
2.880405828138714242e+02
2.880648957576552220e+02
2.880143263681868007e+02
2.881212544594708334e+02
2.880437519129308725e+02
2.880608411452922724e+02
2.880870651686274755e+02
2.881798360118481241e+02
2.880954398213899026e+02
2.879696367905729062e+02
2.880459863158333178e+02
2.881123663780925312e+02
2.881460758286216333e+02
2.881366796072124430e+02
2.881649692940845853e+02
2.882205893115317963e+02
2.883091892583301501e+02
2.881733904412824359e+02
2.881186651605319184e+02
2.878661210120952205e+02
2.878054989107311599e+02
2.879257803505494735e+02
2.879710120134684530e+02
2.879940669219075176e+02
2.879687670441552427e+02
2.878825639847287903e+02
2.879383343190475557e+02
2.879341424119107273e+02
2.880259939922822809e+02
2.880546193533771770e+02
2.880709954239231934e+02
2.881258844294219443e+02
2.881385912216970269e+02
2.880340274081665370e+02
2.880441045985019173e+02
2.881234583217409408e+02
2.880820396174215716e+02
2.880646040327824835e+02
2.877896937452171073e+02
2.879474175487892467e+02
2.878471538290568219e+02
2.878618390924736445e+02
2.880127849797086128e+02
2.879232700265299059e+02
2.879539282383907448e+02
2.881061907738333048e+02
2.881384677587246301e+02
2.880358099634162841e+02
2.879283035765072327e+02
2.879689538637880446e+02
2.879385112269641240e+02
2.878867346948556474e+02
2.879936043590321901e+02
2.880838728724908719e+02
2.880919977752531622e+02
2.881273634277592350e+02
2.880913498686565504e+02
2.880713815968774156e+02
2.881397254650165678e+02
2.882150981341799820e+02
2.881623996330966406e+02
2.881230803117667278e+02
2.882045326930102078e+02
2.881167396450968567e+02
2.881873348985629377e+02
2.881749493440410674e+02
2.881529212595129366e+02
2.882314138260794039e+02
2.881796363627392452e+02
2.881771408587946439e+02
2.881117196261140521e+02
2.881366789651340810e+02
2.882126666404865887e+02
2.882797122074628646e+02
2.883342120210639337e+02
2.883220933000170589e+02
2.882078290033085182e+02
2.880809770579399469e+02
2.880932884850333267e+02
2.881440314704087200e+02
2.881795702396667025e+02
2.882351998036500618e+02
2.882679884856403874e+02
2.881599171767680332e+02
2.881719087621107178e+02
2.881383332061573697e+02
2.881900291119474673e+02
2.880915009897847199e+02
2.880496724703236850e+02
2.880979300126290923e+02
2.880188262299581083e+02
2.881012942911276014e+02
2.878977773354877741e+02
2.881296838615240858e+02
2.880429174398192913e+02
2.881535579629318704e+02
2.880787310501506227e+02
2.880222827256109213e+02
2.877942787593586900e+02
2.877866187808717200e+02
2.878009048213240817e+02
2.879193621265125671e+02
2.879342677601471223e+02
2.878507330735212122e+02
2.879365146682946488e+02
2.879976409891589242e+02
2.880022201168611105e+02
2.879880600038002854e+02
2.880402067531496755e+02
2.878842461316406798e+02
2.879525461329374707e+02
2.878008424131507468e+02
2.877950499131234778e+02
2.879695512518848659e+02
2.878796835548102422e+02
2.878218428882052535e+02
2.878966145609674072e+02
2.878370229440907906e+02
2.878455897483959234e+02
2.878145364520764247e+02
2.878375753300528004e+02
2.878930095820259680e+02
2.878845125057621885e+02
2.879919428328219055e+02
2.881614336211029581e+02
2.882372976157648168e+02
2.882772008409829709e+02
2.879663132832194492e+02
2.880933258606235086e+02
2.881314014421886895e+02
2.881841140195853654e+02
2.883198586646973922e+02
2.884189112125266092e+02
2.883682292516838856e+02
2.884222539242467178e+02
2.884723334532463923e+02
2.885286634069802290e+02
2.886242460772228924e+02
2.887016585300288511e+02
2.885259303777269793e+02
2.885380780131401366e+02
2.885062449293690747e+02
2.885774580145307482e+02
2.885712414328699538e+02
2.886507999990919302e+02
2.886214595812722905e+02
2.886484688389452344e+02
2.885899918463921381e+02
2.886162821853881155e+02
2.887374538507188504e+02
