2.881300725086069292e+02
2.881780132463255768e+02
2.882098851210710109e+02
2.881832851888609071e+02
2.881066916409708938e+02
2.880744198136068803e+02
2.881296569689599778e+02
2.881157931505692318e+02
2.880421429766904566e+02
2.880941648350141122e+02
2.880213843319752982e+02
2.881515935430948616e+02
2.881090116979368645e+02
2.880755837924324396e+02
2.881558510932115382e+02
2.882742492066734599e+02
2.881593055268120338e+02
2.881993458544671967e+02
2.882205407868808607e+02
2.881897229558006188e+02
2.881379166537723790e+02
2.881601621689686112e+02
2.880073517970041053e+02
2.880381562219331499e+02
2.881190132808429780e+02
2.880373279940670841e+02
2.881236689568023053e+02
2.881325076690205265e+02
2.880555077616846233e+02
2.880108644505723419e+02
2.879936937209945427e+02
2.880852543704523328e+02
2.879935793842820999e+02
2.880240188863528488e+02
2.881266588754322129e+02
2.881125698685834209e+02
2.880776188513887632e+02
2.880560279923174107e+02
2.880907341060939189e+02
2.880756903226686063e+02
2.880756806774529650e+02
2.879353000950487171e+02
2.880438469358773546e+02
2.879013855733552418e+02
2.880235132819605610e+02
2.880239402737387877e+02
2.879963269852592020e+02
2.880834643928731111e+02
2.880362470678167597e+02
2.880573656332624637e+02
2.880763316873128588e+02
2.880795483244085062e+02
2.880501867764567123e+02
2.879532431283127494e+02
2.878979858770065334e+02
2.880022163790513900e+02
2.880188189661400884e+02
2.879956115812495909e+02
2.879694795609287326e+02
2.879434105741905228e+02
2.879020070408269021e+02
2.879354343036155228e+02
2.880357510086154207e+02
2.882263566245688367e+02
2.881051837016457853e+02
2.881536521540641047e+02
2.881331673635049242e+02
2.880791703542273012e+02
2.881637519932296527e+02
2.882046039409471518e+02
2.881389806294018285e+02
2.880991925011376225e+02
2.881179194490246687e+02
2.881354008884908922e+02
2.880946036601753235e+02
2.881262950947563013e+02
2.879094759273625073e+02
2.880950178430974233e+02
2.880173409424322699e+02
2.880143967154300526e+02
2.880770259501670694e+02
2.880955371926041835e+02
2.880228581529203211e+02
2.879437475132199893e+02
2.879120928987506431e+02
2.878787441136872189e+02
2.877504671243111716e+02
2.877988383677837305e+02
2.878882275213840671e+02
2.879042558144967643e+02
2.878012359058271272e+02
2.878179667807175406e+02
2.878325684249751362e+02
2.878357636166455222e+02
2.877764050442013968e+02
2.878573794241075348e+02
2.878868374592512396e+02
2.879131866269906936e+02
2.879795525475164482e+02
2.878769629433356840e+02
2.880372893884451173e+02
2.879688380037876527e+02
2.879758633883231482e+02
2.880391949884625546e+02
2.880738901089038677e+02
2.878977855461436093e+02
2.880965294448030249e+02
2.880645212326067508e+02
2.880994978831869275e+02
2.880534868113410880e+02
2.880728630485849067e+02
2.881160781756627784e+02
2.881285332273610038e+02
2.880945624288003728e+02
2.881175671691910907e+02
2.881676221536334310e+02
2.881465508596679115e+02
2.881829981445207522e+02
2.882348500021625455e+02
2.882113711142196166e+02
2.881977220874956060e+02
2.881626579339531986e+02
2.881768811677072222e+02
2.882444346889940903e+02
2.881837481136133761e+02
2.881888052232184805e+02
2.881777633834634003e+02
2.881665979584121828e+02
2.881468241955894314e+02
2.881651343424550760e+02
2.880406156179689106e+02
2.881162915474218380e+02
2.880225737847515006e+02
2.881181665928818347e+02
2.881186893699033362e+02
2.880562878980203436e+02
2.880209156069639107e+02
2.880750123010179209e+02
2.881001667588258783e+02
2.881260056190619139e+02
2.880722744552498966e+02
2.881159210818740917e+02
2.879242936947688918e+02
2.878906085704462043e+02
2.879565978866081082e+02
2.879818197568753817e+02
2.880799304369591596e+02
2.880340044955832468e+02
2.879518581075855082e+02
2.879742663834605310e+02
2.880866025032117363e+02
2.881088255180004580e+02
2.881159111970808340e+02
2.881770396572238724e+02
2.882128949911253244e+02
2.881700851241134842e+02
2.881875681602339228e+02
2.881514772991055793e+02
2.880785384223809160e+02
2.881366479998653745e+02
2.879943499321095146e+02
2.881346618805373510e+02
2.880396666496183684e+02
2.880825081847556248e+02
2.881312775360651131e+02
2.880075403405880934e+02
2.880120728105272860e+02
2.881087103943172565e+02
2.880708104007237012e+02
2.880773355479646511e+02
2.880061961332899614e+02
2.880050129714522882e+02
2.880729949107826542e+02
2.880037441529991042e+02
2.881209226773486876e+02
2.880925534801926347e+02
2.881048254194387823e+02
2.881100139133531570e+02
2.880591899121016581e+02
2.881183817954336632e+02
2.880633250101399199e+02
2.880790281750035433e+02
2.879679917155287967e+02
2.880664552149450515e+02
2.880177018262806428e+02
2.879999828864129086e+02
2.880149940378814222e+02
2.880013512534313236e+02
2.879050910278913875e+02
2.879282488705541141e+02
2.879353166975984095e+02
2.879623944676353062e+02
2.880972986362068582e+02
2.880493300338965241e+02
2.880930159102081802e+02
2.880650498971565412e+02
2.879884301607034445e+02
2.879241507080803899e+02
2.879524976738289865e+02
2.880733210554704442e+02
2.879734656231862004e+02
2.878717280835967358e+02
2.879194099700376341e+02
2.880911393472274540e+02
2.880757436309839363e+02
2.880115808257875756e+02
2.879592386465363916e+02
2.879392259383809574e+02
2.879673545317928642e+02
2.879865065941759212e+02
2.880979965529610354e+02
2.880276272774146378e+02
2.880939970970314903e+02
2.881531374159837355e+02
2.882101125010505029e+02
2.881051927610058669e+02
2.880758852502546006e+02
2.880531221791235339e+02
2.880728450310886615e+02
2.880475969382520702e+02
2.880851585050460812e+02
2.880900013410750944e+02
2.881363920728085759e+02
2.882346985066532739e+02
2.883187143974785727e+02
2.883171203008403722e+02
2.882116427345305851e+02
2.880885790202794965e+02
2.880398080230754658e+02
2.880946109516646629e+02
2.880555530719232138e+02
2.881112054415189618e+02
2.881489722058940401e+02
2.881342263739333021e+02
2.881507730913964451e+02
2.881149103531128617e+02
2.881765113177894477e+02
2.880528368306892162e+02
2.880633505578441032e+02
2.880858705503478063e+02
2.881146068985474358e+02
2.880572027300140121e+02
2.880881316577343227e+02
2.882162431735472410e+02
2.880878647953301197e+02
2.881568339535040764e+02
2.880387392987568660e+02
2.880153487677692397e+02
2.879784192624515526e+02
2.880366085256464999e+02
2.880230323385935662e+02
2.880097272649533124e+02
2.879641595753313368e+02
2.880227245261385747e+02
2.880658579521432898e+02
2.881128900855485995e+02
2.881175328958900650e+02
2.880953720630048451e+02
2.880767926178958191e+02
2.881921074493409947e+02
2.881626284226256303e+02
2.882285725980286202e+02
2.881623895583055059e+02
2.880817260347789102e+02
2.881721969763988795e+02
2.881954338220262457e+02
2.881458016275320801e+02
2.882123000113645617e+02
2.881842573024154603e+02
2.881236509913693453e+02
2.881255572843547839e+02
2.880816641410017382e+02
2.881225746442966624e+02
2.880785443496511675e+02
2.881083419190251789e+02
2.881807383302956964e+02
2.881249284311906536e+02
2.882047390057740017e+02
2.881585505743091176e+02
2.880721841987193557e+02
2.880799811357518934e+02
2.881283047808912556e+02
2.880053230139150742e+02
2.880795676525819999e+02
2.880532785069551664e+02
2.882118170528807468e+02
2.881287099784838119e+02
2.881941745645721653e+02
2.882606444404721628e+02
2.881165914569941719e+02
2.881026616462620495e+02
2.881618527407528063e+02
2.881341304616050252e+02
2.881162493237259241e+02
2.880944565085491718e+02
2.882129731506626626e+02
2.881068272536275572e+02
2.880618585563437932e+02
2.880583809060681801e+02
2.880108553041710024e+02
2.880661859973747596e+02
2.880639294353186415e+02
2.880083942890045705e+02
2.880318157010433424e+02
2.880718608638284763e+02
2.881597800127814821e+02
2.881461214385114431e+02
2.880830067330080624e+02
2.881428025107265398e+02
2.882506029086479771e+02
2.882253399152984343e+02
2.881266233654147300e+02
2.882024047838925185e+02
2.882131363250227309e+02
2.881866876512747808e+02
2.883191890575191678e+02
2.882656760572096459e+02
2.882294945488225153e+02
2.882006258960424816e+02
2.881150805020465100e+02
2.880071148467969806e+02
2.880557447139270266e+02
2.879772852974199964e+02
2.880124082081603660e+02
2.880065786580696567e+02
2.880078292863115053e+02
2.881096608778609038e+02
2.880191428908470357e+02
2.879075144633256400e+02
2.879285466892003456e+02
2.880050103090018183e+02
2.880517413507671449e+02
2.881033533411894609e+02
2.881192164273965659e+02
2.881187116294899511e+02
2.880819900873751180e+02
2.879589280171470023e+02
2.879763275120756703e+02
2.879896138417569205e+02
2.880285541010018164e+02
2.880619761266125920e+02
2.880874354373190158e+02
2.880638780822052354e+02
2.880801649219970386e+02
2.880670008926614400e+02
2.880358139208304351e+02
2.880981191729238162e+02
2.881663449001413824e+02
2.880922443244359670e+02
2.881636439910138279e+02
2.881862320279782921e+02
2.880978847657888195e+02
2.880987777643680943e+02
2.882101873517684680e+02
2.881310145021128051e+02
2.882171209986022973e+02
2.882351180145497551e+02
2.883107637929387579e+02
2.882460337292446866e+02
2.880837680918298247e+02
2.880981429327118235e+02
2.881325755046041195e+02
2.881986610155748849e+02
2.882518271060800998e+02
2.881734106770588255e+02
2.882228857745370192e+02
2.881409952555222276e+02
2.880744533900299871e+02
2.881143351009390017e+02
2.881495564564860956e+02
2.881000463589188030e+02
2.881258889411942050e+02
2.880962901646994965e+02
2.881058877824397655e+02
2.881032932478063344e+02
2.881080821544780406e+02
2.882007666308973626e+02
2.881015541198199230e+02
2.881286339231334637e+02
2.881548198085296235e+02
2.881798739009876726e+02
2.881045758074934611e+02
2.880684047285731140e+02
2.880304397144220729e+02
2.879467799998081432e+02
2.879795401331677454e+02
2.879144604934957101e+02
2.879802245358131927e+02
2.879558349719039256e+02
2.879098649789796127e+02
2.878261698330264267e+02
2.879472625216454276e+02
2.879050892858242037e+02
2.880002703664347905e+02
2.879531759678554295e+02
2.879974125641883802e+02
2.880835040705390497e+02
2.880644468420983344e+02
2.880423879274295018e+02
2.879955760512045799e+02
2.881583970399194072e+02
2.882172265583402577e+02
2.881261658427367252e+02
2.881644182039179327e+02
2.881522523543691818e+02
2.881385072220513734e+02
2.882102379750108980e+02
2.881397718384326367e+02
2.881889942710059813e+02
2.881449706959850232e+02
2.880276057784267323e+02
2.880717087025614092e+02
2.880926120002724815e+02
2.882262886469439422e+02
2.881769505497078399e+02
2.881814685866766581e+02
2.882032444603937051e+02
2.880960759070462132e+02
2.880901080371344847e+02
2.881444347694899761e+02
2.881895015977298158e+02
2.881176637144022266e+02
2.881252505835792590e+02
2.881498920748067576e+02
2.881547425588694864e+02
2.882252294757463460e+02
2.881780957018675622e+02
2.881272824455559771e+02
2.881662281528462586e+02
2.881495472344186055e+02
2.882741557375395587e+02
2.881353468265169226e+02
2.879882153490225960e+02
2.880367698067509536e+02
2.879920079659302132e+02
2.878204966293408233e+02
2.879335479103679063e+02
2.878874108209993778e+02
2.879294880003818093e+02
2.878654244391601082e+02
2.878507237829214205e+02
2.879301938124818321e+02
2.879788899702427898e+02
2.879278518478743081e+02
2.878709546534554988e+02
2.878701978551199545e+02
2.877898815300382580e+02
2.878307639257164965e+02
2.879045122999730779e+02
2.878687329996840276e+02
2.879005663181275736e+02
