9.982964061923819088e+01
1.003617564031761020e+02
1.001593156234291087e+02
1.010226938148719000e+02
1.006106514500209386e+02
1.007906314650833082e+02
1.004519410015863201e+02
9.959375234749882111e+01
1.001272327332800529e+02
1.005342924967149401e+02
1.002302098655557501e+02
9.974816508481637811e+01
9.985665941849534022e+01
1.001940518552082011e+02
1.004963617080884006e+02
1.000670829829571034e+02
1.002938005060015456e+02
1.001268912116334633e+02
1.005697240535363477e+02
1.004987635983312657e+02
9.972361532584237409e+01
1.004894161885777635e+02
1.004113253833174184e+02
1.007761336006590938e+02
9.938751304788058860e+01
9.971400604551672586e+01
9.979409200142906400e+01
1.009923818367788186e+02
9.988935486468915315e+01
1.007345338445144733e+02
1.003739688178204830e+02
1.003351067128220819e+02
9.992623063056487354e+01
1.006121650430127943e+02
1.005270004471980627e+02
9.962693556305760012e+01
1.006149837176324553e+02
1.005587900503751939e+02
9.966926794755478625e+01
1.002129261650838856e+02
1.003157111742412440e+02
1.006030971724939604e+02
1.005950103702060261e+02
1.000877780751751942e+02
1.009954830844363727e+02
1.005082190930097994e+02
1.002084714161775736e+02
1.012501302878360008e+02
1.004490456421936670e+02
1.007260286720814548e+02
1.004256146938744223e+02
1.004885389542719025e+02
1.007637206784933568e+02
1.009570694326780682e+02
1.004891038279398714e+02
1.004169485737598393e+02
1.004157163360923590e+02
1.000583221905578739e+02
1.011912239662998019e+02
1.003584151354425131e+02
1.004360710652373854e+02
1.004092535859461606e+02
9.962485594676957135e+01
1.000543946596448563e+02
1.007021023787768286e+02
1.006321431929706023e+02
1.007520247579872148e+02
1.002792593582058345e+02
1.006642744634209379e+02
1.005142270965322240e+02
1.002955241894124896e+02
1.002726740972792498e+02
1.003082924437010774e+02
1.006186596400978459e+02
1.005877816822746667e+02
9.997830463311824190e+01
9.956969434741233727e+01
9.993345584331335374e+01
1.012643071236331167e+02
9.988817652029992189e+01
1.000146637615789018e+02
1.009239948832120035e+02
9.998898662764240441e+01
1.012814634490122359e+02
1.007049506207774243e+02
1.004124022898806743e+02
1.007540873149713008e+02
9.998187467981989585e+01
1.004355166850107111e+02
1.000303112445900098e+02
1.013079410061929480e+02
1.003469874580708421e+02
1.005203418647774924e+02
1.005580887779449739e+02
1.003783233613604580e+02
1.008638624941704194e+02
1.005449887208101245e+02
1.009572140451540889e+02
1.004792595506260255e+02
1.003384430839364398e+02
1.001487837123058142e+02
1.000166000435521596e+02
1.002372200014315382e+02
1.008993669021079569e+02
1.002901492531578782e+02
9.972600034143404457e+01
1.000745098689371133e+02
1.004477537137163807e+02
1.005322075624549143e+02
1.001797299270021284e+02
1.004190756048171380e+02
1.009615953477197223e+02
9.978910499848721827e+01
1.008828666037368720e+02
1.009040423089115706e+02
1.003196250065203259e+02
1.000518902591373518e+02
1.009447512378548026e+02
1.006418353534926950e+02
1.004148479089645889e+02
1.007665202520529846e+02
1.004623152407919093e+02
9.947510889920361876e+01
9.972852180499387487e+01
1.002719647054025671e+02
9.945514309605005110e+01
1.005117880180973060e+02
1.002814091941294237e+02
9.944425999026559282e+01
1.007901202332137132e+02
1.005495355423926895e+02
1.007324132270029935e+02
1.000063575925898505e+02
9.983867298478963903e+01
9.930901930395521049e+01
9.998762213363703211e+01
1.001957956534233887e+02
1.002004002993994760e+02
1.005954976816737059e+02
1.009374100215878656e+02
1.005813148990479817e+02
1.001310340805011521e+02
1.008212829702160320e+02
1.007511233413936367e+02
1.008518011717825544e+02
1.004235018971458402e+02
1.000974223143925457e+02
9.961334260774576421e+01
1.009525175442227720e+02
1.004477071303960685e+02
9.951039968130409363e+01
1.004481132361861313e+02
1.001617446716061295e+02
9.976121973555289912e+01
9.981282979420774382e+01
9.957197927790140568e+01
9.994094004753242189e+01
9.982619684016266604e+01
1.003227349742541037e+02
1.001930118193975403e+02
1.009393925957671598e+02
9.988799003633971552e+01
1.004398886311084311e+02
9.985519353734157733e+01
1.001685451885894054e+02
1.010409657472142868e+02
1.003820652829306255e+02
1.006580268201214921e+02
1.001248242612064843e+02
1.006817767662287224e+02
1.000969202867490679e+02
1.003789889428301194e+02
1.002585013135489049e+02
1.010667894523857058e+02
1.004921302542707053e+02
1.002447056066945379e+02
9.962965349448158747e+01
1.000511517018970693e+02
1.003667477739672904e+02
1.002003933253801051e+02
1.002271036470938839e+02
9.996369149972561274e+01
1.002161930156368186e+02
1.002871193462989794e+02
9.969187051332436056e+01
1.008442060800941817e+02
1.004624471670383770e+02
1.000202078340793150e+02
1.003144253713943925e+02
1.005020714634375878e+02
1.005917726279452751e+02
1.005473448330420183e+02
1.005276257330995264e+02
9.994155858810837856e+01
1.004466314608877866e+02
1.001702986200988477e+02
9.965092617601617064e+01
1.005390123530264503e+02
9.981554641023353724e+01
1.004932023107059393e+02
1.000453812649198397e+02
1.005067735049480575e+02
1.000026144759078761e+02
1.001701169900394603e+02
1.004304217480133303e+02
1.002878730407535954e+02
1.004250017343429704e+02
9.961595115571465442e+01
1.006133463553651950e+02
1.009140394071327336e+02
1.003988905262969098e+02
1.007230566689301128e+02
1.004643590384591221e+02
1.002593949975242822e+02
1.005749739304944228e+02
9.991297185315637819e+01
1.005008346944247251e+02
9.975722783546792982e+01
1.004721402708451166e+02
9.998661343412646829e+01
9.996986494910358090e+01
9.977548788229519516e+01
1.005538349787657353e+02
9.932145572090098540e+01
1.005690010105199548e+02
9.992778906695598096e+01
1.009208888623574012e+02
1.004917366091763000e+02
1.001182526156674726e+02
1.004318482384549043e+02
9.945795051867912662e+01
1.006317602597239329e+02
9.996488990860230217e+01
1.001639480990812814e+02
1.004088373812293042e+02
1.001800801791573150e+02
9.984179229338734274e+01
9.998927046875085978e+01
9.995839176468990672e+01
1.005767283857717729e+02
1.011230707184365087e+02
1.004143752452982739e+02
1.008522597918547064e+02
9.971447397031259641e+01
1.002263569235913252e+02
9.999679056621380369e+01
9.969674190222467303e+01
1.000161197538341185e+02
1.009128952659648206e+02
1.005128680267980741e+02
9.978339267036398041e+01
9.926797452178065839e+01
9.992366977750988610e+01
1.005852108626722696e+02
9.992043022802279495e+01
1.005413608051593286e+02
1.006717642782889044e+02
1.002043289234582772e+02
1.004372962486660725e+02
1.003382748147389947e+02
9.995633914974943934e+01
1.005294140340327118e+02
1.003387192043264093e+02
1.005851863308026992e+02
1.001791158805292099e+02
9.969154559175603936e+01
1.002212070798189529e+02
9.997499033803813973e+01
9.993137951021195420e+01
1.006240834400889099e+02
1.005561251460398466e+02
1.001376358408083860e+02
1.009598666062546499e+02
9.988731212700334083e+01
1.003709791242302458e+02
1.011065772310539188e+02
1.005894690516112036e+02
1.007995563778790284e+02
1.006020531046525974e+02
1.003266349575407190e+02
1.003627992215367755e+02
1.004699233121567090e+02
1.002680502521771331e+02
1.000768732208673981e+02
1.011370968984978163e+02
1.001041959060716948e+02
9.940010816217966294e+01
1.001294763883234964e+02
9.962113315774411149e+01
9.978394351266047124e+01
9.948574413959562435e+01
1.007612691018253344e+02
9.982894229149154341e+01
1.001349641069141256e+02
1.001034689587785920e+02
1.001103249627480665e+02
1.003581619537679757e+02
1.007113452403292513e+02
1.003607262964442981e+02
9.928716349241737760e+01
1.001473568300706916e+02
1.004130574649291816e+02
1.000921743027355433e+02
1.006623454921746088e+02
9.944807036643294396e+01
1.002919434585589471e+02
9.951903985522278617e+01
1.004869494896603328e+02
1.006398973182528920e+02
9.990605561673201862e+01
1.005888815258133491e+02
1.003183172415921689e+02
1.008670665549227152e+02
1.006890061971939900e+02
9.960644943913354155e+01
1.004547944937001063e+02
1.009560259389670165e+02
1.000718814199141917e+02
9.968298073357499334e+01
1.000005919655280735e+02
1.002274641436284810e+02
1.003747790710456229e+02
1.006060837008768516e+02
1.000327908950104217e+02
9.991636707184117938e+01
1.007364177712434383e+02
1.008015688941136432e+02
1.002366418358479478e+02
9.990059241716221550e+01
1.006979392682653014e+02
1.004121773742169097e+02
1.000377071606373676e+02
1.000321791714602568e+02
1.004610635108795691e+02
1.008339475735272686e+02
1.001943040268557326e+02
1.005185201216120987e+02
1.009031251955495208e+02
9.990228808268017247e+01
1.002643318127534258e+02
1.002690004288307932e+02
1.000687621842246671e+02
1.002402779220838198e+02
1.002075510594971632e+02
1.010746064893317993e+02
1.000546811495176911e+02
1.006973238075127171e+02
1.003390459421439829e+02
1.000681650006080758e+02
1.003796960707411472e+02
1.004611332733660447e+02
1.002724874010688012e+02
1.014020804829924600e+02
1.001285833145174848e+02
1.007228004186556944e+02
1.001259883611478614e+02
1.004318788935585616e+02
1.007483820080141612e+02
1.009612894436427126e+02
1.002444570264145227e+02
9.988742434509093471e+01
9.993439014901447592e+01
1.002078241614804597e+02
9.970203182249362328e+01
9.995996649082952956e+01
1.006515399730914737e+02
9.974352397835889406e+01
9.997671701791169596e+01
9.991186405297132467e+01
1.006825274420474585e+02
9.972419905587561573e+01
1.002205905483031643e+02
9.981718515815536819e+01
9.961829838385575897e+01
9.957068233632179499e+01
1.008224787855638596e+02
9.960830101291772110e+01
9.933913073632810153e+01
9.938786145427233976e+01
9.995891654642998958e+01
1.005981098531229492e+02
1.009079698371330807e+02
1.005688964374990775e+02
1.001016653108873129e+02
9.973149846420871256e+01
9.984699709495276920e+01
1.004470147249526235e+02
1.004914806242242520e+02
1.001751806742903455e+02
1.002880403542399534e+02
1.001871336109683739e+02
1.004093870583019310e+02
1.003288014511315396e+02
9.969129135731544977e+01
1.002973313941222244e+02
1.010805784832305818e+02
9.915392880828788691e+01
1.000248718508980090e+02
1.000113703159065039e+02
9.989972138831529946e+01
1.003449179214878626e+02
1.012443414369170256e+02
1.006733538954488267e+02
1.003742542300430500e+02
9.977595080459725807e+01
9.921859080672187758e+01
9.947297908870380923e+01
1.001027223947238980e+02
1.002045974627196330e+02
9.992487630744807348e+01
1.005580214398856214e+02
1.001453138233635656e+02
9.947456987120072824e+01
1.001543774488579714e+02
9.983615775985093421e+01
1.004149470569408891e+02
1.002066544715253684e+02
1.000561515906112078e+02
9.947030593456594261e+01
1.002810353894252415e+02
1.003538930863937253e+02
1.001160949453007589e+02
1.000747269563950681e+02
9.994224984866195882e+01
9.952648009674815910e+01
1.002343218963154214e+02
9.968632244941774445e+01
1.003186324751084015e+02
1.000014351327652236e+02
1.009823491243434859e+02
1.005443746056443928e+02
1.003385858017187928e+02
1.008996835592148926e+02
9.995002664770167655e+01
9.944363274224264160e+01
1.003535789572254657e+02
1.003824784130524250e+02
1.000415767652252583e+02
9.977918869821758108e+01
1.000188138969354412e+02
1.000957428209355129e+02
9.941913866764411978e+01
9.969415908717779473e+01
9.944291900481998425e+01
1.005488468487861695e+02
9.962140603104897707e+01
1.003991965890071327e+02
1.001098602005478284e+02
1.005863105976291649e+02
9.960654337819376281e+01
1.013610824465426816e+02
9.979085368921023758e+01
9.990760310396518662e+01
1.011192812506380392e+02
1.006461513681954472e+02
1.001355848647282443e+02
9.962642049224380969e+01
9.944354353674377478e+01
1.002645654760698193e+02
9.990532950585696881e+01
9.983542302587613904e+01
1.002553896037742476e+02
1.006335225345240616e+02
1.004168769669386734e+02
1.001544287449562063e+02
1.002547357898976514e+02
1.004392639536940237e+02
1.006710963301841417e+02
1.006220377580786902e+02
1.004006928817009907e+02
1.001332580061217072e+02
1.008669031654971064e+02
1.001064953124542853e+02
1.001131883601681949e+02
1.003137589222828154e+02
1.002621679773722718e+02
1.002423740885378294e+02
1.003295975535269235e+02
9.989747362758077998e+01
9.956301023444395071e+01
1.007739890675002954e+02
9.969560738311177772e+01
9.998608785303048307e+01
1.004176145046167079e+02
9.975867369656918981e+01
9.990607136841435931e+01
9.950710970557379653e+01
9.953306935405356626e+01
9.982930360990680185e+01
1.001451646223182905e+02
1.002294293201495208e+02
1.003509833554435176e+02
1.003128508266368044e+02
9.977129251701462920e+01
1.001061853233035066e+02
1.002280267121503385e+02
9.939575778200622835e+01
1.005245508230099176e+02
9.967520750964361298e+01
