2.871726940702802153e+02
2.872479665702506395e+02
2.870456360353092009e+02
2.869194606816386113e+02
2.868617679648276066e+02
2.869918860316891482e+02
2.868511039372102687e+02
2.869353766113597999e+02
2.871001609309698210e+02
2.871111379876376759e+02
2.870556414365549358e+02
2.871680147522371271e+02
2.871344426433425951e+02
2.871870922263899502e+02
2.871562598179926340e+02
2.871240796779965194e+02
2.871300796688024093e+02
2.870536227318901297e+02
2.870182619189860134e+02
2.868997137684227710e+02
2.870002496516177075e+02
2.870079252156579059e+02
2.869714794427819129e+02
2.871152726350885018e+02
2.870536337013594448e+02
2.871059903019601620e+02
2.872416552547815058e+02
2.872522061021090281e+02
2.871100706376514040e+02
2.871697388221236338e+02
2.870368751632780686e+02
2.870688342661072170e+02
2.870194936826023877e+02
2.869204029385508079e+02
2.869224760111742398e+02
2.869967081696152604e+02
2.870457990146960014e+02
2.870110165631754739e+02
2.870404791398420912e+02
2.870548291989030076e+02
2.869344486525205298e+02
2.870024028284941551e+02
2.870878039701514695e+02
2.870294326938424661e+02
2.870246957691098828e+02
2.869368148571766142e+02
2.869797927563366784e+02
2.869357418869457774e+02
2.868256301732546945e+02
2.868911812746115970e+02
2.870016139133358024e+02
2.868236514635473213e+02
2.868011099799994099e+02
2.867803814087336605e+02
2.868531498293601771e+02
2.868424675816241347e+02
2.868701126708273819e+02
2.869006094383518644e+02
2.870088795097566390e+02
2.869561653365613552e+02
2.870314387243392389e+02
2.868816118221724878e+02
2.869878726923579961e+02
2.871081186890035042e+02
2.869526360533282627e+02
2.868736404482298781e+02
2.869605416734151504e+02
2.869907692856217523e+02
2.869568951070909861e+02
2.868266544549870218e+02
2.868442448749946720e+02
2.870357615249376977e+02
2.870108880620612695e+02
2.868868482976739074e+02
2.869765517351913786e+02
2.869233165888808230e+02
2.871589336690537948e+02
2.872589848195876243e+02
2.870311137533551573e+02
2.870566912824148744e+02
2.870618014931579864e+02
2.869402551691870826e+02
2.870561671895991935e+02
2.870154835404674714e+02
2.867812825200341535e+02
2.867803842821191438e+02
2.867629205234213146e+02
2.869571572199679963e+02
2.868666109171531957e+02
2.871474979189945316e+02
2.868632119775746219e+02
2.867436037306743515e+02
2.868491138867291852e+02
2.868499854218767382e+02
2.869723065610305639e+02
2.870177978930771019e+02
2.868425046768866764e+02
2.868302316559408496e+02
2.869026598000968420e+02
2.869496056570787914e+02
2.869784914556841500e+02
2.870511521468885690e+02
2.871563262066374023e+02
2.869110977161020060e+02
2.869373408204846214e+02
2.869431323367678601e+02
2.871170407204018034e+02
2.870592840631762215e+02
2.868395502847835701e+02
2.868717960705271821e+02
2.869098442923213383e+02
2.868605252910786589e+02
2.870416100796931573e+02
2.870440647108799794e+02
2.868536584234117868e+02
2.868478607940053848e+02
2.869796381013899804e+02
2.869048525134412557e+02
2.869025933444049201e+02
2.869122380952959475e+02
2.867608526175185943e+02
2.867267713663697464e+02
2.869891945574144074e+02
2.871028055869721811e+02
2.870853512592404400e+02
2.871261570140742947e+02
2.872961746120315070e+02
2.871040454719208697e+02
2.871396748328762669e+02
2.870179545868689956e+02
2.870920424587257571e+02
2.871036566384275943e+02
2.870558482708259476e+02
2.870871907204370928e+02
2.871387463833524976e+02
2.873007767037144617e+02
2.871639850312184876e+02
2.871445781290101991e+02
2.871283777484169946e+02
2.868432701807582816e+02
2.868248552458770178e+02
2.868941643917231090e+02
2.870360672765091863e+02
2.869514518771673579e+02
2.868406999387181600e+02
2.868691054527376423e+02
2.869240463271386830e+02
2.870603054339638902e+02
2.870662121424758766e+02
2.869466431620200524e+02
2.869283693674705660e+02
2.871013369728582916e+02
2.870920794618864988e+02
2.872366769754305551e+02
2.872646260513284346e+02
2.871604288372927272e+02
2.871295454139040544e+02
2.871793550534218298e+02
2.871522624663010106e+02
2.871607189467424064e+02
2.870194769070085954e+02
2.869388623840850983e+02
2.870263761732464332e+02
2.871055155900239697e+02
2.871054590337533909e+02
2.870021720540618162e+02
2.870219689238913929e+02
2.869144284442716639e+02
2.869184123625136067e+02
2.870975429824935077e+02
2.870295637032184572e+02
2.870566720411256370e+02
2.869998158762969638e+02
2.871224711036931012e+02
2.871236405075600260e+02
2.868451089654386692e+02
2.869733472485078778e+02
2.870858827643631344e+02
2.870403929433282997e+02
2.869636726570991527e+02
2.869546988129093279e+02
2.869914664153677109e+02
2.870841415375754764e+02
2.872025983186165945e+02
2.871803288945691861e+02
2.871133078526606823e+02
2.868616060947711617e+02
2.870851042674692621e+02
2.871122472011891205e+02
2.869721560583298583e+02
2.870218449710512800e+02
2.869865023497508787e+02
2.869131985925588992e+02
2.870781136338968054e+02
2.871137065439793901e+02
2.869659406500464911e+02
2.870991651172254819e+02
2.871113727917435199e+02
2.871718109882390877e+02
2.870618395750865375e+02
2.870512233921487564e+02
2.870360779141827265e+02
2.871177832462238371e+02
2.871307873371097799e+02
2.870817528511283285e+02
2.871048058813494208e+02
2.870028414163747925e+02
2.870541789095721583e+02
2.870024326078677745e+02
2.869303794764603595e+02
2.869937916975865164e+02
2.869530589339269682e+02
2.870719041187081757e+02
2.871222178359589066e+02
2.869925969049226637e+02
2.871329239231510542e+02
2.871640180198587586e+02
2.870424088898915329e+02
2.869803017187599607e+02
2.870754511035616474e+02
2.871765918767417247e+02
2.870846234631063112e+02
2.870878520803981360e+02
2.870878255226827491e+02
2.872177419202272972e+02
2.871711107618852452e+02
2.870234477810830640e+02
2.869343653615679273e+02
2.869613295868144860e+02
2.870712267061057901e+02
2.872257213014754598e+02
2.872970846172899542e+02
2.869750386574102663e+02
2.871281675456355060e+02
2.871256742008386027e+02
2.871760483187468367e+02
2.871826086123673463e+02
2.871201365521989146e+02
2.871189212020622108e+02
2.870797904355169408e+02
2.869462014309288520e+02
2.869399889869843605e+02
2.869141578778791768e+02
2.870861243716357762e+02
2.870144947900722059e+02
2.871699489478210694e+02
2.872296925316756528e+02
2.873358309489628368e+02
2.871329597207036386e+02
2.869834127768669418e+02
2.871082240580510074e+02
2.872239055793813236e+02
2.873794820974420077e+02
2.871149102715996264e+02
2.870498771981777963e+02
2.870809786457915607e+02
2.869667234391409352e+02
2.870515025056299123e+02
2.871148661143546974e+02
2.870212749263403680e+02
2.870687195250754939e+02
2.872439515911810872e+02
2.870110920577400861e+02
2.869174809601091169e+02
2.869334938597885980e+02
2.870300118516609018e+02
2.870661398845400072e+02
2.870439614364182148e+02
2.871213324914144778e+02
2.871014841479998836e+02
2.870005195521955557e+02
2.870845180892600297e+02
2.870999323661184803e+02
2.869923070707459942e+02
2.870979127730479377e+02
2.870283786252943514e+02
2.868009115762160945e+02
2.868758438203221885e+02
2.868675215758368608e+02
2.867584837245614722e+02
2.868951733586380328e+02
2.868724085824014765e+02
2.868101892077572757e+02
2.871050042911932110e+02
2.871498299281968798e+02
2.869859512258158247e+02
2.870831546652654538e+02
2.872198588082560491e+02
2.872372060101277498e+02
2.872297790147081287e+02
2.872676253694432944e+02
2.871781406910725423e+02
2.870389298167340826e+02
2.870702491793510944e+02
2.870418429891535084e+02
2.872711439929072981e+02
2.871549188915135460e+02
2.869940971662035736e+02
2.870031104563847180e+02
2.871419471050674588e+02
2.872467630432532246e+02
2.871473854105613555e+02
2.871730812544606124e+02
2.870750953331859705e+02
2.870301347850387970e+02
2.870557680121009412e+02
2.871192690200384163e+02
2.871594650610102235e+02
2.869983863064657612e+02
2.870653140169130779e+02
2.870675265461727008e+02
2.871150451183225982e+02
2.869815429836986596e+02
2.869199574216943915e+02
2.869317287051305811e+02
2.870645536438095746e+02
2.869772309739488492e+02
2.870185953838936257e+02
2.871168443133723827e+02
2.871328817013800858e+02
2.871345678790719376e+02
2.871055830929806802e+02
2.870453342278143509e+02
2.871937569643102393e+02
2.870652843865056525e+02
2.869015446486144469e+02
2.869264571608096617e+02
2.870033890713888240e+02
2.870678468171645932e+02
2.870218371213758815e+02
2.868739605625287936e+02
2.869636740064825631e+02
2.870274685182084227e+02
2.870213859300690160e+02
2.869951901591362571e+02
2.869520578938412996e+02
2.870788539741785144e+02
2.870117288295027151e+02
2.869888603542473220e+02
2.870854592896078543e+02
2.870284735451954816e+02
2.870392488479862436e+02
2.870728288492060187e+02
2.870038575110013994e+02
2.868442080405044976e+02
2.868933514769830708e+02
2.869253075640052089e+02
2.869088048219142593e+02
2.869961924880326478e+02
2.869044838162437259e+02
2.869842569412776925e+02
2.870390830964115025e+02
2.869646808655851942e+02
2.869399147787906941e+02
2.869823522045135178e+02
2.869403110008016711e+02
2.870722644657245723e+02
2.870049725032209267e+02
2.867545239980674410e+02
2.867986390096294258e+02
2.870200719000052345e+02
2.871134974628983514e+02
2.869904539229373768e+02
2.869668351148406487e+02
2.870626074361560427e+02
2.870396490493013744e+02
2.871400405433918763e+02
2.872264252202118655e+02
2.871433591881016696e+02
2.870759477651205316e+02
2.871670519017559400e+02
2.871716629238334804e+02
2.872611949412012677e+02
2.873223989017686222e+02
2.874224019622631090e+02
2.872180552761202534e+02
2.870981651336499567e+02
2.871975119379230250e+02
2.874234162492132896e+02
2.874474838871083762e+02
2.872301352221310253e+02
2.870926639334153947e+02
2.870593987459968730e+02
2.872071942313123714e+02
2.871449151559249344e+02
2.871611573921052241e+02
2.871322320885574868e+02
2.870006682954864914e+02
2.870002842610620633e+02
2.870610937365132145e+02
2.870178935383972885e+02
2.869935643716373193e+02
2.870535591763141952e+02
2.870877832516001718e+02
2.872629253763561792e+02
2.870352396686930661e+02
2.870505741879160269e+02
2.872042987200487119e+02
2.872066719440820748e+02
2.872135686695532399e+02
2.872353019041761968e+02
2.871372440762538076e+02
2.869608652519744396e+02
2.869359833664380517e+02
2.870814299080872161e+02
2.871928750992140067e+02
2.873543721637325916e+02
2.871801651238117188e+02
2.871548374456166925e+02
2.871729105127423622e+02
2.872456670231288740e+02
2.870557856626229523e+02
2.871365314214033333e+02
2.872507924509604322e+02
2.872194224605712520e+02
2.872435394892119689e+02
2.871879334686869356e+02
2.871267981113877568e+02
2.871624058159666220e+02
2.872955970306392715e+02
2.871765387041336339e+02
2.871432719305499290e+02
2.872054527761036411e+02
2.871529195373203152e+02
2.873096898693954131e+02
2.872451417561320568e+02
2.871845255134975901e+02
2.871878462933262313e+02
2.872574271324255619e+02
2.871348296754843545e+02
2.871388572430244608e+02
2.870852247062423999e+02
2.870286288311119165e+02
2.871237336328155720e+02
2.872152076078648975e+02
2.871149620761657388e+02
2.870857649755341185e+02
2.870436083370637448e+02
2.870897081005161340e+02
2.870479270284927225e+02
2.869932430443600424e+02
2.871441290893919245e+02
2.871646793078818405e+02
2.873917728927826829e+02
2.871913325202860960e+02
2.871541817902306661e+02
2.871670859553802302e+02
2.871627100471592371e+02
2.870102780482104095e+02
2.872858537165661232e+02
2.872104490714464760e+02
2.870207426302398517e+02
2.871607742326085599e+02
2.870619498719887019e+02
2.868908288566345277e+02
2.869784578611942720e+02
2.871047968189513426e+02
2.872975002051658180e+02
2.872939347258764542e+02
2.872617747897872960e+02
2.872086908756296566e+02
2.872933617563222128e+02
2.871319228880561809e+02
2.871036056258144527e+02
2.870948696475772977e+02
2.871182687787979830e+02
2.870120667249323674e+02
2.870107299918635704e+02
2.870485738658554737e+02
2.869662223514429229e+02
2.869533466149432002e+02
2.869683694446854929e+02
2.869392145404034977e+02
2.870514873975029673e+02
2.870441009700418817e+02
2.869070200759049953e+02
2.869017702836783883e+02
2.869864766062721060e+02
2.870418931445391308e+02
2.871978300078513371e+02
2.871454997069840260e+02
2.870027327388018534e+02
2.871797625022628040e+02
2.871698961250566526e+02
2.870257162351423403e+02
2.871543175443515565e+02
2.872086494274169013e+02
2.873288305256073158e+02
2.873122542305486036e+02
2.871664039212870989e+02
2.872859214125264771e+02
2.871827346817955231e+02
2.871047186014380941e+02
2.871144429773584648e+02
2.870747716845696118e+02
2.871765416822957491e+02
2.871962723848953374e+02
2.871802328261890693e+02
2.871883883353538636e+02
