2.858353262169493973e+02
2.858940479515197239e+02
2.859575995032664082e+02
2.859821311352467887e+02
2.859774297220378685e+02
2.858567428688034511e+02
2.858730610070624039e+02
2.859745238002097381e+02
2.859075852675084093e+02
2.859084039252527418e+02
2.860082023672017044e+02
2.858620323858750112e+02
2.859588235105475178e+02
2.860448309637991997e+02
2.860519682995695803e+02
2.860389049311460212e+02
2.859760409349493671e+02
2.861183533481041650e+02
2.859418047617995740e+02
2.858325643213882472e+02
2.860145275787147625e+02
2.861124821287606323e+02
2.858391875210874673e+02
2.859646190474962282e+02
2.860655229102621320e+02
2.859780004475352939e+02
2.860663654842862229e+02
2.860191627104100007e+02
2.859793494430939518e+02
2.861165402618938174e+02
2.860985204116120144e+02
2.860036493708037710e+02
2.860911082874213207e+02
2.860580624928689417e+02
2.856697058879364590e+02
2.856658257457189052e+02
2.858348308920525938e+02
2.858828946966359013e+02
2.858901067688019566e+02
2.858763940163779580e+02
2.859381599183575986e+02
2.860757587560173647e+02
2.858716415847164853e+02
2.859383804203137629e+02
2.861033375453264966e+02
2.860170981927407752e+02
2.861419279872303605e+02
2.861396931838938258e+02
2.860333529579472156e+02
2.861032525347047226e+02
2.859454769952297966e+02
2.860033852754089025e+02
2.861275748811308404e+02
2.859057398337445193e+02
2.861038546672271536e+02
2.861180706700142764e+02
2.860978137216465598e+02
2.862558113401500464e+02
2.861793331009034205e+02
2.860875356588245495e+02
2.862504046590275379e+02
2.863638611291393659e+02
2.863442502861250318e+02
2.860344760281683989e+02
2.861071597249047613e+02
2.861433318245772739e+02
2.863691403307499854e+02
2.861425424639266453e+02
2.860481168269342902e+02
2.861869948935367916e+02
2.864506956901409467e+02
2.863371134326405354e+02
2.864447656991393956e+02
2.863631262045972221e+02
2.863546889781463847e+02
2.864508688113793369e+02
2.865516327943410602e+02
2.865247373760628875e+02
2.862651082890604357e+02
2.863880157778991702e+02
2.865972167436008817e+02
2.864225124900699484e+02
2.864067465160094912e+02
2.865599468355462136e+02
2.863324169727770254e+02
2.864140389500025776e+02
2.864840454638175515e+02
2.863800702132400033e+02
2.865936099946054014e+02
2.864971921724668960e+02
2.865801536825996436e+02
2.864601110349236137e+02
2.864655827748268848e+02
2.863965816901387029e+02
2.863903233690614911e+02
2.864893805020633977e+02
2.864743898890446303e+02
2.863494233246649401e+02
2.863940600386191022e+02
2.865726016332502581e+02
2.865777681540759545e+02
2.863659344413547956e+02
2.863879570971967610e+02
2.864569529550912534e+02
2.862715033127787478e+02
2.863197082313622559e+02
2.864035759096068432e+02
2.864822264371903771e+02
2.865054826148597726e+02
2.865820289929749265e+02
2.865155046884177636e+02
2.863862792781055191e+02
2.862256212189226403e+02
2.863441357607824216e+02
2.862866767504094128e+02
2.862768803339221790e+02
2.862878551497723265e+02
2.861626559469864901e+02
2.863764069014966367e+02
2.863967373582221967e+02
2.863095307699318823e+02
2.864319018396336674e+02
2.864336205180233605e+02
2.865963195301563360e+02
2.864697415219427512e+02
2.864204631185120888e+02
2.863992423564340584e+02
2.863260750198414826e+02
2.864385822161179362e+02
2.865901336832009179e+02
2.864677551365852537e+02
2.866635055693770937e+02
2.865220971175721161e+02
2.864574897333869217e+02
2.865423034545636938e+02
2.867305914140021628e+02
2.865191613444741847e+02
2.866074590742420583e+02
2.868523068415939861e+02
2.868089171647557123e+02
2.868788842709430469e+02
2.868554127194889247e+02
2.867014604231070507e+02
2.864902888391916917e+02
2.865733917356096754e+02
2.867759270851152564e+02
2.867275837740462521e+02
2.867731482742518097e+02
2.869044922753755031e+02
2.869915680797438995e+02
2.869677225690335831e+02
2.869072216346390292e+02
2.869352683269481190e+02
2.869950720609490418e+02
2.869992263784658348e+02
2.868281146569988209e+02
2.869022645375767411e+02
2.869850571094931979e+02
2.869942620191583273e+02
2.868133449088609268e+02
2.870146246408434081e+02
2.868510626585751311e+02
2.867934405649458540e+02
2.871196621768743285e+02
2.871473556014285009e+02
