2.398008110020190315e+02
2.394932510306734059e+02
2.395178616879533138e+02
2.396572790313288124e+02
2.395372159362956097e+02
2.399673709015820862e+02
2.394471162250131044e+02
2.395832656465302364e+02
2.399809111976504994e+02
2.396233467848524015e+02
2.393663968598756071e+02
2.400949874948354079e+02
2.395650992245202531e+02
2.398127834246575674e+02
2.395974435227536503e+02
2.397418142820371258e+02
2.396085624402988969e+02
2.396606442953053318e+02
2.394099837609134340e+02
2.394588684555362761e+02
2.394032577024341890e+02
2.397069061388943680e+02
2.395839699736475552e+02
2.397871746306242073e+02
2.395781974366771010e+02
2.398505557274165767e+02
2.397536633640658295e+02
2.395690676396064021e+02
2.398026803115897394e+02
2.402545152854754633e+02
2.397262347637295363e+02
2.400777684996026835e+02
2.400007526023880757e+02
2.399370204322392794e+02
2.397966800478153289e+02
2.398727185512668427e+02
2.397373954470442925e+02
2.400038816184280961e+02
2.397489189233251352e+02
2.398606401061003055e+02
2.400115907952019825e+02
2.397368369690783254e+02
2.395885097664148304e+02
2.398862406062385162e+02
2.395135959692045446e+02
2.397863307450422781e+02
2.393733846089044164e+02
2.396769290798157499e+02
2.398501607390721517e+02
2.395566495657593578e+02
2.394439562983787937e+02
2.396258935867177797e+02
2.393572575679655472e+02
2.396271303154726127e+02
2.396119378428453786e+02
2.396324541207660559e+02
2.395948180639124132e+02
2.393923549652985230e+02
2.394322412542487655e+02
2.394343616237182459e+02
2.393295486559937046e+02
2.398948127149855338e+02
2.394248178667929494e+02
2.395111266552882228e+02
2.390915519549930366e+02
2.397387070105328348e+02
2.396319876317443232e+02
2.393829463836690081e+02
2.395498313420109753e+02
2.393085187336204456e+02
2.392425611391546738e+02
2.397608267471384806e+02
2.395323598222721557e+02
2.392120777897704045e+02
2.394198099817432421e+02
2.395682420029973230e+02
2.396263382394182599e+02
2.395814065634294536e+02
2.394664368699179420e+02
2.394964339796536024e+02
2.393099481291980908e+02
2.392854356373320854e+02
2.393652491459254463e+02
2.394203759253969963e+02
2.392666117648208512e+02
2.393336720302360447e+02
2.393526068671820894e+02
2.394661346041370962e+02
2.392916048042711452e+02
2.390251328695643451e+02
2.397707809205145679e+02
2.389997370621121888e+02
2.392155491077436125e+02
2.395455239150102500e+02
2.392019791577098715e+02
2.395184858916114763e+02
2.393359235212972180e+02
2.397765687204731648e+02
2.393993657984219396e+02
2.393603661590599074e+02
2.393337336679861664e+02
2.395254854174127104e+02
2.394012662131129048e+02
2.393098246925011665e+02
2.393238670050089070e+02
2.391933573676693925e+02
2.393824564506623176e+02
2.393174218674223255e+02
2.391989023397987637e+02
2.391840223800880096e+02
2.392135736084347570e+02
2.395223905635555184e+02
2.390694657119659325e+02
2.389577880346117524e+02
2.392363444140559352e+02
2.392312707250518145e+02
2.389252706204882770e+02
2.393916843368720890e+02
2.396164178693862823e+02
2.393681011972666113e+02
2.394486802581305653e+02
2.392892057225706424e+02
2.392078527683131313e+02
2.393929988758239631e+02
2.391789508213496163e+02
2.390515530407358540e+02
2.395753552852326322e+02
2.392453181483788001e+02
2.392750015462183910e+02
2.392186846482488818e+02
2.394788551958141909e+02
2.393228914252481161e+02
2.398185288543810145e+02
2.391762130900374359e+02
2.393114959166815936e+02
2.395848771875180319e+02
2.398340454362356979e+02
2.395121116601687561e+02
2.395986110658492123e+02
2.397608657570665116e+02
2.393897223960974259e+02
2.394229478986967763e+02
2.393195331384102076e+02
2.392901172023750576e+02
2.393982600519989035e+02
2.394824041598662063e+02
2.398796867204619048e+02
2.399178407162845303e+02
2.401706506760791910e+02
2.395975230053483074e+02
2.400783424938367716e+02
2.400330644003232408e+02
2.397308618701409557e+02
2.398610578382781569e+02
2.393718277477694585e+02
2.393745828520054317e+02
2.395573394524425055e+02
2.397484586865887479e+02
2.395961247618542984e+02
2.397293226541960394e+02
2.394214535337618202e+02
2.398293903013843362e+02
2.396129994769179063e+02
2.393840616259590490e+02
2.394194012131281397e+02
2.397796343177566030e+02
2.395690868010499059e+02
2.393394186529367573e+02
2.397516262861437610e+02
2.395469537229479329e+02
2.396978238667834091e+02
2.396821407788123963e+02
2.397898401829887405e+02
2.395075946452199958e+02
2.396861130821954475e+02
2.397343484316362208e+02
2.393547150362737739e+02
2.402662348233621117e+02
2.397680688574356225e+02
2.394756691328507259e+02
2.396915455222623166e+02
2.396481312011320881e+02
2.394680591266009912e+02
2.395957143786307881e+02
2.394756720435831312e+02
2.396259103667069610e+02
2.398445197177752846e+02
2.398100760934213724e+02
2.395785001125823044e+02
2.396966513130668091e+02
2.397198912047041688e+02
2.396127117296843210e+02
2.395020314090879481e+02
2.394844234984085745e+02
2.394561655547010162e+02
2.395498308972177881e+02
2.396455325882145928e+02
2.394160344891575676e+02
2.397705535071164320e+02
2.396192176205070155e+02
2.395340625760178739e+02
2.396149881898666933e+02
2.395253730842606217e+02
2.395974833264756398e+02
2.397733136902108981e+02
2.394070377670075231e+02
2.395278847271455618e+02
2.395537299688330961e+02
2.394583305485444669e+02
2.395749468563311382e+02
2.398614573150380238e+02
2.393912024015869520e+02
2.397909006972780332e+02
2.394547040335970394e+02
2.397058342682599630e+02
2.395679678858998614e+02
2.395147551779838579e+02
2.397445187336627725e+02
2.395775314454528200e+02
2.395165922287131082e+02
2.393388278101611206e+02
2.395334677646587522e+02
2.398827233341140754e+02
2.393814886790106300e+02
2.393931359645483781e+02
2.393850483946394831e+02
2.394456605626218959e+02
2.396006623337042356e+02
2.396208818745966198e+02
2.395647238174744587e+02
2.395465445711263328e+02
2.392437895545015181e+02
2.394467956113857952e+02
2.395381689461776205e+02
2.393447702651752422e+02
2.393316606281323686e+02
2.396147894267119227e+02
2.395505107136317804e+02
2.392278156638538746e+02
2.396570959903004621e+02
2.388647500916575837e+02
2.393017568139125331e+02
2.395873335214793940e+02
2.391858019363023402e+02
2.392846990244169376e+02
2.393084124657319478e+02
2.394977651852933320e+02
2.390911322735578040e+02
2.391947923321348810e+02
2.391716882791557452e+02
2.388996986128630340e+02
2.393834110998643609e+02
2.392402304665479278e+02
2.391928603764664274e+02
2.392787344620631131e+02
2.392356996478450810e+02
2.393428383886215727e+02
2.393420628547251283e+02
2.395604169719565562e+02
2.391520490968962065e+02
2.392521923076202768e+02
2.392453035842806059e+02
2.392134471756593541e+02
2.389769855900852065e+02
2.390030999397024516e+02
2.390100003222306384e+02
2.394692661986567543e+02
2.390311019789367890e+02
2.394561007747542192e+02
2.392720625708379885e+02
2.390383346494113823e+02
2.391020205331873285e+02
2.389973752810402630e+02
2.388846767376162177e+02
2.391661528100371470e+02
2.388545459134131477e+02
2.391512003799516606e+02
2.388590277468010754e+02
2.391271867724762217e+02
2.393194215337432809e+02
2.389257672732283311e+02
2.389986069060926468e+02
2.391882740781968835e+02
2.388931649115476432e+02
2.390298179115281130e+02
2.389345551156267220e+02
2.389645660952148489e+02
2.393690798273618441e+02
2.389283098582788796e+02
2.391613225420419440e+02
2.390022914946254389e+02
2.391924801459988146e+02
2.388874799293440390e+02
2.390851516149731140e+02
2.392019787237082085e+02
2.390538776993346346e+02
2.391754165318997423e+02
2.391510149759913872e+02
2.389815792389815954e+02
2.387702467738637324e+02
2.392664156407284679e+02
2.390441622065857530e+02
2.392597400111016270e+02
2.393833902443135173e+02
2.388640043642780313e+02
2.391027694641804828e+02
2.392999486529825219e+02
2.388866789957409082e+02
2.391498463916205992e+02
2.392449263940001174e+02
2.392321978982735402e+02
2.393891458100608816e+02
2.390870316712653221e+02
2.391892656734938498e+02
2.393458741894548041e+02
2.394008008912976777e+02
2.393536195544090788e+02
2.393833104747406253e+02
2.393402935271251124e+02
2.396323551730048109e+02
2.393953912603322749e+02
2.393845772926525513e+02
2.394847458252619674e+02
2.397958117913307206e+02
2.393875334634868466e+02
2.395471391751527506e+02
2.392705289696621094e+02
2.392739883590081718e+02
2.392031942084287266e+02
2.392894518666641943e+02
2.395183082105736219e+02
2.393832344398669818e+02
2.393708617797508111e+02
2.392863283134284700e+02
2.393381854530035469e+02
2.396769381391954710e+02
2.392089743768673600e+02
2.393965836292404958e+02
2.397121710034506066e+02
2.394512495176470566e+02
2.393412198510814903e+02
2.399278316342755772e+02
2.393354023212992558e+02
2.396313820632019826e+02
2.396501174889907304e+02
2.397162816880732805e+02
2.395692607611057099e+02
2.396131956797083546e+02
2.396429166779190609e+02
2.395194559874163360e+02
2.394135455902847696e+02
2.397404354274381149e+02
2.399340304319047448e+02
2.396262698366417681e+02
2.394313029966086503e+02
2.393672942429330135e+02
2.401435090434989945e+02
2.399063626195971892e+02
2.394113287661068910e+02
2.396935516347463420e+02
2.395643267808788721e+02
2.396065104948946782e+02
2.396896665853961395e+02
2.396161208986389966e+02
2.396960853598626215e+02
2.398450075070079777e+02
2.396946386333643488e+02
2.395791826108363409e+02
2.398292338661441363e+02
2.395734261754063539e+02
2.396849945601739194e+02
2.396879490416990848e+02
2.396742554345706537e+02
2.394276107007295593e+02
2.395430430636995141e+02
2.398386634479395241e+02
2.393267509808556497e+02
2.397123680943575152e+02
2.398227442970006678e+02
2.398383126408773194e+02
2.397793558711574349e+02
2.396813131545199269e+02
2.393925321917513429e+02
2.394230186748434051e+02
2.402227925012263938e+02
2.396008453995037542e+02
2.396556185562805013e+02
2.396643020387690797e+02
2.397716566296036262e+02
2.395630459937339367e+02
2.400063435481548879e+02
2.396721300111977655e+02
2.397944154017121718e+02
2.395333258904150568e+02
2.400645649575941150e+02
2.395293421685879593e+02
2.393887318818091217e+02
2.398890083034382030e+02
2.395519864613995651e+02
2.400152156850421363e+02
2.397554098951593176e+02
2.396915098110007705e+02
2.394507466808728680e+02
2.399166870729188759e+02
2.394656793296361457e+02
2.394356019483192597e+02
2.396084374563614574e+02
2.394873791959948051e+02
2.393609285183487430e+02
2.393405278898462711e+02
2.393606082267531292e+02
2.392882921543113071e+02
2.393408286700434076e+02
2.399263149702926512e+02
2.395723964276942581e+02
2.393641194043846951e+02
2.397609595727539329e+02
2.394737572216202750e+02
2.398571828261744088e+02
2.394901359002755896e+02
2.398640609025801780e+02
2.390717385981363066e+02
2.394763809111387616e+02
2.393466309765726976e+02
2.396626863939819714e+02
2.392842596511370346e+02
2.394840334445059398e+02
2.391851367582499677e+02
2.391565948482494548e+02
2.395194779813850516e+02
2.395131405774749283e+02
2.392903688645552620e+02
2.394990185748845590e+02
2.392507537507684958e+02
2.391349319616477942e+02
2.390625644492456559e+02
2.391174224211521562e+02
2.394222101169702057e+02
2.392993692286057978e+02
2.394128744885155982e+02
2.389855966169116357e+02
2.392165135595099912e+02
2.395069321590133029e+02
2.390605767769518195e+02
2.391926252679357106e+02
2.391482936766569765e+02
2.395087301932196624e+02
2.391535103605068855e+02
2.393952524188417499e+02
2.391577716083345138e+02
2.389094688658323093e+02
2.391503962360866637e+02
2.390450245496116395e+02
2.389899518765544997e+02
2.390198037901334374e+02
2.392450123266876574e+02
2.390760117821054962e+02
2.390715020426869444e+02
2.388277922468432450e+02
2.392608969504811967e+02
2.389629117908762908e+02
2.391088133179049748e+02
2.392441596954583645e+02
2.393476068934446346e+02
2.391352904158392221e+02
2.390839073150563934e+02
2.389314624149391193e+02
2.393730114709958627e+02
2.391881985984260552e+02
2.393665311212090216e+02
2.392713704691362580e+02
2.390685782305966995e+02
2.394514681192448791e+02
2.392365239541478843e+02
2.392695235084020169e+02
2.397085417720612668e+02
2.392985021144470750e+02
2.393208372634012449e+02
2.395244530372523002e+02
2.393592909806693285e+02
2.395826592690624750e+02
2.392595553770138679e+02
2.395066526268315386e+02
2.392763472156399018e+02
2.394167315513949461e+02
2.395507092606933384e+02
2.395922994170763616e+02
2.391718291982656410e+02
2.397002646067080889e+02
2.393979676540977550e+02
2.396266513334473132e+02
2.396200115417946108e+02
2.396034499712488923e+02
2.391428234000499344e+02
2.394571578101896705e+02
2.394781049542732774e+02
2.394974220139130239e+02
2.395727267323559033e+02
2.395397506145471027e+02
2.397055778888798159e+02
