2.868615248113549683e+02
2.867387031000516231e+02
2.868025209560173039e+02
2.867295307774191429e+02
2.868792220620768489e+02
2.869636880403258488e+02
2.867696181692503501e+02
2.868392087264456904e+02
2.869964128964613792e+02
2.867412305587645847e+02
2.868450439137816943e+02
2.869537004787116530e+02
2.868462944679542375e+02
2.869052663533223608e+02
2.868973747148496045e+02
2.869286419269860744e+02
2.867858335874911972e+02
2.867500360737134883e+02
2.867059838769021098e+02
2.867257551733262630e+02
2.867065041268041341e+02
2.868102185191679609e+02
2.868248580530249683e+02
2.869664376262735459e+02
2.868458356125084379e+02
2.869653499896824655e+02
2.869247794676868466e+02
2.868677844272846755e+02
2.869969235571956574e+02
2.870839061816324715e+02
2.869846604127687328e+02
2.870726002803513666e+02
2.870807745312854991e+02
2.870067086880006855e+02
2.869839444622477345e+02
2.870122473332564255e+02
2.869120816581250892e+02
2.870319892799145691e+02
2.869596167196711463e+02
2.869217157474301416e+02
2.869633049850114617e+02
2.868230021414755697e+02
2.868458357768204792e+02
2.868473725118075777e+02
2.867907094493651812e+02
2.868951168503622284e+02
2.866696995290216705e+02
2.868139211103682555e+02
2.868981245612749831e+02
2.867684285569354188e+02
2.866539437385499127e+02
2.867742879634359952e+02
2.866800396240518012e+02
2.868343561899477550e+02
2.867506849849020796e+02
2.868416539545640376e+02
2.867784296629232017e+02
2.867688686436229091e+02
2.867856743886024447e+02
2.867117716775874783e+02
2.867583150020537346e+02
2.869283171803986647e+02
2.867319004606060275e+02
2.867543730260184702e+02
2.867193906204813629e+02
2.868387546601038025e+02
2.867402103321569484e+02
2.866882078362083348e+02
2.867183848308494021e+02
2.865682112055120569e+02
2.867055067341449899e+02
2.868611525334663384e+02
2.867133605498627276e+02
2.866466867428885621e+02
2.867646826791045100e+02
2.867757317708573055e+02
2.867866128600403499e+02
2.867229937256311700e+02
2.867070180491498945e+02
2.867476031387405442e+02
2.866726359940925590e+02
2.866430965342819377e+02
2.867425160739970238e+02
2.866118226260604160e+02
2.865190561337420263e+02
2.865982278970989228e+02
2.866682647204084446e+02
2.867115567239594611e+02
2.865644321603940057e+02
2.866340787590960986e+02
2.867431888775362836e+02
2.864448203593161111e+02
2.866223129194059425e+02
2.866615008282083181e+02
2.864903886710863503e+02
2.867108952212366830e+02
2.866644993689977809e+02
2.867825221720777904e+02
2.865269786830178305e+02
2.866588854458927358e+02
2.867353555848288806e+02
2.867033125864090266e+02
2.867250813496258388e+02
2.866244269393604895e+02
2.865830900514268365e+02
2.865325066962918754e+02
2.865626181764924922e+02
2.866198058965949258e+02
2.864839647722118912e+02
2.864619440781346498e+02
2.865897286874721317e+02
2.866550466026496338e+02
2.865321027737414283e+02
2.864381907132316769e+02
2.865878086331299528e+02
2.866073486582468490e+02
2.864004571595299922e+02
2.865880646556500437e+02
2.867474987290562467e+02
2.865902417394096915e+02
2.865929981970487574e+02
2.866371022170447418e+02
2.865646791612522861e+02
2.866974135493309177e+02
2.865149401630290527e+02
2.865162544971526017e+02
2.867788182632664871e+02
2.865232164806405422e+02
2.865712917531034805e+02
2.865617987914027367e+02
2.867211396919511230e+02
2.867941640055511243e+02
2.868714847879082299e+02
2.865399068922644688e+02
2.866316262078283330e+02
2.867767365133850035e+02
2.869000241449028294e+02
2.868444285447417315e+02
2.869044086231265851e+02
2.868780121106757974e+02
2.867694260962503563e+02
2.865871507794540776e+02
2.866442569652504631e+02
2.866468201090007710e+02
2.867837253875594001e+02
2.868084262449312973e+02
2.869896082257396870e+02
2.870498834589788544e+02
2.870270595122044028e+02
2.868819329211364675e+02
2.871517138484261409e+02
2.870864140569013330e+02
2.870810804382020365e+02
2.869526117106993865e+02
2.866880517205038927e+02
2.867298823679929569e+02
2.868409231292092159e+02
2.867589435386485661e+02
2.868592874086925235e+02
2.868527479567930527e+02
2.867193545665322176e+02
2.868241477804965029e+02
2.867882932137678722e+02
2.866348014886900160e+02
2.867721979138414099e+02
2.868302496843390941e+02
2.868073844540084565e+02
2.867579297884926746e+02
2.869758510575285868e+02
2.868002290194548323e+02
2.868224767197791039e+02
2.867541543839489577e+02
2.869050442387737689e+02
2.867851268666521491e+02
2.868257408121081085e+02
2.868678457846509673e+02
2.868506393025567718e+02
2.870670896024445824e+02
2.869576692208461850e+02
2.867767708023799287e+02
2.868286312526365123e+02
2.867220465562251661e+02
2.867727442198766425e+02
2.867336142061041642e+02
2.867501448194832960e+02
2.868378452406968222e+02
2.868872962024061053e+02
2.868056032501311279e+02
2.868592345846403191e+02
2.869507475321522634e+02
2.868705139435945739e+02
2.867691986763196041e+02
2.868261348530518262e+02
2.867454761491866861e+02
2.866561746611737931e+02
2.868827728355115596e+02
2.867447593376846271e+02
2.867468502590273260e+02
2.869522729992975769e+02
2.868360226999857900e+02
2.867666394992286314e+02
2.867599097713318201e+02
2.866717399691310106e+02
2.867150742906942469e+02
2.867563947428952247e+02
2.866775113395231074e+02
2.867250590385759210e+02
2.867235915698587974e+02
2.867559194175559583e+02
2.868626265352226596e+02
2.867185711972815056e+02
2.866710080118009500e+02
2.868197976931429594e+02
2.868102817451953683e+02
2.868005335658232298e+02
2.867319110628668000e+02
2.867770653992439520e+02
2.868875393355450001e+02
2.868249827176010172e+02
2.868511862024743095e+02
2.867205232180015742e+02
2.867468010122188389e+02
2.868304362936954135e+02
2.866968969404674681e+02
2.867833705473478858e+02
2.867706670163220224e+02
2.867439256762468176e+02
2.868310879366388235e+02
2.868114199806369129e+02
2.867812480451272563e+02
2.867499416706093029e+02
2.866874325860896988e+02
2.867955040978064858e+02
2.867108136867748271e+02
2.866388319670006126e+02
2.866232736935047001e+02
2.866871159047005335e+02
2.866231046769226509e+02
2.866583948388401950e+02
2.867348857576972705e+02
2.864192686440773628e+02
2.866281660162945286e+02
2.866750580295520763e+02
2.865263246496288616e+02
2.866518454337643789e+02
2.866402478803841518e+02
2.866220181475269442e+02
2.865294251669697019e+02
2.865474578987419250e+02
2.865053767406885186e+02
2.864047710687765971e+02
2.866149036064363713e+02
2.865197888136759161e+02
2.866008042168925840e+02
2.865806008523747437e+02
2.865845883452438443e+02
2.865909320507333859e+02
2.866214967956186683e+02
2.866348780156800444e+02
2.864747738335536837e+02
2.866416521816808540e+02
2.865439314585137822e+02
2.865270044065516117e+02
2.863691459541024074e+02
2.864331602291424019e+02
2.865589390435740711e+02
2.866594751446296527e+02
2.865531441478661350e+02
2.867167462554079407e+02
2.865455412273847742e+02
2.864144710316547844e+02
2.863730397742762648e+02
2.863311022012487115e+02
2.864341094085969530e+02
2.864598945742134788e+02
2.863894481665437866e+02
2.864851448651727992e+02
2.862830691681093640e+02
2.864917639024335472e+02
2.866396434719430886e+02
2.863938696538885438e+02
2.865366910816326822e+02
2.864795903028241923e+02
2.863592804266021972e+02
2.864489420855725825e+02
2.862306758961166224e+02
2.864157919936924941e+02
2.865448164619891145e+02
2.864223842986756381e+02
2.865157004093624096e+02
2.864065977707062984e+02
2.863514931017179492e+02
2.863338481287912032e+02
2.864246686794398897e+02
2.865397748757976046e+02
2.864118051673584091e+02
2.864985521568785884e+02
2.864408125220821830e+02
2.864175189129821888e+02
2.862966360705976285e+02
2.864977365617478426e+02
2.864405615682323401e+02
2.865345100622825498e+02
2.864948142832027429e+02
2.863554247165548077e+02
2.866552360784334041e+02
2.865571541219156302e+02
2.863720152502834821e+02
2.865019854788631051e+02
2.865451533886766242e+02
2.865230321773817082e+02
2.866536827482121907e+02
2.865731552795012362e+02
2.865263533342221081e+02
2.866446884954860366e+02
2.866804352861589109e+02
2.866653853215730123e+02
2.866145954751917770e+02
2.866489650254648041e+02
2.866746820311635702e+02
2.865109590312680439e+02
2.865680286289220362e+02
2.867704807671478306e+02
2.868329433352666342e+02
2.867474456938111302e+02
2.866808536091803603e+02
2.865817715912504013e+02
2.866101398380566252e+02
2.866282304105288290e+02
2.866418026011426150e+02
2.867235962552497313e+02
2.866626205221984378e+02
2.867128902415547600e+02
2.865724362858654786e+02
2.867037107712151283e+02
2.868290433080779280e+02
2.866550513427178544e+02
2.866927527421741502e+02
2.868544824504049870e+02
2.866999917883078979e+02
2.867230606606304377e+02
2.869313228136750809e+02
2.866829022939194260e+02
2.868303329799039147e+02
2.868332942613836281e+02
2.869039030902575291e+02
2.867653666978569049e+02
2.867532994649690750e+02
2.868039496142478129e+02
2.866741833487363920e+02
2.866964309435516611e+02
2.868703982751050603e+02
2.868869212910255442e+02
2.867953446312571373e+02
2.866560934503707472e+02
2.868248901676281548e+02
2.870165340695227201e+02
2.868376326791492943e+02
2.867025859499870535e+02
2.869477064202004613e+02
2.868111141088811564e+02
2.868853113391291458e+02
2.868301715822989877e+02
2.868350503089745871e+02
2.868894909051996933e+02
2.868165342201611452e+02
2.868913687182255785e+02
2.868962394219595353e+02
2.869028757667883838e+02
2.868691561205281459e+02
2.868368801766355318e+02
2.868335139740361228e+02
2.868867380317922766e+02
2.866722187736701812e+02
2.868194154629488253e+02
2.868601383352864218e+02
2.866935866511068411e+02
2.868953887183056963e+02
2.869563397950647072e+02
2.869689966339524290e+02
2.868995500720410519e+02
2.867494750440089319e+02
2.867498464470139083e+02
2.868244516729242832e+02
2.870528514687662778e+02
2.867559055791350602e+02
2.868868621924991089e+02
2.869020327870293272e+02
2.868733456142696809e+02
2.868242863804634908e+02
2.869608341380265415e+02
2.869152184349541699e+02
2.868341894768948919e+02
2.869359987733971593e+02
2.870088284162046648e+02
2.867636316433419097e+02
2.867824053900653780e+02
2.870001260117326751e+02
2.868572133923129286e+02
2.870175342126446481e+02
2.869685651930839754e+02
2.867742648156097971e+02
2.868310230028874912e+02
2.869531628289526566e+02
2.867575450553042060e+02
2.868487199350651622e+02
2.867639182983064075e+02
2.866306745399147644e+02
2.866688383267874656e+02
2.866333882971511002e+02
2.866754146152953240e+02
2.866313954737840959e+02
2.868076014830062945e+02
2.870010744791229058e+02
2.866910078962893635e+02
2.866682827964166336e+02
2.868599132728132304e+02
2.866843320048264445e+02
2.868111853547666215e+02
2.868123903518089151e+02
2.867954179419210732e+02
2.865328671965020249e+02
2.867109217757920874e+02
2.866524894412256685e+02
2.868112202492495726e+02
2.866758327775750672e+02
2.866693196609279539e+02
2.864794525654397717e+02
2.865042006587299284e+02
2.866918889998804048e+02
2.866337860286928390e+02
2.864959334713550447e+02
2.866296579131378621e+02
2.865637751382109286e+02
2.865354678981045140e+02
2.864190627315999222e+02
2.865577641912279319e+02
2.866212902246052749e+02
2.866967667831962672e+02
2.866057981058401083e+02
2.863497160240074777e+02
2.864981799014672674e+02
2.866571563758224102e+02
2.864058784022624309e+02
2.865957006552996518e+02
2.865023663238767995e+02
2.866845981543960988e+02
2.864613145481739025e+02
2.865442687485911506e+02
2.864376217100466988e+02
2.864650198997250641e+02
2.864446661087899884e+02
2.863456212704861628e+02
2.864129437648255134e+02
2.864652123913304536e+02
2.866073175394146801e+02
2.863693454099666837e+02
2.863806873292587056e+02
2.864139714458552817e+02
2.864418081992581619e+02
2.863974755731451296e+02
2.865288050917270652e+02
2.865528278029842681e+02
2.865869694014483571e+02
2.865506122053119498e+02
2.865205495497860966e+02
2.864393019834757865e+02
2.865851277128099355e+02
2.865162195958122879e+02
2.865829646851552184e+02
2.864802090485911208e+02
2.864881377773310192e+02
2.866122287966822455e+02
2.865596727939195603e+02
2.866607299128124851e+02
2.868250556904964128e+02
2.865823424990272201e+02
2.866021089721749036e+02
2.867342510487723644e+02
2.866499081704510559e+02
2.868177924498574498e+02
2.867260278128615596e+02
2.866841154445019697e+02
2.865843606013186786e+02
2.867348918203940684e+02
2.867967873132074033e+02
2.867629273830673355e+02
2.866647591650043410e+02
2.867544964347557652e+02
2.866494859325658808e+02
2.868043057813297878e+02
2.869059496381704548e+02
2.866789517731555748e+02
2.865824124688228949e+02
2.866374568151700259e+02
2.866556915669627301e+02
2.867419819019592069e+02
2.867448750075083126e+02
2.868199639964518042e+02
2.867968223553313578e+02
