2.381526308280156172e+02
2.382888103808670337e+02
2.382344355425199183e+02
2.387330326759628178e+02
2.381484700408404933e+02
2.379475060233777128e+02
2.383421027692542395e+02
2.383276454054514204e+02
2.385230355776650697e+02
2.380836696501742438e+02
2.382394950193084071e+02
2.379738744894880540e+02
2.379697709744037866e+02
2.381401513298283419e+02
2.384546618033478751e+02
2.383457040846617474e+02
2.383057187847863361e+02
2.381005792574384259e+02
2.382603734620825264e+02
2.382938293604677540e+02
2.381445069002238597e+02
2.384652772171225195e+02
2.382314859435250582e+02
2.379060943610947731e+02
2.381827826226682134e+02
2.380943895356607527e+02
2.382038657098899819e+02
2.381290200553429202e+02
2.383045428596703914e+02
2.383360057939100614e+02
2.383826213343438667e+02
2.380548696877308714e+02
2.384298595817018338e+02
2.380905527718838641e+02
2.371254851967244974e+02
2.376824891079980659e+02
2.381989464727133736e+02
2.380000253304834814e+02
2.381340273870750082e+02
2.381230376926356485e+02
2.378257095967832981e+02
2.378804049401971952e+02
2.382028647003133983e+02
2.380625567050580287e+02
2.383004488076367124e+02
2.385457005861194091e+02
2.382988651085277354e+02
2.385691966033312212e+02
2.379990472133985122e+02
2.380780237815277758e+02
2.379280227870000601e+02
2.377468338349732733e+02
2.383535930959996847e+02
2.376581524629381477e+02
2.379871132254969552e+02
2.379270723413175119e+02
2.384886229923174881e+02
2.382455368381774861e+02
2.385071603948810264e+02
2.379990793193724983e+02
2.380189716391588206e+02
2.383071469998918417e+02
2.381184271437925872e+02
2.378734186134660433e+02
2.379872275527902730e+02
2.383316463097525855e+02
2.382957641023082545e+02
2.385846135370744321e+02
2.383246792322990188e+02
2.383708886550472243e+02
2.385176669375772178e+02
2.379349253076744901e+02
2.379572463456390778e+02
2.381664961160975338e+02
2.382264790102701681e+02
2.384782971162035210e+02
2.380350388013092413e+02
2.383307929553149904e+02
2.382378510421445128e+02
2.379755969507956763e+02
2.383107887571148638e+02
2.382684495049037139e+02
2.383505117416694929e+02
2.383978618226941535e+02
2.381387219121065471e+02
2.381451923718128967e+02
2.381755197194010236e+02
2.378370341958433585e+02
2.379826705784149681e+02
2.381789235829344307e+02
2.378995076241867821e+02
2.379910271051320763e+02
2.379141737672239003e+02
2.378415509428823782e+02
2.381280200621247047e+02
2.377625331344958397e+02
2.380273076714680656e+02
2.379261153668701638e+02
2.377435259980739772e+02
2.382025425301017947e+02
2.379311998586689754e+02
2.378679370508323530e+02
2.375885170910711679e+02
2.377069394713044801e+02
2.378330182104845392e+02
2.377582726006067162e+02
2.378879270428468544e+02
2.380275924467696314e+02
2.376104668862784877e+02
2.379265855570788801e+02
2.379395436856914046e+02
2.376391054321538547e+02
2.375687179050308657e+02
2.372923926414189566e+02
2.370107937667994236e+02
2.373594639872728749e+02
2.374270176526440252e+02
2.371938913441510124e+02
2.373647647213815901e+02
2.369806264690624005e+02
2.372011590119213906e+02
2.370405877261835883e+02
2.372040100710448769e+02
2.371663351579372829e+02
2.369825140466878963e+02
2.369023843020483184e+02
2.370145488505133073e+02
2.370361998764553562e+02
2.373119441235079421e+02
2.372441834173124846e+02
2.371208655570383996e+02
2.368719992372221270e+02
2.370046136423729877e+02
2.367657066604085969e+02
2.368975634696067516e+02
2.369467535526298434e+02
2.364833728586967538e+02
2.365635654103749346e+02
2.370532693474450525e+02
2.369349767043465818e+02
2.366742388845639482e+02
2.365685647560082714e+02
2.360306247624902483e+02
2.367819246547069554e+02
2.363377709732476148e+02
2.367131297113926678e+02
2.368527492584448737e+02
2.366822374676814604e+02
2.368177467068967701e+02
2.365499062940584736e+02
2.371325295518485348e+02
2.369683302249814290e+02
2.374760290289118245e+02
2.370967487620092982e+02
2.368034215576254553e+02
2.373157460967758823e+02
2.369188286574348297e+02
2.365272035078464796e+02
2.369421057567455762e+02
2.369058203874855337e+02
2.370109678755408993e+02
2.374045154756940974e+02
2.372437000309683697e+02
2.370158783070159814e+02
2.372721185419501069e+02
