1.007219516050198962e+02
1.005685541501858467e+02
1.007996874273590606e+02
1.008419544808077148e+02
1.005938969088862649e+02
1.006449985490416879e+02
1.005884601884575460e+02
1.006494135973911170e+02
1.007074424192381912e+02
1.006177897354977375e+02
1.008001424966674335e+02
1.012797937121503082e+02
1.010741142418717118e+02
1.007709667252123182e+02
1.007700057950653871e+02
1.006034262758980304e+02
1.008802909475605674e+02
1.006704716724512991e+02
1.008431619506907992e+02
1.005942090054405611e+02
1.007090895059937452e+02
1.008278976336259376e+02
1.005024601930476678e+02
1.009106384792632412e+02
1.008122994923252662e+02
1.005198715942744201e+02
1.008780506938459069e+02
1.005077631279877863e+02
1.007364049455573678e+02
1.005234466365685222e+02
1.009483416163253509e+02
1.006745111722718775e+02
1.001795960469197695e+02
1.017063252622215686e+02
1.023108672738218985e+02
1.011166037990883382e+02
1.007220749542505445e+02
1.009069108852974210e+02
1.009348601799043621e+02
1.007449164813444185e+02
1.009385683586626641e+02
1.009926897686211191e+02
1.007822995896425624e+02
1.006477684494175691e+02
1.006111454803656358e+02
1.005185176882642537e+02
1.004157211178597748e+02
1.005810755866661594e+02
1.006826341446334112e+02
1.008008937661042097e+02
1.008109282426107853e+02
1.009064180014139396e+02
1.013763946624280976e+02
1.012484891468883461e+02
1.012021493900675750e+02
1.007798482061176486e+02
1.005544698851445133e+02
1.007900906801023666e+02
1.007993213522814386e+02
1.006062266203389726e+02
1.005107829580399965e+02
1.008934419047777027e+02
1.011093296552980974e+02
1.012189233607597174e+02
1.009233244814588915e+02
1.007289795486629913e+02
1.004583772293547526e+02
1.007415627427686360e+02
1.008444631316784097e+02
1.005379274024568304e+02
1.008621514746662200e+02
1.006249364001775461e+02
1.009280653967594503e+02
1.008125323000310658e+02
1.005368199227459201e+02
1.005905378576918565e+02
1.007736836248746357e+02
1.008780013326343123e+02
1.009584719248576334e+02
1.008666330988033479e+02
1.009131222399260110e+02
1.006616848252937757e+02
1.008752530683619710e+02
1.006915262880360871e+02
1.005948467351676499e+02
1.008698146943888645e+02
1.010045471982097496e+02
1.012057158018878766e+02
1.010614742992325432e+02
1.011831118463773009e+02
1.008407359778083219e+02
1.011888183218449058e+02
1.007518644341210461e+02
1.008141190522783859e+02
1.008717058277435825e+02
1.008767172667394192e+02
1.009986159777636203e+02
1.009127741707080901e+02
1.012697142291419823e+02
1.011406675861879876e+02
1.010819356226373742e+02
1.013114811513671611e+02
1.008932100669988898e+02
1.012303459956677472e+02
1.013942415277524987e+02
1.010867152625518912e+02
1.010934837276349896e+02
1.013236132038101260e+02
1.012692638651235484e+02
1.011971652091479115e+02
1.014389946720803692e+02
1.009878964592335819e+02
1.016217387014640252e+02
1.026750670830039240e+02
1.018878897887909147e+02
1.015792929073764412e+02
1.018465580468986218e+02
1.017183642495685376e+02
1.019762950976726898e+02
1.018134422342306920e+02
1.021374458633940208e+02
1.017999873851200476e+02
1.017472477343156214e+02
1.015345225974960073e+02
1.016818802997103575e+02
1.019194937040732611e+02
1.016864934377584859e+02
1.018232466436337660e+02
1.018032171468899492e+02
1.018442556261618535e+02
1.016502635193258044e+02
1.018854107687447339e+02
1.021722827932940589e+02
1.021087082304604081e+02
1.021674454359567363e+02
1.019698322099336565e+02
1.019826839702964776e+02
1.017170014814383734e+02
1.016450513042520214e+02
1.017904520354849751e+02
1.019351956214766801e+02
1.024732886976378694e+02
1.030020190674263318e+02
1.026627607988906306e+02
1.016821869113268377e+02
1.019132809015096228e+02
1.017761843407573679e+02
1.016855240344412010e+02
1.017625058787739505e+02
1.017926097407400334e+02
1.016412212825573533e+02
1.016105013308341114e+02
1.015779226334621939e+02
1.012643806967719655e+02
1.013769919462353215e+02
1.014778300016422463e+02
1.014895324667267715e+02
1.013524072951932453e+02
1.014674617288811049e+02
1.016409043725861778e+02
1.010735826552753451e+02
1.009190980743127142e+02
1.012105038528836758e+02
1.012051985332881117e+02
1.008825630172481880e+02
