2.860599069888140207e+02
2.861346590093054374e+02
2.861970335270218015e+02
2.862673944947889595e+02
2.859421061199897167e+02
2.859838513877388664e+02
2.860559460265739631e+02
2.861674228830587481e+02
2.861715981047277069e+02
2.859712198378741164e+02
2.861099209366424816e+02
2.859542853184556179e+02
2.860267392656326706e+02
2.860571957460636554e+02
2.862667706172066460e+02
2.861613871943739582e+02
2.860801566851183679e+02
2.860106993425611677e+02
2.860731076084961728e+02
2.860733904317032170e+02
2.861547430123903837e+02
2.862156005338633804e+02
2.860573334046230798e+02
2.860348764469820253e+02
2.861111660752098373e+02
2.860448436813454123e+02
2.862006012528152610e+02
2.861028291985549572e+02
2.861707303359091270e+02
2.862716233105153947e+02
2.861290436199163310e+02
2.859890110854411773e+02
2.862433853990003172e+02
2.860823657942810314e+02
2.858785639144452375e+02
2.860607413829576444e+02
2.861323677300686654e+02
2.861353855030768614e+02
2.861027894612894329e+02
2.860599829022995664e+02
2.859875441870219106e+02
2.860033550262209019e+02
2.861616279202660849e+02
2.860637063966208302e+02
2.862325258765251306e+02
2.862292147502484454e+02
2.862313482119962487e+02
2.863362188875022980e+02
2.862018199787413550e+02
2.861082677856759346e+02
2.860024552939570412e+02
2.860625500356614452e+02
2.862298103610959856e+02
2.859943596615482875e+02
2.861541318793986761e+02
2.861152928118966088e+02
2.863606229786781228e+02
2.862974425889609620e+02
2.863478963525583936e+02
2.861605047154695853e+02
2.861138417046844324e+02
2.862811637529956101e+02
2.862212256940076145e+02
2.860882823284982237e+02
2.862535424692283073e+02
2.863266134154729343e+02
2.863632499541997163e+02
2.865198502254995105e+02
2.863566130729786323e+02
2.864247293304177333e+02
2.863872495965098324e+02
2.861765238708350694e+02
2.862171538048820025e+02
2.861974558931642605e+02
2.863069462458527141e+02
2.864341538791152857e+02
2.862168073425832517e+02
2.863910767413273675e+02
2.863236803949369005e+02
2.862886074373661245e+02
2.864026310890996569e+02
2.863998361581390668e+02
2.863714428824310403e+02
2.862492943947456183e+02
2.863239094103452658e+02
2.863039042493161332e+02
2.861819621208192643e+02
2.861590888440373419e+02
2.863004334294262776e+02
2.863096859111661843e+02
2.861765411962755365e+02
2.863104409129930445e+02
2.861492114293747591e+02
2.862500419768596771e+02
2.863679859399819065e+02
2.861621148752994372e+02
2.863130711422641639e+02
2.862875221368786356e+02
2.862100996642103041e+02
2.862697206071555343e+02
2.862967515009553949e+02
2.862791860532254873e+02
2.861209345586746053e+02
2.862197864701393542e+02
2.861752012927738065e+02
2.861159629431085705e+02
2.862995771830211424e+02
2.862730374575932615e+02
2.861723749116484896e+02
2.863218009222612181e+02
2.863113946460593979e+02
2.861393734944186917e+02
2.861411936328552770e+02
2.859795207724293959e+02
2.858712072181352255e+02
2.860554748344402469e+02
2.860696376774228042e+02
2.859835800670025492e+02
2.860114346600689146e+02
2.858812564015951807e+02
2.858376125290975551e+02
2.858253164039724084e+02
2.860724311398567465e+02
2.860045675755881120e+02
2.859377374483999006e+02
2.859664748881245373e+02
2.860147817647200554e+02
2.860952640098988127e+02
2.860848196045096188e+02
2.860830170564951231e+02
2.860999503699271713e+02
2.860431637153724864e+02
2.861570193290208977e+02
2.860273354083026334e+02
2.860943619038336578e+02
2.862086048794001840e+02
2.859864941592290393e+02
2.861472437323246822e+02
2.862618712584750824e+02
2.862161211664871985e+02
2.861518098167608173e+02
2.862029366551820999e+02
2.862600393227609743e+02
2.863792793822574936e+02
2.860801475151826594e+02
2.863705965443413675e+02
2.863316940325826749e+02
2.862010861487124203e+02
2.863534264350255967e+02
2.862868222457937577e+02
2.865915394722933343e+02
2.866166128547582161e+02
2.867629887219930538e+02
2.865495938901062800e+02
2.866634944688724431e+02
2.867550206799305101e+02
2.865052409956597330e+02
2.865149188913188709e+02
2.867072553006905764e+02
2.867934601494321782e+02
2.868665564130803318e+02
2.869574860162377945e+02
2.868697248042324759e+02
2.868986370006198285e+02
2.869604699392537555e+02
