2.410245199864193637e+02
2.409871487663452854e+02
2.415182067417339624e+02
2.412912570286665925e+02
2.408155604915035326e+02
2.410467355241762846e+02
2.415664380217660892e+02
2.415195805795724198e+02
2.412963187840542787e+02
2.412968806705576696e+02
2.413976545100007058e+02
2.411870201179147841e+02
2.408720510914700981e+02
2.410450919187768477e+02
2.412768271892360588e+02
2.414637219501245511e+02
2.414187468857026033e+02
2.414041450364067032e+02
2.408773241156895608e+02
2.408952610569511137e+02
2.412263963950748860e+02
2.415182856967397527e+02
2.413351029836949522e+02
2.407345656368424045e+02
2.405904477188768169e+02
2.410075542518362397e+02
2.412255084195494703e+02
2.409672116798701325e+02
2.408209423877324298e+02
2.410427379905106307e+02
2.411685043493571641e+02
2.409186487405588366e+02
2.408227120356798707e+02
2.404035706008176021e+02
2.392521863190058866e+02
2.399567313876381434e+02
2.405019789031144626e+02
2.404243106775629428e+02
2.406851340985798515e+02
2.407480248634363988e+02
2.407913537635492958e+02
2.407840799271735932e+02
2.405535805083163723e+02
2.405979931951017363e+02
2.409630692616216265e+02
2.406893258756664125e+02
2.409456678958727878e+02
2.413335904411190143e+02
2.409251052332934080e+02
2.406565446887213682e+02
2.408690342926951189e+02
2.408392245089053176e+02
2.404467310195101106e+02
2.395685304339029642e+02
2.404279922634707134e+02
2.404091699314946027e+02
2.405701569369554988e+02
2.406118315465106434e+02
2.405395119182552719e+02
2.399298011022698347e+02
2.401373397027713565e+02
2.404076682419568840e+02
2.398429624768134261e+02
2.400992696000266733e+02
2.408349111708391774e+02
2.406044586792193911e+02
2.404689683824957740e+02
2.405860941488087974e+02
2.404820748195597844e+02
2.409524928487389559e+02
2.408770293392544772e+02
2.405663175644924934e+02
2.405332215115024894e+02
2.406454997394082511e+02
2.411386257814679936e+02
2.407374823228420553e+02
2.409412650601783525e+02
2.406506079891283889e+02
2.407911899464602357e+02
2.407611435542436595e+02
2.404791415333224620e+02
2.398931020204297795e+02
2.403173961306724777e+02
2.401299410972661974e+02
2.405978074662209281e+02
2.409674862152366757e+02
2.402080721364315252e+02
2.404575058767653388e+02
2.406365919862253975e+02
2.407190503840046460e+02
2.409300212134039896e+02
2.413217122714529523e+02
2.408080774668680988e+02
2.402664428799545249e+02
2.403109199540931513e+02
2.402773283252166721e+02
2.403749267214859913e+02
2.407745515367336111e+02
2.405429314166543406e+02
2.407324054402926379e+02
2.404748941284461807e+02
2.401167600635996280e+02
2.403522922794801389e+02
2.409770705140391556e+02
2.406608976456190305e+02
2.399762264661736708e+02
2.405356311058579024e+02
2.408005623303348273e+02
2.406526720431862714e+02
2.404437454873346098e+02
2.405889552650014309e+02
2.405006563189565441e+02
2.400727511864530754e+02
2.392799447407595892e+02
2.390068193638811351e+02
2.391375311840011193e+02
2.394601756960631462e+02
2.396272159709808136e+02
2.396437480880331066e+02
2.401290505175909118e+02
2.397809770372933826e+02
2.396061379230754653e+02
2.399868540834598605e+02
2.398801358368870353e+02
2.393662781046649570e+02
2.394809800245377289e+02
2.394446945571886260e+02
2.395934866537438666e+02
2.395529182503977381e+02
2.393878322608631208e+02
2.396396190873630587e+02
2.394071330021979520e+02
2.394532855581007027e+02
2.388132606911089226e+02
2.394688640477698982e+02
2.391461648249649272e+02
2.393601130919328455e+02
2.394613591788933036e+02
2.390877498322708732e+02
2.394666389504398865e+02
2.397321520922604634e+02
2.397352262949493422e+02
2.382624610149614170e+02
2.386701045441838289e+02
2.387357435176257923e+02
2.392029759109998110e+02
2.393374592077769876e+02
2.396727590785051518e+02
2.397594287939780315e+02
2.398135596207465596e+02
2.400169971862264902e+02
2.402751016994378972e+02
2.407465330003739439e+02
2.402529644032323688e+02
2.405730018574994062e+02
2.402814553358125238e+02
2.410558717363417145e+02
2.408341103860450687e+02
2.400844835609712788e+02
2.404185834962269155e+02
2.408687174009015450e+02
2.414171848718688409e+02
2.412553757048938223e+02
2.409056764078843855e+02
2.415907908381575737e+02
