9.874050030211346041e+01
9.880703643486940280e+01
9.890522287619666031e+01
9.938248509287826948e+01
9.898145664473669569e+01
9.891445222631007539e+01
9.852656130147148872e+01
9.857860362830363954e+01
9.882546250020747891e+01
9.867793937148162797e+01
9.871253069318555617e+01
9.948881224796981826e+01
9.973413623714579046e+01
9.914912875756982658e+01
9.859207351553216370e+01
9.845422184263831866e+01
9.859292072090751446e+01
9.870714427064159224e+01
9.899574129388712151e+01
9.885606792133278020e+01
9.910724670188621133e+01
9.875569950199673031e+01
9.924653435976887295e+01
9.952919800658507654e+01
9.938431361870237879e+01
9.893501120622040901e+01
9.899367136959124025e+01
9.888032102703799353e+01
9.935561200265783555e+01
9.906809394663643786e+01
9.901169212877441339e+01
9.925922208880490416e+01
9.921475157421643587e+01
1.003386373196913866e+02
1.027367092625161575e+02
1.003019295872586696e+02
9.958314000652097775e+01
9.950710934376104433e+01
9.916693996052642035e+01
9.895362766300587509e+01
9.916145486535957332e+01
9.972977754160682196e+01
9.968541718647304606e+01
9.939051403188251754e+01
9.906599780492770435e+01
9.916668408386563272e+01
9.903137926383237755e+01
9.919857045402629581e+01
9.932300711089867207e+01
9.934994922479131674e+01
9.922317757519341797e+01
9.936686646824237812e+01
9.995649514161998184e+01
1.011339553364577597e+02
9.985894502942427664e+01
9.938002017135981703e+01
9.962386757019389449e+01
9.970175736348187456e+01
9.992343010409059900e+01
9.964317826643292619e+01
9.981550340217226847e+01
9.999094684306326997e+01
1.006620395657356966e+02
1.003386040913479178e+02
1.000130485578985713e+02
9.937478375478791293e+01
9.982017729711276388e+01
9.942689470747349390e+01
9.947458235401713011e+01
9.933295363994545824e+01
9.960311296840531270e+01
9.930330541969402702e+01
9.964769372104217382e+01
9.889982570114572979e+01
9.946688814303136894e+01
9.945020631318089954e+01
9.919223347820383196e+01
9.952062999537112375e+01
9.953761769366946055e+01
9.998012214999054947e+01
9.945527385524775354e+01
9.981221903138474261e+01
9.992324253762474484e+01
9.963179090739073729e+01
9.942920605072083617e+01
9.934887221805513491e+01
9.966829444804767490e+01
9.961739121799369912e+01
9.950499790860800431e+01
9.955823188872535923e+01
9.959519934368245231e+01
9.922277644097796667e+01
9.979137129328580613e+01
9.953783171814332320e+01
9.988024698496172959e+01
9.980058975937102161e+01
9.935228094943410326e+01
9.943186265099937771e+01
9.975214259788008064e+01
9.935871785912341636e+01
9.987071093875583472e+01
9.972964197499725003e+01
9.945684435840075821e+01
9.930113350156973695e+01
9.992425878379923176e+01
9.989354643146374713e+01
9.955951081046664797e+01
9.989056222977795585e+01
1.000686352893455791e+02
9.956743562603129760e+01
1.000137012046640308e+02
1.001844584485672982e+02
1.005805214657666937e+02
1.021166093701736628e+02
1.015969227730614506e+02
1.012961654208132813e+02
1.005239977492967540e+02
1.008606202132506979e+02
1.003713793599309980e+02
1.005546483867684202e+02
1.002767040721950025e+02
1.005248533025166324e+02
1.002491780389567140e+02
1.006696570955047179e+02
1.006039040668420483e+02
1.010431008556022334e+02
1.007281756034064557e+02
1.003641962428481378e+02
1.008305637757001278e+02
1.005474341203359501e+02
1.006231535766614797e+02
1.009098241645220213e+02
1.011678693291825653e+02
1.017066363785992849e+02
1.010271252758151803e+02
1.006260703710897388e+02
1.007087136031606889e+02
1.004318849971050014e+02
1.007005947913357886e+02
1.002270513332878181e+02
9.977734712841163400e+01
1.012916896723933320e+02
1.032351452010290132e+02
1.019758155221176281e+02
1.006638654383122571e+02
1.000421227100534196e+02
9.995395473108526119e+01
9.980151475523661020e+01
9.967397895320139867e+01
9.966827312196978994e+01
9.964490641926600745e+01
9.934758086732593085e+01
9.934326699530375038e+01
9.882375886568246415e+01
9.857667057495466167e+01
9.880202752120830212e+01
9.851954884144807068e+01
9.922508152897790978e+01
9.867999796346651920e+01
9.888565419429109227e+01
9.821964054136837774e+01
9.828339036961141062e+01
9.835700185715974442e+01
9.770995422892134741e+01
9.785902956986915058e+01
