2.867267152574147531e+02
2.867697228057318739e+02
2.868498341784558079e+02
2.867312152368816101e+02
2.865711952186254052e+02
2.868073982808957112e+02
2.869113159705152611e+02
2.868879180170768564e+02
2.868071642652335527e+02
2.868283595331221250e+02
2.868458831018209025e+02
2.867705595153809668e+02
2.867017563464587511e+02
2.867600056543126925e+02
2.868884349092417665e+02
2.869723689178291579e+02
2.869609713067231382e+02
2.868615405871877897e+02
2.867121198212838635e+02
2.867446256710116472e+02
2.868483833253674788e+02
2.868629736820932976e+02
2.867764919997018183e+02
2.866279263385143281e+02
2.865942697213054089e+02
2.867283486273676090e+02
2.867923909635348423e+02
2.867423281010131291e+02
2.867396939787589076e+02
2.867499550442857412e+02
2.868284005974824709e+02
2.867359471323789535e+02
2.866757867511656741e+02
2.867090085129707973e+02
2.864831226852833765e+02
2.864900379603968759e+02
2.865922042780327956e+02
2.866184808969881033e+02
2.866821429963916898e+02
2.866709623839937535e+02
2.867146300566386117e+02
2.867570661562917849e+02
2.866099025876161477e+02
2.866783237768982531e+02
2.867842802786586276e+02
2.866534919044829053e+02
2.867809609471036083e+02
2.868218441952233775e+02
2.867418346512485527e+02
2.867454523568000582e+02
2.867232972371318169e+02
2.867593976125962740e+02
2.866217850880481706e+02
2.864589141518611086e+02
2.866445814101664951e+02
2.866083043543747522e+02
2.866401951701593589e+02
2.867430144048346961e+02
2.865856099478380088e+02
2.864143591082289504e+02
2.864396781928480209e+02
2.865898920669658878e+02
2.865283435192171169e+02
2.866449273186181586e+02
2.867385212845709361e+02
2.867087132440579467e+02
2.866518118539420357e+02
2.866722388836626010e+02
2.867638144904107662e+02
2.868908783187085874e+02
2.868119677963352956e+02
2.867836625328553737e+02
2.867654016501013530e+02
2.868649855026098976e+02
2.868913737172170499e+02
2.867910794805735577e+02
2.868579718156009903e+02
2.867963193534789070e+02
2.868850946904177022e+02
2.868037366101771681e+02
2.866572618078577079e+02
2.865924039956206570e+02
2.866657882328472056e+02
2.866498831253215940e+02
2.867358645258012189e+02
2.868707474337074359e+02
2.866503950322695005e+02
2.867095420976792752e+02
2.868213422801226784e+02
2.868339129765683424e+02
2.868743535896912249e+02
2.869989373364206244e+02
2.868050208000595944e+02
2.866456355610787909e+02
2.867271220478396003e+02
2.866614653821730485e+02
2.867870602918823124e+02
2.868401475667322416e+02
2.867458139520461486e+02
2.868833594938292890e+02
2.866986259823964929e+02
2.867105220965103740e+02
2.868348898751378897e+02
2.870054303290953612e+02
2.868453764337413645e+02
2.867137487322549987e+02
2.868865722428815843e+02
2.869078235471027369e+02
2.868236528915489885e+02
2.868363858996477234e+02
2.868871509646382947e+02
2.868658325658032595e+02
2.867514505534155660e+02
2.865376784589431054e+02
2.865111153207643042e+02
2.864686269854259422e+02
2.865289125170018565e+02
2.865929990132767102e+02
2.867324581930419640e+02
2.868057103822915792e+02
2.866513953999322553e+02
2.867210868417391225e+02
2.868265810885168889e+02
2.868401491778986383e+02
2.867356318077517585e+02
2.866894390603105194e+02
2.865697766627864098e+02
2.867434338715318063e+02
2.866709597109560832e+02
2.867308040214757057e+02
2.867472171097172122e+02
2.866242369145695648e+02
2.867265510967829982e+02
2.866292623663914014e+02
2.868128007747331480e+02
2.867327788043503460e+02
2.868005305338934932e+02
2.868071353982088567e+02
2.867917405347882891e+02
2.869614256427701662e+02
2.870749813598795299e+02
2.870924759479505042e+02
2.868690054656792654e+02
2.867878220497738084e+02
2.868096644431366258e+02
2.869239971030053766e+02
2.870161198319260620e+02
2.870750251128434343e+02
2.870879798658792197e+02
2.870857660095821302e+02
2.872078018737846037e+02
2.874472320842032786e+02
2.874794825687478692e+02
2.874439648946496391e+02
2.875438865210095400e+02
2.875534872690906241e+02
2.877370230159449420e+02
2.876164156449206075e+02
2.875677659471578522e+02
2.876063952919852795e+02
2.877955618764426049e+02
2.879576764870930674e+02
2.878708346604971666e+02
2.878596404592784666e+02
2.879790328472781198e+02
