2.412956905109887202e+02
2.411301137840574427e+02
2.409770584466579066e+02
2.416191443572414244e+02
2.414883275689624327e+02
2.416345930347617923e+02
2.414331947089285677e+02
2.417289506115120048e+02
2.411001846729925546e+02
2.413948827944366258e+02
2.414855359771762267e+02
2.421074362588475708e+02
2.417253496505421424e+02
2.412277105865454985e+02
2.412084480246737996e+02
2.415824856402216199e+02
2.418399403192515820e+02
2.413524109998454890e+02
2.415460543799097195e+02
2.417024084041193817e+02
2.419324349941989851e+02
2.417754154265813611e+02
2.418266037535821624e+02
2.415734082366991515e+02
2.416932444846202088e+02
2.416321170824556646e+02
2.416312457007615819e+02
2.415683530576797864e+02
2.424075104518470880e+02
2.417412080255793114e+02
2.419364975547402139e+02
2.421062288250539893e+02
2.423205169907900256e+02
2.422318524195563896e+02
2.423574976478148528e+02
2.425085970798471351e+02
2.423444206287641407e+02
2.424435470222149434e+02
2.422471190943969361e+02
2.428959068718377239e+02
2.428202619086208927e+02
2.426995940377892964e+02
2.429786576420052597e+02
2.429099736723607919e+02
2.429799098279931968e+02
2.430340699069972743e+02
2.435162376659965275e+02
2.434288896608215111e+02
2.430348969019370315e+02
2.432224976312001274e+02
2.435826034123172121e+02
2.430415535966075993e+02
2.433498588174786619e+02
2.434237086821026139e+02
2.435673743364400252e+02
2.435552422668069994e+02
2.433913306363589584e+02
2.434636047072706333e+02
2.436384609404230162e+02
2.440049624318114638e+02
2.443803894356285582e+02
2.433880252875233907e+02
2.430796834542117892e+02
2.438428666750646414e+02
2.442299015189397267e+02
2.438455696863284459e+02
2.443131024373053322e+02
2.440140537465738078e+02
2.445848028568404970e+02
2.443276510033979037e+02
2.443405927173365626e+02
2.450558385098177894e+02
2.441904988507513110e+02
2.442103681835465068e+02
2.446819661120104286e+02
2.451340406420628995e+02
2.447771420631050034e+02
2.448934900046212704e+02
2.447987466132525753e+02
2.447373235882378140e+02
2.452376979260729968e+02
2.453473053639917509e+02
2.454096153504971483e+02
2.455224651246317080e+02
2.455705712470409878e+02
2.451635076142784726e+02
2.458809112374319454e+02
2.456535969877551508e+02
2.455170626465067301e+02
2.461213722797004664e+02
2.456120727546039291e+02
2.459203848935786425e+02
2.456817990450108198e+02
2.460706442552419730e+02
2.458890327935959306e+02
2.457429985205914988e+02
2.460553845986794386e+02
2.458503465744303469e+02
2.467551938067857407e+02
2.458655267694097404e+02
2.461744505306886595e+02
2.464334046808823757e+02
2.463705915650054976e+02
2.465051001967844115e+02
2.460416370243149231e+02
2.463205974810786927e+02
2.463491711046905550e+02
2.473100365911442680e+02
2.470612918709448138e+02
2.468259620934896930e+02
2.471942206919179341e+02
2.473224755615875665e+02
2.474876030302815764e+02
2.475921590496308227e+02
2.477139412264360487e+02
2.480689171837229594e+02
2.479485754631073178e+02
2.478243742634920181e+02
2.477952324709197285e+02
2.479702477720799436e+02
2.480596067162351517e+02
2.482631341279875699e+02
2.489521743143184551e+02
2.481818607901828955e+02
2.483738307590456600e+02
2.487865402364677436e+02
2.484447355189074358e+02
2.482908970999450560e+02
2.489798175649508494e+02
2.491592950697950357e+02
2.489802082490571422e+02
2.486657496106062979e+02
2.489232740329879050e+02
2.499105872022493031e+02
2.496554206267414031e+02
2.496794906574565118e+02
2.497153551572049821e+02
2.499396227620294155e+02
2.497359359074297629e+02
2.500139674152676434e+02
2.499842034894148810e+02
2.501028696663071287e+02
2.500461501367216215e+02
2.499100739781325444e+02
2.505246031610842294e+02
2.506748671662034837e+02
2.505807014849072800e+02
2.507792713982727264e+02
2.507592442908886881e+02
2.512444540986452921e+02
