9.862244783748896282e+01
9.879333777959799079e+01
9.873454332239971620e+01
9.854066589465577408e+01
9.869532534800227097e+01
9.839568333983329751e+01
9.842061234726173780e+01
9.835611424809165726e+01
9.869852104498060896e+01
9.843065624637752364e+01
9.817090151876010395e+01
9.790943374720404790e+01
9.851418914904515134e+01
9.825888722782316620e+01
9.829329393992590269e+01
9.798970072079875138e+01
9.822164850525932422e+01
9.801353158039215430e+01
9.818053103810581206e+01
9.796581108069089794e+01
9.769474079000626432e+01
9.766699493272311372e+01
9.742402083689053427e+01
9.762896212525828332e+01
9.750377621614843804e+01
9.786079615100014450e+01
9.787577510346356746e+01
9.759626746974852551e+01
9.724772678901381084e+01
9.751925633099226332e+01
9.705611280091171977e+01
9.724470724546654310e+01
9.696244291798139159e+01
9.679300766736059813e+01
9.704200442703942997e+01
9.678567725149953560e+01
9.680019485649002320e+01
9.697226970901927245e+01
9.635537093031432221e+01
9.625015046525692242e+01
9.635913332263078246e+01
9.620310467337473881e+01
9.607455068474121163e+01
9.587669692825238599e+01
9.595903782895753409e+01
9.571815088329776700e+01
9.570571620483367781e+01
9.593488142957728826e+01
9.583404733113263774e+01
9.576954809834346349e+01
9.542728991210590550e+01
9.565570578179541883e+01
9.546413857062879060e+01
9.545682714182520101e+01
9.508200358050707734e+01
9.505441566551773747e+01
9.548138910270137103e+01
9.514675691253114564e+01
9.496299956928494623e+01
9.481735075763396026e+01
9.496047967574988036e+01
9.492915711355392716e+01
9.487462896031495063e+01
9.448121927070930326e+01
9.447592376620282550e+01
9.458036481061390077e+01
9.457713109157852216e+01
9.450912466265447165e+01
9.421595056693787740e+01
9.417313600181732625e+01
9.418781304985346026e+01
9.397249387463989478e+01
9.410772989877519024e+01
9.368304982613881293e+01
9.357067957974959427e+01
9.372320633526254596e+01
9.344860080296086835e+01
9.371517245344148250e+01
9.346989980368697104e+01
9.315951256230216870e+01
9.330423780218929153e+01
9.312382594157571702e+01
9.282637413884184241e+01
9.291381288867746946e+01
9.301473620669010245e+01
9.269542222079248006e+01
9.228105353974679304e+01
9.264344969743190461e+01
9.250362570860130518e+01
9.250573809534024861e+01
9.252949985693685164e+01
9.254603430618256255e+01
9.216088273336396242e+01
9.232494791040257098e+01
9.227753235184610503e+01
9.220076161909575774e+01
9.183944791844997724e+01
9.205306154770512705e+01
9.168734223941727635e+01
9.183732051529960927e+01
9.178684654484813166e+01
9.161455238057033057e+01
9.155186714707916451e+01
9.137769617919508391e+01
9.135422579553254252e+01
9.115702646661945607e+01
9.093775850544450634e+01
9.066926081957790018e+01
9.065899852866463959e+01
9.077903000803520683e+01
9.041959567017947563e+01
9.026246775037354553e+01
9.017441308953681300e+01
9.012313081289903494e+01
8.993789337165304687e+01
8.964915025250309100e+01
8.981314207039753228e+01
8.962588802441773339e+01
8.965035338111546537e+01
8.960246528235643382e+01
8.951094594069411414e+01
8.929126502521272357e+01
8.893456328946791700e+01
8.891576728649853578e+01
8.906791776186902609e+01
8.888574953861915162e+01
8.896635811048007270e+01
8.874447471484269556e+01
8.850426367254141269e+01
8.833434492217399736e+01
8.823365729379143829e+01
8.824661183709393697e+01
8.796197372018626481e+01
8.754596518408106931e+01
8.772942215740886240e+01
8.731028645685485401e+01
8.756596729555043623e+01
8.734308394848306989e+01
8.760598496561784998e+01
8.739654078830692185e+01
8.717168963222717082e+01
8.680857121551332511e+01
8.704574093015924063e+01
8.689415272852613725e+01
8.661592162849217402e+01
8.648656068223884574e+01
8.640409624812821221e+01
8.621612559953753419e+01
8.611825868012387275e+01
8.588092863086340856e+01
