2.397985851864275162e+02
2.399955695715071045e+02
2.397222144227098113e+02
2.397144910497938781e+02
2.397784041750306017e+02
2.400351181101761995e+02
2.401253005156777363e+02
2.398833121685382537e+02
2.400090966750407517e+02
2.396591084051673590e+02
2.397074816864210618e+02
2.396817388232917949e+02
2.396610313987213488e+02
2.396553046961622329e+02
2.398388989526388286e+02
2.398006013677922681e+02
2.397451462598960745e+02
2.399198664783280890e+02
2.397714771111741072e+02
2.397758562833341784e+02
2.396804580636772926e+02
2.397315977204320063e+02
2.399279942389802898e+02
2.399286305153781029e+02
2.399605983447571305e+02
2.396420493744739417e+02
2.400814794661834242e+02
2.397017512471631164e+02
2.397555992766638155e+02
2.398151591277932084e+02
2.400488267715868460e+02
2.398079392990482290e+02
2.397293035507519789e+02
2.397721811039478155e+02
2.400331267192930227e+02
2.398424596201565180e+02
2.397358274674877805e+02
2.397344294113401020e+02
2.396294133481121662e+02
2.393550984803148367e+02
2.395444714299915461e+02
2.396904940511307132e+02
2.398270901713668763e+02
2.397891910046815838e+02
2.396769159149721133e+02
2.399656692924424704e+02
2.399109534738272203e+02
2.402634748509084659e+02
2.399293805294266804e+02
2.398116929326163529e+02
2.394203639567433584e+02
2.397919858863562865e+02
2.397082829635501469e+02
2.399625911489845294e+02
2.399286947966510581e+02
2.401059431582750960e+02
2.400484777490602255e+02
2.397988285491889258e+02
2.400359223105788544e+02
2.401063598715974194e+02
2.397577099031718717e+02
2.396262618266357549e+02
2.397697606423221544e+02
2.398254438274962297e+02
2.397101289511072935e+02
2.398706402228735612e+02
2.397529215442100110e+02
2.395263718148019052e+02
2.399072775448052255e+02
2.400510285687123258e+02
2.396850149342417353e+02
2.398887395660132995e+02
2.398048522230288597e+02
2.395597610310802850e+02
2.399568354052240977e+02
2.397396733161740485e+02
2.395764472053720056e+02
2.397864878388170098e+02
2.398893929630795867e+02
2.396488588108419435e+02
2.395315203072231895e+02
2.397638836693789699e+02
2.397361848761687213e+02
2.403309022061165763e+02
2.401892594565026400e+02
2.398734999738341003e+02
2.399072131345822925e+02
2.397136605207728053e+02
2.398879294677799408e+02
2.399582840697781592e+02
2.399290811134557373e+02
2.397806979495575206e+02
2.399833162910862541e+02
2.398024504176430582e+02
2.399866049164459127e+02
2.399206969762014694e+02
2.399767389227970682e+02
2.400159910394563667e+02
2.397302396182940640e+02
2.394714916178299688e+02
2.397582726751604980e+02
2.399164489765318251e+02
2.398069775345345249e+02
2.397082882753262538e+02
2.396798151304387829e+02
2.397837533705702810e+02
2.396935346524784620e+02
2.400134209610596656e+02
2.397505454352313166e+02
2.399197868406305645e+02
2.395327219485038768e+02
2.395676815782158826e+02
2.396293030225226630e+02
2.398835148172252048e+02
2.401466359712097756e+02
2.399433863929846495e+02
2.395132526113856386e+02
2.393674661155247065e+02
2.397171897039232533e+02
2.396778193576055003e+02
2.396992463303558623e+02
2.397200005878178501e+02
2.397214591783329070e+02
2.396084159122666790e+02
2.396193312450215274e+02
2.397890537059873566e+02
2.399822747551139344e+02
2.395092487900958815e+02
2.396007359665100296e+02
2.400057032380812245e+02
2.397259417735350837e+02
2.399069859504347733e+02
2.398943400975703923e+02
2.396870806060103121e+02
2.398392546341636944e+02
2.397727733147636400e+02
2.397375265291248354e+02
2.397464767058555708e+02
2.395992577293613977e+02
2.396122503109385491e+02
2.398002108403766215e+02
2.396139733518011781e+02
2.397153974158496794e+02
2.397901351752377934e+02
2.397992578459270874e+02
2.396595604968273392e+02
2.396940469248361296e+02
2.398790645884587036e+02
2.395819325740510237e+02
2.397130592123865824e+02
2.395748012398356366e+02
2.396224759477447606e+02
2.395326973658458201e+02
2.397979228020323319e+02
2.394561764385022400e+02
2.395536628864749389e+02
2.395917681561394375e+02
2.396859755128673157e+02
2.397629343515869778e+02
2.396494881920587261e+02
2.395608086318800645e+02
2.394345386482783340e+02
2.396050520018311261e+02
2.397388149503771331e+02
2.395876316079802848e+02
2.399850833994136110e+02
2.398363264118616200e+02
2.400122845831220957e+02
2.399833980265286755e+02
2.399879789962246832e+02
2.402094171393700606e+02
2.399572621012538605e+02
2.397717914590135422e+02
2.397841596358132392e+02
2.398317288427814162e+02
2.403526109210903599e+02
2.402281481796923117e+02
2.400910503080025364e+02
2.398907380838641927e+02
2.395420691508741129e+02
2.396852892769069001e+02
2.399926283708555275e+02
2.398556513763922169e+02
2.399330951184474259e+02
2.398987255120889586e+02
2.398103314501368004e+02
2.397840204603718064e+02
2.398331323679508671e+02
2.401650164396256457e+02
2.399405664725090901e+02
2.397543316689921937e+02
2.396495376119342211e+02
2.396531671783825175e+02
2.399540232547364269e+02
2.400113425356698542e+02
2.399728178528910121e+02
2.400983004924771933e+02
2.399408256359956795e+02
2.400929507942346106e+02
2.398639151227449986e+02
2.401045600059552214e+02
2.399682018839552029e+02
2.398218068378464807e+02
2.396695944332749093e+02
2.397648810310913916e+02
2.398868203150512954e+02
2.399089422172316972e+02
2.399587259250136242e+02
2.396922709448994340e+02
2.397070951757083037e+02
2.395378919688760107e+02
2.397707169003278977e+02
2.397613275123163703e+02
2.399057641812555346e+02
2.400333817543086354e+02
2.393750476314145317e+02
2.394744186553490408e+02
2.393498677373696921e+02
2.395357710974510326e+02
2.397226501986319818e+02
2.395463415840971493e+02
2.394495512277384535e+02
2.394098262033929529e+02
2.397819305110190271e+02
2.397884924403818729e+02
2.396890304404491019e+02
2.399674698316124477e+02
2.397149178866498858e+02
2.394714617321148182e+02
2.396330073903251332e+02
2.395282815087240351e+02
2.396560964905771698e+02
2.396988096642807022e+02
2.398745908226097754e+02
2.397696995514439777e+02
2.397443195904574225e+02
2.398831611560615613e+02
2.395193293357562823e+02
2.399499712532856108e+02
2.401543702546567545e+02
2.398742920440266744e+02
2.399154199576830706e+02
2.398035610911060473e+02
2.401536048850597638e+02
2.397617936195122468e+02
2.398526791746920424e+02
2.397213212622629044e+02
2.398048794187967587e+02
2.398253688801993064e+02
2.401161681898644531e+02
2.402463257732260047e+02
2.398048082301064881e+02
2.397488761837698519e+02
2.396579684501236045e+02
2.400556748879319002e+02
2.398772251317953987e+02
2.399835611894633018e+02
2.398683755652133698e+02
2.401278062755563099e+02
2.398537156909674479e+02
2.399984420674949490e+02
2.400021202690707014e+02
2.396567863968136010e+02
2.396316426255092722e+02
2.399734922112650963e+02
2.400374647962450183e+02
2.395713573843273991e+02
2.398150676280897926e+02
2.399093433037672582e+02
2.398882912404706076e+02
2.401512336780553767e+02
2.398405586118012707e+02
2.400893380043038121e+02
2.398700570798118861e+02
2.397076682885659693e+02
2.398440197655652355e+02
2.396979717645494077e+02
2.398263322276011422e+02
2.396959227212798567e+02
2.398424674154305194e+02
2.397374307056597047e+02
2.397000480941878777e+02
2.396857987115198796e+02
2.397828257780843444e+02
2.395424255562947167e+02
2.401173177012144606e+02
2.400595104609284647e+02
2.398506824717755990e+02
2.397136672656713756e+02
2.397192854719855006e+02
2.396877444127052001e+02
2.397205501020772829e+02
2.400233207691320274e+02
2.399452207657477913e+02
2.396768511464860296e+02
2.396766591111006619e+02
2.399916259788913919e+02
2.400477536868502568e+02
2.399787444157715584e+02
2.397463055012151472e+02
2.396361882458570562e+02
2.400543182198665306e+02
2.397992899097839370e+02
2.399725459203921218e+02
2.397117859871999315e+02
2.397882517478316231e+02
2.395895140772484240e+02
2.395901670901753278e+02
2.398055093850836386e+02
2.396062485209478155e+02
2.395915183383553995e+02
2.399026645886006008e+02
2.395654658153901835e+02
2.393701653733538421e+02
2.397277135447021408e+02
2.396661030785197397e+02
2.396822302039945782e+02
2.395535567097311969e+02
2.397217886202513739e+02
2.398187744663614751e+02
2.394973175722597318e+02
2.397720749546666354e+02
2.394853356229180008e+02
2.397712625083837281e+02
2.394327585856209453e+02
2.395751710004073800e+02
2.399211306067466012e+02
2.399861995613996157e+02
2.400434993768867287e+02
2.397500768260239283e+02
2.395822678484798587e+02
2.392927361892045610e+02
2.397318704657385240e+02
2.397661601683482786e+02
2.399678254845773324e+02
2.399164911030993323e+02
2.396091431563486651e+02
2.395853574270964828e+02
2.393104566590222930e+02
2.398703927621425862e+02
2.398370248093505381e+02
2.397523754553602942e+02
2.398890505621484124e+02
2.398060639335636495e+02
2.399185218052972459e+02
2.395871700277246816e+02
2.397075064912551454e+02
2.398586254452900448e+02
2.395413055571090126e+02
2.396252573530723282e+02
2.398499596557772691e+02
2.399956146908308483e+02
2.398295973634235452e+02
2.398391538777604239e+02
2.394527101048226712e+02
2.394492771950295946e+02
2.395758476930114114e+02
2.396100856472947953e+02
2.396480874689724772e+02
2.396134614471689019e+02
2.394602758112528988e+02
2.397637786464241856e+02
2.396801257429518444e+02
2.396280464539334218e+02
2.398756666540755589e+02
2.397243401316361542e+02
2.396294160497668884e+02
2.398035339651765128e+02
2.397304370150069417e+02
2.397219275037288924e+02
2.397867337498701090e+02
2.398167105408697353e+02
2.396134924745540786e+02
2.395429821726326338e+02
2.393462653844586612e+02
2.395424851408704114e+02
2.397520518126165143e+02
2.395714720021484538e+02
2.396352539672352577e+02
2.395207349400573946e+02
2.396685187456851907e+02
2.396811361377681067e+02
2.394865373245602314e+02
2.397532768842146425e+02
2.398772457111865890e+02
2.396841066804986156e+02
2.396183013404287578e+02
2.398568437303740666e+02
2.401528199776069812e+02
2.397743173880036238e+02
2.399002428700197527e+02
2.399040114379760382e+02
2.400360313307295712e+02
2.399114618958643632e+02
2.396690593492004382e+02
2.399638909736851531e+02
2.396932598075773058e+02
2.396715104852721936e+02
2.398248233961289486e+02
2.397967138482177063e+02
2.396752302525720495e+02
2.400329540488343127e+02
2.400081142129373291e+02
2.399416614178792031e+02
2.395122185304628886e+02
2.395286683941486672e+02
2.394765111496681413e+02
2.394453833257136637e+02
2.395412009160253319e+02
2.395216589650399328e+02
2.400133150305475453e+02
2.399027558660993691e+02
2.396228178698201816e+02
2.394260131564793994e+02
2.397992637322398366e+02
2.396854627713888419e+02
2.396959964568265775e+02
2.395724993024770413e+02
2.396366007818355399e+02
2.396659681468543113e+02
2.400393262856293859e+02
2.396217930948845662e+02
2.395317871432655750e+02
2.394132793198976685e+02
2.393638894638782233e+02
2.394106506262040455e+02
2.396142504292548949e+02
2.394340575911828921e+02
2.396241722313698119e+02
2.400998381872304890e+02
2.396451457289602729e+02
2.398066812460957635e+02
2.396401912255599882e+02
2.398120402001719640e+02
2.397905092170450132e+02
2.393529930858107946e+02
2.394761629322372301e+02
2.395391859534315415e+02
2.397155223771638077e+02
2.397199423038216821e+02
2.396781544213690438e+02
2.395188966123151602e+02
2.399833717276346476e+02
2.396568115758622071e+02
2.395357812847582011e+02
2.396508332271198753e+02
2.397092488906572783e+02
2.395569599014107496e+02
2.395165232853357793e+02
2.397970369563157647e+02
2.397954549202320038e+02
2.396349509330550234e+02
2.396431785314066190e+02
2.400658845100242331e+02
2.399081235887196044e+02
2.397434732842860967e+02
2.395964879422659806e+02
2.393644551990799698e+02
2.395092115345884451e+02
2.395385489904530516e+02
2.395567555780650366e+02
2.396130422534033642e+02
2.394123824809091445e+02
2.396254487046358292e+02
2.397506886251974265e+02
2.397462343915910878e+02
2.396456817541579767e+02
2.392706682693736582e+02
2.398646176337820179e+02
2.397411907289859130e+02
2.398952409421348477e+02
2.397536456933195268e+02
2.393335751763536621e+02
2.395855816674893504e+02
2.398395804235608182e+02
2.399070654215367995e+02
2.396944557048602746e+02
2.397573831150872081e+02
2.397909961555586733e+02
2.396811883855427823e+02
2.397089887261927004e+02
2.400140331579588917e+02
2.398000054109775192e+02
2.399107463524713069e+02
2.399457524896800180e+02
2.398258029118234163e+02
2.400791573408323245e+02
2.395899625713884689e+02
2.396844013203601662e+02
2.394609719108906063e+02
2.397320584331187945e+02
2.396225042911019045e+02
2.396156982611580872e+02
2.395533146690229387e+02
2.396992591805660311e+02
2.393407825450862845e+02
2.396715556498354260e+02
2.395042178205909522e+02
2.396972559133988341e+02
2.396574804583302978e+02
2.395344663763457902e+02
