1.001411049250736909e+02
1.003622695287473192e+02
1.003756247175927427e+02
1.002634512572641938e+02
1.001037627936547239e+02
1.000966913889969163e+02
1.007433957550904751e+02
1.003035950678824264e+02
1.000742045380209078e+02
1.003951505361657865e+02
1.003828809105925615e+02
1.003304893235682727e+02
1.006171953295021808e+02
1.003278260067541368e+02
1.000900836344684848e+02
1.005799649783874798e+02
1.000655451387089698e+02
1.002005625929252659e+02
1.002881171104006057e+02
1.004589254042762860e+02
1.004326088136716493e+02
1.001977231894660036e+02
1.000771739558238096e+02
1.002020441210444233e+02
1.006453196594170691e+02
1.002711939275109643e+02
9.992806715354782909e+01
1.004703036832348744e+02
1.001097003199586055e+02
1.001745603716357067e+02
1.001562919422686520e+02
1.003920356676409398e+02
1.003376275723114759e+02
9.998351579219291807e+01
1.002310132136250758e+02
1.004629371451330115e+02
1.002880643965187915e+02
1.003696714087843560e+02
1.007313426798595941e+02
1.004855226888535782e+02
1.000842592821572197e+02
1.001549550265855970e+02
1.003348040383078370e+02
1.004234690313575271e+02
9.998912980662510108e+01
1.000733294734482541e+02
1.000384261410523550e+02
1.000266267522298449e+02
1.003719606788873335e+02
1.006356136842634470e+02
1.002027852201241558e+02
9.976304738878023670e+01
1.003939010780312202e+02
1.002945049595082878e+02
1.003193500567225414e+02
9.978820548016294367e+01
1.002521716884899234e+02
1.000885300166093685e+02
9.975906157921885153e+01
1.002342097815059105e+02
1.004322125794848404e+02
1.002798530433935724e+02
1.003038942604302264e+02
1.003792154794073923e+02
1.001656127370388703e+02
1.003038488463769795e+02
1.004054814875515689e+02
1.002370443440167236e+02
9.991475469688695910e+01
1.003652319909770085e+02
1.003039527001568558e+02
1.001063892199817502e+02
1.006159961947487460e+02
1.001556395388925012e+02
1.000935065655047680e+02
1.003050886120648215e+02
1.004838899129125167e+02
1.005249478675185060e+02
1.000205033307197482e+02
1.002254844409262518e+02
1.004686511013246673e+02
1.002459260828977108e+02
9.999260436406422059e+01
9.985108260307067951e+01
1.003026067417404761e+02
1.002092295686952781e+02
1.001429784946657264e+02
1.004529362837749886e+02
1.003670205337706562e+02
1.001730404576449729e+02
9.999713586454301151e+01
1.001600286540520983e+02
1.000660638777429199e+02
1.002920417399601121e+02
1.000283128165839770e+02
1.004200917563050410e+02
9.997456304435526420e+01
1.002050943599011958e+02
1.006171943397300765e+02
1.006512816859348050e+02
1.003959409480717255e+02
9.973404731903008269e+01
1.005601303665509221e+02
1.002128129113913957e+02
1.002025906416907333e+02
1.000692323828850903e+02
1.004471800830561250e+02
1.000274231398502138e+02
1.004643195179299795e+02
9.990172876795092805e+01
1.010178709391657321e+02
1.000580064484229297e+02
1.004130720355060618e+02
9.991062465914895085e+01
1.002996011952327535e+02
1.005134286388121865e+02
1.008474407257370586e+02
1.004411013994158424e+02
1.003424969822718111e+02
1.004732263767068758e+02
1.002355353693716182e+02
1.000179910768135159e+02
1.003645679822742096e+02
1.006756784470549206e+02
1.005551966294257795e+02
1.000606617335279083e+02
1.001797515594911374e+02
1.005983583949941220e+02
1.001035727768755237e+02
1.001983029044852316e+02
1.003219292321553127e+02
1.003986720332191993e+02
9.991640422473119543e+01
1.001303874083180148e+02
1.005604633157167740e+02
1.006905580580935862e+02
1.001676834050632579e+02
1.004762424981930593e+02
9.983430140923059071e+01
1.006961837076784150e+02
1.002884659763279416e+02
1.004805445863489268e+02
1.002622677013795425e+02
1.003560730300913946e+02
1.002324350219792137e+02
1.002234460670935476e+02
1.002159393848615423e+02
1.002535775263846887e+02
1.004781702042467941e+02
1.003784550662788888e+02
1.003853354044270105e+02
1.006542874572632513e+02
1.004166468110435488e+02
1.007829801532938205e+02
1.004644338187731734e+02
1.003015194047733729e+02
1.008058965418717463e+02
1.002965508428919179e+02
1.004724947325919544e+02
1.006182370814585312e+02
1.005202252736232253e+02
1.004186262469057169e+02
1.002148984242858347e+02
1.004821187926476256e+02
9.996399111851752650e+01
1.000351915930795599e+02
1.002347128751451351e+02
9.994689221581167260e+01
1.001864234101265652e+02
9.992685693764114774e+01
9.984600842011771249e+01
1.001294455645996777e+02
1.006475030244653226e+02
1.001200974054273303e+02
1.000903893036755221e+02
9.969376195085779102e+01
1.000490151752217542e+02
1.002839192453504182e+02
1.003925430737821642e+02
1.002985766920071455e+02
9.997813717475098372e+01
1.000990868514986829e+02
1.003785720398678336e+02
1.000829282172883694e+02
1.004035194124568307e+02
1.003531625433603409e+02
1.000514157675577707e+02
1.002099268534086463e+02
9.994004477828524102e+01
1.004120520363945275e+02
1.006132261997289135e+02
1.004346586232806686e+02
1.003418247761477460e+02
1.000283470423015473e+02
9.998553087327273659e+01
1.002992540104089727e+02
9.988141660176188452e+01
1.000185275534004603e+02
1.002927683968779888e+02
1.002491278823718091e+02
1.003417427497022345e+02
1.005448342364059187e+02
1.003022905070681219e+02
1.003270271243764142e+02
1.003466246382951113e+02
1.001092859423521446e+02
1.005459596063857504e+02
1.000625072381820218e+02
1.003839388761211353e+02
1.007206410737615414e+02
9.996873860205199946e+01
1.002708012668172017e+02
1.001821155680337938e+02
1.001398957730610988e+02
1.005636575851939511e+02
1.007039915661920872e+02
1.004317132766328342e+02
1.005849956890327803e+02
1.002625859611286927e+02
1.004878684627924343e+02
1.008919584523180646e+02
1.005133691695162526e+02
1.002232775690592348e+02
1.003450821294577651e+02
1.001535104686890350e+02
9.997267491366422121e+01
1.001819441358805420e+02
1.008673510402715152e+02
1.006338015847077827e+02
1.001592785461310768e+02
1.000086014107252907e+02
1.009002715677238058e+02
1.003363919018949986e+02
1.004042626536044622e+02
1.002702592662696475e+02
1.002465117315165486e+02
1.000343935086255698e+02
1.002723743320009788e+02
9.991890982160172996e+01
1.003445747824310956e+02
1.003054667407556053e+02
9.990732386946041288e+01
1.000553440234528324e+02
1.003774856739955794e+02
1.003501807279507858e+02
9.982294851741885111e+01
1.004443133009187932e+02
1.003571773256481947e+02
9.982374226923447225e+01
9.974570127232220784e+01
1.001992549349303232e+02
1.003710976842252620e+02
1.002077903343025014e+02
1.003500837190940018e+02
9.973792331982627957e+01
1.003173791849146284e+02
1.002421246836173481e+02
9.976395092818023613e+01
1.000915152901706193e+02
1.003594928780706113e+02
1.001791816600189691e+02
1.003786722667910709e+02
1.005952379041831364e+02
1.001869737304152039e+02
1.000663966810126198e+02
1.002515770949257927e+02
1.007382862552773730e+02
9.995271876748454076e+01
1.003741552067646694e+02
9.978417480493385483e+01
1.000866071723123270e+02
1.004195504125692651e+02
9.993605205822031223e+01
1.001407557339384056e+02
1.004242667635351154e+02
1.003430743274706316e+02
1.006194927406657911e+02
1.005575903946137117e+02
1.004825501810573769e+02
1.001807659170855658e+02
1.004133214060205574e+02
1.003613388022592545e+02
1.002320745293427535e+02
1.002248791057219819e+02
1.003898780443335426e+02
9.996539756532769161e+01
1.003108405462765091e+02
1.001311969952994474e+02
1.006011227989704366e+02
1.003440826286000060e+02
1.001729216834376501e+02
1.000802243471229076e+02
1.002177075617002373e+02
1.005745413914578563e+02
1.004741255792370254e+02
1.004629708996511823e+02
9.967528632366752106e+01
1.001097747125295001e+02
1.002949690427413998e+02
1.005178258020915649e+02
1.001884665208053917e+02
1.001855221067344388e+02
1.000283823029587751e+02
9.989988888102811870e+01
1.004491031624131807e+02
1.006845401246413303e+02
1.003799047032899381e+02
1.006685222548543521e+02
1.001234388602033363e+02
1.006913686656980218e+02
1.005461382585394148e+02
1.003720338577735447e+02
1.005856459146860971e+02
1.001431360456433737e+02
1.004699304750792521e+02
1.002684695526284600e+02
1.003729816093183302e+02
1.000105616439133058e+02
1.001548973986621149e+02
1.004519658752137872e+02
1.003806590262748841e+02
1.003212543908806964e+02
1.005641849052058205e+02
1.004092867706387437e+02
1.008183206887499779e+02
1.003701713977568915e+02
9.995416957088504262e+01
9.997543885245740114e+01
1.001344768172622395e+02
1.005675584569535914e+02
1.003533170834376591e+02
1.002041146292432359e+02
1.002099671543133610e+02
1.003500759439004497e+02
1.000525886679247236e+02
1.002151015946670896e+02
1.007493543200602630e+02
1.007220761662236583e+02
1.003845729714284261e+02
1.000848949662810554e+02
1.002159587637203799e+02
1.004804008072239867e+02
9.998008241742782332e+01
1.003586259105778566e+02
1.001760817844535723e+02
1.002171924009332287e+02
1.004094751539042250e+02
1.004207750909043710e+02
1.004194240153840809e+02
1.000728739169927763e+02
1.004017583849686162e+02
9.980081942378110682e+01
1.006142093508611879e+02
1.002146845411761689e+02
1.007066746115709748e+02
1.007205321839682171e+02
1.000876032984741784e+02
1.007343901763629788e+02
1.005830551036841030e+02
1.006771182577143691e+02
1.004116215899263267e+02
1.004355384570658458e+02
1.003239090838424659e+02
1.002282181728302390e+02
1.002334675088709446e+02
1.005266290857859417e+02
1.000626338965638382e+02
1.000836879408153663e+02
1.004179224417774208e+02
1.001915528800834210e+02
1.005037183574747246e+02
1.003766277401207532e+02
1.005580794141326351e+02
1.007730754100493300e+02
1.006036462676670311e+02
1.000123314475281546e+02
1.001864095935213754e+02
1.007059753064440457e+02
1.007616359150840708e+02
1.001454209345451005e+02
1.002689664072624538e+02
1.006363645916559193e+02
1.005118389361787905e+02
1.002607361073270340e+02
1.004135820571275559e+02
1.001971661476327284e+02
1.000326102972957756e+02
1.004377068412989047e+02
1.003185729919600391e+02
1.004341008424093360e+02
1.000088626255814717e+02
1.002126405061694641e+02
1.001951492098093013e+02
1.004554549953763711e+02
1.004702881609459837e+02
1.001636500421483333e+02
1.004443915138965622e+02
1.002472064798691918e+02
1.003358514321718076e+02
1.006455539920338964e+02
9.997452572435842910e+01
1.003634884143015000e+02
1.000411542600604804e+02
1.000419039993967232e+02
1.012361220199016572e+02
1.004283645172927777e+02
1.005108713028570406e+02
1.005814265059453447e+02
1.005315300670860239e+02
1.002692399448840774e+02
9.999238729291151628e+01
1.004594880946155655e+02
1.005844240779802732e+02
1.004910334533821157e+02
1.002441431318140985e+02
1.003700407628600288e+02
1.003246866329766505e+02
1.006226307768776991e+02
1.006852788469359439e+02
1.000829960131610363e+02
1.004349547005336802e+02
1.005641867660013560e+02
1.006016529160181108e+02
1.005960025287975697e+02
1.004889635088631650e+02
1.007391799168329811e+02
1.003650880609773708e+02
1.006033608497691461e+02
9.989740507692157223e+01
1.002137888405932955e+02
1.002689099346377333e+02
1.003646540758708170e+02
1.002532493308719381e+02
9.996677258722195347e+01
1.007476518920439759e+02
1.005527938032244037e+02
1.000951083110860935e+02
1.003720317268939226e+02
1.005142755324939117e+02
1.002980529467497064e+02
1.003145564420600948e+02
1.003958058313383646e+02
1.003334531034256969e+02
1.008086210952424153e+02
1.004656663411538062e+02
1.001204279054670252e+02
1.007404595308211697e+02
1.004379061958781563e+02
1.004413031303507182e+02
1.000642951781506298e+02
1.006139040252861179e+02
1.004690924946229416e+02
9.994666693709363869e+01
1.001269649317082013e+02
1.003290457412997085e+02
1.003398878113268324e+02
1.003276560304991563e+02
1.010929162289167351e+02
1.005849851566759412e+02
1.004076953953231879e+02
1.006415905543701257e+02
1.005339966514108454e+02
1.006711019890550460e+02
1.001536374125547582e+02
1.004598130595837659e+02
1.004313499354744721e+02
1.009306052806881979e+02
1.006254546426000474e+02
1.001692989974021799e+02
1.003156959523333285e+02
1.003529134886787091e+02
1.004381048384075399e+02
1.006743409881765814e+02
1.003298697494095819e+02
1.002846277252049987e+02
9.993072017036861610e+01
1.002777352462148173e+02
1.002904227902825056e+02
1.003223757742039339e+02
1.005693424204965680e+02
1.001021224721421135e+02
1.001022870425909588e+02
1.002518600379659688e+02
9.989220101112270811e+01
1.003321831613558288e+02
1.005440505098149941e+02
1.001624511858555735e+02
1.008461288166643186e+02
1.003769295082349799e+02
1.008487903406089572e+02
1.001766974299864188e+02
1.007509285818132838e+02
1.004721825534868032e+02
1.003748168447438758e+02
1.005244890082786355e+02
1.008716073352360354e+02
1.003419591658680474e+02
1.004752281620882712e+02
1.005089481484009184e+02
1.005645484720960781e+02
1.007796961518271814e+02
