2.865397238552536123e+02
2.865370624247173623e+02
2.864834852468729309e+02
2.864823791451578359e+02
2.864848572329244121e+02
2.866260626109640839e+02
2.865913518905289834e+02
2.865290198321023922e+02
2.865438761188544845e+02
2.863889547324867522e+02
2.863799445195724616e+02
2.864124424848882882e+02
2.863163081842112661e+02
2.863156091521386202e+02
2.864494016968704955e+02
2.864348028397737949e+02
2.864497114470352130e+02
2.865717508315157716e+02
2.865501595147058538e+02
2.863792795003513447e+02
2.863461561515808853e+02
2.864061978998084328e+02
2.864851196837016118e+02
2.865745144989097639e+02
2.864707528385999353e+02
2.863716390019755522e+02
2.865794287058932355e+02
2.864696648183293064e+02
2.864952532942344874e+02
2.864596350475531494e+02
2.865650057167806608e+02
2.864828119608253587e+02
2.864568044034541003e+02
2.864818815029470898e+02
2.866429432857215147e+02
2.864455308395571933e+02
2.863872305005933754e+02
2.865436261106216875e+02
2.863867370151169212e+02
2.862904157162006982e+02
2.863399707945421255e+02
2.864647259552732521e+02
2.865393408553038057e+02
2.863511908776500263e+02
2.864896474334233858e+02
2.865253743740626646e+02
2.865761720914252351e+02
2.866840083379926796e+02
2.865351058994252185e+02
2.864193940798821814e+02
2.863154785220822305e+02
2.864667245811213547e+02
2.865323040652197051e+02
2.865922235619351000e+02
2.865286084893364773e+02
2.866423124391897090e+02
2.865738958780607959e+02
2.865678505993808471e+02
2.867051054226103588e+02
2.866657085986635138e+02
2.864749781670796551e+02
2.865137236759611028e+02
2.865379742427265342e+02
2.864899986854433678e+02
2.864574809385296135e+02
2.865089496633448221e+02
2.864382707307119063e+02
2.864041259675543074e+02
2.865760425201107751e+02
2.865392247122708795e+02
2.864353389990967003e+02
2.864195593585334905e+02
2.864222289164201243e+02
2.864173090865537574e+02
2.865788160459342748e+02
2.865140082794903265e+02
2.864354052929680279e+02
2.864306317203768231e+02
2.864458496378247787e+02
2.863975915001959152e+02
2.864275936629279045e+02
2.864406126247124575e+02
2.864926522391464800e+02
2.867415161382438669e+02
2.866197223253486186e+02
2.864780246357898363e+02
2.865640420439005425e+02
2.864882795651701031e+02
2.865285852493008178e+02
2.865215114300087293e+02
2.865720471936897980e+02
2.865198172590322088e+02
2.864962194157855606e+02
2.864313922872511853e+02
2.866187319721776703e+02
2.865306190387919401e+02
2.866354116527053861e+02
2.866737475174607539e+02
2.864208114502150124e+02
2.863494039476274224e+02
2.864138266529710677e+02
2.865382897179950419e+02
2.863815804015368940e+02
2.864185707636660823e+02
2.864349094985655597e+02
2.865032519156281978e+02
2.864858105704336708e+02
2.866387133352636170e+02
2.864238349138927333e+02
2.864805682825331701e+02
2.862728661718869603e+02
2.863516532354842070e+02
2.864222017228216828e+02
2.865773836392665999e+02
2.865987660292645955e+02
2.864907626746351070e+02
2.863138783474732350e+02
2.862741387666648620e+02
2.864416167552705019e+02
2.863952489933186598e+02
2.863672894078103468e+02
2.864450462016347387e+02
2.864795701427947847e+02
2.864631154720269137e+02
2.863639498243690014e+02
2.865310797195305099e+02
2.865270104924467205e+02
2.863195452192006201e+02
2.863808131217890605e+02
2.865224129892260976e+02
2.864676409830690318e+02
2.864783622414873889e+02
2.864493900285279437e+02
2.864907646312043994e+02
2.864771511072266890e+02
2.864280575272397300e+02
2.864151125363117103e+02
2.863787675390321965e+02
2.863385067717003949e+02
2.863669598626248671e+02
2.863635223323917671e+02
2.864488739888209352e+02
2.864972592205804176e+02
2.865619466561737454e+02
2.865171578221862205e+02
2.864911976402822233e+02
2.864674677449542060e+02
2.865424645577077740e+02
2.864382985337539935e+02
2.864372367413856182e+02
2.864483877187321355e+02
2.863583777371865722e+02
2.863220110330398143e+02
2.863904524092567954e+02
2.863554332131288334e+02
2.862883457067316044e+02
2.863525677268356731e+02
2.863899635984196266e+02
2.864644776326746296e+02
2.863913660654399678e+02
2.863764046662322471e+02
2.862630768482947587e+02
2.864234692026229254e+02
2.864456781554980580e+02
2.864882144801331947e+02
2.866365646623517591e+02
2.865433431326346749e+02
2.866925871560168275e+02
2.866419161355928509e+02
2.866537867032529334e+02
2.867654659953971077e+02
2.867248331693729710e+02
2.865496657184697256e+02
2.865083780864242158e+02
2.865806896316325378e+02
2.867783131352350097e+02
2.867628072140362292e+02
2.866320352619287064e+02
2.865095117657709238e+02
2.863683268885549751e+02
2.864547687139449863e+02
2.865798561287089683e+02
2.865161875788803627e+02
2.866174848921993430e+02
2.865369882554793435e+02
2.865070215416306496e+02
2.864455111939249150e+02
2.865333433743695082e+02
2.866801935946097615e+02
2.865552366088479062e+02
2.864639019779088471e+02
2.864029086135917055e+02
2.864891921392659810e+02
2.865321597618198552e+02
2.866067534164519657e+02
2.865576595459774012e+02
2.866279805901359055e+02
2.867206162161603515e+02
2.867154669725504164e+02
2.865588276412602227e+02
2.866999652046495157e+02
2.865307434888588318e+02
2.864762069422297941e+02
2.864645033465420170e+02
2.864261222619704768e+02
2.865240373308500352e+02
2.864915634716063551e+02
2.864571077318758512e+02
2.864881932940314186e+02
2.863471294628155306e+02
2.863971382183728451e+02
2.864611080129359379e+02
2.864737910428665941e+02
2.866279297739889671e+02
2.865958987983278803e+02
2.862862864954207112e+02
2.862113669701926710e+02
2.862416835666870725e+02
2.862988201350490840e+02
2.863952205985802379e+02
2.862291097914204556e+02
2.862087915191996217e+02
2.863444098612004041e+02
2.865178469238703656e+02
2.864545586280722773e+02
2.865199085959409899e+02
2.866066239803803342e+02
2.863147649670850683e+02
2.862283239822631344e+02
2.863076750916986839e+02
2.864651580181077861e+02
2.864548936848192398e+02
2.864599910533281673e+02
2.865267569109183796e+02
2.864186198475175047e+02
2.864328869231403587e+02
2.864874245491444640e+02
2.864236520312115886e+02
2.866373318714011020e+02
2.866580917571240548e+02
2.865351433365661933e+02
2.865977404247467462e+02
2.866081785263722281e+02
2.866481966323884194e+02
2.864532049780530087e+02
2.865209767380334256e+02
2.864847385202756982e+02
2.865117788806911108e+02
2.865961598747732637e+02
2.868132700096771828e+02
2.868320292363567319e+02
2.865849815294265568e+02
2.865219102612282427e+02
2.864239951976438192e+02
2.866046703066313626e+02
2.865453858652934400e+02
2.865296833552619660e+02
2.865666159936147892e+02
2.865943054367931495e+02
2.865617796804331761e+02
2.866208236128728117e+02
2.865150585432752450e+02
2.863809889864211868e+02
2.863955213285328796e+02
2.865332944322273647e+02
2.865691012773951911e+02
2.864618635703117207e+02
2.865633585638979639e+02
2.865749202357877152e+02
2.865780153429448660e+02
2.866411429785712812e+02
2.865844709087337492e+02
2.865424130867098711e+02
2.865151126615571684e+02
2.865587750569690684e+02
2.864556224587261113e+02
2.864232863251885988e+02
2.863991507982788107e+02
2.863799441595003259e+02
2.865311336673880191e+02
2.864377493308161888e+02
2.864455548793452522e+02
2.864661165397172908e+02
2.865229134983618451e+02
2.864224980887872221e+02
2.865618591268842579e+02
2.865837577560116074e+02
2.865114396058291391e+02
2.864095157991498013e+02
2.864104839223963950e+02
2.863013892148177320e+02
2.865066310657278450e+02
2.866204689406420698e+02
2.865056432495059653e+02
2.863746129522255615e+02
2.863166666537869105e+02
2.866118404607277057e+02
2.865901959751290065e+02
2.865225400679213976e+02
2.865129231931612139e+02
2.865015521844751447e+02
2.865802066689071239e+02
2.866107601480750304e+02
2.866798085664302675e+02
2.864331879536226779e+02
2.864154657813460858e+02
2.863034472325556408e+02
2.863037322416695929e+02
2.864106159548985602e+02
2.864145834536188318e+02
2.864055503778141656e+02
2.864040438372783228e+02
2.863780446553828938e+02
2.863254595929540187e+02
2.864130179595001664e+02
2.863959461967963875e+02
2.863591507991034746e+02
2.863473132456097687e+02
2.865166543335689653e+02
2.864698052673192592e+02
2.863773086548870310e+02
2.863967975373293484e+02
2.863875552057850769e+02
2.864134771350318829e+02
2.863054882526830056e+02
2.863348012117276085e+02
2.865387527516394357e+02
2.866616954696856965e+02
2.866435105033249897e+02
2.864457697312130335e+02
2.862801366505856322e+02
2.863439213574911832e+02
2.864260637751029321e+02
2.864692896414780989e+02
2.865507282201795647e+02
2.865702415364345370e+02
2.863932556397840017e+02
2.862893791996032746e+02
2.863554665901025942e+02
2.865235920647212424e+02
2.865037845490922450e+02
2.864398303865595494e+02
2.864558414497976742e+02
2.864494301478446801e+02
2.864718778045360636e+02
2.865208358395391883e+02
2.864599424672344981e+02
2.863915924206315253e+02
2.863466930574583102e+02
2.864155361650466034e+02
2.865357232482971881e+02
2.866610947035844106e+02
2.864987626417649267e+02
2.864775718197996639e+02
2.863174286516263010e+02
2.862291229588553847e+02
2.863439889154996649e+02
2.863601203396177652e+02
2.864036618171180635e+02
2.863115439311732757e+02
2.863021495623333976e+02
2.864302345616076764e+02
2.863791050227342225e+02
2.864979542350779411e+02
2.864785559602127591e+02
2.863987398766202546e+02
2.863829337787013287e+02
2.865400452903794530e+02
2.864298646067518348e+02
2.864759658952664836e+02
2.863936375195843311e+02
2.863610165598362869e+02
2.864150175616794058e+02
2.862883864117854387e+02
2.861458635591108646e+02
2.862647396486519824e+02
2.863822090460134859e+02
2.863792385169359704e+02
2.862844390961946033e+02
2.863392422724012931e+02
2.864636937015570766e+02
2.863642481738473862e+02
2.863511102303019698e+02
2.864567857430129720e+02
2.864623323493069051e+02
2.864293420331634366e+02
2.864138371690308986e+02
2.864805648529880955e+02
2.866158779012240529e+02
2.864125992559220890e+02
2.865146100971383021e+02
2.864886330656754012e+02
2.865128794234047405e+02
2.865415539837191545e+02
2.864562644623052847e+02
2.865485295032896147e+02
2.864197457930693531e+02
2.864473829058560455e+02
2.865490095468799723e+02
2.864555015436324652e+02
2.865226287568644921e+02
2.865739908521005077e+02
2.865339138503099434e+02
2.865834620487747770e+02
2.863007348514555019e+02
2.862325260820834956e+02
2.861934118979881987e+02
2.862772574577414844e+02
2.862929110722855626e+02
2.863351863265031056e+02
2.865153271597811226e+02
2.866285084500252651e+02
2.863825743471181227e+02
2.863200066537661996e+02
2.864692446647243287e+02
2.864757886880216233e+02
2.864540609620787563e+02
2.863910843603036938e+02
2.863575105691828639e+02
2.864491961269902163e+02
2.865554702686414430e+02
2.863934646985905488e+02
2.862731669140016493e+02
2.862324738403942206e+02
2.862650628870532046e+02
2.862577112740128200e+02
2.862814580108321252e+02
2.862877787031328012e+02
2.864181416888175704e+02
2.865360162673525224e+02
2.863814129140981777e+02
2.864233615686697476e+02
2.865529157172559849e+02
2.865691924713342473e+02
2.863642619619766378e+02
2.861834072728461820e+02
2.862753060827097897e+02
2.863538368454852048e+02
2.864588831679009786e+02
2.864686818675219797e+02
2.863199175123907594e+02
2.864552633103403991e+02
2.865199791367119246e+02
2.863251212173391309e+02
2.863306645841641398e+02
2.864499078118935245e+02
2.863969732099588441e+02
2.863335554133991536e+02
2.863575070462993040e+02
2.865183817929124075e+02
2.864638454091216317e+02
2.864057806532821928e+02
2.864927881147056610e+02
2.866700882803195327e+02
2.865577086688454642e+02
2.863731481946352346e+02
2.864080201876304272e+02
2.862822086800219950e+02
2.862990512108311805e+02
2.863290101798318688e+02
2.863738576277744983e+02
2.862988726337344474e+02
2.862492050571483446e+02
2.863351129967797419e+02
2.864120158219370182e+02
2.864468278699752659e+02
2.863817838802845017e+02
2.863408940877100122e+02
2.864286727575420741e+02
2.864865896092571802e+02
2.865223195055309020e+02
2.864064949817217212e+02
2.862379004615889357e+02
2.864117362181843305e+02
2.864802359405455832e+02
2.865892215082328107e+02
2.865306455318012127e+02
2.864613045750371043e+02
2.864179607310018696e+02
2.863529514344639892e+02
2.864796671080381998e+02
2.865171638564274872e+02
2.864727636458499092e+02
2.866170190818011747e+02
2.866364815035333322e+02
2.864813535564681501e+02
2.865386961182300070e+02
2.863601824812530481e+02
2.863998638276314637e+02
2.862703275002061787e+02
2.864438863973830394e+02
2.863241594711738003e+02
2.864160477219746213e+02
2.864175326266059187e+02
2.863350323929753358e+02
2.862346135619263805e+02
2.863930385399170859e+02
2.863506550133592441e+02
2.863553961627718536e+02
2.864030689630802158e+02
2.863564729974456782e+02
