2.872586435207594491e+02
2.868862255625820694e+02
2.868666662485189249e+02
2.869822570957902030e+02
2.870562613405544994e+02
2.867911716719208357e+02
2.867634476464504587e+02
2.870119782318369062e+02
2.869812825522600974e+02
2.870650052632486222e+02
2.871405387559114502e+02
2.869143101415899082e+02
2.868968603417733902e+02
2.869290736931943115e+02
2.865735382633664017e+02
2.866623304389019609e+02
2.869880132464456892e+02
2.869297916415448526e+02
2.867014336557265892e+02
2.867698711037602948e+02
2.869126373259139768e+02
2.870914704081091600e+02
2.869397016394399884e+02
2.869249010867953302e+02
2.870999420888193185e+02
2.870834763293379410e+02
2.870002106647515916e+02
2.867883114081218423e+02
2.867974309115386404e+02
2.868935576109270755e+02
2.870029252176229306e+02
2.867649850745928575e+02
2.867323159474406111e+02
2.870162953121867417e+02
2.867397092331860335e+02
2.866323917456445542e+02
2.867094100639546355e+02
2.868650300949677785e+02
2.870291507718097250e+02
2.868208318870439939e+02
2.867287805333200481e+02
2.868210103415633512e+02
2.870448540134676136e+02
2.869827040371376370e+02
2.869636583907536078e+02
2.869310126241668399e+02
2.869053009531275507e+02
2.868393018649562123e+02
2.869920848577672245e+02
2.871011097137730985e+02
2.868806861132947006e+02
2.867903463809989830e+02
2.869658069314291993e+02
2.867897482637361577e+02
2.866437460700462339e+02
2.867756673654003521e+02
2.870066715594760467e+02
2.869135074786486825e+02
2.867526827532032030e+02
2.868402016051902024e+02
2.870208163838325959e+02
2.870990609169310233e+02
2.868110828691313259e+02
2.867638763890277573e+02
2.868438684958909448e+02
2.869465387777162277e+02
2.868855518947312362e+02
2.869334647053859157e+02
2.869641105625109958e+02
2.869727903628531749e+02
2.869528414616027590e+02
2.868131419753263458e+02
2.869016788259344253e+02
2.869319106610616359e+02
2.869958128581966434e+02
2.872863739908837601e+02
2.872228615408932342e+02
2.867186059027542342e+02
2.867136858623082958e+02
2.871464616089857032e+02
2.870965188666237964e+02
2.871291204651843145e+02
2.870730402395362262e+02
2.872983559933633728e+02
2.868523387795497115e+02
2.868230062189427940e+02
2.869445357788557658e+02
2.871068922479997241e+02
2.869717965364332031e+02
2.870226017147907100e+02
2.870168280593255190e+02
2.871833173640591212e+02
2.871640796848829496e+02
2.868875417751870032e+02
2.870437455236490223e+02
2.872871844337838638e+02
2.870736792488910396e+02
2.870307074959372926e+02
2.872016111657816850e+02
2.873185508478272254e+02
2.874498286948343662e+02
2.872989193971927762e+02
2.870032289822389657e+02
2.869922043977005615e+02
2.872293684354748962e+02
2.873769821913553528e+02
2.872476326056710718e+02
2.869605579364078380e+02
2.869497879655762631e+02
2.870368222300357957e+02
2.872952709326164040e+02
2.873472389200076691e+02
2.871246857436228765e+02
2.868557618381589123e+02
2.867496753650322034e+02
2.870245135074957830e+02
2.872292737032735204e+02
2.869056408198095482e+02
2.868238279369551833e+02
2.869842461894767212e+02
2.872479184517791850e+02
2.872432268318638648e+02
2.869121720419066150e+02
2.870421089333274836e+02
2.873314464502274177e+02
2.871315470608801093e+02
2.868919268655340034e+02
2.869885491068469605e+02
2.872887984925554861e+02
2.874400514855877873e+02
2.872289041693708782e+02
2.870662789600651763e+02
2.870764537706010628e+02
2.873187152778432960e+02
2.873390239681076537e+02
2.871257747315323172e+02
2.872475481377557003e+02
2.874282444451189349e+02
2.873989439957120453e+02
2.871901682026761478e+02
2.873555287572526709e+02
2.875190336786220655e+02
2.873263790225549883e+02
2.871528926139436066e+02
2.872451461094244110e+02
2.875023134910426847e+02
2.876044601724907466e+02
2.873779209950487825e+02
2.873703025986002899e+02
2.875897748310293878e+02
2.876178636952304259e+02
2.875691338450013745e+02
2.876751509473720603e+02
2.877905305492633943e+02
2.876499165930305821e+02
2.874092816910977604e+02
2.874141351164216758e+02
2.876283605496766427e+02
2.878253116409671293e+02
2.878633551267434427e+02
2.875284848030572107e+02
2.875775891284095565e+02
2.878534212782187751e+02
2.879440587179271347e+02
2.876453999101830163e+02
