2.293456424608375528e+02
2.305164913382840552e+02
2.314973083177870024e+02
2.319374427758737909e+02
2.321823022210555791e+02
2.324932174642882217e+02
2.329999920508896309e+02
2.329911593580909823e+02
2.332649703909668517e+02
2.335440984526330794e+02
2.339671224483873857e+02
2.335951868564572180e+02
2.335783594145231916e+02
2.339373540794203734e+02
2.338921576874685115e+02
2.337437198246043124e+02
2.336988029798696687e+02
2.342928487295952493e+02
2.341473335037321988e+02
2.341136874067455267e+02
2.338758973288074969e+02
2.341592164722403879e+02
2.345040193711326708e+02
2.341372498899704624e+02
2.341797615031080397e+02
2.344094429719962989e+02
2.344625901928923497e+02
2.346698683510854551e+02
2.344375004154254611e+02
2.345689670734462595e+02
2.344764303292504053e+02
2.343609809800113055e+02
2.347471703683434896e+02
2.347291066347260369e+02
2.347989700910300144e+02
2.349048323966018472e+02
2.350651981533371497e+02
2.347880490959480824e+02
2.349817262948258474e+02
2.348424877893316705e+02
2.350413383294153107e+02
2.350474871901343477e+02
2.348593577883097794e+02
2.351501844684546256e+02
2.351198579930953940e+02
2.349926975522110126e+02
2.349800970568907417e+02
2.350253763745413096e+02
2.350850170519588858e+02
2.352230318955842847e+02
2.351974038732285806e+02
2.350321830817846376e+02
2.352091572490559486e+02
2.351109355892494648e+02
2.353425865804394732e+02
2.350843227475928359e+02
2.352758207199979950e+02
2.352848088844968686e+02
2.353864883329806332e+02
2.351608781662928322e+02
2.353646594701272079e+02
2.351950308859980794e+02
2.350626856269331313e+02
2.352740180826005201e+02
2.355421812907774495e+02
2.354206420792051233e+02
2.352820969053422857e+02
2.355895194288430048e+02
2.353358535264118530e+02
2.353969093990243380e+02
2.355293745909509653e+02
2.355502426834309517e+02
2.355727130933671276e+02
2.354845553979138231e+02
2.356969635150553302e+02
2.355217785604484959e+02
2.355604648308323874e+02
2.356302867233036693e+02
2.355130347933865949e+02
2.357146461506116850e+02
2.358585220433704137e+02
2.359270978674553874e+02
2.355711723834136535e+02
2.353866798146558494e+02
2.357126766407585876e+02
2.354500246983221814e+02
2.356891516040215322e+02
2.360187503616258198e+02
2.354631465563460608e+02
2.355729654394357624e+02
2.358239130626025428e+02
2.356342356093852288e+02
2.356508977491143071e+02
2.358101867627518402e+02
2.359754527908377497e+02
2.357922709174177669e+02
2.355950772857975437e+02
2.356860375978395439e+02
2.357091293441973221e+02
2.358211545311264672e+02
2.359685984506487273e+02
2.358392830526476018e+02
2.355684318657363292e+02
2.357527689226661778e+02
2.357371841057973825e+02
2.357443258291426957e+02
2.358194614429851299e+02
2.360051983851856505e+02
2.357568781155789281e+02
2.359130361766122803e+02
2.359974721447929653e+02
2.358316041397824847e+02
2.354231276976923652e+02
2.361150738690522815e+02
2.361846955216638833e+02
2.362541081077937122e+02
2.358822264579722230e+02
2.360589147054513717e+02
2.361710333865875100e+02
2.358412133983358956e+02
2.360623071585403068e+02
2.357829434287403672e+02
2.359686009124306736e+02
2.361383929013311729e+02
2.358505164470551279e+02
2.360571954656338676e+02
2.359834764636437683e+02
2.363223160101990743e+02
2.360086696749440023e+02
2.361943439965717459e+02
2.359482289368117733e+02
2.362320129728311429e+02
2.364571932592054964e+02
2.363863740918889107e+02
2.361293578493077803e+02
2.361128482866712375e+02
2.361423739177361938e+02
2.359767474420252711e+02
2.363416433608846319e+02
2.363301502324865453e+02
2.362834919121524706e+02
2.360576868252490215e+02
2.362223480190112070e+02
2.365083696978867067e+02
2.365323395176160375e+02
2.360558628025470398e+02
2.360143875948722609e+02
2.365722178387686370e+02
2.363076326288578741e+02
2.363764489930001957e+02
2.363023989127405002e+02
