3.373044163465965539e+02
3.373044073030542336e+02
3.373043497955181351e+02
3.373042942275641281e+02
3.373042159106818758e+02
3.373040915657122127e+02
3.373039548244781827e+02
3.373038064985079245e+02
3.373036900579803046e+02
3.373036051338925176e+02
3.373035010652901633e+02
3.373034144888795822e+02
3.373033476863900546e+02
3.373033030271365078e+02
3.373032637249783079e+02
3.373032491932622747e+02
3.373032104280097769e+02
3.373031348254233421e+02
3.373031186189813866e+02
3.373030837042999792e+02
3.373030350743071608e+02
3.373030234952683486e+02
3.373029835541365742e+02
3.373029572146546684e+02
3.373029547478892596e+02
3.373029275142558845e+02
3.373029164012463639e+02
3.373028828952560048e+02
3.373028759251590714e+02
3.373028408100318529e+02
3.373027984972646323e+02
3.373027861403617749e+02
3.373027840572453897e+02
3.373027872458597471e+02
3.373027632763391352e+02
3.373027579290277913e+02
3.373027330776030226e+02
3.373027173416245432e+02
3.373026699254651248e+02
3.373026810945906959e+02
3.373026796830086482e+02
3.373026601917820813e+02
3.373026802143219811e+02
3.373026559660045223e+02
3.373026859978509151e+02
3.373027436493251230e+02
3.373027744721347858e+02
3.373028140231730845e+02
3.373028550630269251e+02
3.373028469470067989e+02
3.373028293971485709e+02
3.373028308491399230e+02
3.373028030521874712e+02
3.373027614974125186e+02
3.373027134789847992e+02
3.373027243672574969e+02
3.373026699190962745e+02
3.373026498233500092e+02
3.373026432787790441e+02
3.373026093552552425e+02
3.373026103339880706e+02
3.373026018964457649e+02
3.373026034551443786e+02
3.373026117830149246e+02
3.373026168355322056e+02
3.373026640125091831e+02
3.373026818576455526e+02
3.373027067428699866e+02
3.373027009971821712e+02
3.373026760542218199e+02
3.373026655699073331e+02
3.373026437727213533e+02
3.373026452320133899e+02
3.373025965811183369e+02
3.373025881118663278e+02
3.373025654865210754e+02
3.373025531257639500e+02
3.373025348550364129e+02
3.373025358400897744e+02
3.373025133446211044e+02
3.373024929838726962e+02
3.373025228504322399e+02
3.373025715004277458e+02
3.373026019633726946e+02
3.373026233129020852e+02
3.373026487104881994e+02
3.373026549195183748e+02
3.373026321428423557e+02
3.373026359459794321e+02
3.373026064360478813e+02
3.373025976266888506e+02
3.373025999661999208e+02
3.373025774928425449e+02
3.373025950923674827e+02
3.373025901837966671e+02
3.373025932842330690e+02
3.373025838911113965e+02
3.373025796593186101e+02
3.373025939714112837e+02
3.373025781258767779e+02
3.373025920332883629e+02
3.373025879810666652e+02
3.373025566545103402e+02
3.373025486917262015e+02
3.373025644577710978e+02
3.373025912099233778e+02
3.373026020054458627e+02
3.373025822667199805e+02
3.373025829607941546e+02
3.373025590292947413e+02
3.373025146498380877e+02
3.373025311025952533e+02
3.373025279667593281e+02
3.373025257193539801e+02
3.373025140696903463e+02
3.373024915386983480e+02
3.373024968453977976e+02
3.373024555770555821e+02
3.373024720048186396e+02
3.373024550353378004e+02
3.373024535060372386e+02
3.373024651011164110e+02
3.373025136396005905e+02
3.373025214555782441e+02
3.373025454310925966e+02
3.373025774796189467e+02
3.373025778681531506e+02
3.373025815288489753e+02
3.373025704201937174e+02
3.373025332381217822e+02
3.373025086664595733e+02
3.373024771911146331e+02
3.373024567780431653e+02
3.373024516003974895e+02
3.373024319277059249e+02
3.373024421375050110e+02
3.373023995393240284e+02
3.373024077871335180e+02
3.373024195673578447e+02
3.373024480426475975e+02
3.373024688077607038e+02
3.373024911282194012e+02
3.373024749456976679e+02
3.373024961509775039e+02
3.373025222451309446e+02
3.373025057440212890e+02
3.373025048091353142e+02
3.373024567143831973e+02
3.373024471906743997e+02
3.373024091198960264e+02
3.373024151566738169e+02
