1.024005791841003088e+02
1.021779368111948543e+02
1.018420085059008642e+02
1.017438817726254143e+02
1.017440538783241522e+02
1.015562240059063015e+02
1.015060481574811178e+02
1.011357553729514365e+02
1.008824441741995059e+02
1.011640008276939824e+02
1.010614944672670816e+02
1.009886807822253445e+02
1.009389566618697103e+02
1.010510445383040263e+02
1.011052570465005118e+02
1.014937368658027737e+02
1.013876422147160241e+02
1.007657528791716430e+02
1.011378242187517458e+02
1.011914593236125057e+02
1.009140191147462104e+02
1.011573438154258469e+02
1.009533570543209322e+02
1.010254971054588538e+02
1.013677714241025569e+02
1.010236877264677418e+02
1.009570651166737321e+02
1.007901818075505815e+02
1.010688564836106735e+02
1.009271113335264118e+02
1.006528461948708610e+02
1.007876944338258198e+02
1.007816762419214314e+02
1.008714772832491349e+02
1.005506738682340000e+02
1.005659729231860666e+02
1.004292289954606616e+02
1.005958489570337662e+02
1.003131994292666036e+02
1.006661121176444880e+02
1.006186784084351871e+02
1.005262888082282444e+02
1.009131737218261406e+02
1.003827588276765255e+02
1.005552229015218444e+02
1.008909271653915880e+02
1.006055204373413545e+02
1.006354512417688198e+02
1.009366594474127510e+02
1.004689095463508579e+02
1.003322642759793695e+02
1.007498283280279452e+02
1.007002210359216434e+02
1.005285547965846860e+02
1.001321364844840929e+02
1.008823923496331787e+02
1.002856819929683070e+02
1.002865569891892079e+02
1.005608774928075491e+02
1.003572275911611342e+02
1.006394201346079882e+02
1.005629003871131459e+02
1.005262055026006465e+02
1.003930955805646903e+02
1.001069265071432710e+02
1.003720677801112942e+02
1.002130037843364221e+02
1.003925862296482165e+02
1.003169173063995032e+02
1.002575527955772401e+02
1.005245130534936351e+02
1.003843846283155727e+02
1.005700780612015564e+02
1.000853737680350690e+02
1.002668320306243999e+02
1.002264715063278118e+02
1.003187777594292811e+02
1.003631117091218954e+02
1.005342694875071174e+02
1.002655573776409028e+02
9.996046327522891772e+01
1.001646144472171045e+02
1.005634601433532538e+02
1.004930106736254061e+02
1.001987838255453767e+02
1.002796276893620870e+02
1.003942612401452692e+02
1.002351065164303350e+02
1.006699997892546889e+02
1.004445855990633589e+02
1.003898696373550905e+02
1.006134539609001166e+02
1.003017086985143322e+02
1.003576214555901629e+02
1.000812257870983757e+02
1.002731143912715908e+02
1.005120536071362949e+02
1.003874412616221008e+02
1.004021196238729203e+02
9.992435289637107587e+01
1.002322149781248299e+02
1.004641146301963630e+02
1.002168190426662449e+02
1.001438952802245268e+02
1.002108229033433275e+02
1.001572886448194737e+02
1.003138216299698229e+02
1.001889566425075913e+02
1.006002323178555002e+02
1.004359994964059268e+02
9.984861498846915140e+01
1.002303121166590216e+02
1.003298057373520464e+02
1.001564401631006973e+02
9.999215185537411799e+01
9.998783337675494920e+01
1.003282652140118074e+02
9.981570066361024374e+01
1.003068229252893246e+02
1.002455404856303289e+02
1.001707770085665743e+02
1.001065638987334410e+02
1.004470138153039471e+02
9.998607692476808495e+01
1.000148073247963652e+02
1.002463437350778719e+02
1.001161716253865848e+02
1.000667804742719085e+02
1.002548629775520368e+02
1.000317764091112167e+02
1.000058550696390967e+02
9.980047036781236613e+01
9.982186357415595523e+01
9.999846155887065891e+01
9.998986007261665065e+01
1.004488682996552456e+02
9.991653651795968472e+01
1.000743498681688806e+02
9.988328434200127504e+01
1.000797979355797338e+02
1.000673584850857765e+02
1.002106759869641337e+02
9.964159524050552363e+01
9.968475559996922186e+01
9.974691707118911665e+01
9.971016699653948478e+01
1.000743492206668748e+02
9.968605824710192564e+01
9.995872318359363362e+01
9.974253231471369929e+01
1.000128583221674745e+02
