2.889521993656778136e+02
2.896070856941472584e+02
2.900062387528949444e+02
2.903486394625010689e+02
2.906176236537656337e+02
2.907470335789552678e+02
2.909673404979012616e+02
2.910583780926135091e+02
2.912061999176524409e+02
2.913131268181508062e+02
2.914336161248619987e+02
2.914150080214795935e+02
2.915248821539376536e+02
2.915909037777127537e+02
2.915506506818010166e+02
2.915181311124453600e+02
2.914790266615775067e+02
2.915930440278222591e+02
2.916174418458542164e+02
2.916452379536841022e+02
2.916923687519823716e+02
2.918564156611232079e+02
2.918378180992702937e+02
2.918674219129673020e+02
2.918431231595188251e+02
2.919466115702317097e+02
2.919824447176824833e+02
2.919783558281849878e+02
2.919294244839081216e+02
2.920281025006161713e+02
2.920483524728492739e+02
2.920739538080702005e+02
2.921451391914701503e+02
2.921383195690668231e+02
2.922261702122357292e+02
2.923014505540443793e+02
2.923354407760600111e+02
2.922788654990671944e+02
2.923571539797922014e+02
2.924312287537502471e+02
2.923687033504164106e+02
2.923262459274594107e+02
2.923767640220273734e+02
2.923749985564904250e+02
2.923048183490745942e+02
2.923346240261674325e+02
2.922800709837329123e+02
2.922593674955098209e+02
2.923189757366669141e+02
2.922937150623073990e+02
2.923815712744092821e+02
2.923450745953919068e+02
2.923638905087817079e+02
2.923719491533702808e+02
2.924540849232505479e+02
2.923788092093157047e+02
2.923706271530315917e+02
2.924478252339427513e+02
2.924356199639352667e+02
2.924205241107201800e+02
2.925068028740830641e+02
2.924327432205296873e+02
2.924389981528496492e+02
2.925003114466809393e+02
2.925219367426402073e+02
2.925534014591037817e+02
2.925564117556244241e+02
2.925520439980987817e+02
2.926018468225281595e+02
2.926240770645879365e+02
2.926726644238614767e+02
2.927117974511832585e+02
2.926770610884905182e+02
2.927192953626216081e+02
2.926633907849572438e+02
2.926856297628835364e+02
2.927145657760938207e+02
2.927087593301869788e+02
2.927142849304921697e+02
2.928109474478139873e+02
2.927691201660670117e+02
2.927253656562041328e+02
2.926694809178086985e+02
2.925441426733734147e+02
2.927238969022479864e+02
2.927105341563398611e+02
2.927221156718676980e+02
2.927997620761686903e+02
2.926118380031779225e+02
2.927518653283580079e+02
2.927717683241602344e+02
2.927022032276045138e+02
2.928033666094367504e+02
2.927798601830590428e+02
2.928318696141531632e+02
2.927044304122345579e+02
2.927715299763889334e+02
2.927129172920386395e+02
2.927985636690504521e+02
2.927636434772486496e+02
2.928396564656966916e+02
2.928541699725064404e+02
2.928077796899784175e+02
2.928521657179856561e+02
2.928997570161843669e+02
2.929082609510932684e+02
2.929402667143013446e+02
2.928549227093787408e+02
2.927793521157286136e+02
2.928392092037009320e+02
2.929479647491316996e+02
2.929071324460724668e+02
2.929291042510954526e+02
2.930056219023211952e+02
2.929239887381226595e+02
2.929915995024604172e+02
2.929702802078716672e+02
2.930377291227900400e+02
2.929984109212018666e+02
2.928679455327236951e+02
2.928722384842670863e+02
2.928671128673623230e+02
2.929619872229262114e+02
2.929930375123351496e+02
2.930037670768877547e+02
2.930438433055355176e+02
2.929936657797545081e+02
2.930800949364889902e+02
2.930204282894780476e+02
2.929892809941675864e+02
2.930035803109850576e+02
2.931374928927072574e+02
2.931381254460240484e+02
2.931237044403353593e+02
2.931050500276688808e+02
2.930937597690617622e+02
2.930123335050145670e+02
2.930606347553778619e+02
2.930487138574567894e+02
2.930441402275753262e+02
2.930183504089621351e+02
2.930141363876420542e+02
2.931109031739511579e+02
2.931969419758326012e+02
2.931024092899680795e+02
2.930983164908627714e+02
2.930797665990806422e+02
2.931392917709734434e+02
2.931473850388600795e+02
2.932140776040444621e+02
2.931201496178011325e+02
