2.856052951385302663e+02
2.856225534579671717e+02
2.855685734977406014e+02
2.855981791169618305e+02
2.856045878803990945e+02
2.856166659481165766e+02
2.856869918012442326e+02
2.855835114421183789e+02
2.856515386305155175e+02
2.855959181752040763e+02
2.855224238532871368e+02
2.856234864628033279e+02
2.857489784282648202e+02
2.857262733670797843e+02
2.855608173103704530e+02
2.856400068607256344e+02
2.856012991410034942e+02
2.855993038038686223e+02
2.855867794087026823e+02
2.856496619351540289e+02
2.857640681246358554e+02
2.856863762653658227e+02
2.856589830577552789e+02
2.856896686472984470e+02
2.857905691162870312e+02
2.856271917685431276e+02
2.855389561612716420e+02
2.855692721253838045e+02
2.856046524218477316e+02
2.855025985805482946e+02
2.857150939551892748e+02
2.857284242325010837e+02
2.855283252266989962e+02
2.855337868057244464e+02
2.853260265242855098e+02
2.852950666995464530e+02
2.852983438327152612e+02
2.854169489332508647e+02
2.855918076742685230e+02
2.855155343205117902e+02
2.854597736140908069e+02
2.854713806294078609e+02
2.854793047280100495e+02
2.854379308043493211e+02
2.853907645648434368e+02
2.856472065721909530e+02
2.856561790435783337e+02
2.852799674046158316e+02
2.853447839691721697e+02
2.854545195710921348e+02
2.855312587983826802e+02
2.854706886465292541e+02
2.856046002804012005e+02
2.853979307084378547e+02
2.854522160901574921e+02
2.854759453821723696e+02
2.854681417534330308e+02
2.854440070681326347e+02
2.853765542029800599e+02
2.855552375855733089e+02
2.855603015837585303e+02
2.855069657888396364e+02
2.855131822224810207e+02
2.856288269414962997e+02
2.854943299117666697e+02
2.854986372281402396e+02
2.855045399739248637e+02
2.854922397558835314e+02
2.854498274344123274e+02
2.854745247593529029e+02
2.854497248977650656e+02
2.856325528806262355e+02
2.858633411178453230e+02
2.856160557970890181e+02
2.855462969435444052e+02
2.856976591801430345e+02
2.856644775620341647e+02
2.856446385482367418e+02
2.856862849928559172e+02
2.856044470289306787e+02
2.857553089013245540e+02
2.856709528368690485e+02
2.856860078955606355e+02
2.856643805643532801e+02
2.856801492885394964e+02
2.857953698790178123e+02
2.858168569915422381e+02
2.857196410025981095e+02
2.858209595856081364e+02
2.858046744872221439e+02
2.858144101057031321e+02
2.857656922031295039e+02
2.857483167858759998e+02
2.858313783686998022e+02
2.858709228791718715e+02
2.857553742608461107e+02
2.857048527532693356e+02
2.857391670085495434e+02
2.857742249130740788e+02
2.856222475633925910e+02
2.856270928814500394e+02
2.855795422581937260e+02
2.855380980292312643e+02
2.857419732414497844e+02
2.857259751183547678e+02
2.857571221942257580e+02
2.857730530492225398e+02
2.856034667758048613e+02
2.856249642762395524e+02
2.856407892330946083e+02
2.856425238880639768e+02
2.859250149064401967e+02
2.858568381478220886e+02
2.857622961713549898e+02
2.858349806473227090e+02
2.857680472363899185e+02
2.856568261675093368e+02
2.856297012621018325e+02
2.856942077846030088e+02
2.857696763430517990e+02
2.857980506821882614e+02
2.858373364585640388e+02
2.859211559570918553e+02
2.857863370610743914e+02
2.858176345397278624e+02
2.858593979122945825e+02
2.858355168269944784e+02
2.858798552814665186e+02
2.858784233625980846e+02
2.859722064580610663e+02
2.860445807117193340e+02
2.861570416618693002e+02
2.861015775990792918e+02
2.860978365217920327e+02
2.859077283010122414e+02
2.861405716795705416e+02
2.859343367354988459e+02
2.859652006041157506e+02
2.859894809093829053e+02
2.860825457597266563e+02
2.861649594761017283e+02
2.860955938395752582e+02
2.859592818654526241e+02
2.857248814170401943e+02
2.860205112603418343e+02
2.859695048139674896e+02
2.858996735164971028e+02
2.860867701308434334e+02
2.860656086255581272e+02
2.860380972189323074e+02
2.860280644725686443e+02
2.861549530617834876e+02
2.862452852066646187e+02
2.862006783989372138e+02
2.861705104091617500e+02
2.863243989068860742e+02
2.861752712464175943e+02
2.863658382324420018e+02
2.863183385953498714e+02
2.864578323065482550e+02
2.864848393145108503e+02
2.864305090518445240e+02
2.865659907431920601e+02
2.866101260755851285e+02
2.864225330611643017e+02
