2.369167069843979050e+02
2.367856664320785285e+02
2.369283106009861513e+02
2.370152278365073073e+02
2.370525681757847849e+02
2.367689798723852164e+02
2.369708995366653710e+02
2.369927771857049947e+02
2.367434120193120464e+02
2.374727581784628967e+02
2.369121617362576444e+02
2.368734420938165215e+02
2.369264524325229502e+02
2.368979743288612383e+02
2.370002343691645876e+02
2.370710666389333312e+02
2.372680852532038500e+02
2.370004687083056467e+02
2.369078034204491416e+02
2.371897669407107117e+02
2.370684682729936128e+02
2.367873650109036987e+02
2.368853470896412148e+02
2.370439518600766178e+02
2.369269850279345064e+02
2.367367578709342126e+02
2.370270346243421216e+02
2.368686248072757792e+02
2.370719479144205195e+02
2.370075548198895774e+02
2.371771996450293329e+02
2.368241992368326692e+02
2.369082310850378690e+02
2.374557587704602213e+02
2.372526343676370573e+02
2.371562240759614326e+02
2.371802708179493493e+02
2.370779633291346045e+02
2.375731199291506925e+02
2.371847017686068284e+02
2.370628295707199698e+02
2.368167975601109845e+02
2.372063449984323427e+02
2.370759478607816106e+02
2.369867709103659763e+02
2.372682963532388385e+02
2.372382209345485364e+02
2.370695470092630046e+02
2.374702285437689682e+02
2.373460538036715661e+02
2.372558213635392121e+02
2.377347922893597740e+02
2.372914364918559613e+02
2.373090695245714414e+02
2.371711877629698790e+02
2.373183576837179487e+02
2.373525366587354881e+02
2.371618346199736607e+02
2.374949384469465201e+02
2.374149423913214605e+02
2.375877920276723216e+02
2.374539136267786432e+02
2.373821818455828634e+02
2.378707227243481555e+02
2.373643899772663701e+02
2.373240707934158706e+02
2.380750178775404038e+02
2.373736974907915283e+02
2.377563327036301644e+02
2.378547527514518833e+02
2.375856073152127692e+02
2.379507749970307202e+02
2.375023749533386592e+02
2.380126539708994358e+02
2.379418614704357822e+02
2.379497375413053248e+02
2.383178167621537398e+02
2.378371407873015642e+02
2.380418366500138063e+02
2.379397796467023625e+02
2.382936605045766498e+02
2.381831496080786792e+02
2.378896941197624813e+02
2.378626423892389710e+02
2.383337039808281759e+02
2.378715655516864445e+02
2.377874317613224093e+02
2.381729495309977835e+02
2.382099071189240647e+02
2.384994908120199000e+02
2.381867326219922063e+02
2.382573857418885552e+02
2.381363376615594518e+02
2.382802562859363036e+02
2.380820177325452107e+02
2.380721996323586893e+02
2.382616628803717447e+02
2.385019934164081121e+02
2.382697192284472294e+02
2.382855357596885995e+02
2.383248136083312545e+02
2.382347999196750834e+02
2.381436051614843166e+02
2.384304124021367954e+02
2.383819961404180958e+02
2.385880080054559755e+02
2.384012091723568574e+02
2.382178200634691905e+02
2.383092358153124621e+02
2.384160655621509193e+02
2.385906475817840544e+02
2.385716904331251271e+02
2.384268026033875003e+02
2.386775071576137464e+02
2.386834052436290676e+02
2.387336227398037636e+02
2.387177670409980692e+02
2.386874453970753791e+02
2.386753355691580509e+02
2.389317142765972051e+02
2.386069977774832296e+02
2.388054546223181376e+02
2.391251453005554879e+02
2.387823803381876360e+02
2.389614804639138583e+02
2.390756619695768279e+02
2.388432069039783130e+02
2.388978960744217090e+02
2.389299488459009808e+02
2.391113353546626286e+02
2.388493725929802167e+02
2.389871309947476732e+02
2.390613177318021201e+02
2.391844000363688565e+02
2.391955631043315122e+02
2.393017992448906455e+02
2.393680546721477356e+02
2.391906281570850012e+02
2.391318957337518896e+02
2.394737928690828141e+02
2.393878405135651235e+02
2.394053272933974768e+02
2.392176771697552056e+02
2.390139782668654789e+02
2.395867850648166950e+02
2.395593722187401511e+02
2.394959571447448354e+02
2.394626550910318201e+02
2.394625802262535501e+02
2.397821155744041164e+02
