1.032148447922248096e+02
1.033441531623470837e+02
1.033914791439272705e+02
1.031805223738718524e+02
1.030642706752459077e+02
1.034253371888278394e+02
1.032796348498138883e+02
1.031415820796893428e+02
1.033665007670525711e+02
1.028901205725339452e+02
1.030928323967910245e+02
1.028872039165354408e+02
1.032200387414253981e+02
1.030357786198046455e+02
1.030397917875325930e+02
1.027365122049340158e+02
1.027967659695884635e+02
1.028972369074827071e+02
1.032124219102245206e+02
1.032054963226921132e+02
1.029343849354485201e+02
1.027352812747237181e+02
1.028836662823152182e+02
1.029870064286318438e+02
1.030012944374902162e+02
1.028694514465661314e+02
1.027840740001135629e+02
1.026515552475461845e+02
1.024825197783927138e+02
1.025227467407144815e+02
1.027299919671973072e+02
1.024454758047068026e+02
1.024789020003600086e+02
1.022135674454508489e+02
1.023234874534809364e+02
1.025504611211379569e+02
1.025595779435990522e+02
1.022829267301816571e+02
1.025873346119890925e+02
1.025058723476063847e+02
1.023761445602465443e+02
1.025557304018477254e+02
1.026017809733854733e+02
1.022464251329459586e+02
1.020100230717267635e+02
1.021412048357364171e+02
1.022306687511607493e+02
1.021405897804682610e+02
1.017669749262535248e+02
1.019318340163566887e+02
1.021118685848503134e+02
1.019674884190763606e+02
1.017684222521567534e+02
1.016233377605580728e+02
1.019879149102513480e+02
1.019865909514543176e+02
1.020128126952212142e+02
1.018627785024486911e+02
1.015282832456851310e+02
1.015912026667179902e+02
1.018273903636614932e+02
1.014976043019452021e+02
1.014276315216381050e+02
1.016464954471434368e+02
1.013094840468622237e+02
1.014179028253013826e+02
1.010353222000168785e+02
1.015263852570733576e+02
1.012703158609572682e+02
1.010836866668337706e+02
1.012385504986409188e+02
1.010362142658901234e+02
1.009764472578315235e+02
1.008835259118797723e+02
1.011223754742980105e+02
1.006646181002020484e+02
1.006187302797165017e+02
1.005900810699318981e+02
1.005518786200799894e+02
1.006640125693788121e+02
1.008588774205587555e+02
1.007416303995274802e+02
1.008299715108266099e+02
1.004496749352406226e+02
1.008165747547893716e+02
1.006297337595223524e+02
1.003117677086041084e+02
1.001187700623734145e+02
1.004857497061734222e+02
1.001933382995256210e+02
1.003935322310415899e+02
1.002666827772013676e+02
1.006582620004999029e+02
1.001636539085187678e+02
1.003675935484407233e+02
1.007907263436331959e+02
1.005984822552156146e+02
9.962891973966490866e+01
9.964485488925940615e+01
9.989561716582473139e+01
1.001189609533854110e+02
1.000866187473171749e+02
1.003975326531045340e+02
9.998537141146964302e+01
1.001479248030754121e+02
9.986494125266692379e+01
9.998594311806584756e+01
1.001787210161582067e+02
9.980090966115210449e+01
9.998584530743347898e+01
9.969293782404862725e+01
9.971959807369836426e+01
9.988152898951329917e+01
9.944949402033368813e+01
9.906510411452173059e+01
9.951237474033383990e+01
9.958361301829961576e+01
9.944070727894724371e+01
9.941150632370055007e+01
9.894176497654149216e+01
9.923011192575735606e+01
9.932334661155842070e+01
9.925226294246158432e+01
9.913074169123723323e+01
9.916100152989538685e+01
9.930122895960862195e+01
9.893519958672243320e+01
9.879603615295296493e+01
9.845098394628854521e+01
9.894527319860213765e+01
9.895782807423336180e+01
9.909445863176921421e+01
9.887680692551084860e+01
9.847690033960473954e+01
9.855998913993380484e+01
9.835432155758165607e+01
9.844981741182799340e+01
9.857886447766101412e+01
9.838251519050579930e+01
9.863021487385383068e+01
9.824004262524607611e+01
9.830262532281784615e+01
9.849187643036889028e+01
9.852514554154505788e+01
9.835143122306675423e+01
9.776197699611060443e+01
9.800782202253326147e+01
9.793690030724083329e+01
9.805215733629114538e+01
9.818131189307051443e+01
