2.870726020684394371e+02
2.870907946798595844e+02
2.871607235780158476e+02
2.872097048440276126e+02
2.871892096738965847e+02
2.872833656662501767e+02
2.873348767531962267e+02
2.871866905514921768e+02
2.871498275453781162e+02
2.875295130492714293e+02
2.873474452254857852e+02
2.874170676291444693e+02
2.875389527336690776e+02
2.875474921503466703e+02
2.875864106523022201e+02
2.877346215317025440e+02
2.877879714486436455e+02
2.876550477927611951e+02
2.876655994305627360e+02
2.878169141785546685e+02
2.875931639780536102e+02
2.877024472201330241e+02
2.877672222584453721e+02
2.878237024992902775e+02
2.877817401114672862e+02
2.877586458359739368e+02
2.878545990392690328e+02
2.878075771914759002e+02
2.879464710403271965e+02
2.879918851047268618e+02
2.880495044350133753e+02
2.879763607836666210e+02
2.881510812957924941e+02
2.884259303740897735e+02
2.883607917841981134e+02
2.883636074929694928e+02
2.884781480360289265e+02
2.885226930875837184e+02
2.885887917249565930e+02
2.882971123043365651e+02
2.883391746871675423e+02
2.884268285571154706e+02
2.884668411238823182e+02
2.884422503106547424e+02
2.886467308930362492e+02
2.886285916474307669e+02
2.885500980857574405e+02
2.886953635408806917e+02
2.889524631903992145e+02
2.888210075395749641e+02
2.889526698421318542e+02
2.890347678108934133e+02
2.888697707154648811e+02
2.888938400865071685e+02
2.888195433093911788e+02
2.890978899331931302e+02
2.889878853740768250e+02
2.889926823656672354e+02
2.890593396481148716e+02
2.892195960487197794e+02
2.892971697682464196e+02
2.891913527299328166e+02
2.893050284198949953e+02
2.894523271635277979e+02
2.893495394517182717e+02
2.894105116879571256e+02
2.896393456214021285e+02
2.896404409349133289e+02
2.898008430152191863e+02
2.897001958792920391e+02
2.896472750386318467e+02
2.898181699374138702e+02
2.898334011720443186e+02
2.899817633699619819e+02
2.900840500572278984e+02
2.901736009585077909e+02
2.901148849258537439e+02
2.900203583729634147e+02
2.901325673039866047e+02
2.902510363667783508e+02
2.903093710929350664e+02
2.903349072431881837e+02
2.902125339380820037e+02
2.902617664985251054e+02
2.903944970861890056e+02
2.903500301292341987e+02
2.902946121653364457e+02
2.906191614291228120e+02
2.907601948714265063e+02
2.906646421755210667e+02
2.906673696259118174e+02
2.905914526370434601e+02
2.907821333056378990e+02
2.908245801547965925e+02
2.909034513429223807e+02
2.909669366384207478e+02
2.909491616057245551e+02
2.907690042989531776e+02
2.908673786761295901e+02
2.911110479311589074e+02
2.910506455502370500e+02
2.910654146649670224e+02
2.913265316280683805e+02
2.914302100927206425e+02
2.913884750246109547e+02
2.914916539165012068e+02
2.913603867093301574e+02
2.913967014262543103e+02
2.916183027471170135e+02
2.916316282375011610e+02
2.914582868590801468e+02
2.916248020749185912e+02
2.916034852248582183e+02
2.918598327121995339e+02
2.919537063994511072e+02
2.920513870837820036e+02
2.919621080401506674e+02
2.918477986819617627e+02
2.919551782310242629e+02
2.920394111583117933e+02
2.921551327627157661e+02
2.922609419872615604e+02
2.922921147302060376e+02
2.922739307294005471e+02
2.925190417566503243e+02
2.925371690856478608e+02
2.924373594122291706e+02
2.923817852252032594e+02
2.925539347321951595e+02
2.927170050997532371e+02
2.927314417011627938e+02
2.927637103095276530e+02
2.928479567851359775e+02
2.929065412523977443e+02
2.929102521708195468e+02
2.929184484104731041e+02
2.930148291948111705e+02
2.930382575958727216e+02
2.931941158548094677e+02
2.933812092099003053e+02
2.932778907502578249e+02
2.933842249679087786e+02
2.933411560407537877e+02
2.934289292729791327e+02
2.935035412247372619e+02
2.935244660442173199e+02
2.936415199072191058e+02
2.936592366030977814e+02
2.937711496596923553e+02
2.939346252700040054e+02
