2.379260675249337282e+02
2.379751680416795807e+02
2.378162573982344838e+02
2.379731271364641998e+02
2.380737021098828166e+02
2.382809045177708356e+02
2.381992035836794628e+02
2.383479394801561284e+02
2.381197581716418483e+02
2.379105571336971252e+02
2.379626311370518579e+02
2.380380831147399761e+02
2.379121906709870302e+02
2.379670213360521132e+02
2.381852378139466566e+02
2.381200966321337376e+02
2.380683946294239774e+02
2.380859671554639192e+02
2.382745285505294817e+02
2.381822612088227800e+02
2.379981620700699239e+02
2.383323549665742576e+02
2.380794376083347288e+02
2.379618283668669108e+02
2.382165963050712492e+02
2.380981984400843885e+02
2.381567482634573878e+02
2.382949933434022114e+02
2.381280059102678877e+02
2.381412122754775567e+02
2.380952057233301105e+02
2.380655964072364839e+02
2.380896930696385141e+02
2.381839206981271673e+02
2.382483585587231119e+02
2.380959966465885316e+02
2.380718624388249509e+02
2.380916588999465660e+02
2.380350126488841340e+02
2.382766874513965547e+02
2.381653249492355826e+02
2.383720092977511058e+02
2.382166520086767889e+02
2.381223590187088632e+02
2.381632398392061987e+02
2.382347777879394073e+02
2.381604290053930697e+02
2.382501839056843380e+02
2.380161558055234252e+02
2.383487508489985487e+02
2.381915443156142373e+02
2.385681555849114659e+02
2.383687232848093629e+02
2.380969825076500399e+02
2.380407431742886502e+02
2.382596025150695880e+02
2.382525693236678705e+02
2.381024991719758361e+02
2.381438210007092664e+02
2.379006946858429501e+02
2.379682586116544769e+02
2.381921701979152886e+02
2.381830595895985425e+02
2.382420913755848915e+02
2.381559945196974013e+02
2.380745824741467231e+02
2.381740506477857764e+02
2.381248825372456395e+02
2.378307553494603326e+02
2.380711861818586783e+02
2.380788489267423245e+02
2.381480483580490954e+02
2.381733091137288341e+02
2.381364108367093877e+02
2.381371809316209465e+02
2.380216994475645151e+02
2.380446612548689700e+02
2.379967235102936911e+02
2.377433007445564215e+02
2.379866215545169155e+02
2.380385425791357648e+02
2.381284868395094634e+02
2.383158129634261115e+02
2.379903186241058677e+02
2.377870618674266723e+02
2.381499654402550448e+02
2.380077209281282649e+02
2.379333563340385638e+02
2.376556476558318138e+02
2.380811610495227342e+02
2.379386864922907137e+02
2.378394729687032338e+02
2.378098469333236551e+02
2.380419428205026691e+02
2.379543371742947784e+02
2.378967376058277239e+02
2.379148219946830807e+02
2.381199038585728829e+02
2.380561065132554575e+02
2.381002240707091175e+02
