3.402599253650521973e+02
3.402534956055459929e+02
3.402599253650521973e+02
3.402599253650521973e+02
3.402599253650521973e+02
3.402534956055459929e+02
3.402599253650521973e+02
3.402599253650521973e+02
3.402599253650521973e+02
3.402534956055459929e+02
3.402599253650521973e+02
3.402599253650521973e+02
3.402599253650521973e+02
3.402534956055459929e+02
3.402599253650521973e+02
3.402599253650521973e+02
3.402599253650521973e+02
3.402534956055459929e+02
3.402599253650521973e+02
3.402599253650521973e+02
3.402599253650521973e+02
3.402534956055459929e+02
3.402599253650521973e+02
3.402599253650521973e+02
3.402599253650521973e+02
3.402534956055459929e+02
3.402599253650521973e+02
3.402599253650521973e+02
3.402599253650521973e+02
3.402534956055459929e+02
3.402599253650521973e+02
3.402599253650521973e+02
3.402599253650521973e+02
3.402534956055459929e+02
3.402599253650521973e+02
3.402599253650521973e+02
3.402599253650521973e+02
3.402534956055459929e+02
3.402599253650521973e+02
3.402599253650521973e+02
3.402599253650521973e+02
3.402534956055459929e+02
3.402599253650521973e+02
3.402599253650521973e+02
3.402599253650521973e+02
3.402599253650521973e+02
3.402599253650521973e+02
3.402599253650521973e+02
3.402599253650521973e+02
3.402534956055459929e+02
3.402599253650521973e+02
3.402599253650521973e+02
3.402599253650521973e+02
3.402534956055459929e+02
3.402599253650521973e+02
3.402599253650521973e+02
3.402599253650521973e+02
3.402534956055459929e+02
3.402599253650521973e+02
3.402599253650521973e+02
3.402599253650521973e+02
3.402534956055459929e+02
3.402599253650521973e+02
3.402599253650521973e+02
3.402599253650521973e+02
3.402534956055459929e+02
3.402599253650521973e+02
3.402599253650521973e+02
3.402599253650521973e+02
3.402534956055459929e+02
3.402599253650521973e+02
3.402599253650521973e+02
3.402599253650521973e+02
3.402534956055459929e+02
3.402599253650521973e+02
3.402599253650521973e+02
3.402599253650521973e+02
3.402534956055459929e+02
3.402599253650521973e+02
3.402599253650521973e+02
3.402599253650521973e+02
3.402534956055459929e+02
3.402599253650521973e+02
3.402599253650521973e+02
3.402599253650521973e+02
3.402534956055459929e+02
3.402599253650521973e+02
3.402599253650521973e+02
3.402599253650521973e+02
3.402534956055459929e+02
3.402599253650521973e+02
3.402599253650521973e+02
3.402599253650521973e+02
3.402534956055459929e+02
3.402599253650521973e+02
3.402599253650521973e+02
3.402599253650521973e+02
3.402534956055459929e+02
3.402599253650521973e+02
3.402599253650521973e+02
