1.016175077040094692e+02
1.013772959312446460e+02
1.017831353038758948e+02
1.014269446044548886e+02
1.017563108696429452e+02
1.013843883933651142e+02
1.017268779924987285e+02
1.019327345224832726e+02
1.016172050871274877e+02
1.018848366993927783e+02
1.015550379044661184e+02
1.017009105834364959e+02
1.018717161005711205e+02
1.013526081028277304e+02
1.011807140301620649e+02
1.013286761997110688e+02
1.013270535079771690e+02
1.012866226611926663e+02
1.014974915448305666e+02
1.018376357601411542e+02
1.014203317416618120e+02
1.012092050729039983e+02
1.016108786976259495e+02
1.013217157292173027e+02
1.014557213851949768e+02
1.014726022687892595e+02
1.017945439263318832e+02
1.014649517198219684e+02
1.016371532025057007e+02
1.015756102471229241e+02
1.017849864096181278e+02
1.020175537260856231e+02
1.014984905297951769e+02
1.013523665039076462e+02
1.015754143643379592e+02
1.012453826712115728e+02
1.015564542092132569e+02
1.016592863499320032e+02
1.014448669774997143e+02
1.013784714179431177e+02
1.015068243759839675e+02
1.017621336147479383e+02
1.014944347158726288e+02
1.016754803955643638e+02
1.015966887558949452e+02
1.013246515903973517e+02
1.010370815550062247e+02
1.012023263145997021e+02
1.013613818257153270e+02
1.015653773645518498e+02
1.015630227119673776e+02
1.016054657207379677e+02
1.017232490297253662e+02
1.015796839344472460e+02
1.015265145705683381e+02
1.015789652671989103e+02
1.018033245332914163e+02
1.015920360004044483e+02
1.015856626932079649e+02
1.016623007796056299e+02
1.015659887825911341e+02
1.015524063741572007e+02
1.013671929033665151e+02
1.016402432720441738e+02
1.017611036582302972e+02
1.016073675046535101e+02
1.018179603582987198e+02
1.014330267160784018e+02
1.014236086572660724e+02
1.017487883080305124e+02
1.017109057603643549e+02
1.014560366349898430e+02
1.015925041072200230e+02
1.014513586710049822e+02
1.014548695614660687e+02
1.012974423262387944e+02
1.017840812148678395e+02
1.018518501055231553e+02
1.016912021852959498e+02
1.015416938242050406e+02
1.012720803510390084e+02
1.014578771931253272e+02
1.018259543890321055e+02
1.019933586878400291e+02
1.015306065055669222e+02
1.013060288626860483e+02
1.020036497803834550e+02
1.013187980919082065e+02
1.018575146598112298e+02
1.013652561335043600e+02
1.019163482489880863e+02
1.019139061697645161e+02
1.015797184900924321e+02
1.018902216162787937e+02
1.019984967130656202e+02
1.016420799962392465e+02
1.017493602726405442e+02
1.015775092578834204e+02
1.015762855702395910e+02
1.015476276793923347e+02
