2.860136776675122405e+02
2.860058109018813752e+02
2.860330774450386571e+02
2.861154033269346542e+02
2.862513461377802173e+02
2.862195500232119798e+02
2.863741459551264938e+02
2.862556235623243879e+02
2.860442452128994546e+02
2.860193304026176975e+02
2.860726715812004954e+02
2.860871974294369124e+02
2.860004288218329975e+02
2.860503995065914751e+02
2.861225747466537541e+02
2.861481146928775274e+02
2.861965149469235143e+02
2.861821973217692516e+02
2.863901880802474125e+02
2.861099766707210392e+02
2.859616312593772705e+02
2.861354838041458493e+02
2.861744906627318983e+02
2.860630742134063667e+02
2.861706045386134178e+02
2.862457305328668440e+02
2.861731315882686317e+02
2.861675157155779630e+02
2.861354187009944781e+02
2.861641533416586753e+02
2.862484485991652718e+02
2.862435510547024933e+02
2.860931832555831420e+02
2.862230723398703276e+02
2.861475034737079568e+02
2.860605207990681151e+02
2.861142954343516180e+02
2.861510163958185444e+02
2.861131250284338421e+02
2.862907987501602065e+02
2.863045078835546633e+02
2.863626517650008623e+02
2.861320275715925163e+02
2.862460775568272879e+02
2.861196426682423635e+02
2.861424755853497572e+02
2.860708758774330818e+02
2.861805751889213525e+02
2.862116449451778522e+02
2.862696830215774639e+02
2.863727378748356500e+02
2.864176054597193115e+02
2.862662100041112581e+02
2.862467830527687624e+02
2.863520954939007197e+02
2.863441974710121372e+02
2.861902006856903427e+02
2.861807878824649265e+02
2.861882127969124099e+02
2.860883613122204565e+02
2.861259191491756724e+02
2.862180214590492824e+02
2.862769424414505579e+02
2.863341306625033553e+02
2.862199365421007542e+02
2.862003129428398438e+02
2.861796242129374264e+02
2.860397556788804536e+02
2.861702649981862123e+02
2.861000591069882262e+02
2.861095077825395379e+02
2.862127156919835897e+02
2.861970239070420234e+02
2.861353522828218843e+02
2.860512540996267035e+02
2.861952541981269746e+02
2.862393207814320135e+02
2.861257210106981574e+02
2.859868349605331446e+02
2.861303177696044600e+02
2.860727673113022433e+02
2.862967518619710177e+02
2.862047912880022409e+02
2.860811550464238167e+02
2.861222212663181494e+02
2.862531984368731628e+02
2.860783413480740478e+02
2.860380445756692893e+02
2.860170651674729356e+02
2.861153435604945230e+02
2.861069364842132359e+02
2.860710370655509109e+02
2.861276551714875609e+02
2.861130629045280216e+02
2.861861988421224510e+02
2.860989378490968988e+02
2.861586967424389627e+02
2.860407887901858430e+02
2.860732255685918517e+02
2.861342439909900008e+02
