2.870258821681168229e+02
2.870992421644464798e+02
2.868139381331591835e+02
2.867580523224594344e+02
2.867825676072307601e+02
2.870935493822985904e+02
2.871392484812466819e+02
2.868507511920856814e+02
2.867700100054109384e+02
2.868196692953061984e+02
2.871180739452000239e+02
2.869461464876537775e+02
2.867613487879640388e+02
2.869759097534361558e+02
2.870316935866475774e+02
2.869666793632011377e+02
2.869959867333743091e+02
2.871629486212778488e+02
2.871404847452361651e+02
2.871406492340572072e+02
2.868812652188135530e+02
2.868390413168964983e+02
2.871377170113361785e+02
2.871132156824291428e+02
2.867182648276133250e+02
2.867796786322839466e+02
2.870270908374016017e+02
2.870949369140276417e+02
2.868448954266941087e+02
2.868674110681462821e+02
2.871451317014598885e+02
2.871863073414920677e+02
2.870230605875026413e+02
2.869652713814558069e+02
2.868885865122327345e+02
2.869568276610916655e+02
2.869464675149387745e+02
2.868124100383324162e+02
2.870562900265392159e+02
2.867738326492328156e+02
2.867957554020914017e+02
2.869304131290377313e+02
2.871332411713495389e+02
2.870703713878904750e+02
2.870232965613990359e+02
2.870277727680875728e+02
2.872613751292785764e+02
2.872826540603055037e+02
2.869835310247402731e+02
2.869272790966265916e+02
2.870796743049837119e+02
2.872800015860773328e+02
2.872568134475031911e+02
2.866417906868087471e+02
2.866329391738087793e+02
2.870567535068994971e+02
2.872129983147378880e+02
2.869155328383924939e+02
2.868280520734009542e+02
2.870340726556310074e+02
2.872351855138180667e+02
2.870343651170078942e+02
2.869224100364611445e+02
2.869693107663437104e+02
2.872113712955864457e+02
2.871899600938077128e+02
2.867532707499307207e+02
2.868557487157823971e+02
2.872165182671404295e+02
2.873151314871853970e+02
2.869915347271073074e+02
2.869100760795891460e+02
2.871195424184596732e+02
2.874687043954734236e+02
2.871865145067386038e+02
2.869660355971184345e+02
2.869443890790929004e+02
2.872403866753368789e+02
2.873193269816001134e+02
2.871183756701626066e+02
2.872263795232641428e+02
2.873107508865361979e+02
2.872632314961268207e+02
2.869955723590280741e+02
2.868984134297527930e+02
2.871060472426110550e+02
2.872788366807423586e+02
2.871159761379999509e+02
2.870429370597178718e+02
2.871928572626626988e+02
2.871953956594570059e+02
2.872468402410291901e+02
2.869460240990918578e+02
2.869606433418023812e+02
2.871266985875174669e+02
2.871829565738523229e+02
2.872820594377473071e+02
2.871616294750310203e+02
2.870911973493694518e+02
2.871630747826491756e+02
2.872114546536524813e+02
2.872242752959625705e+02
2.870404204778994313e+02
2.868528690536714407e+02
2.869032730251086036e+02
2.871179761219618172e+02
2.872238275831180090e+02
2.869758205756923530e+02
2.868428049137222615e+02
2.869224500404022820e+02
2.870854560873536343e+02
2.872628801016655302e+02
2.870456401448807924e+02
2.867501401524330618e+02
2.867505643488264013e+02
2.870474418431725212e+02
2.871592982657947459e+02
2.869527354886461694e+02
2.868397809370683831e+02
2.870321651360474675e+02
2.872223726624958431e+02
2.871050017842769080e+02
2.872285645765922482e+02
2.872514297384453812e+02
2.869736272839356843e+02
2.868732414783449371e+02
2.871352008649981826e+02
2.872539633878932932e+02
2.872998123230410670e+02
2.871256742444909946e+02
2.869133784301840819e+02
2.870552608607441130e+02
2.872221982375470475e+02
2.872373631161101457e+02
2.872489727407315172e+02
2.871538129963137180e+02
2.872363910469966868e+02
2.871404109200840935e+02
2.872631464595593229e+02
2.874130284549045768e+02
2.872174931073951143e+02
2.871550692633975359e+02
2.871170502777756610e+02
2.871878706394963388e+02
2.872098349588897577e+02
2.872849797520814263e+02
2.873630527406074293e+02
2.874653873587615749e+02
2.873708694768666874e+02
2.876364332803268553e+02
2.877857521130670762e+02
2.875708555754474105e+02
2.875116184828848986e+02
2.877089359439517580e+02
2.877262162608633389e+02
2.876379907212881903e+02
2.874889001188738007e+02
2.875398901773602347e+02
2.877718839216720426e+02
2.879108817213074758e+02
2.876897346799122488e+02
2.877151734414704265e+02
2.878662757496570066e+02
2.880919909454007097e+02
2.879223936503400409e+02
