9.966236764894672717e+01
9.999267833335942157e+01
9.974537746299608898e+01
1.002704283944502635e+02
1.002389391108628871e+02
9.957757328761067583e+01
9.972398367906299654e+01
9.993192102943305599e+01
9.999402855657048406e+01
9.946710187709119566e+01
9.966752533085110599e+01
1.001196443549936959e+02
1.006605349149108406e+02
1.000538305343181378e+02
1.000064181126172826e+02
9.971632173524510279e+01
9.994396888872495310e+01
9.985219662029389553e+01
9.940729016285729358e+01
9.954033868560726717e+01
9.996110142367827223e+01
9.953219199364190217e+01
9.993656248012028698e+01
9.975385176184727243e+01
9.984061039023454498e+01
9.971052406819690361e+01
9.971165428189260638e+01
9.991532407575685681e+01
9.977381879749655980e+01
9.930787590788672503e+01
9.950250538235401621e+01
1.001081793597658276e+02
1.000411187305472680e+02
1.009536284809260422e+02
1.025416861906490595e+02
1.004786614810666805e+02
1.002150097287524346e+02
1.006549270132099423e+02
1.003771048019109031e+02
9.991897307160890307e+01
1.001163910026389914e+02
1.006487055651684699e+02
1.002063156332497869e+02
9.990982663418328968e+01
9.983199078687538019e+01
9.988913113325099857e+01
9.966566722389423205e+01
1.000561020423727001e+02
9.999887475211437504e+01
9.935808116064174556e+01
9.972937211890557307e+01
1.003811243582806583e+02
1.000684326154942454e+02
1.011987998962498096e+02
1.008276750106108324e+02
1.000562797969677575e+02
9.963901575184144122e+01
1.002587252295651865e+02
1.003419176916663105e+02
1.000514099655212448e+02
1.001953333587770629e+02
1.001131335315439372e+02
1.011098362401893525e+02
1.008523990019085232e+02
1.004589241125703580e+02
1.007740865676679505e+02
1.000873321679906525e+02
9.995967446309128945e+01
9.983242782562852824e+01
9.960126726332264013e+01
1.001604301930458405e+02
9.949921902603681190e+01
9.997904492081327987e+01
1.003299260203545913e+02
1.002965376297473057e+02
9.970108138966145361e+01
1.000003462617364676e+02
1.003414183929983068e+02
1.000659294189651405e+02
1.004528946739481938e+02
1.000609124276937649e+02
1.005112073197943801e+02
1.003651428878100091e+02
1.002956074708948080e+02
9.994801941071256124e+01
1.002843758955780800e+02
1.001240684951722386e+02
1.001668853441154852e+02
9.993845447128073545e+01
9.985622459138171791e+01
1.001284966774591254e+02
9.999059363884202867e+01
1.003181316107375238e+02
9.985634468534442476e+01
1.001591854643299513e+02
1.003101899197974802e+02
9.997106495749808630e+01
9.968003372340193380e+01
1.000558257017960244e+02
9.994827014761881401e+01
9.970088086309964126e+01
1.000827305379200567e+02
1.001599174684333349e+02
1.006945938570302133e+02
9.969700463463009044e+01
1.001032014948211639e+02
1.003559805255255242e+02
1.001706969717601083e+02
1.000598005682559091e+02
1.003175350737578668e+02
1.002232542553701933e+02
1.003496351269780433e+02
1.005405769834533629e+02
1.016046379500151460e+02
1.012674820305633290e+02
1.005966129961976634e+02
1.007682029531788572e+02
1.010646987891003050e+02
1.006558806061068054e+02
1.004352180572750655e+02
1.010730748852404446e+02
1.009625794001060513e+02
1.007486734689131822e+02
1.005777824022382703e+02
1.006574922382222894e+02
1.008487222382290014e+02
1.012635428934100190e+02
1.006251103316409399e+02
1.004306053697699781e+02
1.008483879827137599e+02
1.008511960686129640e+02
1.007451980776829572e+02
1.010878819608339398e+02
1.011287037828440845e+02
1.011109798476643533e+02
1.007962986091225304e+02
1.008679146485181803e+02
1.006016651038907952e+02
1.004079111412034848e+02
1.002819357435327987e+02
1.004910814282602445e+02
1.011653500584060765e+02
1.028752606559240803e+02
1.018962701348912248e+02
1.003204552398170222e+02
9.977234644315787193e+01
9.983120071548479757e+01
1.000968766408904003e+02
9.985051026716409694e+01
9.994353748740006438e+01
9.920653031979149716e+01
9.926782956736421681e+01
9.932644332317302371e+01
9.938847925843697340e+01
9.940855347151835986e+01
9.907708828887278685e+01
9.920778433728595758e+01
9.936020790747441822e+01
9.952428255217017750e+01
9.912018134260131319e+01
9.836084272515027749e+01
9.908965803584914056e+01
9.856637186474414136e+01
9.853539456664064744e+01
9.867256305174525721e+01
