2.884586306204511175e+02
2.883957286263561741e+02
2.884293759110809106e+02
2.884002884564227429e+02
2.884415091626353274e+02
2.884699864716769184e+02
2.883741604255570223e+02
2.884344194641853960e+02
2.885344799198933856e+02
2.886912035411283455e+02
2.885505356973957305e+02
2.882592925273536935e+02
2.881327146765597149e+02
2.883053969698515289e+02
2.883294295416973796e+02
2.883421542904303010e+02
2.884483523580376527e+02
2.885400318001604205e+02
2.883831885806648074e+02
2.883529020502112985e+02
2.882662534988368748e+02
2.883142572965044792e+02
2.883402636409526849e+02
2.883753198034417551e+02
2.885061464653852568e+02
2.887080911665787539e+02
2.885760366578886646e+02
2.883389696528823833e+02
2.883467301122585695e+02
2.885832618395063491e+02
2.887183355316352618e+02
2.885232265375452698e+02
2.883919729195542914e+02
2.882922447058190869e+02
2.882164613037390950e+02
2.884853210812059956e+02
2.884120745016641649e+02
2.882402942192683781e+02
2.883654995872662425e+02
2.884710448672223038e+02
2.884565840818274296e+02
2.883431077046682844e+02
2.882939606403712673e+02
2.883558119142937244e+02
2.885001106847381607e+02
2.884992016374428658e+02
2.883528918119628202e+02
2.884576334420450507e+02
2.884845381540946505e+02
2.885591020261967401e+02
2.886248683000125084e+02
2.884596457953689992e+02
2.884099134238542206e+02
2.883002991378921251e+02
2.882246769110047353e+02
2.882082992886825537e+02
2.883584492178885057e+02
2.884954238352354992e+02
2.884059881556658524e+02
2.885035747273471429e+02
2.886632810368703304e+02
2.882047848530047531e+02
2.881380011650831534e+02
2.881572412069761526e+02
2.881848313136301272e+02
2.883316691487826802e+02
2.885331251392121317e+02
2.886486529934957730e+02
2.883776418448839536e+02
2.883648323761958636e+02
2.884919886586998814e+02
2.886086436492243479e+02
2.888230808844836588e+02
2.886979826273868639e+02
2.883507162834785049e+02
2.883993328245064163e+02
2.884519421737559810e+02
2.884982591911140730e+02
2.886545579444689906e+02
2.888440548919957109e+02
2.888526463995032714e+02
2.884839122457027543e+02
2.883656799782166331e+02
2.884601465865234218e+02
2.885281788205700764e+02
2.885731234810991168e+02
2.885558809803999338e+02
2.886217486501554959e+02
2.884128128871925583e+02
2.884118324494892249e+02
2.885200068138908023e+02
2.884707351451060049e+02
2.884596984129278212e+02
2.884619123078963980e+02
2.885659183406571060e+02
2.885545625359902147e+02
2.886643923356062373e+02
2.886454480821334982e+02
2.887661275491936408e+02
2.889008633683238259e+02
2.889203783884341306e+02
2.887266681781698026e+02
2.884467840358001354e+02
2.883877732476420306e+02
2.884462782038399951e+02
2.885280475790688683e+02
2.886397796763932888e+02
2.886676559513209099e+02
2.888708969520507139e+02
2.888043184408414845e+02
2.888166574346915354e+02
2.887192028718137067e+02
2.886811413454949502e+02
2.886927744712866684e+02
2.885501160084200478e+02
2.882887298781816412e+02
2.882903902442284334e+02
2.884332213444143349e+02
2.886214735694406386e+02
2.888036438324976416e+02
2.888242663703629773e+02
2.886414313063359600e+02
2.885584342261846587e+02
2.885721498119455646e+02
2.886892546798952139e+02
2.886015229368731525e+02
2.885689434491577572e+02
2.886730550595087266e+02
2.888701700195520061e+02
2.885739856616758061e+02
2.885279154219802535e+02
2.887130036756957452e+02
2.890269720682734373e+02
2.888222247764952044e+02
2.885281975983456277e+02
2.884719806713825392e+02
2.884099847340225438e+02
2.885693018542311279e+02
2.888503489625007319e+02
2.889982475198377756e+02
2.886714017054557644e+02
2.885177408287786420e+02
2.883885325096269980e+02
2.884270272758570286e+02
2.887007463295254297e+02
2.890520046746651133e+02
2.888789318406938378e+02
2.887059286447781687e+02
2.889630657022362925e+02
2.891589992921167891e+02
2.888726556123695559e+02
2.888006723767396693e+02
2.890839238184681790e+02
2.893244295620270918e+02
2.890199637562083126e+02
2.888681136919319670e+02
2.890330461535398854e+02
2.892437032913351231e+02
2.894076682698604941e+02
2.889772488670580515e+02
2.890256400377809882e+02
2.892632297662531187e+02
2.893719237218986677e+02
2.890215081550086893e+02
2.889087338652690846e+02
