2.864769115545651061e+02
2.864853518712948244e+02
2.865895563757809441e+02
2.866399589463990765e+02
2.865610997920587693e+02
2.864320250359710940e+02
2.866253659593472207e+02
2.866453022182127484e+02
2.866270988379002915e+02
2.866659043110275320e+02
2.865905335577792812e+02
2.866876042303860004e+02
2.866040556251750786e+02
2.866333796512538470e+02
2.866154461724436260e+02
2.864265755046489517e+02
2.865056089587671408e+02
2.865296511564923208e+02
2.864871825990086904e+02
2.863059006743071677e+02
2.861997891884506657e+02
2.863810741523789716e+02
2.866552734735420245e+02
2.866962297352102382e+02
2.864881447970628301e+02
2.864519777762341732e+02
2.864896817232693707e+02
2.866197997790701493e+02
2.867575972280059204e+02
2.865695237741091432e+02
2.865749489523323632e+02
2.864950010952055095e+02
2.865719254579212816e+02
2.866209050120817210e+02
2.863202733084104352e+02
2.862776016703505775e+02
2.863526996331123655e+02
2.864511831728408993e+02
2.866111168870431811e+02
2.865635006431182887e+02
2.865217616431896204e+02
2.867314457131643053e+02
2.867167263400428396e+02
2.864241300616940293e+02
2.864831078109925215e+02
2.865529812980180964e+02
2.866297827530520408e+02
2.865009368575969688e+02
2.865368454056120413e+02
2.864585663555679957e+02
2.865378075455972180e+02
2.863831124992856871e+02
2.865105422642122335e+02
2.865040827413355942e+02
2.863967536779564966e+02
2.864555076243356666e+02
2.864359446154612101e+02
2.866001126133881485e+02
2.865656848285227625e+02
2.865170576187447864e+02
2.864881023305980534e+02
2.865373718478689966e+02
2.864495159757262286e+02
2.865321007285040196e+02
2.866451971898203510e+02
2.866602343835534157e+02
2.865377452673866969e+02
2.864384238959164009e+02
2.865462673319963756e+02
2.866765023009406264e+02
2.865648596259256351e+02
2.864244044319192994e+02
2.864325577178073559e+02
2.864559756713604202e+02
2.866254980538316772e+02
2.866153469316508904e+02
2.865863913760902619e+02
2.864366906042268397e+02
2.865200104367010567e+02
2.865087911167562424e+02
2.866048707045001720e+02
2.864215112644382089e+02
2.864649240633052045e+02
2.864862292744659271e+02
2.864303875788361324e+02
2.864698160700024800e+02
2.866178768336042708e+02
2.863273349494168656e+02
2.863093611609811546e+02
2.864893486362238946e+02
2.863861711386674074e+02
2.864620695928178407e+02
2.866305542232520907e+02
2.864331236180385076e+02
2.865673613824475296e+02
2.864177266564409479e+02
2.864903139283844098e+02
2.865961539592881877e+02
2.865560056672111955e+02
2.863555628318045478e+02
2.863167427895760397e+02
2.863284322460147564e+02
2.864082343017009293e+02
2.864486184734408880e+02
2.867341424242281391e+02
2.865466947209603745e+02
2.866192319582564210e+02
2.865703721187258566e+02
2.866681410454366414e+02
2.865209431376689508e+02
2.865395362568355040e+02
2.864461992086099258e+02
2.866007444542497069e+02
2.863600220969640304e+02
2.860771454786465142e+02
2.862714558437604637e+02
2.863701427205268146e+02
2.862001095514039548e+02
2.860549316614641953e+02
2.861230378730953703e+02
2.862721745333772674e+02
2.861774258421949071e+02
2.861880880365210942e+02
2.861879164135993960e+02
2.861653117967428557e+02
2.863106156154900077e+02
2.863345936843332424e+02
2.862856691628596195e+02
2.863963698463304581e+02
2.863144985076038438e+02
2.862694634595708862e+02
2.863868188879064860e+02
2.864250369460883689e+02
2.864348927208185955e+02
2.864276190827892492e+02
2.863478217973624282e+02
2.865323651190586247e+02
2.865260937520106950e+02
2.865142894876272521e+02
2.866728806583578262e+02
2.868170101839643280e+02
2.866140542187733331e+02
2.863664937805682484e+02
2.865787724967900658e+02
2.867202133435073961e+02
2.867151536119986872e+02
2.868638196784905290e+02
2.869446471993966838e+02
2.871178379570318953e+02
2.870737208064467723e+02
2.871506700081912982e+02
2.871739064400865118e+02
2.872974163899140763e+02
2.871798222263871025e+02
2.871772619322939590e+02
2.872309904501912001e+02
2.871674093392892928e+02
2.872447783975420066e+02
2.873509453997692162e+02
2.873785011617569580e+02
2.874220575241998858e+02
2.874817500612589924e+02
2.874356759738128630e+02
2.875186034895655212e+02
2.875765084538895167e+02
