9.980990275602938766e+01
9.957675915485312146e+01
9.987686724969171337e+01
9.961260626005115171e+01
1.000320815619885622e+02
1.001380978014451557e+02
9.975552222305564953e+01
9.995656868234708270e+01
9.985678283504960007e+01
9.982225523929105293e+01
1.000074172944839006e+02
1.003946646732538994e+02
1.006884881804933087e+02
1.000848654136945157e+02
1.000773896225405082e+02
1.000329621668024203e+02
1.002193610766727261e+02
1.002344779561480692e+02
1.001166758533163375e+02
1.001644781089873959e+02
9.984058037185893397e+01
1.000122526405441619e+02
9.977696020747235650e+01
1.003612513459789284e+02
1.002125949537677485e+02
1.000385734031550129e+02
9.981693094609595107e+01
9.992338519281013021e+01
9.989769504281763091e+01
9.968918599622769250e+01
1.002704508278624616e+02
1.003077682533120196e+02
1.001263726612128835e+02
1.009805280216167347e+02
1.025915666765355496e+02
1.008434900015078597e+02
1.005797657540197889e+02
1.005546353071579091e+02
1.000492761474485519e+02
9.981848096505224532e+01
1.004542522594221197e+02
1.006088065543326451e+02
1.004443132111113783e+02
9.990611368531813241e+01
1.000315018649779972e+02
1.001326319667666525e+02
1.003784041216133716e+02
9.989877169053174555e+01
1.000718871094091895e+02
1.003592447369494494e+02
9.979293968478084764e+01
1.000617548552509248e+02
1.005408581148046352e+02
1.012421142836940504e+02
1.012059320689184716e+02
1.001440502392662779e+02
1.001902680335732612e+02
1.003199852870389464e+02
9.994618416866011046e+01
1.001634592074053671e+02
1.001319162696566565e+02
9.983039507723397321e+01
1.012186592867724215e+02
1.007946995024124135e+02
1.002346819522365848e+02
1.005796583986990953e+02
1.003219800196066558e+02
1.003234996322117780e+02
1.001819020695512421e+02
1.001439982916521103e+02
1.005473526729792724e+02
9.986719792402642781e+01
1.004115409153972678e+02
1.007593309842559393e+02
9.982047932507795451e+01
1.004121806881575623e+02
1.004365802751166115e+02
1.000708310563605892e+02
9.988706743474590155e+01
9.986710062048017278e+01
1.003851341999467195e+02
1.001519311137017354e+02
9.999849378118723564e+01
1.000002518321906422e+02
1.002825306588435978e+02
9.992122666826249144e+01
9.979786690248847947e+01
1.001573564855354590e+02
1.001033263150837485e+02
1.004498820331747311e+02
9.995882382360757390e+01
1.000664007615927886e+02
9.995077816476545252e+01
9.972556469819340919e+01
1.000630316510227686e+02
9.998164401544299551e+01
1.003008759950288749e+02
9.977867157644253382e+01
1.001738613881498168e+02
1.000849788750065699e+02
1.000030084308177294e+02
1.002968652690139919e+02
1.003319180302446654e+02
1.000175396099548806e+02
1.002519332606831739e+02
1.001707183992550085e+02
9.999754325703321456e+01
1.003885049570300652e+02
9.990197122551096243e+01
1.002692164832202479e+02
1.001895708803385929e+02
1.002648251257006109e+02
1.007338984813903835e+02
1.022036530453383421e+02
1.016519234761981210e+02
1.009505171573940032e+02
1.012491834542976079e+02
1.012899716333012066e+02
1.007346551132001338e+02
1.006077512817037558e+02
1.004299374880426967e+02
1.003414268986515623e+02
1.006337975816377792e+02
1.001781287493774499e+02
1.006394954562690458e+02
1.011116187668734483e+02
1.004225221828956336e+02
1.002467915859829759e+02
1.010951395333203067e+02
1.006946729630830646e+02
1.002877442494224027e+02
1.006284206133481121e+02
1.013371279930263995e+02
1.015184545482195517e+02
1.007593801809755547e+02
1.000128368130139620e+02
1.003521729441355319e+02
1.003866630584672635e+02
1.001510763984544070e+02
9.975064729767181859e+01
1.005358263021475551e+02
1.008718740059696160e+02
1.026826642934506566e+02
1.011640742954382404e+02
1.001770587488012438e+02
1.002647306556312827e+02
9.987368745061921516e+01
9.990078484201710296e+01
9.955430254213247565e+01
9.969579739386108486e+01
9.962352138757380260e+01
9.920867836293375319e+01
9.960826967574207913e+01
9.966568093737960510e+01
9.938652556503166124e+01
9.980743169939523796e+01
9.944638424239802532e+01
9.927738985308288022e+01
9.892065121360171531e+01
9.932152391815458259e+01
9.895821265913157561e+01
9.872625808796165359e+01
9.881149481648678545e+01
9.887175319370982152e+01
9.915854359067367341e+01
