2.867342223495565463e+02
2.868717279631573547e+02
2.866983185408655004e+02
2.867438131134111359e+02
2.867257356201812968e+02
2.864949725545675960e+02
2.865492990384352083e+02
2.865783587201028126e+02
2.865737457568203581e+02
2.867797292699522700e+02
2.866582873909924842e+02
2.866782151329738326e+02
2.866189130441708812e+02
2.865991014735240583e+02
2.865965523134370869e+02
2.865579019091963460e+02
2.865533332040474193e+02
2.864273324476500306e+02
2.865204982895497778e+02
2.865966160117884556e+02
2.864762435262904887e+02
2.865852798883005335e+02
2.868060718339527853e+02
2.866305380608815767e+02
2.866957826776707066e+02
2.865235315458344871e+02
2.865387209238827495e+02
2.866596567425185071e+02
2.865939450685384031e+02
2.867611315893626056e+02
2.866466224917398335e+02
2.865651085312481996e+02
2.865378388617734231e+02
2.865263268923031887e+02
2.865165476579810502e+02
2.866016925178785755e+02
2.864873048412101753e+02
2.865343774455708967e+02
2.865389485467240434e+02
2.867180521377370610e+02
2.865520326588932676e+02
2.864019068433737516e+02
2.864165111921146831e+02
2.866424718772802862e+02
2.866100757055992290e+02
2.866772998858634196e+02
2.865334521553759259e+02
2.865883264214544965e+02
2.867860072714299235e+02
2.865587191113898484e+02
2.866901848403137478e+02
2.866398337847847415e+02
2.865778236381893862e+02
2.865220531880528370e+02
2.864018156520155571e+02
2.864376730442566554e+02
2.866428164965913084e+02
2.865971011427864141e+02
2.867761447681268123e+02
2.868058864360871780e+02
2.868373151333919395e+02
2.868122205170223538e+02
2.867188933600582459e+02
2.865496566747847851e+02
2.866328731271736387e+02
2.866041481300955525e+02
2.866083501288085813e+02
2.866096393465539336e+02
2.866155585855045160e+02
2.866945387406884720e+02
2.866597213592208391e+02
2.867176952989124175e+02
2.867534316241951728e+02
2.866108228306382557e+02
2.866420604025658463e+02
2.867449877727032117e+02
2.865681978433177051e+02
2.866805184747520912e+02
2.867859861631558829e+02
2.869420445692856561e+02
2.868690115481426233e+02
2.867366728533008313e+02
2.868000758808341857e+02
2.869102355830670490e+02
2.868133725645061531e+02
2.867467933035997589e+02
2.869365841574801266e+02
2.869581802982177692e+02
2.868786729354922613e+02
2.867832950778114878e+02
2.868239406183749338e+02
2.868737321436155412e+02
2.869377744889268342e+02
2.870362359737308111e+02
2.869658033286321484e+02
2.869812486561920650e+02
2.869201430159345136e+02
2.869494126694482361e+02
2.871146990765960823e+02
2.870728585537586355e+02
2.870234960392091921e+02
2.870849853102519091e+02
2.868898669073087149e+02
2.869828067558638622e+02
2.869933882606625275e+02
2.868961670317933113e+02
2.869206224229762370e+02
2.869916937635025533e+02
2.869791448849200037e+02
2.870844257086145603e+02
2.870407950415813616e+02
2.870534795748798729e+02
2.869693613990667131e+02
2.867891208126506513e+02
2.867236933315381862e+02
2.868398745649743091e+02
2.867893909704942530e+02
2.866387571195486998e+02
2.867218040932681333e+02
2.868502286943096919e+02
2.869028458182186228e+02
2.871440553839493646e+02
2.871282567003113400e+02
2.871825879796460299e+02
2.870303911487188202e+02
2.869291965905092070e+02
2.869363879605328975e+02
2.870578766599331857e+02
2.870120627308561438e+02
2.869994741623914365e+02
2.871483037930705109e+02
2.871616155511567854e+02
2.870661895676819881e+02
2.869550814844893125e+02
2.870801793444072132e+02
2.872462729295813233e+02
2.873744726789364563e+02
2.872774828751969949e+02
2.872714608731328099e+02
2.875133893479717813e+02
2.874061379340035387e+02
2.875247268068004587e+02
2.872691008068814540e+02
2.874026776127910807e+02
2.874070085443074163e+02
2.874497966386446137e+02
2.874396306874307356e+02
2.873032384672169428e+02
2.875225976673015680e+02
2.877004304254335239e+02
2.877483989287745203e+02
2.878985768535080751e+02
2.879544457547997354e+02
2.878546160496154585e+02
2.878536303082856307e+02
2.877850250482824208e+02
2.878139391148234267e+02
2.878880735525979730e+02
2.882220971451545211e+02
2.881963574255867115e+02
2.881878536777279578e+02
2.883298460918741739e+02
2.884366131358268603e+02
2.882315346999668009e+02
2.881649746489689505e+02
