2.400650399817627374e+02
2.401000443481610773e+02
2.398697313316467046e+02
2.397808672582134477e+02
2.398702004671193890e+02
2.399730390981964092e+02
2.397618520036980101e+02
2.400558004779630608e+02
2.396789660823472730e+02
2.399451607694131781e+02
2.398779067024094900e+02
2.398971837611297815e+02
2.398989790994420446e+02
2.399883593793835246e+02
2.398952523893476325e+02
2.398728314199177021e+02
2.399328522165667152e+02
2.399473642428903588e+02
2.398816752511596349e+02
2.397827831384862236e+02
2.398968797623886928e+02
2.400439760697381644e+02
2.399408775341380533e+02
2.399363217489414808e+02
2.399671893835127037e+02
2.400462893658628047e+02
2.401027201853958104e+02
2.399467649359204415e+02
2.396000555797726577e+02
2.395327761231895636e+02
2.398218774436643628e+02
2.400168119995170457e+02
2.400797314948515293e+02
2.396723403966036301e+02
2.382630051085063485e+02
2.390169229020076784e+02
2.396926073029711404e+02
2.392881785385759486e+02
2.399615519088695521e+02
2.399234960675116497e+02
2.395837221582352186e+02
2.394407690341999739e+02
2.393242286319775474e+02
2.395391197603310900e+02
2.393907729547439374e+02
2.398152855365096627e+02
2.400039321774345353e+02
2.398360924872882549e+02
2.398966785184816217e+02
2.397058863716390249e+02
2.398806296878532294e+02
2.398133420825219275e+02
2.395433565556957944e+02
2.392484706428413972e+02
2.393981278552705874e+02
2.398448813763435226e+02
2.397105421746751119e+02
2.395610069325947507e+02
2.393723644413359750e+02
2.397152800282646865e+02
2.396648122963570415e+02
2.398390641071272000e+02
2.394058062946282064e+02
2.391443583423179859e+02
2.392746074432169792e+02
2.395811974046851276e+02
2.393176855834308583e+02
2.398526667750290642e+02
2.398780658367745957e+02
2.398190979379089924e+02
2.396133143010027879e+02
2.399740884823437739e+02
2.399522729889061736e+02
2.396430764280154335e+02
2.395005751854850189e+02
2.396541386126396276e+02
2.398128938833282575e+02
2.396939291496326803e+02
2.393849420072082239e+02
2.398444280236656994e+02
2.400552091976268230e+02
2.396169389120937865e+02
2.398741601485364754e+02
2.401532832573779217e+02
2.399829645335304065e+02
2.397199638075325367e+02
2.395529461611822342e+02
2.399375379109217192e+02
2.400433375294261680e+02
2.400458813667362108e+02
2.396724553718929940e+02
2.400868760319792443e+02
2.396117376784700070e+02
2.397776239880612366e+02
2.397926959612310611e+02
2.396559571910284205e+02
2.395110559489939135e+02
2.397517023548411998e+02
2.396006089940673576e+02
2.398929390252020823e+02
2.398323353709591004e+02
2.397880617756094352e+02
2.397053028386094411e+02
2.395926248024867107e+02
2.393708344698747226e+02
2.395411860532931030e+02
2.398443398829163868e+02
2.394816659732753124e+02
2.395144388464508722e+02
2.398003528223823935e+02
2.397228729854394089e+02
2.395304718149316159e+02
2.390550630752481993e+02
2.385604045804790303e+02
2.387656132024136753e+02
2.389311197028559945e+02
2.389321286403661588e+02
2.389539398472043388e+02
2.391623466691073929e+02
2.394394783624824186e+02
2.389124511735128920e+02
2.388944375167292264e+02
2.389505209568039845e+02
2.388802021959940021e+02
2.387929998865434698e+02
2.383019547303161119e+02
2.387003132393453200e+02
2.388056833938526324e+02
2.389279543276991262e+02
2.391731385311522899e+02
2.390401290282378284e+02
2.391723541334946788e+02
2.389765207740170752e+02
2.385273418196706245e+02
2.387673501940504366e+02
2.387161199369394069e+02
2.386026047384455353e+02
2.388127088127045283e+02
2.391321163744049727e+02
2.394824393015768749e+02
2.393660997882024333e+02
2.389751467447053130e+02
2.377378613043727853e+02
2.380257387434006375e+02
2.389747539519910049e+02
2.386609129902412576e+02
2.392193843082661715e+02
2.392538658693575542e+02
2.394260490814321827e+02
2.393190234119757633e+02
2.397423738335962753e+02
2.395780956978687755e+02
2.396968987036444787e+02
2.395753827241016154e+02
2.396110916934354975e+02
2.398446986058142159e+02
2.399787335344865369e+02
2.399794024461016306e+02
2.396391826068975490e+02
2.398612186362909426e+02
2.401368808432017659e+02
2.399174758951234026e+02
2.399111637802987218e+02
2.400483468930407014e+02
2.401564195788804170e+02
