2.866612967372973912e+02
2.865395447840388101e+02
2.864395105960907699e+02
2.865758252259053620e+02
2.865289035325874352e+02
2.865178441999078700e+02
2.865648003341484014e+02
2.866358763023399092e+02
2.864540261595855668e+02
2.866249568359818909e+02
2.865140706889186504e+02
2.865717920494168993e+02
2.865432646367637517e+02
2.865415205049352494e+02
2.865034998775030317e+02
2.865583902942648251e+02
2.865577534928890486e+02
2.865438443211993444e+02
2.864962375051553067e+02
2.865208498410822244e+02
2.864998278354088939e+02
2.866011850041616640e+02
2.865986453493288195e+02
2.866478931649443780e+02
2.866123359622028488e+02
2.866830057466555104e+02
2.866836647734248231e+02
2.865557902254898295e+02
2.863885979163243860e+02
2.864062249929891664e+02
2.865860562966581710e+02
2.867283953141837287e+02
2.866303080698363601e+02
2.865985805433348332e+02
2.861673055328554369e+02
2.862990013410666847e+02
2.863970441889263725e+02
2.863375854364367115e+02
2.865209899526683444e+02
2.865842913927750715e+02
2.865263051744458949e+02
2.864414053693533901e+02
2.863510175952034729e+02
2.862719024441348097e+02
2.864011991964228514e+02
2.866053239369672951e+02
2.866339687416752895e+02
2.865955739032849010e+02
2.865727336202515971e+02
2.865700318009909324e+02
2.866410612641278135e+02
2.867079448760453033e+02
2.865762614564071669e+02
2.864095195256649617e+02
2.865045589782257593e+02
2.866113866344135772e+02
2.866424071036478267e+02
2.865293132614062301e+02
2.865121317127054681e+02
2.865529159604412826e+02
2.866058059980870780e+02
2.867511882399234082e+02
2.866257891639748436e+02
2.864255037026917421e+02
2.864365233320260700e+02
2.865121149042782349e+02
2.864760389278897037e+02
2.867079631541278104e+02
2.867741688891362628e+02
2.866701024240158517e+02
2.867664769184307829e+02
2.868917945827640779e+02
2.868416874520390252e+02
2.865792953998487178e+02
2.865887654646140845e+02
2.866067566346584954e+02
2.867156689652117052e+02
2.866785690315665533e+02
2.865746375182495171e+02
2.868015048019103119e+02
2.867943631724530746e+02
2.867127768644324419e+02
2.870057015826646989e+02
2.869761073163239189e+02
2.868698433951437323e+02
2.867230062093756828e+02
2.866093035680245862e+02
2.868253659036249701e+02
2.869105684845772544e+02
2.868624075416332175e+02
2.868015793909276567e+02
2.869621797425841123e+02
2.867400946830875910e+02
2.868681548115865212e+02
2.868159627664969662e+02
2.867003002964979146e+02
2.866136312916168549e+02
2.868168826360890193e+02
2.867857726155069145e+02
2.869939151621460951e+02
2.869926754620610154e+02
2.869275625883824432e+02
2.868823577876897275e+02
2.866939081280687560e+02
2.866703646991884398e+02
2.868301370424157426e+02
2.868822392466420865e+02
2.867967509125416541e+02
2.867842721544208757e+02
2.868718551139808710e+02
2.868590151981348413e+02
2.867551109642904521e+02
2.866058657342344418e+02
2.865691587123754402e+02
2.866212417939659076e+02
2.865255467879316598e+02
2.865766613092800981e+02
2.866111241926100206e+02
2.867851571292313224e+02
2.867593018172372581e+02
2.866786977012296234e+02
2.867311504499702437e+02
2.867559994379543014e+02
2.866500626582549671e+02
2.865645554560726964e+02
2.864653742826173470e+02
2.866896685889699938e+02
2.867078154063044053e+02
2.868238209346345684e+02
2.870295345316367275e+02
2.870422705512960420e+02
2.870918831961303681e+02
2.869873452162657372e+02
2.867790879687981942e+02
2.869337485026641730e+02
2.868753499137810081e+02
2.869677604615741302e+02
2.870771624962164310e+02
2.872065536018081957e+02
2.873160763979908552e+02
2.873670579815871520e+02
2.874367733802700400e+02
2.869013083256166965e+02
2.869744220527709899e+02
2.871603553173415548e+02
2.871834986269349770e+02
2.874021241288385227e+02
2.874752595494429670e+02
2.876220329215608444e+02
2.875337761222329505e+02
2.876824620061905193e+02
2.876928319514919394e+02
2.877926926231007769e+02
2.876918455667982357e+02
2.878060671739576151e+02
2.879854914281461333e+02
2.880924713807307285e+02
2.880272996899159352e+02
2.879184156557761298e+02
2.881150514957088831e+02
2.882229087992273548e+02
2.882660564749539844e+02
2.881523719653155808e+02
2.881965308559190930e+02
2.882753108809110927e+02
