2.398008110020190315e+02
2.397091390682518295e+02
2.397528699970439447e+02
2.396393703189770292e+02
2.394807624336586684e+02
2.394674655971326445e+02
2.396841571328742191e+02
2.394073268155268863e+02
2.393680356199329253e+02
2.396155243368204140e+02
2.398679317900343051e+02
2.395065262843229448e+02
2.394308713442193550e+02
2.398363784054110113e+02
2.396769921533640115e+02
2.398390479475797576e+02
2.391766119978749714e+02
2.396982942596193027e+02
2.394971740829324744e+02
2.393156731552688541e+02
2.397245606887487384e+02
2.394887575164369480e+02
2.395753756286551663e+02
2.400034672126378439e+02
2.393904799120616360e+02
2.393738743816860790e+02
2.392970467204511635e+02
2.396392442654954209e+02
2.396961137266685853e+02
2.393877849990935545e+02
2.395625992416566135e+02
2.393162406995978415e+02
2.394518593484961002e+02
2.393573546327786232e+02
2.395502418681868448e+02
2.393898555006090589e+02
2.393493805096294409e+02
2.396377497439732736e+02
2.393824815664634968e+02
2.392650073349734328e+02
2.396068609673783385e+02
2.394779556752758651e+02
2.392606867656313625e+02
2.396892996843884021e+02
2.395852620750806636e+02
2.397177020773904133e+02
2.393641572282289189e+02
2.391058732731976022e+02
2.396446231662977482e+02
2.390959143187199913e+02
2.396465256693417132e+02
2.389874525834965198e+02
2.394044287586195878e+02
2.395313176537680704e+02
2.391456784074103155e+02
2.396686486787300794e+02
2.394122681650665925e+02
2.393413096877006012e+02
2.391886294726097901e+02
2.399974343922081914e+02
2.392142498128240504e+02
2.393176618983522133e+02
2.394389271702797544e+02
2.394143150440695251e+02
2.396263811293304116e+02
2.389949798847016211e+02
2.396022423977542815e+02
2.394505670680551930e+02
2.395836043271367544e+02
2.392966871542827221e+02
2.397069121430390624e+02
2.396855484580264886e+02
2.392932497619943604e+02
2.395302114696675062e+02
2.395909433215507818e+02
2.393984436738099646e+02
2.395917403102320122e+02
2.392314201995027076e+02
2.397396862214900182e+02
2.395959404865903650e+02
2.397784848471021633e+02
2.397317167112741743e+02
2.394803849751999962e+02
2.397864334155474637e+02
2.394271529046851867e+02
2.399999336647609880e+02
2.392882314486373616e+02
2.395305928788059191e+02
2.401644150720358937e+02
2.394155183251702965e+02
2.396665669038596604e+02
2.404074330720380885e+02
2.396990849512651778e+02
2.395411965172116879e+02
2.403786631034493269e+02
2.395994143335648232e+02
2.404917959423520415e+02
2.398665515139929028e+02
2.398119348359114156e+02
2.405756123090998244e+02
2.399466495279917524e+02
2.402021803913230258e+02
2.400804353305296672e+02
2.403858188820616704e+02
2.402218869472131928e+02
2.403365979013244385e+02
2.402724062697354839e+02
2.405573516410322554e+02
2.403737321064143941e+02
2.407118655313151976e+02
2.403436216655758528e+02
2.405997601009167681e+02
2.407991541725648688e+02
2.404715405371143788e+02
2.404556181009504598e+02
2.404836799532960470e+02
2.408790536067922119e+02
2.405947807523361632e+02
2.404152079593978897e+02
2.408649192739069349e+02
2.404439289140997289e+02
2.412520224691459418e+02
2.406296540559931145e+02
2.412464670044422803e+02
2.410214634592911409e+02
2.411364241777300492e+02
2.409559774721103338e+02
2.411255203245912355e+02
2.408241124984049577e+02
2.411093243687533061e+02
2.417096085312369951e+02
2.407778796794371203e+02
2.407431084905502132e+02
2.415067636867040335e+02
2.409260734070940089e+02
2.414273119889665224e+02
2.408299586961777550e+02
2.414836074283275309e+02
2.413496468128024333e+02
2.409178302815078894e+02
2.415486578395832282e+02
2.408804842146869305e+02
2.412340250225248894e+02
2.411358972264920624e+02
2.414979523781772741e+02
2.410839535753199527e+02
2.418968967328874271e+02
2.411216340174130437e+02
2.413105795512969678e+02
2.418869460181141164e+02
