9.944676425981072043e+01
9.898052010156443714e+01
9.911274874126735313e+01
9.940190526376689206e+01
9.922695821049607900e+01
9.914531734840862498e+01
9.952052966492091457e+01
9.906816807443415485e+01
9.943559617828061903e+01
9.912714802431742100e+01
9.939352475374880669e+01
9.888789661393876429e+01
9.910563229581428857e+01
9.919752271339196170e+01
9.882686519749223919e+01
9.892479793901605944e+01
9.923419625567582614e+01
9.898439423196531095e+01
9.920240806878263129e+01
9.907830196709386428e+01
9.942178500869897562e+01
9.911067001001640620e+01
9.877078521681870882e+01
9.898259380960725196e+01
9.891873846936805137e+01
9.887576689757450765e+01
9.874422678802177700e+01
9.894067513073802900e+01
9.878420126756877551e+01
9.887288523420183139e+01
9.863232131762032395e+01
9.874519551304369713e+01
9.887283310435741157e+01
9.886506455580551744e+01
9.881707011013141084e+01
9.871397292381885791e+01
9.876541293412812195e+01
9.886801704663285761e+01
9.852360712129302556e+01
9.868862027868391351e+01
9.863354952890982474e+01
9.860953144977450791e+01
9.872131677673930028e+01
9.863377128954094530e+01
9.862261657539141879e+01
9.870474637178175215e+01
9.836628699426439937e+01
9.849862434273740064e+01
9.863726560649512010e+01
9.856919281291304458e+01
9.866939770899703888e+01
9.852202704784262721e+01
9.850926388915475229e+01
9.862338866074549060e+01
9.829945001688913919e+01
9.833496392758196691e+01
9.833976391263932726e+01
9.825756619399957970e+01
9.819155367334212769e+01
9.842169211658239192e+01
9.798401791050507370e+01
9.855595342991296093e+01
9.808325955717167233e+01
9.829024497695741047e+01
9.814004985360342914e+01
9.798514572359583497e+01
9.826857769791585895e+01
9.790713869154144788e+01
9.807690928264501906e+01
9.792952149577563148e+01
9.791256837033377280e+01
9.784872677398588792e+01
9.792491796872269560e+01
9.774627305439047120e+01
9.807526774238654355e+01
9.752284639452585679e+01
9.802764365997170160e+01
9.780210209555478684e+01
9.786881878532169310e+01
9.775069378841061507e+01
9.756416895016401725e+01
9.751338461176338512e+01
9.764673477670019963e+01
9.771407239980790393e+01
9.734060630444297146e+01
9.758330877659552982e+01
9.738318117860399070e+01
9.744263788339098653e+01
9.765054247441902646e+01
9.720636715674753248e+01
9.702865551501157881e+01
9.739865874987320638e+01
9.686314802739207153e+01
9.729707068867247699e+01
9.711376634681789710e+01
9.692295697900534890e+01
9.712390850901732620e+01
9.700357337742293851e+01
9.682870134591821909e+01
9.684299962270735307e+01
9.700978997490483380e+01
9.688646903130980093e+01
9.631776832671353361e+01
9.692347928749832420e+01
9.657764601874357879e+01
9.656503080724293397e+01
9.638229045242708537e+01
9.659046327513050301e+01
9.633232778912282868e+01
9.644250720311545422e+01
9.618964457852671046e+01
9.599253476110391148e+01
9.615478614822576731e+01
9.590398161733259030e+01
9.655194852975198216e+01
9.595043164785322176e+01
9.619428505393857165e+01
9.574601340006684325e+01
9.617476378353295274e+01
9.621971731611309053e+01
9.590880935694424636e+01
9.594428395529854470e+01
9.550342614724314672e+01
9.572573168849373815e+01
9.506196582166087694e+01
9.548881994460855083e+01
9.575791103905159218e+01
9.556175135124728115e+01
9.541579156142019258e+01
9.532149258971060135e+01
9.532664108537763070e+01
9.506668216069436994e+01
9.533379539476385389e+01
9.551032724829008203e+01
9.513574490484565160e+01
9.538217657936286287e+01
9.516777278447170829e+01
9.521140938564434464e+01
9.491003026472583315e+01
9.497830687290137064e+01
9.515015670376227774e+01
9.481879624824654229e+01
9.519443728262665161e+01
9.494236609638335267e+01
9.512969467443924998e+01
9.487582319931807717e+01
9.491933545210825685e+01
9.462031437614894003e+01
9.468454615470402302e+01
9.479211196853155741e+01
