2.868615248113549683e+02
2.868682447162248081e+02
2.869016804829735747e+02
2.868641143552678727e+02
2.869122936042687115e+02
2.868465100764285012e+02
2.869710571206383065e+02
2.868768242246234763e+02
2.868851130413387978e+02
2.871455667352393561e+02
2.870814061687537446e+02
2.869762643738496877e+02
2.871301683235052451e+02
2.872714289931219014e+02
2.871838191080717593e+02
2.872026078251305421e+02
2.870904991831927759e+02
2.871914972336882670e+02
2.871899631611826749e+02
2.872378855862693285e+02
2.874117170423742209e+02
2.872198343034488630e+02
2.873823929567957407e+02
2.875547809160682959e+02
2.873105448077667461e+02
2.873219194321888494e+02
2.874210046725108327e+02
2.875513984640326726e+02
2.875389343445127679e+02
2.874496779971440787e+02
2.874881599653025432e+02
2.875191759687620561e+02
2.875096316270008856e+02
2.875669335294056168e+02
2.876505655211392991e+02
2.875013892302933414e+02
2.876883461327337841e+02
2.877632660586673410e+02
2.875324203047277365e+02
2.875691041298481991e+02
2.877726247113134264e+02
2.877262842091748780e+02
2.878200644143520890e+02
2.879820757686002253e+02
2.879150446017807212e+02
2.878902641700616414e+02
2.878444288132037059e+02
2.878357223672678060e+02
2.880030211151770914e+02
2.879356976259134058e+02
2.879449784522475397e+02
2.877887414222628308e+02
2.879767750579050585e+02
2.881004758739431395e+02
2.880232101913546217e+02
2.882021704763789671e+02
2.881287284852434709e+02
2.879952171509937102e+02
2.882723247979001258e+02
2.883460811741374528e+02
2.880890466902972094e+02
2.882006621453684261e+02
2.883513271939186211e+02
2.884585896144967023e+02
2.883928444951515644e+02
2.883498673647176247e+02
2.884850900536436598e+02
2.885808484679409389e+02
2.885685775834405717e+02
2.885240826726638375e+02
2.886771951495455824e+02
2.887299538987213054e+02
2.886127990087404669e+02
2.887392300503269098e+02
2.888206575131508203e+02
2.887507079043987801e+02
2.887971399230868883e+02
2.888045307940699331e+02
2.890881003661705222e+02
2.890859477819206518e+02
2.890563805419923824e+02
2.890914556693713280e+02
2.889713898412264257e+02
2.891188661427824513e+02
2.891293720297069854e+02
2.892120945574269513e+02
2.890597241409432172e+02
2.893067139538869128e+02
2.894484806793592497e+02
2.892095750216888632e+02
2.894353792054286600e+02
2.896006843541513263e+02
2.894340856872834138e+02
2.896086593451562408e+02
2.897378313891925359e+02
2.895982319574230814e+02
2.898566751645789736e+02
2.896295745729686928e+02
2.898221120633240275e+02
2.900668429398929220e+02
2.899361925151162040e+02
2.900050243563925960e+02
2.899764358906391521e+02
2.902253130432990247e+02
2.902428267884483262e+02
2.902730156812449991e+02
2.902919566122878905e+02
2.904423187238884907e+02
2.904034152006303771e+02
2.904865378033626371e+02
2.904773268806962392e+02
2.907116904314798944e+02
2.907673422209543332e+02
2.906518694149536941e+02
2.907226749086549376e+02
2.907706807573934498e+02
2.908646827249482953e+02
2.907804392454718254e+02
2.909700992999813707e+02
2.910328564236870648e+02
2.911205318394786445e+02
2.911863119630770598e+02
2.911856357600245815e+02
2.913720200945103329e+02
2.913255401669430285e+02
2.914295362866211576e+02
2.914569412554879477e+02
2.915302000018165813e+02
2.914139890084301783e+02
2.916586579373927748e+02
2.916311802757142573e+02
2.914058814944343112e+02
2.916838269065765417e+02
2.918242349872110140e+02
2.918058285571080432e+02
2.918604999981823198e+02
2.918203356961925579e+02
2.921688118121361981e+02
2.920307530289216515e+02
2.920090295407866279e+02
2.920632492584052784e+02
2.919708841831205746e+02
2.922121127299444083e+02
2.923001409840883866e+02
2.923888470757395339e+02
2.923840460357726556e+02
2.925805696461101206e+02
2.923251894246195093e+02
2.925991480357085379e+02
2.925685821340746315e+02
