9.999765555842914466e+01
9.983527014013924372e+01
1.003285553848656519e+02
9.979204625516361205e+01
9.986693623764641359e+01
9.991534423427640377e+01
1.000094533265938139e+02
9.993283472017964186e+01
1.001937538380668116e+02
9.997027921282329999e+01
9.973348968334242670e+01
1.004527127336347831e+02
1.003111579950560923e+02
1.003387445937190137e+02
1.003506661720507509e+02
9.943346803677366097e+01
9.964680195394602435e+01
1.002138009653123731e+02
9.990832750640265658e+01
1.000037594823072737e+02
1.001603993260006433e+02
1.000363464663821986e+02
1.001795774297725501e+02
9.972641940884591349e+01
9.986808439041071495e+01
9.989314078325867285e+01
9.995460261316731021e+01
9.940491027664337764e+01
9.966355696166057498e+01
9.992830022393212630e+01
9.996532744235973666e+01
9.970323979736595277e+01
9.972194957062215792e+01
1.014933058626298106e+02
1.029676490483678322e+02
1.009882297893582717e+02
1.003830791338185264e+02
1.003661117916476115e+02
1.002025367892039327e+02
1.000086465538493172e+02
1.006366669954858679e+02
1.003454740728691377e+02
1.006596697133717981e+02
9.990153388154959657e+01
9.992055123994049382e+01
9.984941088807831022e+01
9.984989253782566720e+01
1.002122087286806362e+02
9.968470019504952973e+01
9.989306504408347109e+01
1.003034136364041871e+02
1.000824295817179888e+02
1.004283924489316320e+02
1.013591761323136069e+02
1.007984782906882941e+02
1.004001681432041977e+02
1.001205420989724217e+02
1.000718912314644626e+02
1.002732500612226687e+02
9.981887851742440887e+01
1.003775271215951506e+02
1.001842690684980965e+02
1.009375608621564737e+02
1.005702320515320594e+02
1.007607353938594628e+02
1.009494658597582912e+02
9.997196620247088106e+01
1.005471994599130738e+02
9.979190041604839223e+01
9.998294069088284175e+01
1.001802660083728682e+02
9.983985500036902749e+01
1.004002791768595984e+02
1.000312226349231111e+02
1.001640174295458365e+02
1.001886286050561239e+02
1.002369931609025713e+02
1.001705890199825149e+02
9.984319278327022573e+01
1.005182532182259934e+02
1.002902735685639897e+02
9.995251943385876814e+01
9.982192312425358693e+01
1.000946517403975236e+02
1.003170368488499236e+02
1.002842771858727815e+02
1.000010175741865197e+02
1.001839718509566666e+02
1.002969721916315819e+02
1.002642116239090484e+02
1.001867632686573160e+02
1.003535739526592607e+02
1.002951268935018447e+02
1.003483203853470087e+02
9.977891812201552568e+01
1.001295726668096364e+02
9.955270409195905756e+01
1.000838191970141651e+02
1.004188946035259278e+02
9.973744863347302214e+01
1.001034979118656025e+02
9.976943109207125815e+01
9.993518927724130663e+01
1.004225813862889680e+02
9.998764982893978015e+01
9.996696105252554787e+01
9.998836601852019612e+01
1.005541097911204815e+02
1.001907764801762113e+02
9.978515809192441566e+01
9.990909771171813247e+01
1.002769850361706290e+02
1.003166221278526251e+02
1.022832312242117183e+02
1.015713165267992508e+02
1.011508898628869275e+02
1.007620843562174429e+02
1.006015705911762979e+02
1.007764127885974403e+02
1.007004741283757880e+02
1.006325616732591612e+02
1.009954073331356170e+02
1.009290022534013787e+02
1.005508452603109646e+02
1.001297634216113579e+02
1.010308816449560680e+02
1.008456983679865715e+02
1.009209973227570885e+02
1.007263380115563933e+02
1.005404181324896626e+02
1.005372419116754372e+02
1.007849300391220027e+02
1.009448239176762598e+02
1.011689962537787579e+02
1.010997840240267323e+02
1.002916121590509562e+02
1.006238100823245532e+02
1.002560890843708989e+02
1.004703845231204582e+02
1.004341030164011812e+02
1.000478522807559330e+02
1.017419087009011065e+02
1.027461884201497924e+02
1.015165405415537379e+02
1.004190460054202703e+02
1.000724688288146780e+02
9.978776906950433556e+01
9.959264003879047777e+01
9.967045061975534281e+01
9.933157755541817835e+01
9.984641268870534248e+01
9.991462251010331386e+01
9.971422961283531095e+01
9.900695741403954742e+01
9.982229013681806862e+01
9.931973419202792286e+01
9.932115195825112153e+01
9.950224919588661976e+01
9.933808834993179460e+01
9.939332597540909831e+01
9.867298245311086191e+01
9.922242346289834813e+01
9.913854267187851121e+01
9.881528369162414549e+01
9.882648211592034215e+01
