2.866588079622773648e+02
2.867125086564205958e+02
2.865908848793242214e+02
2.865653924538673323e+02
2.866254961308814586e+02
2.867870364948533393e+02
2.867309380689434875e+02
2.865783709353881932e+02
2.866039456155813809e+02
2.867395470424831387e+02
2.866363050377858031e+02
2.866722845675975009e+02
2.866462705835332940e+02
2.864983708501612227e+02
2.864699987202648686e+02
2.865695992449888649e+02
2.867462769530654896e+02
2.867104730236007981e+02
2.866234104037555994e+02
2.866238365756418602e+02
2.866165947587700202e+02
2.865997502003783097e+02
2.865654003211605527e+02
2.866457032970948262e+02
2.867331776294750512e+02
2.867468810593271655e+02
2.866468113049281783e+02
2.867720737505962347e+02
2.868486200603242651e+02
2.868390743282828907e+02
2.865991279525551931e+02
2.866564440470415889e+02
2.867605419954256263e+02
2.866444370092510781e+02
2.863156936882841705e+02
2.864141835112941976e+02
2.864829681176429972e+02
2.865405084449387800e+02
2.865224709990662291e+02
2.865722841551191209e+02
2.865047938800927909e+02
2.865406498896849143e+02
2.864725230149253434e+02
2.866107415420348161e+02
2.867234102862652207e+02
2.867284534204538318e+02
2.867002018160001171e+02
2.866589976339087116e+02
2.866949312392777642e+02
2.866801476400942761e+02
2.867340076077425692e+02
2.865736636266898927e+02
2.866455606095734652e+02
2.865027292659553382e+02
2.865385591668604661e+02
2.866310297967787051e+02
2.866606892399049684e+02
2.867282205905037813e+02
2.867737068690259434e+02
2.867453473103744273e+02
2.866689979613581727e+02
2.866248450366039719e+02
2.865916722269795969e+02
2.866630553303638180e+02
2.866427445821342985e+02
2.864470215113760219e+02
2.865501835655392711e+02
2.865339275808864272e+02
2.866428461458521610e+02
2.868372111200100676e+02
2.868070263849056687e+02
2.868646517651709473e+02
2.867666168313500066e+02
2.868567407706083827e+02
2.867473081521042673e+02
2.867157246326942186e+02
2.866624538637861406e+02
2.867184865520574135e+02
2.869181574926597591e+02
2.869044480580711820e+02
2.866777750224711099e+02
2.867933190302234721e+02
2.869973643242307730e+02
2.870714079333776567e+02
2.869670535047928865e+02
2.868361159094061463e+02
2.868886084826035017e+02
2.869448941357651961e+02
2.869360050483421674e+02
2.869156088306638139e+02
2.868715103811704239e+02
2.867424684827757915e+02
2.867800666651707502e+02
2.868835565724754133e+02
2.869879109012366598e+02
2.870480296858257248e+02
2.870399328562031656e+02
2.869804287633933768e+02
2.868918532208002148e+02
2.870220268093422078e+02
2.870496216022499993e+02
2.871313064536869319e+02
2.872536089503366838e+02
2.869966641965815484e+02
2.868963681972606423e+02
2.868830349150502457e+02
2.870772798427001362e+02
2.870403954515339251e+02
2.869827731708576266e+02
2.870866714728763895e+02
2.872689609961401516e+02
2.871040764791546280e+02
2.871336671725961764e+02
2.869732564011511045e+02
2.867967522523088633e+02
2.866604960296387503e+02
2.867803099425988194e+02
2.870018460566099634e+02
2.869172684227941659e+02
2.867898139765871974e+02
2.868692424001899894e+02
2.870030104408639886e+02
2.869300329200797819e+02
2.869743400238782556e+02
2.871171382107742147e+02
2.870593820000169103e+02
2.870036118920532431e+02
2.868902068854136473e+02
2.867784338713238981e+02
2.869791010533215854e+02
2.869959976460047528e+02
2.869591111763986078e+02
2.870857989070777876e+02
2.870933428786397030e+02
2.871603018549899957e+02
2.871161500238368376e+02
2.871208118299433636e+02
2.871630931566026561e+02
2.871560820914303918e+02
2.871991715869336872e+02
2.874025787265598524e+02
2.873456672669549903e+02
2.871108776440858605e+02
2.872329940771302859e+02
2.872179807804762390e+02
2.874144594417659277e+02
2.874424836533680150e+02
2.875072932489199502e+02
2.875681302919026621e+02
2.877026366550762191e+02
2.877476770164981303e+02
2.877006350180298000e+02
2.876971998507515877e+02
2.879448267171715088e+02
2.880606504679134900e+02
2.878176980509331315e+02
2.879032657585744914e+02
2.878910945573309732e+02
2.878948141153281313e+02
2.880184328864917234e+02
2.882074312601051815e+02
2.880725608247859668e+02
2.880907781050521521e+02
2.882051640511278379e+02
2.882881472311764242e+02
