2.357341387480053072e+02
2.371105002743363741e+02
2.380264690976584916e+02
2.384686698757284375e+02
2.395356237148515675e+02
2.396391089286030081e+02
2.402413027526592089e+02
2.407607557895358923e+02
2.409245417215992120e+02
2.415642419756360084e+02
2.405215185107330171e+02
2.408214187306849396e+02
2.410592288911571188e+02
2.419858710616781821e+02
2.418824077190551805e+02
2.417921301425203637e+02
2.423268101629981572e+02
2.428414804652698820e+02
2.424747720008775786e+02
2.426930394311236796e+02
2.428876382544047203e+02
2.424230420255500178e+02
2.427091416294742032e+02
2.429589930575801020e+02
2.426344318881071729e+02
2.429938550627020106e+02
2.435421704089406774e+02
2.426566885087127048e+02
2.432646486323855015e+02
2.430442097722157371e+02
2.434092357829466380e+02
2.431327652303601781e+02
2.430317226769486467e+02
2.437169024394077326e+02
2.432228856757745632e+02
2.436349042959280951e+02
2.432993549059887926e+02
2.432229021462823368e+02
2.431174362925761727e+02
2.431494267247117875e+02
2.434152112586365604e+02
2.436566115223779718e+02
2.430777480983161922e+02
2.434306848234729159e+02
2.435484976397672483e+02
2.436170464824576527e+02
2.439888434948681777e+02
2.436755740063636324e+02
2.437247692628899358e+02
2.442984272862096589e+02
2.437147134778130066e+02
2.438767570227427939e+02
2.438738674784871137e+02
2.440138002711264562e+02
2.440566788568746972e+02
2.438138681889038537e+02
2.441515838940238439e+02
2.441905286015758918e+02
2.443749090604680987e+02
2.437323963798665716e+02
2.444461136133610637e+02
2.435215511429553032e+02
2.440478367647515370e+02
2.443502095550385604e+02
2.444525732143416690e+02
2.445178668444874575e+02
2.444581150889640355e+02
2.439879236124796478e+02
2.447468865919225038e+02
2.444999351009669226e+02
2.445666564766334830e+02
2.452557377262628506e+02
2.447541874067200354e+02
2.446001035985247256e+02
2.450655282674253783e+02
2.445241596549009273e+02
2.451446649809043947e+02
2.443088815877607374e+02
2.452458715323395211e+02
2.448365780062666488e+02
2.450085104131548235e+02
2.452364194675326416e+02
2.451129071771241286e+02
2.453872510295851725e+02
2.450799253585140889e+02
2.452230618176231189e+02
2.454900737493944973e+02
2.447959346491888937e+02
2.457075828538470148e+02
2.452872793739633153e+02
2.455851432467872257e+02
2.456766241453301234e+02
2.451388557969503097e+02
2.455972821820026866e+02
2.455889353185114032e+02
2.457193092588750289e+02
2.453033998314843700e+02
2.460404408271073464e+02
2.452677370747761927e+02
2.459998649073179422e+02
2.460208482199471121e+02
2.458888996958905011e+02
2.460960001559329839e+02
2.462950346724879580e+02
2.458299374581839345e+02
2.459337765435712981e+02
2.464231520778301672e+02
2.457843035581670676e+02
2.462244811119170436e+02
2.460191689865677915e+02
2.462305037509319448e+02
2.461796174556924370e+02
2.462925516456830621e+02
2.463858450538527904e+02
2.457875494814125830e+02
2.466132400339490403e+02
2.459596835247274669e+02
2.465952061332332335e+02
2.461708733696140996e+02
2.466964086018236628e+02
2.467444735274426932e+02
2.464101463586365526e+02
2.467316829515736174e+02
2.464581192764488549e+02
2.464549864271549211e+02
2.463055996484922332e+02
2.467858596631145645e+02
2.466998899629354582e+02
2.469151771224248080e+02
2.466151073585065490e+02
2.463608004597344063e+02
2.471703090980616651e+02
2.466478298193182752e+02
2.469806914587041149e+02
2.469870453195932214e+02
2.470872801649573773e+02
2.470194816115049719e+02
2.470152844935146561e+02
2.471404696835246568e+02
2.468942815891524560e+02
2.469295644744749154e+02
2.468569651259100510e+02
2.469257871880442679e+02
2.475119423962406415e+02
2.471487940007295663e+02
2.471436260579581301e+02
2.471441634257920441e+02
2.477102608357057250e+02
2.468201732410348939e+02
2.473917367531156515e+02
