9.628959500827170359e+01
9.672375331231462781e+01
9.694126048367759552e+01
9.607598489117309271e+01
9.656815012965152789e+01
9.521177823572713805e+01
9.579329186074507163e+01
9.511846508892961083e+01
9.515302822632951063e+01
9.548640047285181254e+01
9.582108954850976090e+01
9.509606470591317873e+01
9.485122382016031395e+01
9.415167001012510184e+01
9.470896626308945088e+01
9.394082029092351149e+01
9.396784180145660059e+01
9.412185592555493940e+01
9.413164186509743558e+01
9.395936936138623707e+01
9.399233932276810322e+01
9.360994696612436883e+01
9.407621413832735868e+01
9.401706037176512609e+01
9.381810602752007355e+01
9.328361787769354407e+01
9.335617187832129105e+01
9.338066354515144951e+01
9.409406137485059674e+01
9.362577865728680138e+01
9.341623820911735265e+01
9.343529384850739916e+01
9.376552173018588121e+01
9.321865585893037576e+01
9.322698696374853000e+01
9.369945446523981047e+01
9.395948606568087769e+01
9.419308909290934650e+01
9.313488346815175589e+01
9.313040773452742371e+01
9.306577559453994297e+01
9.420954568155441677e+01
9.386161062909160080e+01
9.319340508537372614e+01
9.324795346287989162e+01
9.289525884197102812e+01
9.340600182535042961e+01
9.291959985232898589e+01
9.306514294294642298e+01
9.297995709689293165e+01
9.315028506816462084e+01
9.322803802400038364e+01
9.301204437136937031e+01
9.313018335945962178e+01
9.303730379575672771e+01
9.258235997587235033e+01
9.284934037171439059e+01
9.298975481351622818e+01
9.303931195447900393e+01
9.268542457556459624e+01
9.300891656225006443e+01
9.312812444255435196e+01
9.298834639968167437e+01
9.310142522159662803e+01
9.275973893097263101e+01
9.284275824855434678e+01
9.208623956637650565e+01
9.235551927791271964e+01
9.203831536238460842e+01
9.202828704092367218e+01
9.211676188101425566e+01
9.190454165787862451e+01
9.212436962350129477e+01
9.225568503386411123e+01
9.208680577120270527e+01
9.221770370126422733e+01
9.228434740296118832e+01
9.213254848732164248e+01
9.209565192696601343e+01
9.205073644770749297e+01
9.198463745946457948e+01
9.200568814097088932e+01
9.213022896099299430e+01
9.133624297817186743e+01
9.200626629849557503e+01
9.181169459367463048e+01
9.217229530187692887e+01
9.137508064676927688e+01
9.172399765708576069e+01
9.177205046553858381e+01
9.127804807343227367e+01
9.140882128452052768e+01
9.121941059191949819e+01
9.174875897872186670e+01
9.146258079988899681e+01
9.202195916082048655e+01
9.160473796070560581e+01
9.116869726929711248e+01
9.124123711741663101e+01
9.127956751987012751e+01
9.104453163581145247e+01
9.082290964235755837e+01
9.118204595312745653e+01
9.097501255180709734e+01
9.137955725846006771e+01
9.090484950032282541e+01
9.126872981155160858e+01
9.136206477699037976e+01
9.094675980795871340e+01
9.145764518911191487e+01
9.090891271266589513e+01
9.085830097639677660e+01
9.139884485200497011e+01
9.127133935893247951e+01
9.149076878493332288e+01
9.074586422716924972e+01
9.097737945933421599e+01
9.097756078289455672e+01
9.071105691256218506e+01
9.053958039459223528e+01
9.064662268296511627e+01
9.106013949852273015e+01
9.048498173543963219e+01
9.128935705772106246e+01
9.086175429419159855e+01
9.110465065237637816e+01
9.035463825402545979e+01
9.012447755126027005e+01
9.077673329749171671e+01
9.048956716894629437e+01
9.035141462719748517e+01
9.098501514546903479e+01
9.066403083113395667e+01
9.005130669122767983e+01
8.979223608587317074e+01
9.055609567092784573e+01
9.037861833194146755e+01
9.064718812889395849e+01
9.081050178491234703e+01
9.047730007701142085e+01
9.054858746909376066e+01
9.045540372267204532e+01
9.024324168345162889e+01
8.980936443298476490e+01
9.030697711903623315e+01
9.019658894597229448e+01
9.032416205356399530e+01
8.991411979694912304e+01
9.034266028090843292e+01
9.058690334537418209e+01
