2.402769890835003537e+02
2.400122880695423646e+02
2.401364233926184113e+02
2.400682275493379336e+02
2.405360054393714790e+02
2.401985133394868228e+02
2.401331291510924757e+02
2.401760456728988800e+02
2.402096151100251973e+02
2.403795731910449831e+02
2.403529948502649347e+02
2.403624591765961611e+02
2.401689279673354349e+02
2.403588714014187815e+02
2.406479982467343746e+02
2.402564916180195098e+02
2.406507495884091838e+02
2.403915860671660312e+02
2.406446319900723267e+02
2.404053222205238001e+02
2.402717714540346208e+02
2.401086783422597080e+02
2.401723848378249784e+02
2.402745317707519064e+02
2.402250299728584366e+02
2.407801591981283025e+02
2.407291014467458581e+02
2.403667858872101704e+02
2.402245454240994889e+02
2.399587715271094055e+02
2.403270756178379486e+02
2.402216307136763760e+02
2.404856679508270645e+02
2.401721485852417572e+02
2.403660141901074212e+02
2.403807069911426879e+02
2.402613506774160612e+02
2.403959112900440402e+02
2.404598800026646188e+02
2.406001721344865416e+02
2.402751492532132715e+02
2.404532670259854967e+02
2.406895640238155920e+02
2.402572889427686960e+02
2.402435400327191246e+02
2.401231705482391874e+02
2.399850367245917653e+02
2.402640368023897679e+02
2.404189099599795156e+02
2.403727108807953243e+02
2.403164362716419475e+02
2.402329177814180241e+02
2.401528732514121884e+02
2.404197550855380996e+02
2.400635304342384018e+02
2.403467088711715860e+02
2.404141115869804253e+02
2.404595364879321835e+02
2.401334538397062772e+02
2.400732125664259513e+02
2.400530450860308065e+02
2.402936145217994124e+02
2.402987940922633925e+02
2.401430388779557745e+02
2.399345646568894779e+02
2.400425958086339335e+02
2.401098215952926864e+02
2.398921444341582117e+02
2.397769825895361748e+02
2.402291495122237563e+02
2.399608583545969793e+02
2.400134801197666832e+02
2.399965924792290650e+02
2.403315507221333576e+02
2.400774115735197256e+02
2.402737547052701359e+02
2.401602466854476745e+02
2.399797274812662238e+02
2.401329153212251697e+02
2.400239734375644787e+02
2.400522238763524285e+02
2.401054052380246446e+02
2.405046546239155987e+02
2.400138677931179245e+02
2.401223406843049304e+02
2.401116729213337067e+02
2.402183601196474001e+02
2.400333783876951657e+02
2.398840379275387420e+02
2.400317590654155140e+02
2.400083742816082122e+02
2.399387885759622350e+02
2.404196591058815784e+02
2.400044327477098420e+02
2.402800922195420981e+02
2.400393835914345289e+02
2.403611938931570933e+02
2.402349531897775705e+02
2.399976317498541221e+02
2.400436309159605059e+02
2.398884309142461859e+02
2.398492051864717496e+02
2.401653022008412393e+02
2.403156958146661566e+02
2.405479606915348540e+02
2.404063395086809294e+02
2.403916668601641788e+02
2.401667552623914617e+02
2.402192278079394612e+02
2.404489671854666710e+02
2.404480444984696703e+02
2.406138124024942897e+02
2.402666480335996368e+02
2.403665320516138024e+02
2.406735116121249405e+02
2.405175419130183343e+02
2.405951374156994405e+02
2.406824950772455907e+02
2.404408026106688965e+02
2.402590766339504853e+02
2.401458866229927764e+02
2.401822224859668040e+02
2.402143913746911892e+02
2.401176550352899710e+02
2.400828080735222727e+02
2.403118958999034760e+02
2.401823262192228867e+02
2.400996009188426967e+02
2.400195306954738044e+02
2.403106861263551934e+02
2.401903131231955228e+02
2.399379740641849139e+02
2.402015134267028600e+02
2.403083730823290409e+02
2.402765575808320193e+02
2.400853436444132569e+02
2.401897118319620006e+02
2.401486272623691320e+02
2.399721936377687825e+02
2.399053483622359408e+02
2.401663428746475404e+02
2.401144312350554628e+02
2.401121614379997311e+02
2.402248715717350080e+02
2.407388980282773048e+02
2.402812188776430276e+02
2.401477088946570859e+02
2.402565102402561763e+02
2.401754618682150522e+02
2.400540406489418501e+02
2.400300873576979939e+02
2.401074636469711265e+02
2.398669415898628756e+02
2.401435166062798032e+02
2.401213444506422832e+02
2.398501390183148203e+02
2.399611780646276031e+02
2.402396356409616374e+02
2.399395323911586217e+02
2.401815303772585821e+02
2.398618603679816204e+02
2.398581151072316970e+02
2.400049476650168288e+02
2.399173709966510444e+02
2.400923321548507374e+02
2.399140165820732875e+02
2.401180575508363120e+02
2.397909915083149599e+02
2.398762552764694931e+02
2.400586150878497449e+02
2.399936125793238944e+02
2.404908257895890245e+02
2.403835354825403954e+02
2.399975739444060707e+02
2.400108900825184719e+02
2.397486538075986289e+02
2.400173045785727481e+02
2.400790608611253276e+02
2.401669333873169307e+02
2.400703033031516895e+02
2.401821897197147280e+02
2.402003081467281334e+02
2.401417336742697159e+02
2.400142926821344815e+02
2.398625169573333267e+02
2.403788341629456511e+02
2.403251446002041973e+02
2.399419183128900102e+02
2.403585031106899521e+02
2.402228252098620942e+02
2.403870247719324880e+02
2.403213115000111202e+02
2.399614669358269055e+02
2.403441505721832812e+02
2.402929976095579150e+02
2.405348875117319096e+02
2.403223946052104338e+02
2.401728062647613626e+02
2.404681363159529610e+02
2.402372582434596779e+02
2.402808624478348065e+02
2.402508647574973963e+02
2.399714969438952039e+02
2.400379416426646628e+02
2.402043082043359448e+02
2.401900589770234262e+02
2.398750092758767778e+02
2.399675798089191403e+02
2.398504461934445260e+02
2.402719840386439500e+02
2.401557170160184285e+02
2.401001368526625583e+02
2.398457793025867488e+02
2.399522029750645800e+02
2.399496382045232679e+02
2.399904664773353886e+02
2.400544149328247556e+02
2.401560042380614561e+02
2.399903210801079183e+02
2.402373710195037972e+02
2.402426174384306705e+02
2.401928457332049618e+02
2.400756453525015957e+02
2.400618721464194323e+02
2.402140310544200190e+02
2.403428838238718299e+02
2.403679833482343895e+02
2.405071852896826670e+02
2.401252503591631466e+02
2.401008344153851795e+02
2.399898265401513981e+02
2.400234786550560386e+02
2.399789991029125247e+02
2.399851550648568264e+02
2.405042411242496598e+02
2.403513072945413853e+02
2.402670113177496489e+02
2.403443539943644964e+02
2.398835209966610194e+02
2.400226907099752509e+02
2.401795526909545515e+02
2.402957537100793104e+02
2.404761600424900791e+02
2.404642016468622785e+02
2.402542922563431205e+02
2.405731272213224941e+02
2.403952507442056401e+02
2.402894462273472129e+02
2.398366720593240871e+02
2.398402616970170129e+02
2.401073952477960063e+02
2.402011514755109829e+02
2.401031172184517288e+02
2.403491751486339183e+02
2.399612565058395433e+02
2.400216108234060073e+02
2.402249950072048250e+02
2.401665409243702527e+02
2.402569199602506842e+02
2.401644860802438473e+02
2.399711722648814032e+02
2.399956299000450315e+02
2.398872185765130780e+02
2.398352088019836401e+02
2.401104761848422413e+02
2.400367970694913708e+02
2.403225344008708646e+02
2.398875872181571367e+02
2.399794162168623188e+02
2.400125491354778262e+02
2.401196229829830600e+02
2.402662539850682890e+02
2.401776026262814696e+02
2.403443601985741509e+02
2.401713708838006198e+02
2.401476257750276488e+02
2.401106961072896695e+02
2.401356784672515232e+02
2.400712170164083545e+02
2.399759498338695778e+02
2.403126082427394294e+02
2.405372844976279794e+02
2.406863143109038674e+02
2.400971465019681830e+02
2.401350333002814921e+02
2.402388038351539024e+02
2.399839516732287450e+02
2.400705201281611210e+02
2.400584475029669420e+02
2.400284435775324425e+02
2.401261866700742473e+02
2.400472688243146422e+02
2.402052406435275316e+02
2.401878191498820172e+02
2.404418033861303172e+02
2.402317271789579820e+02
2.400645826514798671e+02
2.398645083922337733e+02
2.399355569614031367e+02
2.402810183695991384e+02
2.403274421834074701e+02
2.399232684613466802e+02
2.401896477389498443e+02
2.401876193357153682e+02
2.402866118356318736e+02
2.401884132072735554e+02
2.398938236912024138e+02
2.401490665824246946e+02
2.405229852769951151e+02
2.402162376636412375e+02
2.400632425771554210e+02
2.401264668431108475e+02
2.401919405232521001e+02
2.403006926223685014e+02
2.402142294763202699e+02
2.400715010032264161e+02
2.402227865423914466e+02
2.399434971564118939e+02
2.400589891626044619e+02
2.400687563080924463e+02
2.400286070487495920e+02
2.397957442367689112e+02
2.399603914760110399e+02
2.399766234078511218e+02
2.398248923103269590e+02
2.400363094226249530e+02
2.400679990542539315e+02
2.399394494654437722e+02
2.398359168428250712e+02
2.399009522618509607e+02
2.399457343718767106e+02
2.400332212061971404e+02
2.400853728121126096e+02
2.401081320414975835e+02
2.400771138088919940e+02
2.402675310107395887e+02
2.400625815830582042e+02
2.400929689593125147e+02
2.402662048859029653e+02
2.400946566962394115e+02
2.398540928629394102e+02
2.400020980553044581e+02
2.402275452984169135e+02
2.399684398380415757e+02
2.400457581130166034e+02
2.399119549581846513e+02
2.401505916297788588e+02
2.400253382960711122e+02
2.399901693142020633e+02
2.396916358320636107e+02
2.401646255210077925e+02
2.402377771569700542e+02
2.402680476666731693e+02
2.400478860861603323e+02
2.402864892044946998e+02
2.401543507532901458e+02
2.402950712217057401e+02
2.400634113898548776e+02
2.400799004200410138e+02
2.404267650637231952e+02
2.401758685874642651e+02
2.400966085819583213e+02
2.397054177041258924e+02
2.401145096678330049e+02
2.400816836319716288e+02
2.400292480062672382e+02
2.401964187973972003e+02
2.397808702336626823e+02
2.404232522815629238e+02
2.399444211505182238e+02
2.400861217753563039e+02
2.400847722296381335e+02
2.396526615876081223e+02
2.401266850489598710e+02
2.406162057278388602e+02
2.403003061729915260e+02
2.403179317024879538e+02
2.400505019866196790e+02
2.403436512278301223e+02
2.400641906617881034e+02
2.403036473717876049e+02
2.399138023573694056e+02
2.403178704283222942e+02
2.402277163902777772e+02
2.400956688854093102e+02
2.401632788051887246e+02
2.401525958238274541e+02
2.401131785744317142e+02
2.400657173573270882e+02
2.400296712792799099e+02
2.403847295314915300e+02
2.401750357429672249e+02
2.401904141350629516e+02
2.401306415683378646e+02
2.397830977950268334e+02
2.401145432662571864e+02
2.403335093282884998e+02
2.404632294398481065e+02
2.402297742126595210e+02
2.400944804311064615e+02
2.403258259497049778e+02
2.400914064478356238e+02
2.401694955414544950e+02
2.399396410288892696e+02
2.401758376225818381e+02
2.399883745676678757e+02
2.399798563920632830e+02
2.398541282883464021e+02
2.399460002441278448e+02
2.402377320263558715e+02
2.401475850738511326e+02
2.401733518190976895e+02
2.401636540164563769e+02
2.401618445346256578e+02
2.401434100266258440e+02
2.401226392161164256e+02
2.402771887743555510e+02
2.403223517886277989e+02
2.401372107113349159e+02
2.397535547947157681e+02
2.402239392463275465e+02
2.405373779215733236e+02
2.400855614448182678e+02
2.400219407262290190e+02
2.401207056269931002e+02
2.401781497186480863e+02
2.402550296291899485e+02
2.403609031135354428e+02
2.402973426733774147e+02
2.404518014490020903e+02
2.401685061514252766e+02
2.401172246799541199e+02
2.402019402542776731e+02
2.402089597695265581e+02
2.401354020363427253e+02
2.400079926404914659e+02
2.400386810934392088e+02
2.399674529568788728e+02
2.401239808581762247e+02
2.403279014525426192e+02
2.398059750815819768e+02
2.401433439687822045e+02
2.402048828261083600e+02
2.399761498388754433e+02
2.398928529632404150e+02
2.401976662264924016e+02
2.403780566032233708e+02
2.401426424839818310e+02
2.404268521465490096e+02
2.404133625453778222e+02
2.400315533916656534e+02
2.401065255705474328e+02
2.401812429327616201e+02
2.401262276330536167e+02
2.402120680654616365e+02
2.399109547317062834e+02
2.399489087787112567e+02
2.403378882210346603e+02
2.400782969795531017e+02
2.401486721539514235e+02
2.402712020435995726e+02
2.404132886637689523e+02
2.405735812309769415e+02
2.403008744560598871e+02
2.404690205339804550e+02
2.401333811922027905e+02
2.403391891503756312e+02
2.403329626641842651e+02
2.397841548405113201e+02
2.396991422664056870e+02
2.396693245144847708e+02
2.402068773921132845e+02
2.402357489172881060e+02
2.400795119901152930e+02
2.402676298008743743e+02
2.401212344643810468e+02
2.400446788295147371e+02
2.403068204318092285e+02
2.402007266220515476e+02
2.400585108435940356e+02
2.400116263108698433e+02
2.401130303374731341e+02
2.397125288645362104e+02
2.400254476785429745e+02
2.398125506742645427e+02
2.403063408564873669e+02
2.401249614790140470e+02
2.403397533533548938e+02
2.401660394456106644e+02
2.401737814953207533e+02
2.400723467817811354e+02
2.400809513608056420e+02
2.400364679103240633e+02
2.402740113385876555e+02
2.401575674356055003e+02
2.400995792529837729e+02
2.402537829273912564e+02
2.403947263826358096e+02
2.403933421642543351e+02
2.402092721255972094e+02
2.399390817007387966e+02
2.399164578481037040e+02
2.404689429123968978e+02
2.401891050067780213e+02
2.403839994807711093e+02
2.403920119239958240e+02
2.402545701384380834e+02
2.400832904308063291e+02
2.401459306531600362e+02
2.401448498014540576e+02
2.399890563416096541e+02
2.399264300884605063e+02
2.401389461837197530e+02
2.399856237206342087e+02
2.402174722829617792e+02
2.401869654369907039e+02
2.400098097358319080e+02
2.399675232587095195e+02
2.398992938028010258e+02
2.401383022942447099e+02
2.399058909763119516e+02
2.403795116120622879e+02
2.401287439075174177e+02
2.401701491680248353e+02
2.402155655595200869e+02
2.401747938448360458e+02
2.403294602280990091e+02
2.403503134031553827e+02
2.403551363262513689e+02
2.400733669613182428e+02
2.398345425739021266e+02
2.402294313243517934e+02
2.399573397147273965e+02
2.401932806065995862e+02
2.400508135249750410e+02
2.398962413135248255e+02
2.399560101458042425e+02
2.400964323682899533e+02
2.403568489655128815e+02
2.398643284550777253e+02
2.400453934912674470e+02
2.402042047205205790e+02
2.402820575178602667e+02
2.400683704733974366e+02
2.401313735567245260e+02
2.401253439587195260e+02
2.402076114531833753e+02
2.403835150948665387e+02
2.399009799259823978e+02
2.398319946629317201e+02
2.400113537950769285e+02
2.401242222755633691e+02
2.403000356193850564e+02
2.399321464600104719e+02
2.397477427390068669e+02
2.400729622720473344e+02
2.400114114165897661e+02
2.399286491539636188e+02
2.398107061951601793e+02
2.399994946577802182e+02
2.399000048419164557e+02
2.396366314056063800e+02
2.402229503231518777e+02
2.397544259127715520e+02
2.398591675601188911e+02
2.399645396764064742e+02
2.402221421633772422e+02
2.399988043612928834e+02
2.401539809218637345e+02
2.400379466600205376e+02
2.401268742666800335e+02
2.399266259657624687e+02
2.400677852639497303e+02
2.403806567849613032e+02
2.404280585620734882e+02
2.401246991621009386e+02
2.400822568623439963e+02
2.401748858612191100e+02
2.402575220942952399e+02
2.401572888319982724e+02
2.401269460951075700e+02
2.401822650022358800e+02
2.399685253722677771e+02
2.398161984200758070e+02
2.399407639133609393e+02
2.400683701879046339e+02
2.402627797509370566e+02
2.402843060533216715e+02
2.398589980659748733e+02
2.398103081516235022e+02
2.400701646683045567e+02
2.401055620287741874e+02
2.399706437955348974e+02
2.401691018499687971e+02
2.399235607459122548e+02
2.400074611560881124e+02
2.398377267469988681e+02
2.401242256691306238e+02
2.401092582094615580e+02
2.403324087401402949e+02
2.406029923797746335e+02
2.401569019358513515e+02
2.400809658789074774e+02
2.400460777398268704e+02
2.401060826396369805e+02
2.402023787384102889e+02
2.400054436122255765e+02
2.402144701612757842e+02
2.402942023526028663e+02
2.399915758632959353e+02
2.399541570049334496e+02
2.401359675225151875e+02
2.400884382580663612e+02
2.402470392088871733e+02
2.402674448840828347e+02
2.401662181658970212e+02
2.403540337320790456e+02
2.401629297973806558e+02
2.400195264115639304e+02
2.403375768698739421e+02
2.401317552495098369e+02
2.402847429463371327e+02
2.404454758036326893e+02
2.401937878997914879e+02
2.399547896880812914e+02
2.402575805115657204e+02
2.401568406181161208e+02
2.400279654054364471e+02
2.401542888438276862e+02
2.402636961287277018e+02
2.402777154459133726e+02
2.402561903655434605e+02
2.403449829693478534e+02
2.404148279795101928e+02
2.398681040591843328e+02
2.404827452332544908e+02
2.406031003545029137e+02
2.404529509787810468e+02
2.405932810779040381e+02
2.403108524108853032e+02
2.398862277237833780e+02
2.401551212363075649e+02
2.401286311450441247e+02
2.402186269607654197e+02
2.401609818493026012e+02
2.398279518575368456e+02
2.401584105309226231e+02
2.402277559529241273e+02
2.399244455953771649e+02
2.403144384590607103e+02
2.400260483517624834e+02
2.398093918219210252e+02
2.398723580173490291e+02
2.399821024462470689e+02
2.402170302059883227e+02
2.402284142020617139e+02
2.404208025394345896e+02
2.401254133543509113e+02
2.403833301669036757e+02
2.399033970188438900e+02
2.400288083113332505e+02
2.398354251556448560e+02
2.400525827264022780e+02
2.404583692579094532e+02
2.397339758363236797e+02
2.401144082505122697e+02
2.400969891093944000e+02
2.400127659578230066e+02
2.401333515230215028e+02
2.402006554736732085e+02
2.402320976583887102e+02
2.400790889006477755e+02
2.401928356546128498e+02
2.402251690381143305e+02
2.400059465999695192e+02
2.400992864675955332e+02
2.400636862140509891e+02
2.401814339107450849e+02
2.401522621543482785e+02
2.398173830012980545e+02
2.399617726698694469e+02
2.398670978397642273e+02
2.398683281422563596e+02
2.399103024308674037e+02
2.402914509323086065e+02
2.402225958278611131e+02
2.397987396865315475e+02
2.399392034222744030e+02
2.401485644805430866e+02
2.402623158755149859e+02
2.400754906954858825e+02
2.400575554736493302e+02
2.405275305718667767e+02
2.399389677367431375e+02
2.398685332668803767e+02
2.400454973544442510e+02
2.400699886943361889e+02
2.403552221743223924e+02
2.401316816746566474e+02
2.402455799572933302e+02
2.402514235755307084e+02
2.401800286783052343e+02
2.403013092744510857e+02
2.400165642520448444e+02
2.402198447179841025e+02
2.400660324546704771e+02
2.400041948962456502e+02
2.401608298312411023e+02
2.403519956328481157e+02
2.403357564627381180e+02
2.401552809135365862e+02
2.397557816528889987e+02
2.403632237146310899e+02
2.401202553305485310e+02
2.402229573121121291e+02
2.403489219033115205e+02
2.401021662275139477e+02
2.399256922740304390e+02
2.399368991417279631e+02
2.400128437554333516e+02
2.399683931586647248e+02
2.399510221752069867e+02
2.403016209446808489e+02
2.400738136626125367e+02
2.400130869509070806e+02
2.401738041705755222e+02
2.401921091268707471e+02
2.401361618181865936e+02
2.400065744826621028e+02
2.398959206764137946e+02
2.400784011076367221e+02
2.397677414658336374e+02
2.402344642013893861e+02
2.402286468913005990e+02
2.401088075336516283e+02
2.403192968111311245e+02
2.400522212745338209e+02
2.398542600092049497e+02
2.400725834031774184e+02
2.402017650021505233e+02
2.402637644726620749e+02
2.400955589963182319e+02
2.400869277826056702e+02
2.400302641931866958e+02
2.400704383477789179e+02
2.401634368561794588e+02
2.399801586868167931e+02
2.402498831517874862e+02
2.400217730176208306e+02
2.399032536807002032e+02
2.401666563067130653e+02
2.401343156441773488e+02
2.400158222787042348e+02
2.400037676015279828e+02
2.402764334039276264e+02
2.401221396191431552e+02
2.405109109036194468e+02
2.404602403799387105e+02
2.403231895839265633e+02
2.399054640736555086e+02
2.400968980240760118e+02
2.399978438384736990e+02
2.401354602159292142e+02
2.400694532267941668e+02
2.400931269488883117e+02
2.400672248995186919e+02
2.399739260166921042e+02
2.397437121769872590e+02
2.401862424513518874e+02
2.402173235092336654e+02
2.401522534237732032e+02
2.401950468375366654e+02
2.403198307379211940e+02
2.404699181844817986e+02
2.404757740424100803e+02
2.403823903942451352e+02
2.401874924558709665e+02
2.403353149032330975e+02
2.404442585779941908e+02
2.402857826778452193e+02
2.401705014690072630e+02
2.399344580536375418e+02
2.401137390988454570e+02
2.402155738114845178e+02
2.398014949887082992e+02
2.397489745119817144e+02
2.402592336136273161e+02
2.400685056333951763e+02
2.398754488661849393e+02
2.400145500537402086e+02
2.402213348269061726e+02
2.403612641824730929e+02
2.401464068015627902e+02
2.401052357940312447e+02
2.398076328669926625e+02
2.401838589675008109e+02
2.402079848732738299e+02
2.400880848457716468e+02
2.401554982809260537e+02
2.402747224738943714e+02
2.400498670432651522e+02
2.402153418059952230e+02
2.401065533691743497e+02
2.399934154514117211e+02
2.398673867600833773e+02
2.404158668512486940e+02
2.403218995226763184e+02
2.400080503918235593e+02
2.398575793617540910e+02
2.399610759500953066e+02
2.401413297980056711e+02
2.401968762726912985e+02
2.398763953928372530e+02
2.402612321203131671e+02
2.400377978626919173e+02
2.400691767264424925e+02
2.401822284394791893e+02
2.400182675032821180e+02
2.398700091913173935e+02
2.400020792530880271e+02
2.399090327863085577e+02
2.396296320512996942e+02
2.398882583365642347e+02
2.402194877003519480e+02
2.400276659337116598e+02
2.398318085407967999e+02
2.400034626402826632e+02
2.399092687598925977e+02
2.399608969536730285e+02
2.400030401059756002e+02
2.401031119965880123e+02
2.399317551351245186e+02
2.399997566876874089e+02
2.400990406410672904e+02
2.401445042627395026e+02
2.397975322704090786e+02
2.399531680279588670e+02
2.398388655595236685e+02
2.399914965712832782e+02
2.399417082289627103e+02
2.397876162637076334e+02
2.401663071663078881e+02
2.398853267282629815e+02
2.398034163852471465e+02
2.398587560535797820e+02
2.400016576326519271e+02
2.402504499106865694e+02
2.398684712631343245e+02
2.396565049184819998e+02
2.399337456625148945e+02
2.400117197376873435e+02
2.398898238925759188e+02
2.398674079172966458e+02
2.400203282622035488e+02
2.397118983068287434e+02
2.399327386269235660e+02
2.399942705161411141e+02
2.399614581582649180e+02
2.401041620986758289e+02
2.401257721966934184e+02
2.400646283096082243e+02
2.400379679283812493e+02
2.402577246552744157e+02
2.402803822190041672e+02
2.400256607638572177e+02
2.403811934455911512e+02
2.401370864194217347e+02
2.404114164996587704e+02
2.402911437748161916e+02
2.400288457824655950e+02
2.402084989987852168e+02
2.399478141821527970e+02
2.399446976775036262e+02
2.403048964658311206e+02
2.401684374790945355e+02
2.402042300029425235e+02
2.402056382750994032e+02
2.400770435300374004e+02
2.399419007765818606e+02
2.401773879986465943e+02
2.401919457054071927e+02
2.404356116627012625e+02
2.399741643538491189e+02
2.402103140727106450e+02
2.400152573350084424e+02
2.401516325593968020e+02
2.399904382656141877e+02
2.400719574260919273e+02
2.401450031083796830e+02
2.401839739780071739e+02
2.397499998803565404e+02
2.398338390552071360e+02
2.400972454550644386e+02
2.404000068201632985e+02
2.401941747935195224e+02
2.403306815677157999e+02
2.401806556226641760e+02
2.400309894941852065e+02
2.400227651687656873e+02
2.402142411784979856e+02
2.399613628429450500e+02
2.400581648457175277e+02
2.400873123225638608e+02
2.399396357515993543e+02
2.401378975342161937e+02
2.399937729463643734e+02
2.400350471378535246e+02
2.402750511980408703e+02
2.401601888750965088e+02
2.398981560158970581e+02
2.401863378642127316e+02
2.402659447622775133e+02
2.401506150401390016e+02
2.396446371060692115e+02
2.400543442769003377e+02
2.398127400046805633e+02
2.396605690537747648e+02
2.400809029869849383e+02
2.399272867082487721e+02
2.399467308575001425e+02
2.399221043018727357e+02
2.401758902439520398e+02
2.400354436833007412e+02
2.399149442523144842e+02
2.402840327543168826e+02
2.404150494191319751e+02
2.402313254087662528e+02
2.401425742379795167e+02
2.403212784270998839e+02
2.401944549413750565e+02
2.402310020916383735e+02
2.399214512007013980e+02
2.397516710409888390e+02
2.401351920856622826e+02
2.404172779498748298e+02
2.402172633324024673e+02
2.405104541880922682e+02
2.402712261490312358e+02
2.406970508305409737e+02
2.400306196651462471e+02
2.398758920672773627e+02
2.399092616426199527e+02
2.398751236114042342e+02
2.398524565461450209e+02
2.398710717293731989e+02
2.398645983324880433e+02
2.397834837982809688e+02
2.397353324715516862e+02
2.403986760496490263e+02
2.399876709360539735e+02
2.399965930899574289e+02
2.397177486794841172e+02
2.398289713162104135e+02
2.402025185066855499e+02
2.397485573723500636e+02
2.399176246043357423e+02
2.396535245722469654e+02
2.397184126900718013e+02
2.397302532355862184e+02
2.396496525323081244e+02
2.398447231496576251e+02
2.399260537893368053e+02
2.404342536828878849e+02
2.401579499537541835e+02
2.400893301749746058e+02
2.400961346354527279e+02
2.401906383666470219e+02
2.400625811011145743e+02
2.401313229358461001e+02
2.402054360234546948e+02
2.403631600520423035e+02
2.401143954760231054e+02
2.398997999086956554e+02
2.397960585271905529e+02
2.400737862636725879e+02
2.400373978482477639e+02
2.398992067776761132e+02
2.401067367039620137e+02
2.398856742789165537e+02
2.398270330659144349e+02
2.398552854415797526e+02
2.403105277500815475e+02
2.402850899547571260e+02
2.402133063358590732e+02
2.401106673355041039e+02
2.398330132361429321e+02
2.400592977871332323e+02
2.400229912515713124e+02
2.400188448647969608e+02
2.399509974965005483e+02
2.403315435562563778e+02
2.400020145802823208e+02
2.398351221216892952e+02
2.399032624823092874e+02
2.398968368538378400e+02
2.397875070295429794e+02
2.397085281238581729e+02
2.395390403531820027e+02
2.398638935427694605e+02
2.398941223809641485e+02
2.401777188674810759e+02
2.401091482697768242e+02
2.399043416057590719e+02
2.401140616295591599e+02
2.401638040589014054e+02
2.401732792912130208e+02
2.401432709993470951e+02
2.402986109999867210e+02
2.401970372571171310e+02
2.400442992122702890e+02
2.398266675386214217e+02
2.399928894785028035e+02
2.400864557671387729e+02
2.395188845933529365e+02
2.401285454966474617e+02
2.400119191379282029e+02
2.402175661098148964e+02
2.399698088682878279e+02
2.399896812698734720e+02
2.400268461414800925e+02
2.399393360718763972e+02
2.399323026267671537e+02
2.401412483623192600e+02
2.401269209485493263e+02
2.403717816963232110e+02
2.402276518987813461e+02
2.402100288022350867e+02
2.400215982479320758e+02
2.402304362291438338e+02
2.400360463524593513e+02
2.399306750075793673e+02
2.399992231226082140e+02
2.401180441285931693e+02
2.401076849833620201e+02
2.399519623950339735e+02
2.400605040937777233e+02
2.401794245453880876e+02
2.402275977596618475e+02
2.402453439848924575e+02
2.403745893533611024e+02
2.401031532537817554e+02
2.400911796867110581e+02
2.401202771008314585e+02
2.402675703089959427e+02
2.398760144200184641e+02
2.401401946707977686e+02
2.401534669020400088e+02
2.400424018480106270e+02
2.400461136645596980e+02
2.397511699407438073e+02
2.401055000629816902e+02
2.400918941167098239e+02
2.399328603803826070e+02
2.398219954835664964e+02
2.395359744165648124e+02
2.397638735425415177e+02
2.397938366989816643e+02
2.401081699206423252e+02
2.398488642230399535e+02
2.400715343412512368e+02
2.401300512133245491e+02
2.399306324227978564e+02
2.400030435419614889e+02
2.398946349013962163e+02
2.400335951605192406e+02
2.400122115624231753e+02
2.398878272288605729e+02
2.400276890749394454e+02
2.399131718995903384e+02
2.400461892856046973e+02
2.397917798898743058e+02
2.400089407588927486e+02
2.400637091222312449e+02
2.403044665926067012e+02
2.399791084336354459e+02
2.398519354633243665e+02
2.400349849424560205e+02
2.399836891265928216e+02
2.397628317525905857e+02
2.397631488099351884e+02
2.401460573393503353e+02
2.402538976860723494e+02
2.399770482487525669e+02
2.400018985571295786e+02
2.398956866652008273e+02
2.404439135495507287e+02
2.403999106724832018e+02
2.397507372744003931e+02
2.397266873471673989e+02
2.399079668230156983e+02
2.399193615965764650e+02
2.400612058091275287e+02
2.400604217490826784e+02
2.402041609336024237e+02
2.400970018332731399e+02
2.401670008752820706e+02
2.397727687741488580e+02
2.406219290103491346e+02
2.402859674106042291e+02
2.402607114246939091e+02
2.401582153270672961e+02
2.403601788096127905e+02
2.402934491031660400e+02
2.404233973350712574e+02
2.403522619830232543e+02
2.400139463497507961e+02
2.399826295271297738e+02
2.403802116993064999e+02
2.401187231185947724e+02
2.406646830194443965e+02
2.399390033582185424e+02
2.402803263138953014e+02
2.399771245623452671e+02
2.401151382511892223e+02
2.401314087174027918e+02
2.398364424908231740e+02
2.400611932996143594e+02
2.401638027228430303e+02
2.402200878205508161e+02
2.398141693567003756e+02
2.396221809584801576e+02
2.398352546651181285e+02
2.396875556215320273e+02
2.400960025811444041e+02
2.402349138828859338e+02
2.402370473117539120e+02
2.402141579814478121e+02
2.396191450063529373e+02
2.400690102113046862e+02
2.399630294352008093e+02
2.401446366371759780e+02
2.403263899674538209e+02
2.400942647759595729e+02
2.399860929666045877e+02
2.399812421921307077e+02
2.401140990166581162e+02
2.400341319012339909e+02
2.400930839248294717e+02
2.400875006111401433e+02
2.399647075085712231e+02
2.400739372860964806e+02
2.398870527825338002e+02
2.401776934557676384e+02
2.399568523280635475e+02
2.400746062254966375e+02
2.399670031641937840e+02
2.400136990235770043e+02
2.403042949916985265e+02
2.397508595851205939e+02
2.399050296374101947e+02
2.402275784887953307e+02
2.399375808956205276e+02
2.402478880812960540e+02
2.401871229133509758e+02
2.403183691045757371e+02
2.398893228434967284e+02
2.399347147606501665e+02
2.398670564323287806e+02
2.401773728336089562e+02
2.401714528628502023e+02
2.400846800640873369e+02
2.401034999075573069e+02
2.399785509511693533e+02
2.403120763651321852e+02
2.400865342497488371e+02
2.403030067810837238e+02
2.401078894517866047e+02
2.398309554498204363e+02
2.398154279430096665e+02
2.398416202988958332e+02
2.399615113035436309e+02
2.397268441973088500e+02
2.398819899554104040e+02
2.401662375012031134e+02
2.399365591181929176e+02
2.401315463639565451e+02
2.402075607146449556e+02
2.398199262225087693e+02
2.401596146004083892e+02
2.400998421435493526e+02
2.400577042456704646e+02
2.397837804622901956e+02
2.399226682052533590e+02
2.398998005756584178e+02
2.401145203684922933e+02
2.399786227049394540e+02
2.395898279023805628e+02
2.397487346173267895e+02
2.396155850750414800e+02
2.401334196664386411e+02
2.399082745151675908e+02
2.394159933553045221e+02
2.398894644721578970e+02
2.398096936708356282e+02
2.400997430107350112e+02
2.400900129633301106e+02
2.400236364282772286e+02
2.400421237759785242e+02
2.400813635500426528e+02
2.402890762581044726e+02
2.401095555369990109e+02
