3.402639896522358072e+02
3.402639897123969490e+02
3.402639896428062798e+02
3.402639896502900569e+02
3.402639897675955467e+02
3.402639898843501101e+02
3.402639897005259968e+02
3.402639896181638619e+02
3.402639899203321079e+02
3.402639896370714041e+02
3.402639895330181048e+02
3.402639897321992066e+02
3.402639898140211585e+02
3.402639898567085766e+02
3.402639897998265610e+02
3.402639897385535619e+02
3.402639898408502290e+02
3.402639898202327799e+02
3.402639896109744200e+02
3.402639896337697678e+02
3.402639895755548878e+02
3.402639896697996846e+02
3.402639897139468417e+02
3.402639897418700912e+02
3.402639898776262726e+02
3.402639896866191407e+02
3.402639896419145202e+02
3.402639896192008564e+02
3.402639897121421200e+02
3.402639897124303729e+02
3.402639897943127494e+02
3.402639898068308639e+02
3.402639896774396675e+02
3.402639897244823715e+02
3.402639898750809380e+02
3.402639896619060096e+02
3.402639895526336318e+02
3.402639897419963404e+02
3.402639897418646910e+02
3.402639898054799232e+02
3.402639899684424449e+02
3.402639897848583246e+02
3.402639895845330216e+02
3.402639895965971277e+02
3.402639895935673167e+02
3.402639896962372177e+02
3.402639898078491569e+02
3.402639896214997748e+02
3.402639897026148788e+02
3.402639896232352044e+02
3.402639895985252565e+02
3.402639896952533149e+02
3.402639899028952755e+02
3.402639895441349722e+02
3.402639896618493935e+02
3.402639898384317689e+02
3.402639896268580628e+02
3.402639895114973001e+02
3.402639897058600695e+02
3.402639897394320769e+02
3.402639898263009286e+02
3.402639896754500910e+02
3.402639896623688287e+02
3.402639897300529128e+02
3.402639897642407618e+02
3.402639897783998322e+02
3.402639895773830290e+02
3.402639895541520332e+02
3.402639898946983408e+02
3.402639896387760245e+02
3.402639897978546060e+02
3.402639898367752380e+02
3.402639897134461648e+02
3.402639896820989520e+02
3.402639897255567689e+02
3.402639897335457704e+02
3.402639899038577482e+02
3.402639897762063015e+02
3.402639897766745776e+02
3.402639897233659099e+02
3.402639896999036750e+02
3.402639898721853911e+02
3.402639895260534786e+02
3.402639897494358934e+02
3.402639897666296633e+02
3.402639896136561788e+02
3.402639896932544161e+02
3.402639896845690828e+02
3.402639898667915190e+02
3.402639897519964052e+02
3.402639896746900945e+02
3.402639897797997719e+02
3.402639894890870096e+02
3.402639897121311492e+02
3.402639897371463462e+02
3.402639897653717753e+02
3.402639895777225547e+02
3.402639897115330996e+02
3.402639896976024261e+02
3.402639897205382340e+02
3.402639897391854902e+02
3.402639896723831043e+02
3.402639897230304200e+02
3.402639897215561859e+02
3.402639895628788054e+02
3.402639897793987416e+02
3.402639896220380820e+02
3.402639897438676257e+02
3.402639897415051564e+02
3.402639896757728479e+02
3.402639897399807865e+02
3.402639896159334398e+02
3.402639896420295145e+02
3.402639897438179446e+02
3.402639896069224505e+02
3.402639897139920890e+02
3.402639895970020802e+02
3.402639896939006690e+02
3.402639894990979315e+02
3.402639895691035008e+02
3.402639897098110282e+02
3.402639896665333481e+02
3.402639896551461334e+02
3.402639898236162139e+02
3.402639897483935556e+02
3.402639897854575111e+02
3.402639896249260687e+02
3.402639896233594641e+02
3.402639898835270742e+02
3.402639897389386192e+02
3.402639896559696240e+02
3.402639896260286037e+02
3.402639896991050250e+02
3.402639896809398010e+02
3.402639897903387123e+02
3.402639897384003120e+02
3.402639897253468462e+02
3.402639895852695986e+02
3.402639898747304983e+02
3.402639897305047043e+02
3.402639896160283683e+02
3.402639897414080679e+02
3.402639897269374956e+02
3.402639898612792990e+02
3.402639896422597872e+02
3.402639897091229955e+02
3.402639895921820994e+02
3.402639896399368240e+02
3.402639897909600677e+02
3.402639896346946671e+02
3.402639896457411055e+02
3.402639897577511192e+02
3.402639897575070336e+02
3.402639899394449685e+02
3.402639898388891311e+02
3.402639897618355462e+02
3.402639898450362921e+02
3.402639895326365149e+02
3.402639899005311577e+02
3.402639896805608828e+02
3.402639897622152603e+02
3.402639897148811770e+02
3.402639897463336638e+02
3.402639896944210136e+02
3.402639897204722388e+02
3.402639897382525191e+02
3.402639896610210712e+02
3.402639897780959473e+02
3.402639898649610473e+02
3.402639896531736667e+02
3.402639897202079169e+02
3.402639896445253385e+02
3.402639896016460170e+02
3.402639897582108119e+02
3.402639898529675406e+02
3.402639896975272222e+02
3.402639897733774887e+02
3.402639898643158745e+02
3.402639897065034233e+02
3.402639898871547643e+02
3.402639898319399094e+02
3.402639897193120646e+02
3.402639898922750490e+02
3.402639897547751957e+02
3.402639899283860245e+02
3.402639896547174772e+02
3.402639896280737162e+02
3.402639898773967388e+02
3.402639897787521477e+02
3.402639896537328354e+02
3.402639895598347834e+02
3.402639897549965440e+02
3.402639898200587254e+02
3.402639896513053372e+02
3.402639898470008575e+02
3.402639896990927468e+02
3.402639898004043744e+02
3.402639897585097515e+02
3.402639897564349099e+02
3.402639896303691103e+02
3.402639896744311727e+02
3.402639894458904450e+02
3.402639898415784501e+02
3.402639897611970810e+02
3.402639895891834385e+02
3.402639896879936714e+02
3.402639896727944802e+02
3.402639897559965902e+02
3.402639898208303180e+02
3.402639898957741593e+02
3.402639896168541327e+02
3.402639898502414439e+02
3.402639896855573056e+02
3.402639895814979241e+02
3.402639897197891514e+02
3.402639897746788051e+02
3.402639898132919143e+02
3.402639896913041184e+02
3.402639897531458359e+02
3.402639896394253469e+02
3.402639898155571814e+02
3.402639896716905241e+02
3.402639897430122460e+02
3.402639897371657298e+02
3.402639896802523936e+02
3.402639897931113637e+02
3.402639898142024890e+02
3.402639896192440006e+02
3.402639898117519692e+02
3.402639897353927836e+02
3.402639898062619181e+02
3.402639897315939947e+02
3.402639896926839356e+02
3.402639896669174391e+02
3.402639895225926807e+02
3.402639897176918566e+02
3.402639895221628308e+02
3.402639894624019234e+02
3.402639897988985354e+02
3.402639897677586873e+02
3.402639896205192827e+02
3.402639897959397217e+02
3.402639895009154429e+02
3.402639896205399737e+02
3.402639898109480896e+02
3.402639896831076953e+02
3.402639896131707360e+02
3.402639896929942438e+02
3.402639897408885759e+02
3.402639897108975333e+02
3.402639896776579462e+02
3.402639896299387487e+02
3.402639897963258591e+02
3.402639897021840056e+02
3.402639897539465323e+02
3.402639897045049793e+02
3.402639897126225605e+02
3.402639897237690434e+02
3.402639897283683581e+02
3.402639897254146604e+02
3.402639896782906703e+02
3.402639896176320349e+02
3.402639898618079428e+02
3.402639897117898613e+02
3.402639896297437758e+02
3.402639898070380013e+02
3.402639897111147889e+02
3.402639897365265824e+02
3.402639898942990158e+02
3.402639897966783451e+02
3.402639895827682608e+02
3.402639897224176480e+02
3.402639896354576763e+02
3.402639896794435117e+02
3.402639897326596952e+02
3.402639895777260790e+02
3.402639898560423148e+02
3.402639896602763656e+02
3.402639896212230610e+02
3.402639897398543667e+02
3.402639896802932640e+02
3.402639896596626841e+02
3.402639896114741873e+02
3.402639895834358299e+02
3.402639898456379797e+02
3.402639896374822115e+02
3.402639898695493343e+02
3.402639895895690074e+02
3.402639894972668344e+02
3.402639898232085329e+02
3.402639898541787602e+02
3.402639896848793910e+02
3.402639895780671964e+02
3.402639897159755833e+02
3.402639896296002462e+02
3.402639896739369760e+02
3.402639897613901780e+02
3.402639896637886068e+02
3.402639898286963671e+02
3.402639898001982033e+02
3.402639896562793069e+02
3.402639898424138778e+02
3.402639896210083066e+02
3.402639895950236451e+02
3.402639897554803952e+02
3.402639896685400913e+02
3.402639897916797622e+02
3.402639897530704047e+02
3.402639897318602493e+02
3.402639896596230642e+02
3.402639897633635542e+02
3.402639896924735581e+02
3.402639897742776043e+02
3.402639896761899649e+02
3.402639896163641424e+02
3.402639897558903499e+02
3.402639895910289738e+02
3.402639896303152796e+02
3.402639896248135187e+02
3.402639897228593213e+02
3.402639896590534363e+02
3.402639898225104957e+02
3.402639897070310440e+02
3.402639897056077984e+02
3.402639895198879572e+02
3.402639895674729473e+02
3.402639897411007155e+02
3.402639897935935664e+02
3.402639897181376796e+02
3.402639898026024525e+02
3.402639898537323120e+02
3.402639897691483952e+02
3.402639897266120101e+02
3.402639897271028531e+02
3.402639897583080142e+02
3.402639895903945444e+02
3.402639895702428703e+02
3.402639895844331477e+02
3.402639895504810852e+02
3.402639895788549325e+02
3.402639897477307045e+02
3.402639896877837486e+02
3.402639895894886308e+02
3.402639896536989568e+02
3.402639898131158134e+02
3.402639896584922212e+02
3.402639895082296562e+02
3.402639897884027960e+02
3.402639896759073963e+02
3.402639898572129482e+02
3.402639897018160013e+02
3.402639897805240707e+02
3.402639895979815492e+02
3.402639896612532766e+02
3.402639897177962212e+02
3.402639897936795137e+02
3.402639897022007176e+02
3.402639896477110710e+02
3.402639896506483410e+02
3.402639896619661499e+02
3.402639897409260357e+02
3.402639897523980039e+02
3.402639895899106932e+02
3.402639897856563493e+02
3.402639896607109904e+02
3.402639899535853942e+02
3.402639895194449764e+02
3.402639898768792932e+02
3.402639895611611678e+02
3.402639898391166753e+02
3.402639897203785608e+02
3.402639896577243803e+02
3.402639898970749073e+02
3.402639897339230970e+02
3.402639895939514076e+02
3.402639897564901048e+02
3.402639897296079425e+02
3.402639896692381285e+02
3.402639896570148608e+02
3.402639898179954798e+02
3.402639896201461625e+02
3.402639898588058145e+02
3.402639895483831083e+02
3.402639898102354437e+02
3.402639896479082040e+02
3.402639897397351092e+02
3.402639897380601042e+02
3.402639898171765367e+02
3.402639896863157105e+02
3.402639897320173645e+02
3.402639896580581080e+02
3.402639895589641696e+02
3.402639895942155022e+02
3.402639894780634222e+02
3.402639897498448249e+02
3.402639898554782008e+02
3.402639897434993941e+02
3.402639894864183248e+02
3.402639897221078513e+02
3.402639896956748089e+02
3.402639896695487778e+02
3.402639897487592293e+02
3.402639895977142146e+02
3.402639896000321187e+02
3.402639894894736585e+02
3.402639897404363296e+02
3.402639897777867759e+02
3.402639898211853051e+02
3.402639898038074193e+02
3.402639896915773647e+02
3.402639896237863013e+02
3.402639896336893912e+02
3.402639896715975283e+02
3.402639898425036904e+02
3.402639897032594831e+02
3.402639898639091030e+02
3.402639896938480888e+02
3.402639896260634487e+02
3.402639897811248488e+02
3.402639898899334980e+02
3.402639897649693239e+02
3.402639894388729545e+02
3.402639896995513595e+02
3.402639896825804726e+02
3.402639897666031175e+02
3.402639897233014494e+02
3.402639897523493460e+02
3.402639896557415682e+02
3.402639896369727808e+02
3.402639896071711405e+02
3.402639897843393442e+02
3.402639896820704166e+02
3.402639897293674949e+02
3.402639895805828587e+02
3.402639897575092505e+02
3.402639897715337156e+02
3.402639897729427503e+02
3.402639896707293587e+02
3.402639895438250619e+02
3.402639896653527103e+02
3.402639897613582889e+02
3.402639897331802104e+02
3.402639897491303032e+02
3.402639898315695746e+02
3.402639898383514492e+02
3.402639896503909540e+02
3.402639895339157761e+02
3.402639899197345130e+02
3.402639897004657996e+02
3.402639895174435765e+02
3.402639896826776180e+02
3.402639896451048003e+02
3.402639896817948966e+02
3.402639897337857633e+02
3.402639895791527920e+02
3.402639897530889357e+02
3.402639897690922908e+02
3.402639897893932925e+02
3.402639899076189636e+02
3.402639896926935421e+02
3.402639896945759119e+02
3.402639897520497811e+02
3.402639897056759537e+02
3.402639897119581178e+02
3.402639896284366614e+02
3.402639896379883453e+02
3.402639896615824568e+02
3.402639896460058822e+02
3.402639897634672934e+02
3.402639895841561497e+02
3.402639897314753057e+02
3.402639896841130280e+02
3.402639895999794817e+02
3.402639898159005156e+02
3.402639897324643812e+02
3.402639895365330744e+02
3.402639896831029773e+02
3.402639897373357485e+02
3.402639896534632840e+02
3.402639897926357548e+02
3.402639898415088169e+02
3.402639896274542366e+02
3.402639897652222203e+02
3.402639897408370757e+02
3.402639897687399184e+02
3.402639895049401844e+02
3.402639897463715783e+02
3.402639898395763680e+02
3.402639897834580438e+02
3.402639896782830533e+02
3.402639897315015673e+02
3.402639896422627430e+02
3.402639898059333632e+02
3.402639897193940328e+02
3.402639896744212820e+02
3.402639897603926897e+02
3.402639897113079428e+02
3.402639896057374926e+02
3.402639898571395065e+02
3.402639897602342671e+02
3.402639896975607599e+02
3.402639896794994456e+02
3.402639895065654514e+02
3.402639897088501471e+02
3.402639897839184755e+02
3.402639895884060479e+02
3.402639896239978157e+02
3.402639896123841368e+02
3.402639896637936658e+02
3.402639897113262464e+02
3.402639896940782478e+02
3.402639898409439070e+02
3.402639897879356568e+02
3.402639897686104291e+02
3.402639896116484692e+02
3.402639896358360829e+02
3.402639897794966259e+02
3.402639895950172786e+02
3.402639899028088735e+02
3.402639895130892000e+02
3.402639897624210903e+02
3.402639898017444580e+02
3.402639895302995114e+02
3.402639896586501322e+02
3.402639897765290584e+02
3.402639897400376867e+02
3.402639897274764280e+02
3.402639897136680247e+02
3.402639895343997978e+02
3.402639895071426963e+02
3.402639897629373422e+02
3.402639896142695193e+02
3.402639897884896527e+02
3.402639896266172173e+02
3.402639896880772881e+02
3.402639897151476589e+02
3.402639897183344715e+02
3.402639897447809290e+02
3.402639897333542081e+02
3.402639898138306194e+02
3.402639899176305676e+02
3.402639897556128972e+02
3.402639896355155997e+02
3.402639899059367394e+02
3.402639898801837148e+02
3.402639898461336543e+02
3.402639896635876653e+02
3.402639897111642426e+02
3.402639898350215617e+02
3.402639898493668511e+02
3.402639896612262760e+02
3.402639897551977697e+02
3.402639896090241791e+02
3.402639897112365475e+02
3.402639898609367037e+02
3.402639898605438589e+02
3.402639897304482588e+02
3.402639895829042871e+02
3.402639896802707540e+02
3.402639896625361189e+02
3.402639896729575639e+02
3.402639899319809729e+02
3.402639896616009878e+02
3.402639897396060746e+02
3.402639897299241056e+02
3.402639897172840051e+02
3.402639898118857218e+02
3.402639897795613706e+02
3.402639897628239964e+02
3.402639896215079034e+02
3.402639896116990599e+02
3.402639898954409432e+02
3.402639898102165148e+02
3.402639897103254611e+02
3.402639896542366955e+02
3.402639898452444527e+02
3.402639898210008482e+02
3.402639896827013786e+02
3.402639896155035899e+02
3.402639897069635708e+02
3.402639897917950407e+02
3.402639894779019301e+02
3.402639896109909614e+02
3.402639896714962902e+02
3.402639898383736181e+02
3.402639896795560048e+02
3.402639896260304795e+02
3.402639896397993766e+02
3.402639898033644954e+02
3.402639897864249292e+02
3.402639896782530400e+02
3.402639898350086582e+02
3.402639897115655572e+02
3.402639896247398497e+02
3.402639896791041565e+02
3.402639896837323477e+02
3.402639898547610073e+02
3.402639897420376087e+02
3.402639896074629746e+02
3.402639898218939720e+02
3.402639895840257509e+02
3.402639897272387088e+02
3.402639896437988796e+02
3.402639896604086402e+02
3.402639896504001058e+02
3.402639897862333100e+02
3.402639898461307553e+02
3.402639898127949323e+02
3.402639897005938678e+02
3.402639896995120239e+02
3.402639897899103971e+02
3.402639897360652981e+02
3.402639898406218322e+02
3.402639897009311767e+02
3.402639897582660637e+02
3.402639898991131986e+02
3.402639896204948400e+02
3.402639896800841939e+02
3.402639897902855637e+02
3.402639898017569635e+02
3.402639898919700840e+02
3.402639897428888958e+02
3.402639896201299621e+02
3.402639896349375590e+02
3.402639896667973858e+02
3.402639897077842761e+02
3.402639897435487910e+02
3.402639899749507322e+02
3.402639896878087598e+02
3.402639896066502274e+02
3.402639894662870574e+02
3.402639898158293477e+02
3.402639896361390015e+02
3.402639897684443326e+02
3.402639898652798820e+02
3.402639897753531955e+02
3.402639895825170129e+02
3.402639895727664907e+02
3.402639896867190146e+02
3.402639897514210929e+02
3.402639898324278533e+02
3.402639896496391998e+02
3.402639897085958296e+02
3.402639896625430538e+02
3.402639898238559226e+02
3.402639898797846740e+02
3.402639898517138022e+02
3.402639896782923756e+02
3.402639897563745990e+02
3.402639896397180905e+02
3.402639897937971796e+02
3.402639898637793863e+02
3.402639897108421110e+02
3.402639899008459565e+02
3.402639896275193792e+02
3.402639895428079626e+02
3.402639894991540928e+02
3.402639896765692242e+02
3.402639896568079507e+02
3.402639896825217534e+02
3.402639897049791102e+02
3.402639897544414680e+02
3.402639897436479828e+02
3.402639896415382168e+02
3.402639898615027505e+02
3.402639897806993190e+02
3.402639895780118309e+02
3.402639897528657684e+02
3.402639897498689834e+02
3.402639896960447459e+02
3.402639896515256055e+02
3.402639897629803158e+02
3.402639896258117460e+02
3.402639896164079119e+02
3.402639897538250011e+02
3.402639898215667245e+02
3.402639897673386145e+02
3.402639897785916787e+02
3.402639897168932634e+02
3.402639898401500886e+02
3.402639897421074124e+02
3.402639896507346862e+02
3.402639897304950409e+02
3.402639896927626637e+02
3.402639897815124073e+02
3.402639896630197995e+02
3.402639896188753141e+02
3.402639897262097293e+02
3.402639897683430377e+02
3.402639897625812750e+02
3.402639898016257689e+02
3.402639897142095151e+02
3.402639896675706837e+02
3.402639897202947736e+02
3.402639897950572845e+02
3.402639898862793757e+02
3.402639898379894134e+02
3.402639897588807685e+02
3.402639897672433449e+02
3.402639895517648938e+02
3.402639896687679197e+02
3.402639897768878541e+02
3.402639896242208124e+02
3.402639898516651442e+02
3.402639895076510470e+02
3.402639897432886187e+02
3.402639896519019658e+02
3.402639896816472742e+02
3.402639895368443490e+02
3.402639896596008384e+02
3.402639897950102750e+02
3.402639897527922699e+02
3.402639897771884421e+02
3.402639897477703812e+02
3.402639897556024380e+02
3.402639895749097150e+02
3.402639896423937103e+02
3.402639897924164529e+02
3.402639896185086741e+02
3.402639896280884955e+02
3.402639896439961262e+02
3.402639897336943591e+02
3.402639895471150453e+02
3.402639897395066555e+02
3.402639896890611340e+02
3.402639896596167546e+02
3.402639897317937994e+02
3.402639895972310455e+02
3.402639898037050443e+02
3.402639896890084401e+02
3.402639897831542726e+02
3.402639899356647675e+02
3.402639897548806971e+02
3.402639896801281338e+02
3.402639898088953032e+02
3.402639896386629630e+02
3.402639898230714266e+02
3.402639897459069402e+02
3.402639896791724254e+02
3.402639895607186418e+02
3.402639894264910367e+02
3.402639897471058816e+02
3.402639897201507324e+02
3.402639898092599537e+02
3.402639897784744107e+02
3.402639897683831123e+02
3.402639897720430895e+02
3.402639897312298558e+02
3.402639896262323305e+02
3.402639897721138027e+02
3.402639896742311407e+02
3.402639896453673032e+02
3.402639897201080998e+02
3.402639897991035696e+02
3.402639896867042353e+02
3.402639899085514230e+02
3.402639896880928632e+02
3.402639895416907052e+02
3.402639895406836672e+02
3.402639897741659638e+02
3.402639895187363663e+02
3.402639897353707283e+02
3.402639896135681283e+02
3.402639897344949986e+02
3.402639896069219390e+02
3.402639897325586276e+02
3.402639896100408237e+02
3.402639898967552767e+02
3.402639897168603511e+02
3.402639896607941523e+02
3.402639895808015922e+02
3.402639899673008017e+02
3.402639895466693361e+02
3.402639897586025768e+02
3.402639895673596016e+02
3.402639896601222631e+02
3.402639897998549827e+02
3.402639898402431413e+02
3.402639896635184300e+02
3.402639896453150072e+02
3.402639896668403594e+02
3.402639898011761943e+02
3.402639897393260071e+02
3.402639897891288001e+02
3.402639897881529123e+02
3.402639897461404530e+02
3.402639897123033847e+02
3.402639897136825198e+02
3.402639896838601317e+02
3.402639896138400104e+02
3.402639898736746318e+02
3.402639897108627451e+02
3.402639896694388995e+02
3.402639896097662700e+02
3.402639898674655683e+02
3.402639895735073310e+02
3.402639896943519489e+02
3.402639896984283610e+02
3.402639897455566711e+02
3.402639896615531256e+02
3.402639895211904673e+02
3.402639897779857279e+02
3.402639897791743806e+02
3.402639896823193908e+02
3.402639897030503562e+02
3.402639897298880101e+02
3.402639896677790716e+02
3.402639898130762504e+02
3.402639898259299684e+02
3.402639896162280593e+02
3.402639898349640930e+02
3.402639897657880397e+02
3.402639898849546967e+02
3.402639895584073315e+02
3.402639897408624279e+02
3.402639896719383614e+02
3.402639897222484819e+02
3.402639897968968512e+02
3.402639898058500876e+02
3.402639895594942914e+02
3.402639896927157110e+02
3.402639896810123332e+02
3.402639898074189659e+02
3.402639895481920007e+02
3.402639896410667006e+02
3.402639895915282864e+02
3.402639896514254474e+02
3.402639894504132485e+02
3.402639897754247045e+02
3.402639898948962696e+02
3.402639896759851013e+02
3.402639896446287935e+02
3.402639895799591727e+02
3.402639897407000262e+02
3.402639896834172077e+02
3.402639897307146271e+02
3.402639896438490155e+02
3.402639897307223578e+02
3.402639898225293678e+02
3.402639898012734534e+02
3.402639896186306601e+02
3.402639897543176062e+02
3.402639896419740921e+02
3.402639898475741234e+02
3.402639899178451515e+02
3.402639898210961178e+02
3.402639895640837153e+02
3.402639897649399359e+02
3.402639896145116722e+02
3.402639896927395853e+02
3.402639897836771752e+02
3.402639896249299341e+02
3.402639898615292964e+02
3.402639896651867844e+02
3.402639898347527492e+02
3.402639898466354680e+02
3.402639897890981615e+02
3.402639898311138609e+02
3.402639897267566198e+02
3.402639898589681593e+02
3.402639898170205583e+02
3.402639897564926628e+02
3.402639896892365527e+02
3.402639897061138186e+02
3.402639898160325060e+02
3.402639894701023309e+02
3.402639897287252779e+02
3.402639895756957458e+02
3.402639897665463877e+02
3.402639897414002803e+02
3.402639896315550345e+02
3.402639896702771125e+02
3.402639896854851145e+02
3.402639895720696472e+02
3.402639897536325293e+02
3.402639897294967000e+02
3.402639896312996939e+02
3.402639896426683208e+02
3.402639897884533298e+02
3.402639898348935503e+02
3.402639897715280881e+02
3.402639896041134193e+02
3.402639898089950634e+02
3.402639896669469977e+02
3.402639895534270522e+02
3.402639896489424132e+02
3.402639898330355095e+02
3.402639896024670065e+02
3.402639898395983664e+02
3.402639895873994078e+02
3.402639897510119340e+02
3.402639898376802989e+02
3.402639897985991979e+02
3.402639896179728680e+02
3.402639896259226475e+02
3.402639896788703595e+02
3.402639896215838462e+02
3.402639895862069466e+02
3.402639896311261509e+02
3.402639895721747507e+02
3.402639896785865972e+02
3.402639897857463325e+02
3.402639898245196832e+02
3.402639895520940740e+02
3.402639897791614771e+02
3.402639898150403042e+02
3.402639897414666166e+02
3.402639896745735655e+02
3.402639896359219733e+02
3.402639898494938393e+02
3.402639896862689284e+02
3.402639895382401960e+02
3.402639896409526159e+02
3.402639898376366432e+02
3.402639897356064580e+02
3.402639898177286000e+02
3.402639899815643503e+02
3.402639895673301567e+02
3.402639898291038776e+02
3.402639895685904321e+02
3.402639896107572781e+02
3.402639898942756531e+02
3.402639897737649903e+02
3.402639898514979109e+02
3.402639896742857104e+02
3.402639895994608423e+02
3.402639896231826810e+02
3.402639896951309311e+02
3.402639897240087521e+02
3.402639897383207312e+02
3.402639896867228231e+02
3.402639898128221603e+02
3.402639896010136340e+02
3.402639896780360118e+02
3.402639896802377280e+02
3.402639897724681077e+02
3.402639895784185455e+02
3.402639897535026989e+02
3.402639895622692734e+02
3.402639897697829952e+02
3.402639895807319590e+02
3.402639895567899089e+02
3.402639895947933155e+02
3.402639897227052188e+02
3.402639896866796789e+02
3.402639897204861086e+02
3.402639896999837106e+02
3.402639898455341267e+02
3.402639897155056019e+02
3.402639897385127483e+02
3.402639897410840604e+02
3.402639897712602419e+02
3.402639897126945243e+02
3.402639895545227660e+02
3.402639897044004442e+02
3.402639896374692512e+02
3.402639897552842854e+02
3.402639899172656897e+02
3.402639896387423732e+02
3.402639896541261919e+02
3.402639897130375175e+02
3.402639898246553685e+02
3.402639896669246014e+02
3.402639897054855851e+02
3.402639898086766834e+02
3.402639897822444368e+02
3.402639897640055437e+02
3.402639895683509508e+02
3.402639896815649649e+02
3.402639897237282298e+02
3.402639896539895972e+02
3.402639896767811933e+02
3.402639898040795288e+02
3.402639896356271834e+02
3.402639894658207140e+02
3.402639896639578296e+02
3.402639896795547543e+02
3.402639896550915637e+02
3.402639895196081170e+02
3.402639897072164672e+02
3.402639898854017133e+02
3.402639895868437634e+02
3.402639897039223911e+02
3.402639897476547617e+02
3.402639895260442131e+02
3.402639896785711358e+02
3.402639897346032853e+02
3.402639897120103001e+02
3.402639898057493042e+02
3.402639896660718364e+02
3.402639895396521297e+02
3.402639897012423376e+02
3.402639898260933364e+02
3.402639898101417089e+02
3.402639897066091521e+02
3.402639896835728450e+02
3.402639898246189318e+02
3.402639898223933983e+02
3.402639897892686349e+02
3.402639898311006732e+02
3.402639896290230581e+02
3.402639895787784781e+02
3.402639897053958862e+02
3.402639899271354125e+02
3.402639896947347893e+02
3.402639894991463620e+02
3.402639897931377959e+02
3.402639896765663252e+02
3.402639896845917633e+02
3.402639896697102699e+02
3.402639897401807048e+02
3.402639897570085736e+02
3.402639897128969437e+02
3.402639898358048072e+02
3.402639896883638926e+02
3.402639896415454928e+02
3.402639895098323564e+02
3.402639897406044724e+02
3.402639898194680086e+02
3.402639896600715588e+02
3.402639896843426754e+02
3.402639898824133979e+02
3.402639897843324093e+02
3.402639897435572607e+02
3.402639896041129077e+02
3.402639897361179919e+02
3.402639896633055514e+02
3.402639898021081990e+02
3.402639896108079824e+02
3.402639898029070196e+02
3.402639897385059840e+02
3.402639896591783781e+02
3.402639896689345278e+02
3.402639896412384246e+02
3.402639896501113412e+02
3.402639897349649232e+02
3.402639898559150424e+02
3.402639896440452389e+02
3.402639899103674566e+02
3.402639895877562140e+02
3.402639897743768529e+02
3.402639898544774724e+02
3.402639897041186146e+02
3.402639895761552111e+02
3.402639898905078439e+02
3.402639895966572681e+02
3.402639896496160077e+02
3.402639894982200985e+02
3.402639896919768603e+02
3.402639897133796580e+02
3.402639896818565717e+02
3.402639896991546493e+02
3.402639895819078220e+02
3.402639896957206815e+02
3.402639897735040790e+02
3.402639896218864806e+02
3.402639897862121074e+02
3.402639897528774213e+02
3.402639898164682677e+02
3.402639896306748710e+02
3.402639897939984053e+02
3.402639897596040441e+02
3.402639894995246550e+02
3.402639896645207500e+02
3.402639897741831874e+02
3.402639896669076052e+02
3.402639897840389835e+02
3.402639897283989399e+02
3.402639897432488283e+02
3.402639896616151418e+02
3.402639897871518428e+02
3.402639897627691994e+02
3.402639896334380296e+02
3.402639895615595833e+02
3.402639898591499446e+02
3.402639897116000043e+02
3.402639895111623787e+02
3.402639896808046274e+02
3.402639897854224387e+02
3.402639897621545515e+02
3.402639896300750593e+02
3.402639896360930720e+02
3.402639898054183618e+02
3.402639897575619443e+02
3.402639898645346079e+02
3.402639895936722496e+02
3.402639895573951208e+02
3.402639896608209256e+02
3.402639896965959565e+02
3.402639898222687975e+02
3.402639898928335356e+02
3.402639895750543815e+02
3.402639897346998055e+02
3.402639896851217713e+02
3.402639896410510687e+02
3.402639895224156703e+02
3.402639899838343354e+02
3.402639897214658617e+02
3.402639898137215937e+02
3.402639898090166639e+02
3.402639895974365345e+02
3.402639897841593779e+02
3.402639897973234611e+02
3.402639898017991982e+02
3.402639897167837262e+02
3.402639898247174983e+02
3.402639899160479899e+02
3.402639896448979471e+02
3.402639898618620578e+02
3.402639897095813808e+02
3.402639897126209689e+02
3.402639897187791576e+02
3.402639896647953037e+02
3.402639897685957067e+02
3.402639896168986979e+02
3.402639895804910566e+02
3.402639896725428343e+02
3.402639897241435847e+02
3.402639895978880986e+02
3.402639896684016776e+02
3.402639897520957675e+02
3.402639898092231761e+02
3.402639898298600087e+02
3.402639896425831694e+02
3.402639897549931334e+02
3.402639896940138442e+02
3.402639897499731205e+02
3.402639898952872954e+02
3.402639895743124043e+02
3.402639897382204026e+02
3.402639895453455097e+02
3.402639896039897849e+02
3.402639896759656608e+02
3.402639897037562946e+02
3.402639896548387242e+02
3.402639897492572914e+02
3.402639896179986749e+02
3.402639895964719017e+02
3.402639897979643706e+02
3.402639897037982450e+02
3.402639897443670520e+02
3.402639896541508051e+02
3.402639897563452109e+02
3.402639895503797902e+02
3.402639896281885399e+02
3.402639897059258942e+02
3.402639897391446198e+02
3.402639896402429827e+02
3.402639896285558052e+02
3.402639898615533411e+02
3.402639895798099019e+02
3.402639897162678153e+02
3.402639897328051575e+02
3.402639896406240041e+02
3.402639896608436061e+02
3.402639897395741286e+02
3.402639896377093578e+02
3.402639896032649176e+02
3.402639896828509904e+02
3.402639896330756528e+02
3.402639897231872510e+02
3.402639896161857678e+02
3.402639896454679160e+02
3.402639896670613666e+02
3.402639897181856554e+02
3.402639896794776746e+02
3.402639897446928785e+02
3.402639897209458013e+02
3.402639898548941346e+02
3.402639898090872634e+02
3.402639895381413453e+02
3.402639898457875347e+02
3.402639897656666221e+02
3.402639897872329584e+02
3.402639897973720622e+02
3.402639895781638870e+02
3.402639895974405135e+02
3.402639898331769359e+02
3.402639895557296654e+02
3.402639899538374380e+02
3.402639898183987839e+02
3.402639897747366717e+02
3.402639898139298680e+02
3.402639897791447083e+02
3.402639896629660825e+02
3.402639896016691523e+02
3.402639898711547062e+02
3.402639895670619694e+02
3.402639898659084565e+02
3.402639895938270342e+02
3.402639897836914429e+02
3.402639898344062885e+02
3.402639898310031299e+02
3.402639898333596307e+02
3.402639898279556974e+02
3.402639897371348070e+02
3.402639897733014891e+02
3.402639898101809308e+02
3.402639897212246183e+02
3.402639894574870709e+02
3.402639897420693842e+02
