9.860165736311741114e+01
9.822504765077594868e+01
9.818545807778542667e+01
9.856047385891004353e+01
9.820866020539716601e+01
9.839984551866292861e+01
9.845310742849159169e+01
9.828597591658073895e+01
9.829844601512610325e+01
9.837774080765002793e+01
9.812350390699396030e+01
9.804804878786164579e+01
9.823894585413945890e+01
9.805244595010672981e+01
9.835475962040813158e+01
9.818103428036857849e+01
9.809578446245241423e+01
9.817742570763573440e+01
9.818530725655466540e+01
9.862940002283271212e+01
9.836671230517801234e+01
9.861318641175115829e+01
9.822770620536364561e+01
9.840291665427285750e+01
9.808262374717459409e+01
9.809980866582357351e+01
9.832667946930176583e+01
9.841913825707014496e+01
9.838956466192136929e+01
9.841762140130720127e+01
9.833965491335830222e+01
9.837529567099961980e+01
9.842130129667646088e+01
9.808190284173707596e+01
9.812243203184000606e+01
9.855281304159854017e+01
9.820279052864007951e+01
9.806237050809711775e+01
9.833636118098145573e+01
9.825594594549374960e+01
9.801156005676892846e+01
9.826998375420065202e+01
9.796817072872249810e+01
9.838471568944993351e+01
9.856247087005074548e+01
9.829414606053022396e+01
9.833740978144298595e+01
9.822725470180171214e+01
9.846425336510746718e+01
9.844605669312039709e+01
9.835836667667378208e+01
9.830038604154071891e+01
9.825086162862346839e+01
9.856684760065381568e+01
9.848904725541518701e+01
9.822016391454975803e+01
9.856173161530529114e+01
9.848950994106451162e+01
9.855272591960870443e+01
9.827620330634361778e+01
9.839658075367931644e+01
9.811598443857759833e+01
9.868227985388578816e+01
9.839012416601063649e+01
9.869240985286273826e+01
9.863677954760913735e+01
9.855057712660523350e+01
9.886426239155251494e+01
9.857620171533085340e+01
9.851258336953004857e+01
9.877564504111212784e+01
9.838459985715759615e+01
9.832103636315814299e+01
9.833141939498152340e+01
9.841627817386488175e+01
9.824001813594645682e+01
9.841119918478597128e+01
9.886077435850644690e+01
9.818410220082573403e+01
9.862257040486313997e+01
9.847835402132170657e+01
9.800519560211439796e+01
9.855479218600110869e+01
9.848649397891153967e+01
9.843569826389246202e+01
9.836339309358902483e+01
9.833181947791160837e+01
9.854305202735027081e+01
9.862419649085427409e+01
9.849296743014092215e+01
9.840828356665348053e+01
9.870471017848672091e+01
9.823293295196447161e+01
9.821416935172810270e+01
9.855677172267679964e+01
9.844676353937950353e+01
9.838006854890079467e+01
9.826791951324139518e+01
9.896609603893200813e+01
9.838088554619163517e+01
9.853682640375940593e+01
9.828588257836482001e+01
9.865059012528841720e+01
9.817645225651570229e+01
9.833748984776643454e+01
9.816102425414085531e+01
9.809650086418854187e+01
9.847848602286649111e+01
9.811837227834560338e+01
9.819903107754339544e+01
9.803904028561640871e+01
9.807859765096007720e+01
9.859698213798981214e+01
9.810990108558299028e+01
9.808999227230282258e+01
9.801909750589821613e+01
9.829415430105314044e+01
9.824035023743505235e+01
9.843239196740570662e+01
9.827388224276177198e+01
9.855642891996490107e+01
9.832554131492020133e+01
9.876998199733417039e+01
9.835328769651982839e+01
9.844611217808801484e+01
9.830929551705736458e+01
9.837436120221137514e+01
9.851674114373729196e+01
9.804038842182920632e+01
9.837352459473254385e+01
9.828275956287312454e+01
9.873342349608390123e+01
9.807820569485424755e+01
9.851257623990044010e+01
9.845967508059213458e+01
9.846780649848777500e+01
9.845180369039267987e+01
9.858085205175736121e+01
9.853993064919927747e+01
9.862254620831845386e+01
9.823779456347979533e+01
9.830152539693794722e+01
9.829475848707066632e+01
9.786433866442479257e+01
9.815261142622540547e+01
9.852022253430131116e+01
9.846679041746324401e+01
9.835667590485631706e+01
9.827021657198770299e+01
9.854472587053072630e+01
9.850205214187474212e+01
9.851525046301856037e+01
9.844655486476271733e+01
9.836818755932073088e+01
9.840138499554996088e+01
9.867162707278930611e+01
9.834367866511489353e+01
9.843615960814115340e+01
9.833874088528034463e+01
9.836033121078725117e+01
9.867626884654089281e+01
9.856327544234288496e+01
9.851518480400851274e+01
9.863989578923762735e+01
9.847935724954224668e+01
9.862526391153123484e+01
9.870948897667562960e+01
9.883859212008660222e+01
9.862245944887986582e+01
9.834984343069167778e+01
9.845255806985278468e+01
9.830092197840183132e+01
9.850171954875524705e+01
9.875250730581090863e+01
9.812741477132186674e+01
9.884034511415387669e+01
9.816662383195364328e+01
9.820448538121185322e+01
9.860749806445790000e+01
9.835942902850304392e+01
9.839419663976620711e+01
9.814776785036393392e+01
9.853854299475345613e+01
9.826761162672342209e+01
9.845668249805650873e+01
9.813069197656854215e+01
9.836336233445386767e+01
9.858904072791409590e+01
9.841144843739630232e+01
9.849701635201508054e+01
9.813281617658138600e+01
9.843762776896757316e+01
9.834456407879845585e+01
9.811894178137778511e+01
9.832469561227917154e+01
9.808871094095418641e+01
9.841457693533970996e+01
9.829816050305066710e+01
9.839971673828000576e+01
9.855100894916989773e+01
9.822882882920363556e+01
9.869488976501027366e+01
9.868935661222401734e+01
9.832010790860300631e+01
9.856122224199054926e+01
9.860538045632439719e+01
9.849448921466309059e+01
9.837090788127233054e+01
9.841805774410384799e+01
9.848656170730345139e+01
9.850137222809867410e+01
9.842272742254071716e+01
9.877263273972577906e+01
9.841567926152106338e+01
9.828341642668330280e+01
9.850778763981729469e+01
9.868887201038485557e+01
9.846930359064351990e+01
9.843418839671096521e+01
9.819180081213312405e+01
9.823376435738776991e+01
9.830037536523771280e+01
9.859971614640329562e+01
9.839831121378813350e+01
9.806335184832261120e+01
9.828668136201820005e+01
9.825029081949655563e+01
9.835138899585739125e+01
9.874195688169072582e+01
9.856622823136343925e+01
9.865205599270689163e+01
9.876695325969944861e+01
9.837715136453175546e+01
9.830717242233646402e+01
9.816715350001810236e+01
9.819284286886322377e+01
9.874623111846653956e+01
9.827242868857042879e+01
9.820063505476582577e+01
9.820926661505758659e+01
9.840057217241223952e+01
9.814807887304827716e+01
9.830980049898219875e+01
9.819293430585237559e+01
9.825828642283686065e+01
9.814718019406718952e+01
9.816120781176091725e+01
9.846645059444712444e+01
9.884066900972787550e+01
9.855715202322328139e+01
9.875004961029948447e+01
9.825737184878438768e+01
9.822082662949939902e+01
9.834170202110878733e+01
9.828541922465704772e+01
9.831736678723331124e+01
9.807815951704935742e+01
9.831378791803497563e+01
9.831740656648258891e+01
9.839145139299829168e+01
9.834338197034848861e+01
9.864675414403139087e+01
9.850603679120355594e+01
9.885604658755393359e+01
9.850848656454876107e+01
9.845343378889729991e+01
9.832169669343154794e+01
9.884779152812124892e+01
9.865976680008539290e+01
9.808611396002656591e+01
9.830478707603312216e+01
9.844797549602890285e+01
9.839021500844823720e+01
9.829756921968305505e+01
9.847031628836316486e+01
9.834148653907728033e+01
9.831935916547433862e+01
9.844469550863964002e+01
9.837158503736291948e+01
9.815375471976572896e+01
9.820216348720948929e+01
9.778113019666521666e+01
9.833167806160982138e+01
9.865490601513310764e+01
9.834081672831565868e+01
9.829060419123830172e+01
9.864243240911336841e+01
9.887318468516092196e+01
9.842068276769829538e+01
9.831515085939658150e+01
9.846737704410470826e+01
9.876916451115431528e+01
9.837880669213552665e+01
9.822875282010291187e+01
9.842458798223252359e+01
9.852108868648032569e+01
9.873955431945448424e+01
9.845910256446762787e+01
9.786977358168491037e+01
9.809242745585288503e+01
9.848578142640695887e+01
9.850436034489058557e+01
9.830904002961646881e+01
9.814314037333492990e+01
9.838189400580307620e+01
9.850632037703650212e+01
9.851055222982841997e+01
9.813119565847186720e+01
9.825509070047888827e+01
9.840580356570177400e+01
9.842512593004242660e+01
9.847849431278073951e+01
9.809073723025706215e+01
9.814639663680573278e+01
9.856251007507439965e+01
9.847871216839031661e+01
9.838395446981407133e+01
9.869153282425897089e+01
9.834632839431542095e+01
9.842535760406799739e+01
9.854456545678887380e+01
9.869958943372427029e+01
9.871044449201822601e+01
9.841020091094475220e+01
9.826705373804877297e+01
9.869683347174274957e+01
9.860826960932759278e+01
9.855271700364583864e+01
9.901932381666527760e+01
9.823178622805239968e+01
9.844806352148653161e+01
9.854596726261604545e+01
9.857789424921845978e+01
9.831017726229985954e+01
9.837220642050719732e+01
9.817353099071097233e+01
9.842442214795731559e+01
9.844766511680069243e+01
9.838709246787510665e+01
9.839581400861085569e+01
9.871548642978012822e+01
9.847693618849467612e+01
9.828629745823526775e+01
9.860986231707732941e+01
9.865082849447681212e+01
9.868285062724298484e+01
9.835792371142461832e+01
9.830523303591269269e+01
9.868743454638196511e+01
9.857851560695333148e+01
9.832544452994549999e+01
9.844484666185105937e+01
9.856402565246379766e+01
9.825270880857976863e+01
9.832298846576820495e+01
9.814524009832665286e+01
9.857848565284257347e+01
9.832102508353882797e+01
9.837510871423688741e+01
9.804588081395313282e+01
9.826962138460920926e+01
9.848783204644792022e+01
9.871954500942632649e+01
9.789985310098724369e+01
9.835168571462234866e+01
9.824061203384660246e+01
9.850628398830217236e+01
9.856818311345874406e+01
9.817882904062417992e+01
9.836830384121911663e+01
9.846883205503975489e+01
9.875824330979735066e+01
9.851605892530648134e+01
9.805362410691286357e+01
9.813743689678157978e+01
9.835740097783332203e+01
9.841367171297979155e+01
9.832301062124385282e+01
9.824116493143543494e+01
9.826437721579266338e+01
9.856505411155130503e+01
9.843744923948320036e+01
9.843777582982802699e+01
9.812008343683375244e+01
9.838612030735534120e+01
9.817334064175976494e+01
9.833631423165176955e+01
9.832497796225372610e+01
9.845206267839164127e+01
9.830555585954409992e+01
9.844006041661172901e+01
9.826130628483213059e+01
9.842015722567475677e+01
9.857765996440666356e+01
9.824977406025118398e+01
9.817821888165873645e+01
9.858974673878135775e+01
9.859278331828132025e+01
9.832683183688334339e+01
9.847129309291091204e+01
9.822134866182358337e+01
9.856272895158154768e+01
9.855427955478342028e+01
9.842264100598090693e+01
9.814047569060858223e+01
9.844836360235153450e+01
9.872515627584037645e+01
9.878033139644622906e+01
9.824021105519163655e+01
9.823815923592952970e+01
9.847173694556256862e+01
9.838102724454402903e+01
9.840329983075703524e+01
9.827331547612777740e+01
9.850000584121589497e+01
9.825577524080260616e+01
9.836353573096749869e+01
9.858487130672675391e+01
9.836809862787072234e+01
9.829513653776713511e+01
9.843466415080335707e+01
9.831741475816225773e+01
9.804351024786539881e+01
9.835008143176933970e+01
9.853096233533239001e+01
9.847301726502651320e+01
9.813378537760705456e+01
9.815854495074660235e+01
9.832697490038664512e+01
9.829680684983541994e+01
9.857599230169712712e+01
9.834722980603076792e+01
9.847206925320462290e+01
9.855102231642848665e+01
9.847415202270586576e+01
9.847657265590392228e+01
9.842314877012540819e+01
9.819513321067024947e+01
9.816697691111005497e+01
9.840046600646383013e+01
9.842495471053014455e+01
9.827103913126073564e+01
9.822119717753308521e+01
9.880904114897769830e+01
9.830248987540907990e+01
9.848819036090434054e+01
9.847943391945860014e+01
9.829735881260656072e+01
9.828894021422981098e+01
9.844816546601640539e+01
9.839344340278448442e+01
9.844170207020557939e+01
9.852322398182020891e+01
9.834700039991194842e+01
9.852781176444851496e+01
9.831099055956450172e+01
9.813884473073635206e+01
9.821981005575575807e+01
9.827464340626421802e+01
9.880222150570614303e+01
9.825226398406982753e+01
9.802738976174380525e+01
9.827227877977168191e+01
9.848343735555631895e+01
9.832686498227762684e+01
9.845986383017856269e+01
9.830742438005468387e+01
9.858292180632020063e+01
9.850179583920659354e+01
9.899424248759379452e+01
9.846930181898638068e+01
9.799450542439552692e+01
9.864959723575280748e+01
9.851089940662787114e+01
9.857720053469914490e+01
9.862781361009244563e+01
9.834946824515115793e+01
9.839283621544723246e+01
9.809041960400374194e+01
9.826796552343323299e+01
9.851025566824064583e+01
9.845755637230830359e+01
9.885301025784103501e+01
9.844936972468907754e+01
9.851294074326625605e+01
9.837376500148216962e+01
9.847961225573055799e+01
9.808325310730735680e+01
9.841767822948095557e+01
9.840269344182998168e+01
9.841818687417254807e+01
9.844744831752289826e+01
9.844275694269698818e+01
9.827600426319537519e+01
9.842620974880161100e+01
9.843407132367212853e+01
9.851090500352620438e+01
9.815371131901463286e+01
9.845024296880109205e+01
9.868107911053141379e+01
9.852607871411534290e+01
9.820798534845584982e+01
9.836363776633216105e+01
9.848314922919119851e+01
9.789948139154596163e+01
9.831841669415756257e+01
9.845315603580276331e+01
9.821134166993859083e+01
9.814441375161892722e+01
9.882186818612014179e+01
9.884808494542396318e+01
9.845704176360993642e+01
9.831606809191886498e+01
9.847146831397492406e+01
9.833416421086035086e+01
9.843732987392638734e+01
9.848003747882114567e+01
9.873922322602601298e+01
9.840522177340471899e+01
9.858390938354057198e+01
9.804289057157762954e+01
9.821842382809381888e+01
9.836036130092567475e+01
9.838544424343255912e+01
9.847960177873369503e+01
9.819534146759723114e+01
9.822884044089148858e+01
9.834388525416518689e+01
9.831087263968949230e+01
9.847817699142753156e+01
9.812884881026862161e+01
9.849585644522387895e+01
9.844448186547749913e+01
9.847606503486225904e+01
9.847410702446991593e+01
9.848915586103028375e+01
9.848103508328652822e+01
9.839692180676621547e+01
9.846444392596355044e+01
9.855171727483052280e+01
9.846508614925672020e+01
9.828705979268205795e+01
9.860470907796003814e+01
9.847734789819379841e+01
9.838538910402148474e+01
9.826488466294686930e+01
9.832406402651882615e+01
9.867172705000768929e+01
9.856515484811212957e+01
9.862579247269697191e+01
9.850560094166722536e+01
9.831701138949183871e+01
9.859780953639993584e+01
9.864780291779347010e+01
9.851662916862805730e+01
9.890753674558739306e+01
9.837054705119318498e+01
9.858601858023911291e+01
9.837999787367618865e+01
9.864881251691133457e+01
9.869111819702170862e+01
9.850400577002841374e+01
9.850079949468634766e+01
9.893753558216793920e+01
9.828731250340906911e+01
9.837457262320178586e+01
9.827443462369141969e+01
9.850679195170692992e+01
9.841583697695706690e+01
9.862357859526019865e+01
9.834997478651676772e+01
9.840855140026918946e+01
9.843976312067603374e+01
9.785636471779264411e+01
9.829148331959477503e+01
9.855442132208416695e+01
9.822855320949879854e+01
9.841779506906880215e+01
9.830423990856438365e+01
9.858647417096382526e+01
9.857482689069377102e+01
9.857809354835971760e+01
9.877365090822424065e+01
9.848458019752196435e+01
9.803301749029505174e+01
9.830907254849989840e+01
9.854733782238072592e+01
9.829040688573785189e+01
9.843004780103071027e+01
9.861480749032246251e+01
9.830131965600162403e+01
9.837353299960462039e+01
9.866415922478275036e+01
9.858221825588469756e+01
9.866276333262153742e+01
9.827443191495059693e+01
9.829536706557337311e+01
9.838268154795950693e+01
9.818711950057432603e+01
9.822338079751409623e+01
9.821007948198730730e+01
9.825671311267699082e+01
9.863325613179343065e+01
9.846075720238046358e+01
9.854601403858659125e+01
9.836472093085926360e+01
9.820876724267399993e+01
9.818378335656269940e+01
9.836908513676119981e+01
9.809596753333801189e+01
9.851069818060278749e+01
9.832995565389397541e+01
9.818256020426099440e+01
9.852193148709515924e+01
9.842669970754002406e+01
9.826014178552354394e+01
9.864632045250573356e+01
9.819391742377241883e+01
9.811834452342867507e+01
9.822054978733103781e+01
9.861013657616395278e+01
9.797424631073768353e+01
9.830502413934961226e+01
9.850424272329259168e+01
9.812188604076332865e+01
9.830820231290533684e+01
9.848520938653258838e+01
9.818023023709095298e+01
9.854561864755635270e+01
9.829125946278445269e+01
9.843734050553132420e+01
9.825263962761592040e+01
9.803502881261330515e+01
9.855207031984117805e+01
9.842153084868964186e+01
9.791366734792028126e+01
9.809814293869565915e+01
9.841128557643430952e+01
9.840709240022016502e+01
9.840524682744079144e+01
9.842683685083035527e+01
9.845723615596848788e+01
9.807945927096585592e+01
9.838163737274730636e+01
9.854633878331759433e+01
9.852360199092716186e+01
9.798630020506477933e+01
9.878236147805542089e+01
9.826356298567628755e+01
9.853087543494616796e+01
9.895665802190028160e+01
9.846658189013459150e+01
9.841668805054547420e+01
9.883428238269016219e+01
9.809220307890190327e+01
9.853381371584902126e+01
9.843364753364892294e+01
9.843492125704092643e+01
9.825423348499651865e+01
9.860589289704743976e+01
9.861125788841599160e+01
9.844315250593678002e+01
9.855997114944911175e+01
9.846229398421040457e+01
9.849650599868012080e+01
9.840221283334504676e+01
9.837853220379678021e+01
9.813035142345790973e+01
9.830648153223228292e+01
9.827433868843462506e+01
9.809888159381061712e+01
9.842850376825917635e+01
9.814127686909836257e+01
9.853430570618480999e+01
9.842233211809526949e+01
9.849435948700556764e+01
9.839388606445675123e+01
9.857759934173157035e+01
9.841527379065679781e+01
9.872067689077736929e+01
9.866191806890880400e+01
9.840498629127193908e+01
9.864307269560913483e+01
9.820637084506681447e+01
9.861373962168040919e+01
9.847302292879614072e+01
9.846372877473139340e+01
9.854073663631174895e+01
9.823211036700332954e+01
9.845399209550224384e+01
9.815601936116176773e+01
9.841258252558476727e+01
9.831604056210314013e+01
9.870064725546292550e+01
9.818275405858635452e+01
9.826603235199320352e+01
9.834250332306315556e+01
9.868378137429003516e+01
9.853992548603616797e+01
9.869365945396799589e+01
9.830063554585251495e+01
9.819879872749869776e+01
9.844689072233410343e+01
9.830891052570029842e+01
9.841237689906444075e+01
9.849384873932068274e+01
9.841394912777894888e+01
9.826649538139696460e+01
9.842062405706666084e+01
9.832367090001393706e+01
9.847286967960802428e+01
9.857769116756691119e+01
9.822570100383815372e+01
9.838076832264344773e+01
9.816480369279121021e+01
9.866976413826387216e+01
9.837741981055722817e+01
9.854077027953921686e+01
9.878994297923513557e+01
9.844938146896843989e+01
9.848377774669222617e+01
9.831485537479096593e+01
9.845178612781234051e+01
9.830216689851495460e+01
9.856888614978531393e+01
9.830668837398128801e+01
9.842504170685019460e+01
9.848294008562429269e+01
9.840521751213691459e+01
9.845648601322493221e+01
9.859968160464130449e+01
9.835726749995420448e+01
9.834717891814246116e+01
9.835012410254016402e+01
9.827489066713367549e+01
9.822214107972121155e+01
9.845111122147314120e+01
9.858807022104946327e+01
9.835956606329641261e+01
9.848891790429912874e+01
9.854244466665234370e+01
9.824825786318818643e+01
9.816311356094486484e+01
9.829526659563600788e+01
9.836541084021568793e+01
9.830431374943718481e+01
9.830291208207991360e+01
9.846085611007897853e+01
9.867612122956431620e+01
9.882520473271019057e+01
9.815155163120709858e+01
9.850254377563699393e+01
9.852169223289449462e+01
9.827850620198738341e+01
9.826715027145918668e+01
9.808363467319350093e+01
9.823245102391844341e+01
9.809418307601788456e+01
9.867382147412301663e+01
9.837529178016693265e+01
9.865740028794313332e+01
9.807051542844963876e+01
9.839080006913754062e+01
9.822540046614595610e+01
9.836909471763975432e+01
9.826846355498499008e+01
9.857060722477592662e+01
9.841206571279928994e+01
9.811576228850462655e+01
9.853266088667413669e+01
9.846530173909518169e+01
9.830591855650226307e+01
9.837549839235896343e+01
9.819103425368570015e+01
9.801852723920633537e+01
9.846814970158840197e+01
9.836114780772095401e+01
9.811293508799825247e+01
9.794219526114903829e+01
9.839623503641574587e+01
9.852763524396870309e+01
9.848716918445335011e+01
9.837034960077812684e+01
9.859590084731057402e+01
9.862581965059261790e+01
9.838678556153580246e+01
9.832398034687190602e+01
9.876675336633542202e+01
9.856492011426541922e+01
9.858175418497681619e+01
9.835022522811458145e+01
9.846579334917551307e+01
9.814467135943401388e+01
9.861728108122537151e+01
9.857280812476574283e+01
9.869346406650872439e+01
9.810428255421351196e+01
9.861589488450188412e+01
9.810818959924438332e+01
9.858925963644414026e+01
9.843786907875794157e+01
9.829818420894309838e+01
9.850774855541470743e+01
9.843401301078603183e+01
9.836365493242745117e+01
9.822346941568258671e+01
9.864412093870346609e+01
9.861480001509028170e+01
9.869611306725731481e+01
9.848817334427388914e+01
9.811312073990791305e+01
9.840927080832203444e+01
9.846086297611002180e+01
9.839450028785201141e+01
9.871532660535974912e+01
9.835031639680163096e+01
9.803060546456879365e+01
9.857564870531922452e+01
9.865802900233757100e+01
9.857858155973349312e+01
9.857349739625654195e+01
9.872916075272888747e+01
9.864327730953577600e+01
9.860218061509264942e+01
9.865401638688668129e+01
9.855948465847866657e+01
9.857193675744770189e+01
9.840200524741827337e+01
9.849767811304413101e+01
9.831727939968999408e+01
9.875272548219670909e+01
9.838240716741715630e+01
9.848083405136850388e+01
9.833219700498113980e+01
9.866475886674162155e+01
9.838865323854156486e+01
9.845864071093653536e+01
9.828491120877748699e+01
9.825764441922454751e+01
9.881153548939268205e+01
9.860414810298306065e+01
9.833130749701672357e+01
9.840115331295443468e+01
9.860438514137952382e+01
9.836991620571238570e+01
9.841876220988915236e+01
9.863980690081045566e+01
9.864002454234126560e+01
9.850522200984852361e+01
9.850031440288309170e+01
9.864000340003309475e+01
9.863565860491125648e+01
9.867506808295451037e+01
9.865265971145770152e+01
9.861659733784476600e+01
9.859208862132599904e+01
9.846053260574241506e+01
9.828612806116250056e+01
9.847376397350467414e+01
9.838291528210136505e+01
9.842901074745471135e+01
9.849442265471013513e+01
9.846333511985294251e+01
9.821259019765979303e+01
9.821141625557801547e+01
9.828010986132829885e+01
9.849848745560437635e+01
9.839269803154193994e+01
9.852482249139295334e+01
9.843393580971310541e+01
9.823424214026805146e+01
9.861450413078226518e+01
9.836140708729760718e+01
9.837403556010963257e+01
9.806221244270984982e+01
9.845323636093932862e+01
9.850822786231907457e+01
9.863225519112654638e+01
9.866649972791965695e+01
9.833070565311089695e+01
9.832202049444065040e+01
9.820435094899556816e+01
9.822086580193477801e+01
9.859830171638793672e+01
9.843457993439467657e+01
9.851083548737761930e+01
9.849098342909604753e+01
9.841699517638350869e+01
9.813751504374602064e+01
9.874315386462365041e+01
9.874679514473939435e+01
9.863877606192926351e+01
9.830941872256870795e+01
9.837416808012555691e+01
9.851385449250602733e+01
9.850045918791578003e+01
9.865994084124133678e+01
9.861631364944423694e+01
9.826209052365067009e+01
9.865866400022279947e+01
9.832666219011453279e+01
9.827736676085937972e+01
9.851471010038021348e+01
9.841385588787790084e+01
9.867831114363571032e+01
9.844147988438201935e+01
9.836661987221623349e+01
9.822903495163198784e+01
9.866736112229693845e+01
9.831747484819419469e+01
9.835649348262391811e+01
9.837264002320632983e+01
9.871412781958180460e+01
9.875712242190483892e+01
9.839943729831361452e+01
9.874396534123110314e+01
9.847768298599051207e+01
9.870926306392131266e+01
9.864908474507062408e+01
9.828063009785812199e+01
9.847005262991429220e+01
9.815419723088906778e+01
9.857751823074443109e+01
9.824171217769897169e+01
9.840793237981945651e+01
9.831907844453046152e+01
9.857338293027250131e+01
9.846628655176739642e+01
9.804531834275265112e+01
9.821354846822339368e+01
9.852323684367127044e+01
9.874152826854822251e+01
9.855496014611917133e+01
9.817028123825197383e+01
9.845762007682975536e+01
9.834087408192557689e+01
9.784345766937222777e+01
9.813767270537154275e+01
9.848450854534335974e+01
9.847899628150047135e+01
9.841796176273390984e+01
9.830569820108344459e+01
9.842751281628416393e+01
9.852730399654497262e+01
9.881920966234649484e+01
9.843490768921816425e+01
9.848838101169422998e+01
9.824316837143651071e+01
9.861272428059548645e+01
9.845714948653665033e+01
9.869227744871879793e+01
9.858082520667348092e+01
9.859532467564218905e+01
9.872533197845677932e+01
9.852255367724573887e+01
9.845999099154136047e+01
9.884591668204821246e+01
9.872054296132131412e+01
9.871429691326410705e+01
9.879548435339400214e+01
9.856603981209214282e+01
9.835579823332086846e+01
9.827498344157199028e+01
9.861420990623871319e+01
9.821855486605558383e+01
9.795706705279830828e+01
9.828307802074552058e+01
9.835697817476112448e+01
9.822715704947084703e+01
9.840642118115147241e+01
9.851368589642049756e+01
9.868066173262326402e+01
9.847746531401998027e+01
9.855825466831703352e+01
9.858013998448279835e+01
9.829990563966100581e+01
9.837652900063369543e+01
9.870078443725780915e+01
9.848109316976672289e+01
9.834412856348502885e+01
9.843292381603306751e+01
9.818526295355320599e+01
9.798732557543502253e+01
9.854819466539009909e+01
9.846748756626790566e+01
9.866969232942032875e+01
9.854551917990778520e+01
9.863897749490588751e+01
9.855254972905800059e+01
9.832409941802394826e+01
9.858898371640079006e+01
9.850748149689538025e+01
9.892172442703748914e+01
9.873962372616557559e+01
9.888269291951172590e+01
9.883399496659075112e+01
9.874801092255654567e+01
9.845935863748702843e+01
9.847624477052796976e+01
9.829387733938055760e+01
9.864324118603492764e+01
9.840734842067611510e+01
9.826571349115340581e+01
9.833879844800537740e+01
9.833981385418348964e+01
9.843336750099039989e+01
9.819679166279006211e+01
9.851652171979377215e+01
9.841454944083311318e+01
9.876698297139553517e+01
9.847988866733824409e+01
9.840051602126318642e+01
9.881474035688091817e+01
9.856026320106934691e+01
9.846859025681108335e+01
9.860149120210117246e+01
9.842390907225676244e+01
9.864787727687770769e+01
9.879834553421450494e+01
9.826644466369167219e+01
9.850286164756285245e+01
9.812145458149355193e+01
9.812462150399765903e+01
9.822770963917604092e+01
9.821878904698951374e+01
9.841667382486549798e+01
9.830794037270707975e+01
9.844132648593533474e+01
9.874921216452646888e+01
9.841736033119320837e+01
9.866870533823579592e+01
9.831962697184525268e+01
9.846013296422445649e+01
9.842984403767933088e+01
9.837528525267099155e+01
9.829072362716392774e+01
9.825660319618964422e+01
9.818044922315378642e+01
9.821990013769105587e+01
9.850060235045968682e+01
9.840119663783936232e+01
9.844408096036976019e+01
9.836926849015584651e+01
9.813400036153136341e+01
9.846212559953561083e+01
9.840084528493633798e+01
9.857205091176682288e+01
9.828000943634567932e+01
9.870473988296937762e+01
9.842025268409871330e+01
9.839011006809329274e+01
9.839416612638926551e+01
9.873970144554458273e+01
9.878139787210209022e+01
9.858561264645895506e+01
9.874112057858171454e+01
9.842654002686320780e+01
9.846481032787288257e+01
9.851160110227549183e+01
9.850274510937153138e+01
9.846310399329685481e+01
9.847911679401630636e+01
9.860600479872412905e+01
9.842313945822873222e+01
9.862523744803576164e+01
9.864445512759034784e+01
9.868474674574740391e+01
9.891999899570350863e+01
9.835523587771557175e+01
9.863439178162786902e+01
9.888067967392827029e+01
9.801328287788210503e+01
9.854829336946575324e+01
9.843347798208050392e+01
9.846647596667180835e+01
9.881518669798964538e+01
9.853617065098819694e+01
9.869693734577741395e+01
9.833534497873176861e+01
9.816988745635025282e+01
9.831325698893367360e+01
9.852159836990193753e+01
9.875617704552462328e+01
9.852346811164841256e+01
9.812649560122376613e+01
9.852772510649695903e+01
9.834069562097404571e+01
9.837272959460743493e+01
9.857722285448483035e+01
9.857583514631051003e+01
9.826383121072171889e+01
9.821573938400548798e+01
9.836643998629439523e+01
9.840501705272869515e+01
9.864648790213355767e+01
9.852735932854277223e+01
9.834962471413508922e+01
9.802707540858949642e+01
9.822820916779846812e+01
9.843762080002687753e+01
9.814265764005847359e+01
9.818951152899786905e+01
9.822366373782465132e+01
9.819238524442425842e+01
9.832571317119031562e+01
9.835755770342370852e+01
9.843950179041466697e+01
9.837867146142662023e+01
9.795338713833143629e+01
9.826977847549902378e+01
9.860748322795200238e+01
9.814689207551703021e+01
9.840991026690761601e+01
9.850543310271420694e+01
9.897003209979546057e+01
9.847717862789009757e+01
9.831802331279595819e+01
9.822282429466906706e+01
9.859315076131559863e+01
9.883525289398244240e+01
9.872561903331461508e+01
9.848991277011663215e+01
9.875382777838474624e+01
9.858474894017024326e+01
9.836503783106957144e+01
9.838379632154779131e+01
9.822845250323086930e+01
9.859466442749193504e+01
9.818536095462388857e+01
9.850476076354031818e+01
9.822159404349012846e+01
9.834886018812780151e+01
9.845105396303553391e+01
9.847746010905855485e+01
9.871936356308764005e+01
9.861772753936322999e+01
9.820441469182293304e+01
9.828807285262348614e+01
9.841747565388222085e+01
9.836360161487334608e+01
9.854152067225548706e+01
9.841922134314440029e+01
9.847015137524577710e+01
9.848414187175262668e+01
9.834498063323225381e+01
9.856425589942749355e+01
9.840658216533300617e+01
9.838931719348845206e+01
9.879734005944085595e+01
9.837935729599672641e+01
9.854834391639671765e+01
9.853994396109862919e+01
9.803345255021419291e+01
9.852069016894124331e+01
9.858962676655835367e+01
9.861865895454120334e+01
9.832219331253962480e+01
9.847519975508856760e+01
9.838010439233472937e+01
9.829156625291194871e+01
9.853608053958430446e+01
9.836966390093228085e+01
9.859260955273988714e+01
9.835176286219883934e+01
9.840853806335094589e+01
9.830539740116959990e+01
9.868871774937991859e+01
9.866013240514166682e+01
9.845312574126012350e+01
9.868141536180218054e+01
9.871306510917183630e+01
9.880329927963883563e+01
9.857166299048331837e+01
9.842544488031715844e+01
9.857448555545364854e+01
9.834528830020865087e+01
9.840688027876556987e+01
9.876871002653057019e+01
9.825536093880661781e+01
9.851072807423962274e+01
9.838252484674052312e+01
9.837540699925857268e+01
9.823120472370273148e+01
9.873953499833059766e+01
9.860705153067205231e+01
9.885045411674344962e+01
9.881225217524477955e+01
9.856578682006671954e+01
9.848500748155207418e+01
9.835471524850065350e+01
9.880618417192097525e+01
9.878335415209842552e+01
9.846470382879140004e+01
9.828776126773716726e+01
9.840561244681352093e+01
9.843109006506784908e+01
9.847542497042428522e+01
9.850343496027323908e+01
9.822084062434640828e+01
9.830860095592764480e+01
9.874594858141050224e+01
