2.862840984113371974e+02
2.862021168288812873e+02
2.862334914535738335e+02
2.862521298042647118e+02
2.863538563508815855e+02
2.862848568698721579e+02
2.862965427273036880e+02
2.863475003951208464e+02
2.863319760029944518e+02
2.863671328222008583e+02
2.863553192514688703e+02
2.863625901787231101e+02
2.863765692792920277e+02
2.864592769204467118e+02
2.865261880704711075e+02
2.864440727698061551e+02
2.864598524562647981e+02
2.864435286470861115e+02
2.864642394668866814e+02
2.863057383508787552e+02
2.862916662449180194e+02
2.861979701132207197e+02
2.862876810438982034e+02
2.862993485283498103e+02
2.863578444645793866e+02
2.865410620330437155e+02
2.864278639248287277e+02
2.863198065446842406e+02
2.862392780214225354e+02
2.862372767896246728e+02
2.863425929690932890e+02
2.863017694435481530e+02
2.863724080842322905e+02
2.863283999401532469e+02
2.864195274932163215e+02
2.863889193206019286e+02
2.862725958892185076e+02
2.863970012698318897e+02
2.863881847625978594e+02
2.864229246638741984e+02
2.863837635256484191e+02
2.864124560759560723e+02
2.865063213982151069e+02
2.864385374896532426e+02
2.862914499272821445e+02
2.862953133558937111e+02
2.862535026085038226e+02
2.863274899961274400e+02
2.863696626052889656e+02
2.863900437764705202e+02
2.863818268839134475e+02
2.863270235277901179e+02
2.862883107284125686e+02
2.863038264491339078e+02
2.862823032339681504e+02
2.863612785656491155e+02
2.863774740158257259e+02
2.863242330403383562e+02
2.862133435473436975e+02
2.863013845529647483e+02
2.862668569969848136e+02
2.863355172968326201e+02
2.862688249029108079e+02
2.862394671619981636e+02
2.862078070347042171e+02
2.862216903496444047e+02
2.862228377325096176e+02
2.861116252547682279e+02
2.861910494817244057e+02
2.862846882310389560e+02
2.861923088825776063e+02
2.862380140658998471e+02
2.862246266480548798e+02
2.862786913582515922e+02
2.862891352389831923e+02
2.863052960525896538e+02
2.863116471215045067e+02
2.862294256439909645e+02
2.862605225921925580e+02
2.861998286503285271e+02
2.862347740820901549e+02
2.862849245934388023e+02
2.863262832706865879e+02
2.861723676692417939e+02
2.861862364397750298e+02
2.862165676033178556e+02
2.862464173113323227e+02
2.862203676054737684e+02
2.861820169939724678e+02
2.861783905540121964e+02
2.862211827535959969e+02
2.862305635183047343e+02
2.862789434134354565e+02
2.862366608997227786e+02
2.862855089475769432e+02
2.862461240604438899e+02
2.863040884332378369e+02
2.862706512614652183e+02
2.861461764389027280e+02
2.861719957501972544e+02
2.861822020960282202e+02
2.861629026927959671e+02
2.862506287327491918e+02
2.863879836461070454e+02
2.863941494800941996e+02
2.863689758004702526e+02
2.863708127081032444e+02
2.863753895475020386e+02
2.863063973858663189e+02
2.864241031748546220e+02
2.864287204841356242e+02
2.864605506137453972e+02
2.863580616963812417e+02
2.864134156044988799e+02
2.864224376391132978e+02
2.863576764622679889e+02
2.864149078055658606e+02
2.864000186669906611e+02
2.862921381486078758e+02
2.862183595919576078e+02
2.862665363113927128e+02
2.862257625498448306e+02
2.862283887466693955e+02
2.861846374433019378e+02
2.862336589587567346e+02
2.862973048250905208e+02
2.862221643301624567e+02
2.861899261182487066e+02
2.862351060406329566e+02
2.863548998242687844e+02
2.862426666448353103e+02
2.861415796429724310e+02
2.862902646248637097e+02
2.862745709528176690e+02
2.862291161026670920e+02
2.862012780288746967e+02
2.863048355607597273e+02
2.862579821025006481e+02
2.861987387400563421e+02
2.861852494388913328e+02
2.861919867604649426e+02
2.862717845747670822e+02
2.862290146686497678e+02
2.863747392371562910e+02
2.864604998072813373e+02
2.862456642997328800e+02
2.861685051043389763e+02
2.862981943241669569e+02
2.862852352890255361e+02
2.861386931339697526e+02
2.861989814370493832e+02
2.861850515436993874e+02
2.862162025224054673e+02
2.862533882889110259e+02
2.862772568941974782e+02
2.862111452667889466e+02
2.862225951653032894e+02
2.861974815465470670e+02
2.861982028412440400e+02
2.861039718901074593e+02
2.860811708243948601e+02
2.861072405288639970e+02
2.861671490922264525e+02
2.861530144366741411e+02
2.861696711690228199e+02
2.861718631745609400e+02
2.861911742150941791e+02
2.861116504655523727e+02
2.861016604926527975e+02
2.861868156944012185e+02
2.862595647457404198e+02
2.863476614859947631e+02
2.862496071458950269e+02
2.861406496735404517e+02
2.861752018814929102e+02
2.860885600816495185e+02
2.861660470857993346e+02
2.863048730866890423e+02
2.862209484194268612e+02
2.862170349454927987e+02
2.862209602667424519e+02
2.862534261958970774e+02
2.863241242216106457e+02
2.862318690449539531e+02
2.862255685742576929e+02
2.863142833464634691e+02
2.863191485024244116e+02
2.862723184244237018e+02
2.863660445919799145e+02
2.862712435147541896e+02
2.862816535230263639e+02
2.863574840552388991e+02
2.862253264115130946e+02
2.863369930878931768e+02
2.863659151632992348e+02
2.864140958104674723e+02
2.863833519950899813e+02
2.862999542490655926e+02
2.863114087644688084e+02
2.863131143142845190e+02
2.862637781658415861e+02
2.862619028509714099e+02
2.862090673625303907e+02
2.862226995370126019e+02
2.862490864439388929e+02
2.862101655017441999e+02
2.861518570216452986e+02
2.862042096844539287e+02
2.862729990273111298e+02
2.862540028637664591e+02
2.862371698879816222e+02
2.862192927586527276e+02
2.861544597552329492e+02
2.861389140393350203e+02
2.861326708679060289e+02
2.862193681654763964e+02
2.861548589852324653e+02
2.862056907127368390e+02
2.861970453894426214e+02
2.862952241764305086e+02
2.862866818948590435e+02
2.863290709819253834e+02
2.862045590804520998e+02
2.862141371456628463e+02
2.863660313819196404e+02
2.863254757985620813e+02
2.864296616951326655e+02
2.863233694529579338e+02
2.862918410061537884e+02
2.861449941819581113e+02
2.861809506211804432e+02
2.861416907767107887e+02
2.861563720997092446e+02
2.862883891339346292e+02
2.863628895162630101e+02
2.863504159684623005e+02
2.862926308367290744e+02
2.861658659916149645e+02
2.862014637090724705e+02
2.862652012001724984e+02
2.862586004686483534e+02
2.862798132579445678e+02
2.863562978414701661e+02
2.863608612255547428e+02
2.863436606242098605e+02
2.864551479612343314e+02
2.863701776911248658e+02
2.862867119673636012e+02
2.861775756100301464e+02
2.860577181122988009e+02
2.861734479111563019e+02
2.862688283770701219e+02
2.862380856933056634e+02
2.862408936580414434e+02
2.862705333784624031e+02
2.862378782683136365e+02
2.862458015270435112e+02
2.862786786998043453e+02
2.862255549081501727e+02
2.861399615820932922e+02
2.861919811283197532e+02
2.861000672293739058e+02
2.861070051333322795e+02
2.861282850068715220e+02
2.862452932110127790e+02
2.861954762433867359e+02
2.862941239869647916e+02
2.861771740272401985e+02
2.862131463252522963e+02
2.861925266252367805e+02
2.862529088443558862e+02
2.862394803785035151e+02
2.862849678645852123e+02
2.862802459563752677e+02
2.862070828637181990e+02
2.862582966764755952e+02
2.862225387966100811e+02
2.861952992886501193e+02
2.862307080970246602e+02
2.862069365862151926e+02
2.862650886109445310e+02
2.864014331185201740e+02
2.864254307354269713e+02
2.862372705687004100e+02
2.861981999896171374e+02
2.862215052349172879e+02
2.862440974154844753e+02
2.862010542404596549e+02
2.861946717609332609e+02
2.862960908087785015e+02
2.862576801113592069e+02
2.862558699496244117e+02
2.861967939901566638e+02
2.863823109798515247e+02
2.864113923041970224e+02
2.862617384954892259e+02
2.861380370926366368e+02
2.861598344914179393e+02
2.863048672302622890e+02
2.863314378307552488e+02
2.862305693270548090e+02
2.861111434893892351e+02
2.862145712064660188e+02
2.862057583825757661e+02
2.862580100857221055e+02
2.862567110636646817e+02
2.861940041813418816e+02
2.862569193595848560e+02
2.863065973095736467e+02
2.862181917689449051e+02
2.861808946734442429e+02
2.862351961319949964e+02
2.862477791544285424e+02
2.862640331143496155e+02
2.862417215084963686e+02
2.862055196211294970e+02
2.861910180886222861e+02
2.861379927918362682e+02
2.861635370753820666e+02
2.861945003712774565e+02
2.861809427390144265e+02
2.861696760373699817e+02
2.861177550087684835e+02
2.861048704593836192e+02
2.861090162494211313e+02
2.861592453753714267e+02
2.861214621315743329e+02
2.861228311749707132e+02
2.861036504381390841e+02
2.860618037726485454e+02
2.861863303424618721e+02
2.862481380250475240e+02
2.862470675302171799e+02
2.862308482724715191e+02
2.862238673934755866e+02
2.862253997403532821e+02
2.862153045749767557e+02
2.861876415987724727e+02
2.862645314278527735e+02
2.862608468620874191e+02
2.862115376030877201e+02
2.862737955924291668e+02
2.862992030362109404e+02
2.862413638261826350e+02
2.861058947959165266e+02
2.861687593019625524e+02
2.862495153278982798e+02
2.862534156207951810e+02
2.862415002390060295e+02
2.861028164731431502e+02
2.862578285049071383e+02
2.863119952315207115e+02
2.862486170077681322e+02
2.862472619050626008e+02
2.862951251314819956e+02
2.862579273923269625e+02
2.862429774086958219e+02
2.862036225767652695e+02
2.862101109540390667e+02
2.863032449211005428e+02
2.863176921235861982e+02
2.861402446349754314e+02
2.860659645319263404e+02
2.862323155325991024e+02
2.862080769707662853e+02
2.862643388909347664e+02
2.861855274026564757e+02
2.862574835866548710e+02
2.862836248567234065e+02
2.861942463574326325e+02
2.862506327985042276e+02
2.861498461096442156e+02
2.861019646238869427e+02
2.862326277329327695e+02
2.864103992406482462e+02
2.862691510602691665e+02
2.861915946220950104e+02
2.862435526157808567e+02
2.862062697655037482e+02
2.861628860048386969e+02
2.862380887642483458e+02
2.862295786179769834e+02
2.863011081447748438e+02
2.863004187971273495e+02
2.862224189543420039e+02
2.862521856453726627e+02
2.862909919645786090e+02
2.862434862490335945e+02
2.862282897023841883e+02
2.862688543904166067e+02
2.863029364963134071e+02
2.862388119760689165e+02
2.862235652793258396e+02
2.861762594149299161e+02
2.860623959566669896e+02
2.862655796753448385e+02
2.862731472835726549e+02
2.862338776231480892e+02
2.862459579510317553e+02
2.862276129251454222e+02
2.862675574934305018e+02
2.861645021903145221e+02
2.862507698516001255e+02
2.861605331881647203e+02
2.862545416337134725e+02
2.862420463203641816e+02
2.861976497669970172e+02
2.861732788289953078e+02
2.862071330688960984e+02
2.863216492642698654e+02
2.862390835435988947e+02
2.862300698636245784e+02
2.862811856696202994e+02
2.862611084034527948e+02
2.862523488510519769e+02
2.862635883505537890e+02
2.863198185105997595e+02
2.862940375927059335e+02
2.861794964094224270e+02
2.861822875850643300e+02
2.863408400778718601e+02
2.863159312114978547e+02
2.862622443847218392e+02
2.862452245219367342e+02
2.863036203123597261e+02
2.863435942201797957e+02
2.863630945585587710e+02
2.863635626599976263e+02
2.862841255694336837e+02
2.863958405915603294e+02
2.862669771190666097e+02
2.862218690698463774e+02
2.863067046310227965e+02
2.861732404876445912e+02
2.861811309890163670e+02
2.861619705719653552e+02
2.862164032846452528e+02
2.861844213959893750e+02
2.862007872419473529e+02
2.862210504439853480e+02
2.860932045189607038e+02
2.862286788779804851e+02
2.862468109716874665e+02
2.861658873166342687e+02
2.862359726785256839e+02
2.862325840780342219e+02
2.863272824826895544e+02
2.863704092412828572e+02
2.863963084437157818e+02
2.863411723543603102e+02
2.861886566140265700e+02
2.862397940962010239e+02
2.862189242419067909e+02
2.861704186028436538e+02
2.862585929965987930e+02
2.862115011639420459e+02
2.861882848811653162e+02
2.863769159643144349e+02
2.863046536722427504e+02
2.863369882876319252e+02
2.863097874614585976e+02
2.863951356305880722e+02
2.864628289850143688e+02
2.863163978336404512e+02
2.863060601575036799e+02
2.862280777289235516e+02
2.862481164168622740e+02
2.861747402354174028e+02
2.861434831858474013e+02
2.860494235388408129e+02
2.861394678541783492e+02
2.862549093648451048e+02
2.862789148734624973e+02
2.862201168742930690e+02
2.862762779535865434e+02
2.861876899444311562e+02
2.862785220249560325e+02
2.862727999914932866e+02
2.862313481936158723e+02
2.862142299249873645e+02
2.862412415697942265e+02
2.861483207013600349e+02
2.861605555329916228e+02
2.861870833416075470e+02
2.861809484656120048e+02
2.862789468065391247e+02
2.862416063223648166e+02
2.863411398670851895e+02
2.862512717713910320e+02
2.861934545966885253e+02
2.861964483872429810e+02
2.861853340472707146e+02
2.862435004772452771e+02
2.862245454539228717e+02
2.862001295213116805e+02
2.863105826346473464e+02
2.863775171381417408e+02
2.862909758905778403e+02
2.863482750370276335e+02
2.862330983187083575e+02
2.861763292350916004e+02
2.862643557678939601e+02
2.863220054286167056e+02
2.863268245381912038e+02
2.864063780713524352e+02
2.863404536172894836e+02
2.862206365947367317e+02
2.862130739373247366e+02
2.862670304199627935e+02
2.861457176654230352e+02
2.862024076766472263e+02
2.862618335035228938e+02
2.861854858928556951e+02
2.861855839966579538e+02
2.862346298841890189e+02
2.862226786738645501e+02
2.861897976973714322e+02
2.861839755232626885e+02
2.861302351675922750e+02
2.861304872892195021e+02
2.861866993836546271e+02
2.862697708630549300e+02
2.862444848148454639e+02
2.862095667940979524e+02
2.862190472517510784e+02
2.863106822383966232e+02
2.863578901734836677e+02
2.863517552172144747e+02
2.862579008387179442e+02
2.862085051583470090e+02
2.861511805582156285e+02
2.861816121258179351e+02
2.861626816959683879e+02
2.861921131445724313e+02
2.861527436962707611e+02
2.861854260234474054e+02
2.862082496543651473e+02
2.862892213445258562e+02
2.862999751861360096e+02
2.862390261064510355e+02
2.862878806205589513e+02
2.863244563751811143e+02
2.862428365131057717e+02
2.862241408179375526e+02
2.862815009640667085e+02
2.862856792431011286e+02
2.863134835080200560e+02
2.862776493704207610e+02
2.861834319959984896e+02
2.861446834354491102e+02
2.861183197194544050e+02
2.862407616954633340e+02
2.862580568519439908e+02
2.861792438378395786e+02
2.861238268459400729e+02
2.862486064966835215e+02
2.861648018319895641e+02
2.860565595542158235e+02
2.861098940221496605e+02
2.861876433952917296e+02
2.860909277493200875e+02
2.861862515226886785e+02
2.861961282983850765e+02
2.860966765266826997e+02
2.861744821699407453e+02
2.862026893458560153e+02
2.862783025055036319e+02
2.862080688149504226e+02
2.862522311445847549e+02
2.861886048399049400e+02
2.861966561456447948e+02
2.861862361245599118e+02
2.861889711413956547e+02
2.863435670386415950e+02
2.862487977908763810e+02
2.862944536042955974e+02
2.863120294277755420e+02
2.862930296076015679e+02
2.862322048956302751e+02
2.862218039434591788e+02
2.862058871744142721e+02
2.861847794326686198e+02
2.860614039973019089e+02
2.860777414786852546e+02
2.861858067762664746e+02
2.862162328418647235e+02
2.862381963926092681e+02
2.862582772215142768e+02
2.860887944184190133e+02
2.861199621823670327e+02
2.862032472330450332e+02
2.862010220044917901e+02
2.861580423743985193e+02
2.861821060631963292e+02
2.861538722629414906e+02
2.861932681467205271e+02
2.861476922258137847e+02
2.862044165329225507e+02
2.862159789240870964e+02
2.862638186200949235e+02
2.863271402392370533e+02
2.862974971671360436e+02
2.861779552035775964e+02
2.861896256539507704e+02
2.861961625377227847e+02
2.862541511628215858e+02
2.861525260467789735e+02
2.862981174570532517e+02
2.863160861705648585e+02
2.862548731726251958e+02
2.862286332188378424e+02
2.862141846621386208e+02
2.863427876313325555e+02
2.863107481144760982e+02
2.862394885569433427e+02
2.862792746521564027e+02
2.863326261220477704e+02
2.863046614739128586e+02
2.862957766392409553e+02
2.863119564273123956e+02
2.861931333826709647e+02
2.862924838257281976e+02
2.863292143952446054e+02
2.862534624528092877e+02
2.862017473326176855e+02
2.863472408988868096e+02
2.862502704033417444e+02
2.862735463778680582e+02
2.862805452670124282e+02
2.863605908157890667e+02
2.862732076751358363e+02
2.862959003701938059e+02
2.863414334949828230e+02
2.863623248714444571e+02
2.862428427850524599e+02
2.864083718337862479e+02
2.864155597229354839e+02
2.863439061989371908e+02
2.863319955628386992e+02
2.862971471026770018e+02
2.862072467616517883e+02
2.862537046115832595e+02
2.862480946334085274e+02
2.863125944184738501e+02
2.862450588407659779e+02
2.862259302028597290e+02
2.862748698123288591e+02
2.862646269248323847e+02
2.862336671605611969e+02
2.862480306330627968e+02
2.861407668712080863e+02
2.861164350085337560e+02
2.862275362954740672e+02
2.862151379036997128e+02
2.862614388199827431e+02
2.862290714035072483e+02
2.862483189100932464e+02
2.861297194624967801e+02
2.862459773185177028e+02
2.861025029120783643e+02
2.861427023878639488e+02
2.861406080607416129e+02
2.861855041539686226e+02
2.862223805182676983e+02
2.861281873676218197e+02
2.863004863239302153e+02
2.861789498790888047e+02
2.862433766180940324e+02
2.862135912544796383e+02
2.862588072180556651e+02
2.861967649799552760e+02
2.862397054072764604e+02
2.862845391900872869e+02
2.861906152647560475e+02
2.861934128100012344e+02
2.861947615736942794e+02
2.862344004561462043e+02
2.862476684075148228e+02
2.861918308799557167e+02
2.861507212548070243e+02
2.860692707780332853e+02
2.862115400192352581e+02
2.861525941603855472e+02
2.861902437878314345e+02
2.862612106893184318e+02
2.861814941141954591e+02
2.861175262591811475e+02
2.861886131292077948e+02
2.862773802123620044e+02
2.862443147325509472e+02
2.862809944871688117e+02
2.862501704906748614e+02
2.862992028069215280e+02
2.861626966705652535e+02
2.862303599930935434e+02
2.862239802345200701e+02
2.861796979219343484e+02
2.862313435456161415e+02
2.862340920233522752e+02
2.862981030363271202e+02
2.862177569941839010e+02
2.863050852156218298e+02
2.862958154595824567e+02
2.862485325534232175e+02
2.862394801502051678e+02
2.861933226434456969e+02
2.861610676727887608e+02
2.862540406058755025e+02
2.862996282813069229e+02
2.861743100061154905e+02
2.861696575406495526e+02
2.861589795432460051e+02
2.863333324891866596e+02
2.863313310694578604e+02
2.863239773761377478e+02
2.862482282701590179e+02
2.862891724182542816e+02
2.861932246796071126e+02
2.861074206256369052e+02
2.860631909933330235e+02
2.860964244089056479e+02
2.861284239902636841e+02
2.862034732526636276e+02
2.862099616172269521e+02
2.862199535807332609e+02
2.862927145753239415e+02
2.862368645338938791e+02
2.862139080759877174e+02
2.862366151897699069e+02
2.860963115554133651e+02
2.861633993486679515e+02
2.861738208767604306e+02
2.862058780159453590e+02
2.862626599810729999e+02
2.862661650789438568e+02
2.861935656468437514e+02
2.861551279881348364e+02
2.861327229857633370e+02
2.862527043991921687e+02
2.862462974625181005e+02
2.862317325891918358e+02
2.861935939271648408e+02
2.862328304671248702e+02
2.862319564830443710e+02
2.862165175340105066e+02
2.861939894547685981e+02
2.862329567119370495e+02
2.862219951717723347e+02
2.861464766725130175e+02
2.861608927047439010e+02
2.862163024526648769e+02
2.862370849095877929e+02
2.861771539507308262e+02
2.861591427160513490e+02
2.862178806352642368e+02
2.862263784103108151e+02
2.863516960144116865e+02
2.862746985924142678e+02
2.862642511947260004e+02
2.861319431224619620e+02
2.861412637732232156e+02
2.861490173922832696e+02
2.862487518006344658e+02
2.862133713721435129e+02
2.861723718291983118e+02
2.862153368331490242e+02
2.861650455251214566e+02
2.861602697093204029e+02
2.862588104714111523e+02
2.862769201107605568e+02
2.862548251952669034e+02
2.863672059892751918e+02
2.863463537946739166e+02
2.863661969749245486e+02
2.863375857239926177e+02
2.863477143491136871e+02
2.862640994305140794e+02
2.863320927211671005e+02
2.864187012658725848e+02
2.862870822453218693e+02
2.862278123363557825e+02
2.862335038708008028e+02
2.862257858176262175e+02
2.862282330028039610e+02
2.861037318917674952e+02
2.861089874185782378e+02
2.862086330148567299e+02
2.861944885326333292e+02
2.862229759121869961e+02
2.861902295466193777e+02
2.863278006663174438e+02
2.862454983899058334e+02
2.863278662660550822e+02
2.862457132063922813e+02
2.861089021445658886e+02
2.862285315563123618e+02
2.862869483912872397e+02
2.862637080311544651e+02
2.863200431957575915e+02
2.862880267062032544e+02
2.862727244637745230e+02
2.862550623513326968e+02
2.861937650161047486e+02
2.861659510483730742e+02
2.861495917860275995e+02
2.863924501679751415e+02
2.862935210172773282e+02
2.861391181435882913e+02
2.861771836942448317e+02
2.861231005156225251e+02
2.862859787450615840e+02
2.861822471289893315e+02
2.862255554800742061e+02
2.861775332393003737e+02
2.861637194941347389e+02
2.861392994254140945e+02
2.862402183768527379e+02
2.861363820103710509e+02
2.861211929390995010e+02
2.861847684124356874e+02
2.861097049461045572e+02
2.860627073786898222e+02
2.861122346361410678e+02
2.861486223610264688e+02
2.861309814299506229e+02
2.860958271616284492e+02
2.861845678271857878e+02
2.861320113259700975e+02
2.861889378527600343e+02
2.861840710828799388e+02
2.861616801025518839e+02
2.861599860546122613e+02
2.861259615612834182e+02
2.862533665817487645e+02
2.861569072567693297e+02
2.860773707006194400e+02
2.860806243491740020e+02
2.860656237418418755e+02
2.861977906149932664e+02
2.861304654195769785e+02
2.861300452934086138e+02
2.861538693707464631e+02
2.861003176355150686e+02
2.860932516438635957e+02
2.861078270908598711e+02
2.861680472908309980e+02
2.861036894043724033e+02
2.860192261737815898e+02
2.860133548832575343e+02
2.861814248061190824e+02
2.861685355467905083e+02
2.861069543849952197e+02
2.861388844555592073e+02
2.861094385753841607e+02
2.861362548406060000e+02
2.861282100491042115e+02
2.861415014007139348e+02
2.862287707617049364e+02
2.862257481049491048e+02
2.862540405512233406e+02
2.862551759729593641e+02
2.862111302342035515e+02
2.863042243187064173e+02
2.862681767837651137e+02
2.863312814043993058e+02
2.863287011511230276e+02
2.863047779392634880e+02
2.862913465160972351e+02
2.862987452430441522e+02
2.862563775260343277e+02
2.862039061982192152e+02
2.861747983660298473e+02
2.861485669536113505e+02
2.862067821619205006e+02
2.862779522620588182e+02
2.862456202878226463e+02
2.861862848630647704e+02
2.861522460125103748e+02
2.862102228700823616e+02
2.862880469427073535e+02
2.862772879661890784e+02
2.862374976391386099e+02
2.862298986723094458e+02
2.862426502320030295e+02
2.862417869930700363e+02
2.861775209375367126e+02
2.862053867792459982e+02
2.862541532341924153e+02
2.861971576478017028e+02
2.861806152238547725e+02
2.861542935219366086e+02
2.861063269597296426e+02
2.862560061401783855e+02
2.862709173606461377e+02
2.862485855059141500e+02
2.863217015999319983e+02
2.861708254403674232e+02
2.861173848024401991e+02
2.861725989588131256e+02
2.862071305119187059e+02
2.861541008569220708e+02
2.861947801681125725e+02
2.862199496749980767e+02
2.861599607929977651e+02
2.862064169873453920e+02
2.861587601122000137e+02
2.862125202651496352e+02
2.862631120596267351e+02
2.862153951283601714e+02
2.861598903915468668e+02
2.862440382576220941e+02
2.862860365630602359e+02
2.862202759955579836e+02
2.860289187910502733e+02
2.861392042969244471e+02
2.861509967510392016e+02
2.861967592261708546e+02
2.861292689264502656e+02
2.860506791627552161e+02
2.861042542624126668e+02
2.861576966994180111e+02
2.863425970729534242e+02
2.862102657742493079e+02
2.861939051626904416e+02
2.863036700132635133e+02
2.862946239918292690e+02
2.862605250367453209e+02
2.862529408181327994e+02
2.863361330660395652e+02
2.862915790559599145e+02
2.862401594677752996e+02
2.861054772554800252e+02
2.861337779214182433e+02
2.862728991801550933e+02
2.863209677021110906e+02
2.863039403041406672e+02
2.863158988386796295e+02
2.863647624605336546e+02
2.864630633020154278e+02
2.861588045286159172e+02
2.860918715044576288e+02
2.860895491319612347e+02
2.861177489190772576e+02
2.861773766150219558e+02
2.861637470516515691e+02
2.861191318118505365e+02
2.860499000931613978e+02
2.862136656374476047e+02
2.862828473928299786e+02
2.861454717734981159e+02
2.860870527127958098e+02
2.861067527542754760e+02
2.861589621105690071e+02
2.861130737075586694e+02
2.861157369911676369e+02
2.860876090744982889e+02
2.860213088650340296e+02
2.860501409387677541e+02
2.859803381543048886e+02
2.860026025011893012e+02
2.860673067118525523e+02
2.861904776626921034e+02
2.863057662210931653e+02
2.862554370953815237e+02
2.862486702260189873e+02
2.862776624542008790e+02
2.862269060144942046e+02
2.861602984950590667e+02
2.862009868027913058e+02
2.862479664774562025e+02
2.863205466387767615e+02
2.862228660468214230e+02
2.862289145471579559e+02
2.861457493386663486e+02
2.861277096865416638e+02
2.861783462921459318e+02
2.861130017648710577e+02
2.861956955875078279e+02
2.861060428301680076e+02
2.861709458893262763e+02
2.861634241705114050e+02
2.862835732907860802e+02
2.863051814229929732e+02
2.862174904258728816e+02
2.861798285377438447e+02
2.861400758684104062e+02
2.861713509791085812e+02
2.861419718312153577e+02
2.862765537726931484e+02
2.862079556200522461e+02
2.862453624465454141e+02
2.861540410352973254e+02
2.861291513151105050e+02
2.861655810871191079e+02
2.860923601156396217e+02
2.860319398934789206e+02
2.859992414706025556e+02
2.861171967416522079e+02
2.861281789952292343e+02
2.861912355843198270e+02
2.862349969653894846e+02
2.862612599196897349e+02
2.861753815850179876e+02
2.861952677367921183e+02
2.862372080670253922e+02
2.862257710716258430e+02
2.862709967796369597e+02
2.862358620806272143e+02
2.862628401319183808e+02
2.861612704607024398e+02
2.860616386896308541e+02
2.862403127758978485e+02
2.861317868730818077e+02
2.860473417885937124e+02
2.862124797538904772e+02
2.862091877200185195e+02
2.862233693961382528e+02
2.861870025911394464e+02
2.861286384112278824e+02
2.861164467978680364e+02
2.861736312835875538e+02
2.862149846154970874e+02
2.862668812004321239e+02
2.862697566375323390e+02
2.863354732053846874e+02
2.862676073167282880e+02
2.862488007724217027e+02
2.862901481554986844e+02
2.862355876765979588e+02
2.861913550454607957e+02
2.861616519344558469e+02
2.861775778058670880e+02
2.861974678834628207e+02
2.861777506058074323e+02
2.861493258242582556e+02
2.862777660822585517e+02
2.862755962112132124e+02
2.862976909976120510e+02
2.863296667675522826e+02
2.862909469245395826e+02
2.862579605980362771e+02
2.862918888760746086e+02
2.862766385099048989e+02
2.862512805382410193e+02
2.861530940765149467e+02
2.862254861015134111e+02
2.861282403883899974e+02
2.861649465389264151e+02
2.861592859948370915e+02
2.860930151011072553e+02
2.861677203685525228e+02
2.861315108757968915e+02
2.860972345635020702e+02
2.860836087809493620e+02
2.860285918941976320e+02
2.860824092818479585e+02
2.861301094892343713e+02
2.861741411009963940e+02
2.861823923562484424e+02
2.862103182584567094e+02
2.862550199554316350e+02
2.862157542336101983e+02
2.861474537251253878e+02
2.861367855437188723e+02
2.861965343905479244e+02
2.861235886938397925e+02
2.861591975596688258e+02
2.862280445459859379e+02
2.861611709830958716e+02
2.861136313402434439e+02
2.860644823696968615e+02
2.861537406860267083e+02
2.862208533928481415e+02
2.862706351743153164e+02
2.862201402051122159e+02
2.861327001153492802e+02
2.861555657698260688e+02
2.861574273118557130e+02
2.860757912857963561e+02
2.861489856004738499e+02
2.863157312278986524e+02
2.862396145358802073e+02
2.861299286528953303e+02
2.861379641108021588e+02
2.861966398884392220e+02
2.863446671699561534e+02
2.862442257582681009e+02
2.860533696495341474e+02
2.861009250332232909e+02
2.861739798232389944e+02
2.861894512368754135e+02
2.863270156628509540e+02
2.862206133407353263e+02
2.862967306232567353e+02
2.862197457560842508e+02
2.862166602836437050e+02
2.862243882918048143e+02
2.864018079376617152e+02
2.863374678542612060e+02
2.862443057546705631e+02
2.863081496764636427e+02
2.863586540466644124e+02
2.863038339853418961e+02
2.864155145781772944e+02
2.863760560401140651e+02
2.862781237356472843e+02
2.862917010879157829e+02
2.863512501639875154e+02
2.863066722188739277e+02
2.863644166950110730e+02
2.861756444385269447e+02
2.862411663478094397e+02
2.861684936710963143e+02
2.862631485979476906e+02
2.861559628280047605e+02
2.861308143434912949e+02
2.861951898609754039e+02
2.862225445030117044e+02
2.862164527800554765e+02
2.860518114139338763e+02
2.860736531090079211e+02
2.859989650085597077e+02
2.860582592158033322e+02
2.861027040225246196e+02
2.861733506994486902e+02
2.862235100904668457e+02
2.861911289736612503e+02
2.860736482805388619e+02
2.861735754919877195e+02
2.861609512711346497e+02
2.862733240101105707e+02
2.862366235874704330e+02
2.861585625062709823e+02
2.862151659446556096e+02
2.862444816509128600e+02
2.861786142331222322e+02
2.862173001181066070e+02
2.861809182286027067e+02
2.861914576199908993e+02
2.861801899336444421e+02
2.860561701372795369e+02
2.861554308607152848e+02
2.861889844198330479e+02
2.861046893297504994e+02
2.861428297373317378e+02
2.861783365251826581e+02
2.861588934090326006e+02
2.862800467285434820e+02
2.860616454279365826e+02
2.861705261855946105e+02
2.862180291474539899e+02
2.861162743181583323e+02
2.863112346780263238e+02
2.862745692893879550e+02
2.861763117898757400e+02
2.861398192186240976e+02
2.861763073895685352e+02
2.861420921847182512e+02
2.862381925096600526e+02
2.862389716212908866e+02
2.861956863803429201e+02
2.862098239237516850e+02
2.862203777706288292e+02
2.861766038517025095e+02
2.861874276852463481e+02
2.863181383928990726e+02
2.861737371643071128e+02
2.861406838179048009e+02
2.861291936781331628e+02
2.861286016883620960e+02
2.861023751886921218e+02
2.860135814080487080e+02
2.861574820474194212e+02
2.861553372585005377e+02
2.861404815410114111e+02
2.862017154269240677e+02
2.862441807792509394e+02
2.861888447083199480e+02
2.862238068963494584e+02
2.862354560577247184e+02
2.862041043834292964e+02
2.861371256149956821e+02
2.861730650588173717e+02
2.860727338955879873e+02
2.861258012024950972e+02
2.860956327301484521e+02
2.859578091495097283e+02
2.859782667085401613e+02
2.860340140701328551e+02
2.861708289863479422e+02
2.861164718439726471e+02
2.860372694477851496e+02
2.861069195386143633e+02
2.861703159602449205e+02
2.861692944702189720e+02
2.861663739143867815e+02
2.861610850843850926e+02
2.861341604309827176e+02
2.862031569529635249e+02
2.862403820944859376e+02
2.861389525588418223e+02
