2.356632468956619562e+02
2.364618798544520359e+02
2.374078367204825497e+02
2.382759400674654273e+02
2.387436455894892049e+02
2.388332096645842739e+02
2.392467270648482724e+02
2.395214975289913184e+02
2.399552465987921153e+02
2.402460522652940256e+02
2.408276506598308231e+02
2.407183259380007883e+02
2.405372841919173652e+02
2.412167008731790929e+02
2.411835007049733974e+02
2.412632163435361861e+02
2.414832824801296738e+02
2.414450387182496058e+02
2.414714380829020399e+02
2.415763178529103072e+02
2.418025576566730024e+02
2.419180857776851497e+02
2.421324191053118113e+02
2.418439264391782046e+02
2.421157883143153811e+02
2.425303923505126420e+02
2.425364919114466318e+02
2.424180234124121682e+02
2.425420810753968510e+02
2.423880398584124407e+02
2.424266696744746241e+02
2.426904782281042401e+02
2.425756360810335082e+02
2.427484678493248111e+02
2.429866346779396338e+02
2.427550357601586768e+02
2.427546688868234241e+02
2.427737005544054227e+02
2.429950695252198329e+02
2.429860306968874681e+02
2.430588992542653557e+02
2.433483145941619625e+02
2.431755103848125543e+02
2.433056037956296507e+02
2.431659031986463049e+02
2.435456999072578412e+02
2.435184521766522323e+02
2.433996941128948208e+02
2.431983663035059919e+02
2.434532282577103786e+02
2.432447180199368404e+02
2.432867117888215489e+02
2.438819333450582292e+02
2.434665070900682622e+02
2.434810252230474532e+02
2.436755211824097387e+02
2.437343937932904225e+02
2.438363418090252708e+02
2.439811595447786488e+02
2.435583417532054966e+02
2.437840621330485646e+02
2.436367814688899500e+02
2.437889662595377729e+02
2.439802478159514010e+02
2.437440528673510300e+02
2.440936857130924409e+02
2.437432845454037249e+02
2.439146128572235739e+02
2.438102579590862433e+02
2.440844267423765643e+02
2.438128081417019075e+02
2.443632582868867757e+02
2.441339430667353270e+02
2.440830856595523244e+02
2.440105521173190937e+02
2.441544783703769781e+02
2.440819359344092447e+02
2.439983519681562996e+02
2.439390550715495749e+02
2.443861794254934523e+02
2.440795812917448302e+02
2.439563952374356859e+02
2.442351164225945865e+02
2.444029617572668656e+02
2.439881891066484059e+02
2.440016482861479972e+02
2.442834821212882446e+02
2.442888809016623100e+02
2.442213281861030225e+02
2.442279357574583400e+02
2.442988236379937632e+02
2.441416822865342340e+02
2.445860646493189563e+02
2.445011155035565480e+02
2.446469454451981562e+02
2.444022770317617415e+02
2.447427210160708455e+02
2.444008235069447892e+02
2.445947497883427388e+02
2.444164968980991546e+02
2.443851040046529590e+02
2.444453008755752705e+02
2.443380196343518946e+02
2.443878822591776441e+02
2.445063205289561949e+02
2.449587506682425158e+02
2.445120906526460942e+02
2.443401118164472621e+02
2.446874724976932214e+02
2.450422940111457422e+02
2.446183525318642751e+02
2.448410640574898878e+02
2.448278016332981224e+02
2.444991098770092322e+02
2.447842547049187658e+02
2.445512167572659052e+02
2.446743535053464882e+02
2.447546578607061463e+02
2.449484976821283624e+02
2.449386563297969133e+02
2.446497959640254010e+02
2.451047568909407346e+02
2.449064403794593261e+02
2.449624910217551133e+02
2.450232081679613145e+02
2.449616430906406492e+02
2.449742938185852097e+02
2.449680463228583278e+02
2.451197432338997544e+02
2.449522211434719168e+02
2.450443374878178702e+02
2.448377778153420934e+02
2.450268973522211127e+02
2.449681691826672250e+02
2.449932699518290917e+02
2.451672243246537448e+02
2.453345351503592440e+02
2.451365865684790606e+02
2.451194293083742366e+02
2.452256267759994728e+02
2.455148332924592296e+02
2.451854243091399610e+02
2.449668018578870772e+02
2.452373689421135623e+02
2.451088723294718648e+02
2.450733774976113466e+02
2.452515344537902422e+02
2.453243306343374570e+02
2.450320617648786481e+02
2.451921766306036545e+02
2.453640160107202917e+02
