9.765284837831491416e+01
9.779222868019769521e+01
9.671557515852559561e+01
9.615433084032098066e+01
9.646211625258150946e+01
9.640773570434153328e+01
9.587522594668048725e+01
9.567616952452017642e+01
9.552646999525201466e+01
9.528589157641096108e+01
9.535010898040246730e+01
9.539552465703424389e+01
9.522068126188848680e+01
9.501472539116821281e+01
9.528332759280488062e+01
9.498935903987181462e+01
9.457110207762748644e+01
9.506170419662974780e+01
9.477015711119109653e+01
9.477051978579687841e+01
9.469588115934617178e+01
9.421920238738135822e+01
9.456272446929216358e+01
9.448016207131674093e+01
9.433665524663960866e+01
9.424883845713553399e+01
9.433084588983128072e+01
9.418474863677164421e+01
9.417337759077878445e+01
9.419335358425989568e+01
9.430121145404676497e+01
9.425873997986447250e+01
9.440396487344268905e+01
9.415999398578151158e+01
9.411148680469180761e+01
9.420107680012397111e+01
9.433048706968929764e+01
9.415585572877921550e+01
9.425835108585403077e+01
9.391056863308411096e+01
9.409003284932354916e+01
9.387572639774454331e+01
9.388587056394128183e+01
9.369206825252707915e+01
9.377743133325090241e+01
9.356721866566179813e+01
9.383915250304643507e+01
9.389562513177297376e+01
9.370904389328087802e+01
9.379817798902895731e+01
9.425751990148152970e+01
9.378472982587531703e+01
9.347436211776818027e+01
9.386737093788245545e+01
9.387168765064257059e+01
9.352185875799693804e+01
9.346619653468850686e+01
9.343515003099356875e+01
9.350013947780097112e+01
9.358729231887427602e+01
9.358806476674658370e+01
9.359852038399412777e+01
9.349637457236822513e+01
9.350625710917967126e+01
9.364042911027546268e+01
9.338434340705252623e+01
9.389392156505793707e+01
9.372768865841499064e+01
9.354582311922651172e+01
9.369314500897081643e+01
9.360593985885816437e+01
9.340058986440266153e+01
9.376677238759600641e+01
9.335492636334140570e+01
9.367083622126716591e+01
9.333124071938517829e+01
9.331606337179152888e+01
9.351078404137564348e+01
9.377586243243082720e+01
9.333908815749964560e+01
9.343909260941119044e+01
9.340100135468293274e+01
9.356801877681186852e+01
9.363577641747569658e+01
9.337730317010338865e+01
9.393830547786585328e+01
9.329407153867583702e+01
9.306898997516690031e+01
9.341308137911930487e+01
9.349548082798690984e+01
9.339901451104741170e+01
9.384991766301259020e+01
9.294093729005156490e+01
9.331650609518335671e+01
9.299528709624952683e+01
9.325659431962104406e+01
9.300703794295633031e+01
9.330819148211647018e+01
9.302147638726336254e+01
9.335619638803892428e+01
9.347553612368267295e+01
9.337503282049813436e+01
9.308777355723059088e+01
9.329495323626792924e+01
9.308282296343317341e+01
9.309307253372215030e+01
9.338748482418658625e+01
9.319773302041106433e+01
9.284297509249290670e+01
9.292304636772597348e+01
9.300410640811109886e+01
9.308597077148046139e+01
9.304771451932492710e+01
9.328798696491760722e+01
9.335833337521243891e+01
9.329468674589084287e+01
9.314644511215213640e+01
9.285813636692034834e+01
9.314814711661018976e+01
9.292361967852990290e+01
9.281420654308108453e+01
9.296129496889868449e+01
9.326023045763876951e+01
9.288824854387128482e+01
9.269662888193283834e+01
9.276089967664391622e+01
9.280722639559041909e+01
9.296222669583295328e+01
9.277658894232831699e+01
9.298843547881257621e+01
9.241294336267112897e+01
9.326360550985936015e+01
9.285767814580839286e+01
9.282506002545557067e+01
9.269557363952496587e+01
9.275161994827652734e+01
9.294320886788369762e+01
9.275650728173643245e+01
9.254829671569420668e+01
9.290001150573482391e+01
9.287513972041195132e+01
9.260100613397067093e+01
9.271534965503302317e+01
9.285568026495207050e+01
9.299521554767262899e+01
9.269179976016228295e+01
9.285484453485931056e+01
9.271328136760796212e+01
9.308848270186051366e+01
9.291917880060118762e+01
9.305201584122579561e+01
