2.877398609477209561e+02
2.883318317623882194e+02
2.889330504048880925e+02
2.894793970652640382e+02
2.898354644208126842e+02
2.899907072613920604e+02
2.902085009749249025e+02
2.905009435924234822e+02
2.907249478833429066e+02
2.909995899244634643e+02
2.912829554088784221e+02
2.911298604219589947e+02
2.912053636754476429e+02
2.915702409719899606e+02
2.914913673280997841e+02
2.915819998078969206e+02
2.916766211699414271e+02
2.917543078204776634e+02
2.917619523972851425e+02
2.919630205360302284e+02
2.920774711336068208e+02
2.922014055543289146e+02
2.922516897782812180e+02
2.921249426781544685e+02
2.923726722417076758e+02
2.925774153526265877e+02
2.924520472289560189e+02
2.924082069279228904e+02
2.924793086780323961e+02
2.926390341114619673e+02
2.927057074255444036e+02
2.926734566979363876e+02
2.926487407164491970e+02
2.926880663338016006e+02
2.928429746888099885e+02
2.928027751043662761e+02
2.928306593498988946e+02
2.929604625777250817e+02
2.930544783670981701e+02
2.929686200593727108e+02
2.931148806799856175e+02
2.932121138537967227e+02
2.930872430044893804e+02
2.932387238863636867e+02
2.932393189509045897e+02
2.934335424047076799e+02
2.931817217654348156e+02
2.930853958507362336e+02
2.932127120793286963e+02
2.933508263012852808e+02
2.933050769682742498e+02
2.932240274228304884e+02
2.934800141463690579e+02
2.932997996535803509e+02
2.932322260276330326e+02
2.933774728878221936e+02
2.934022400029446089e+02
2.934265686504454038e+02
2.934136147284150411e+02
2.933450422395141572e+02
2.935563544837007157e+02
2.933424209910647846e+02
2.934693167489397183e+02
2.935446509528817955e+02
2.936190251015637500e+02
2.936594070753621395e+02
2.936440320387520728e+02
2.937431753787444109e+02
2.936531282025688938e+02
2.937151758172440168e+02
2.936595774748453209e+02
2.938597844392521097e+02
2.937042925095207693e+02
2.937069017797073229e+02
2.938623592933854525e+02
2.938275187122504235e+02
2.936873585043220487e+02
2.936582405957152559e+02
2.937231334886039349e+02
2.938324357961458304e+02
2.937914063902802013e+02
2.938193813095865039e+02
2.940056521196030417e+02
2.939296110596135350e+02
2.938094460299141701e+02
2.937642736703432433e+02
2.938320454149759939e+02
2.939004472665603203e+02
2.939047493595523974e+02
2.938999931631990421e+02
2.939450020593387194e+02
2.939204717626511751e+02
2.941757372705174589e+02
2.940569146431073477e+02
2.940266049711694336e+02
2.940519008358060660e+02
2.942476428438098424e+02
2.940470425188672721e+02
2.941701837107260076e+02
2.941241189110776304e+02
2.941420320101043444e+02
2.941019911542526870e+02
2.940655721652457828e+02
2.940570968464938915e+02
2.941892435572387399e+02
2.942764781633908342e+02
2.940310910253536463e+02
2.940021049161247788e+02
2.943262606904259542e+02
2.944227977703903889e+02
2.942666622086481425e+02
2.942566143448190132e+02
2.941464012915748185e+02
2.941944043547263163e+02
2.943879750972442366e+02
2.942276065299708989e+02
2.941136250954025968e+02
2.942351880737908800e+02
2.944171968373993309e+02
2.944345361218579455e+02
2.943533438345925219e+02
2.944787344500799122e+02
2.942654465036438864e+02
2.943868446584568233e+02
2.944561535654598856e+02
2.944470145982704707e+02
2.944465132288824520e+02
2.944667565550469135e+02
2.945243978905249946e+02
2.945057818559513976e+02
2.945608819181910008e+02
2.944854578177116764e+02
2.945569346505625390e+02
2.945890493951650910e+02
2.945260859597952958e+02
2.945875137324249522e+02
2.946504158434293572e+02
2.944961105780438402e+02
2.945305048295566053e+02
2.946663042381479158e+02
2.946170079738911340e+02
2.943825849412856428e+02
2.944688148525512474e+02
2.946158075903513804e+02
2.945469773743641895e+02
2.945574698520794641e+02
2.947959563160032985e+02
2.945836514104768753e+02
2.945102776430655922e+02
2.946076701658144543e+02
2.946599989446941095e+02
