2.388533325886992316e+02
2.382240832120660627e+02
2.388192508169783821e+02
2.388895502769729546e+02
2.390820405932055337e+02
2.387617887374123882e+02
2.386999063600604529e+02
2.385856954210454433e+02
2.389590729348154809e+02
2.388895457435501157e+02
2.387779320820515920e+02
2.388109055776988043e+02
2.390234275485796331e+02
2.387066941420147259e+02
2.389217303343243941e+02
2.385504565531079777e+02
2.387024861805196281e+02
2.390427153113982968e+02
2.389619287519641375e+02
2.391132871982336212e+02
2.384679247016893839e+02
2.389895495479014187e+02
2.389983104215290552e+02
2.383811603771207501e+02
2.384228244917205757e+02
2.389061191452147170e+02
2.391795847376360769e+02
2.388882426797593155e+02
2.383704578605921540e+02
2.385907572371498588e+02
2.390036081549861819e+02
2.388727846440979476e+02
2.385436354029026234e+02
2.387119642757630515e+02
2.390055852430636207e+02
2.388610053771127468e+02
2.387254958525608401e+02
2.383956965133730534e+02
2.387816357213832532e+02
2.390600873062648191e+02
2.389323968857139562e+02
2.386428829778912188e+02
2.388342484133687265e+02
2.389583203889698098e+02
2.386500706628094122e+02
2.389219162538923626e+02
2.387804605040399508e+02
2.388825254670165350e+02
2.387062504146630317e+02
2.386340508018733715e+02
2.390918639378709543e+02
2.388906851566677290e+02
2.391945146701577016e+02
2.388495240929767931e+02
2.385603713951780094e+02
2.385395455862572760e+02
2.392139580350779227e+02
2.387465235423614160e+02
2.388453258719420944e+02
2.390751664480965246e+02
2.388199245543125926e+02
2.391298828172055835e+02
2.388878662277944898e+02
2.385486124766050295e+02
2.390889790282558067e+02
2.394052420272119264e+02
2.386309718408562048e+02
2.386633976176402712e+02
2.384525139162908829e+02
2.391820185935007146e+02
2.392938873179230086e+02
2.387427031119339063e+02
2.386931400978872091e+02
2.388521498004594150e+02
2.390388756715391310e+02
2.387398285876725197e+02
2.387849284750205072e+02
2.390793677260308812e+02
2.389862154926820210e+02
2.387752902850367320e+02
2.387191393459868323e+02
2.392753813960022455e+02
2.390866331273101366e+02
2.384464752587887517e+02
2.385420798805533593e+02
2.393330309882301208e+02
2.389200690990139719e+02
2.392327471557845513e+02
2.388426118849364173e+02
2.386318340232874107e+02
2.388870054572542756e+02
2.390933978007230962e+02
2.391434615147061038e+02
2.388077225542404847e+02
2.386201431636114592e+02
2.389113787342346029e+02
2.388608811498959028e+02
2.392180004165785476e+02
2.389674057951557700e+02
2.386153140306182365e+02
