1.011105512387837422e+02
1.011999750088403971e+02
1.012622450862157848e+02
1.017506514906795587e+02
1.014594047631794638e+02
1.015208550447490694e+02
1.010062649463313278e+02
1.011805681203596663e+02
1.014807692345727759e+02
1.013130542817249733e+02
1.010701776744767955e+02
1.011498515938963720e+02
1.014807296754102026e+02
1.017932963680623857e+02
1.012604562348274584e+02
1.012335276259274792e+02
1.015683898413393109e+02
1.015318093624955509e+02
1.012697352553491186e+02
1.009703251002756730e+02
1.015729360185676313e+02
1.013323260394923437e+02
1.011006141148290709e+02
1.010648565735396431e+02
1.010799751993304909e+02
1.013664550834566995e+02
1.015635867308430988e+02
1.012182678830709364e+02
1.011055282476476123e+02
1.015464867005031806e+02
1.015952699604981291e+02
1.014461689470123247e+02
1.013086631305784522e+02
1.017195670880949905e+02
1.019026251778136043e+02
1.013088240448938251e+02
1.006000422889157448e+02
1.012478213323357323e+02
1.015346214569478178e+02
1.016437123364054145e+02
1.013702437253064090e+02
1.011271171012076167e+02
1.013631997334565966e+02
1.009407891369825307e+02
1.016007990303978659e+02
1.015647025223250353e+02
1.015914822542820275e+02
1.013067194639659903e+02
1.009913165180759620e+02
1.013743421039200143e+02
1.011040948812982521e+02
1.015756103648208750e+02
1.010687579672638066e+02
1.009321041621797264e+02
1.013733425255657750e+02
1.015524442641754064e+02
1.015185131315052445e+02
1.010123692011072620e+02
1.008795234258506071e+02
1.009139157245898701e+02
1.016011239963973622e+02
1.014636109226129861e+02
1.011375834700468062e+02
1.012225852373284027e+02
1.013755922802583314e+02
1.012255587409574815e+02
1.013017941258516572e+02
1.008216064039870048e+02
1.016426562626578090e+02
1.013070740544923751e+02
1.010689976840119471e+02
1.011056991005247454e+02
1.013696587130605735e+02
1.013453567197253165e+02
1.011861214711655634e+02
1.012151017934794908e+02
1.015008881557473046e+02
1.016719071107208805e+02
1.012747689043244463e+02
1.009353918764508506e+02
1.012736922012487071e+02
1.014135248552133106e+02
1.012181251343097870e+02
1.008769517630076251e+02
1.009830645569251715e+02
1.013636434811125042e+02
1.014051281909941054e+02
1.010975313987208750e+02
1.007076407570989431e+02
1.009340473520174442e+02
1.016167743026703647e+02
1.017292550527962902e+02
1.013278435147989995e+02
1.008552550291179983e+02
1.011515261925251679e+02
1.015774336552810979e+02
1.015940198546044684e+02
1.014580717478644374e+02
1.013531614438934838e+02
1.010009983950574224e+02
