2.867208580470743300e+02
2.866768298504645713e+02
2.869539411479481714e+02
2.870549701973664014e+02
2.870405904330987710e+02
2.868020663680820803e+02
2.868011162257360525e+02
2.868793006683638964e+02
2.870199761761313084e+02
2.868459689451652253e+02
2.868233408123948607e+02
2.868073962057023323e+02
2.869995253573433729e+02
2.869191255648722176e+02
2.867774557649762528e+02
2.867984272015268630e+02
2.869635775412619410e+02
2.870003630731387716e+02
2.869754313016394462e+02
2.867869565283191946e+02
2.868853848811606326e+02
2.870051709523527848e+02
2.868249193584921954e+02
2.864768047092744609e+02
2.866818904913230313e+02
2.869984247304610676e+02
2.871008781373354282e+02
2.866586013191877669e+02
2.865404297370508857e+02
2.868843971097385861e+02
2.870887593242432558e+02
2.868101619966271869e+02
2.868109891256312380e+02
2.868671941112521608e+02
2.869063606935702069e+02
2.866844401819590189e+02
2.865677018659924329e+02
2.867264084152206465e+02
2.868596927242244874e+02
2.870310645893268315e+02
2.867564767986906986e+02
2.866999610192956425e+02
2.867826494459564515e+02
2.868156142570906582e+02
2.869262114514899622e+02
2.870135332381412923e+02
2.870138013036481084e+02
2.868558479361346940e+02
2.866941484735427252e+02
2.867790335677540270e+02
2.869473457627220228e+02
2.870057540447187421e+02
2.868364527691921921e+02
2.867813110445675306e+02
2.868003574354368084e+02
2.868930094427865356e+02
2.870452287879889468e+02
2.867743394023254382e+02
2.868092120973834085e+02
2.869548847096876329e+02
2.870657642672108523e+02
2.870015890133910261e+02
2.867644760554009622e+02
2.868292664924251198e+02
2.871081474060075607e+02
2.871130650796453097e+02
2.867671690413966417e+02
2.867476338157060809e+02
2.868012959823959136e+02
2.870797783730031369e+02
2.869211547746108408e+02
2.868167807869759258e+02
2.868839847480739422e+02
2.868845014703158540e+02
2.869694416023924077e+02
2.868281718215245633e+02
2.870018066377051014e+02
2.871073936795872328e+02
2.868304237143293562e+02
2.867187315407336996e+02
2.869103315525322273e+02
2.870527443347620533e+02
2.868686855460557581e+02
2.866850136510169591e+02
2.868320891160901169e+02
2.871282224378674641e+02
2.870424586756619760e+02
2.869156518977393375e+02
2.866657246883133894e+02
2.867969268453158520e+02
2.870637242506617781e+02
2.871636494083241473e+02
2.869967517620509057e+02
2.868150548099744697e+02
2.868599873808153120e+02
2.870703037888769700e+02
2.871807188795249317e+02
2.871156305581931178e+02
2.868121413322086823e+02
2.868425116419967367e+02
