2.398878648387774035e+02
2.396872651551883280e+02
2.396434348118746414e+02
2.396425278401256662e+02
2.398049940678935172e+02
2.400622217224689905e+02
2.399289561023235535e+02
2.400786198795627797e+02
2.397234521817809139e+02
2.397796920296973724e+02
2.397515261635160186e+02
2.398208567280045997e+02
2.396186341826887656e+02
2.397737099065435302e+02
2.400148663313589168e+02
2.395022794036690641e+02
2.395266041973387985e+02
2.398217541705871838e+02
2.401295734501635764e+02
2.397754311680549506e+02
2.399669002694901963e+02
2.399077739044546433e+02
2.398965634971058023e+02
2.399417007366313612e+02
2.397056364514370728e+02
2.395860318213535436e+02
2.396648453197580295e+02
2.399087114135742240e+02
2.399219409063686328e+02
2.400415534900412524e+02
2.399711986802446120e+02
2.397593484703687352e+02
2.394470039800881693e+02
2.390311739962826323e+02
2.382173696282203537e+02
2.386820532784510931e+02
2.391936269152772923e+02
2.393426062936168535e+02
2.395187459985891110e+02
2.395158772032971513e+02
2.393007787743234474e+02
2.392566166514812096e+02
2.394009130361032476e+02
2.392061840138318018e+02
2.391000030442898208e+02
2.394692466260079300e+02
2.394569384862179504e+02
2.397340183469814576e+02
2.393465253204445844e+02
2.398389902766591888e+02
2.394676189091345577e+02
2.392462857083517065e+02
2.394014688074240667e+02
2.388501000698839505e+02
2.391432993967787297e+02
2.392996854388265717e+02
2.394789401310447090e+02
2.392643575522508854e+02
2.392483165663212787e+02
2.395017590132850103e+02
2.395641538495597445e+02
2.393146736103184367e+02
2.391616150241816285e+02
2.389903848178827559e+02
2.392571541063144025e+02
2.394658718484305098e+02
2.393281891191017792e+02
2.396172627754341136e+02
2.395928693695346965e+02
2.395410964636107849e+02
2.394389349490799930e+02
2.393893694753201089e+02
2.395349150707754404e+02
2.395491816729270340e+02
2.395014454306068785e+02
2.395616494392499760e+02
2.394487723492634643e+02
2.396394289081140698e+02
2.394991773981946892e+02
2.396201058527923067e+02
2.396309911202014575e+02
2.392650807019675767e+02
2.393982295109568668e+02
2.398754007378402093e+02
2.396019056579966673e+02
2.396067188268855546e+02
2.397563798914507061e+02
2.395601410562655644e+02
2.397346174441812252e+02
2.397327788775859290e+02
2.392604980830333261e+02
2.393341658303461088e+02
2.395161518890014065e+02
2.393695632234276047e+02
2.395390568741491109e+02
2.394458424923959399e+02
2.395985114370638485e+02
2.399025054420062872e+02
2.396857571360615964e+02
2.395772017608466911e+02
2.394327659913249988e+02
2.396635047113829842e+02
2.394234413665575119e+02
2.393710917105966018e+02
2.397960160533509395e+02
2.395499008887499883e+02
2.397594661975006147e+02
2.397520438241627971e+02
2.398165700271102594e+02
2.398858545683550290e+02
2.395759256654641831e+02
2.394748523409330119e+02
2.394009261302726088e+02
2.392328262551235696e+02
2.390236231715344957e+02
2.388627211126384680e+02
2.391155109138490218e+02
2.390534417324218737e+02
2.391893528063466476e+02
2.388654134492125252e+02
2.391241998679320488e+02
2.393075062086903415e+02
2.390040592862501114e+02
2.390233234969790885e+02
2.390866452339784018e+02
2.386971323080580589e+02
2.388809165263723742e+02
2.386917734324659079e+02
2.388030772703122864e+02
2.391335236609733954e+02
2.391235181862707861e+02
2.393817897715757397e+02
2.391267718007324845e+02
2.385866734819451267e+02
2.387425119468244077e+02
2.390296048378866374e+02
2.387990491786164284e+02
2.387122927565625616e+02
2.391890873928667816e+02
2.391452799879419047e+02
2.392201088062118970e+02
2.388631139124842093e+02
2.377672959527308478e+02
2.382109619177668947e+02
2.384195750296283904e+02
2.388558399602161728e+02
2.391687607222618226e+02
2.387978031276780939e+02
2.392953153251897049e+02
2.397544703126351635e+02
2.394261312481367838e+02
2.391329120832152739e+02
2.392861287007727924e+02
2.396229122292607769e+02
2.394037637868347872e+02
2.394088897543964549e+02
2.400365543140607372e+02
2.396041986414220162e+02
2.394435835013894973e+02
2.394798958774659923e+02
2.398469035874417443e+02
2.401417908774774617e+02
2.399166977496287529e+02
2.398540317609781596e+02
2.398528710653895644e+02
