1.000588999900592881e+02
1.003956832227456744e+02
1.003191208014904277e+02
1.006127228643771474e+02
9.991025636113130304e+01
9.977004665403956096e+01
1.000075600891753567e+02
1.001996881320215351e+02
1.003520868343129990e+02
1.000601835309682883e+02
9.981917616989107955e+01
1.005529932249784792e+02
1.008193919605747766e+02
1.000539323252665582e+02
1.003124983120490583e+02
1.002573572353762899e+02
1.001920655272708700e+02
1.000792599023312874e+02
1.000530333106660805e+02
1.001598187343045794e+02
1.000049496177784931e+02
1.001961453367374588e+02
9.995265058954747417e+01
1.002805353521518583e+02
1.005267526878732269e+02
9.961788211046064134e+01
1.001155852847773389e+02
9.987291916448226914e+01
1.003384821267360394e+02
9.984734246109952949e+01
9.982010568777781145e+01
1.005323991841178923e+02
1.004348126970792947e+02
1.014908149865963196e+02
1.033738283469314752e+02
1.016044374198207976e+02
1.005442996158056843e+02
1.007630255986835408e+02
1.003287121561066471e+02
1.003339874303430292e+02
1.007476952192205175e+02
1.007905665932300820e+02
1.008927391862025473e+02
1.006546975952007301e+02
1.007914482745948277e+02
1.002503245628699489e+02
1.003653888154346419e+02
1.003571464085637075e+02
1.001497299582602949e+02
9.997013361377393892e+01
1.009526602578728927e+02
9.999889701836650602e+01
1.007895949544760157e+02
1.019081310856165032e+02
1.011908310513709779e+02
1.004535497414105834e+02
1.005951420419021787e+02
1.006299343451183717e+02
1.004795522673681631e+02
1.001546422426818452e+02
1.005807779220656784e+02
1.004482488600375092e+02
1.009986919627062321e+02
1.011856228417494776e+02
1.007341370467771782e+02
1.005389342358497089e+02
1.004522381964154789e+02
1.003157159729587846e+02
1.003906989006138133e+02
1.001859235678895175e+02
1.004041421200970490e+02
1.002749147682322928e+02
1.001544134014306309e+02
1.002180381283197335e+02
1.005790453456842215e+02
1.004914590607231730e+02
1.001416815114287857e+02
1.002641148650909599e+02
1.003162036195603974e+02
1.006671776744909721e+02
1.005359070781325812e+02
1.005042182220621356e+02
1.007176443371241277e+02
1.002001663726631904e+02
1.001273962971754230e+02
1.004948465801669926e+02
1.002549543769271168e+02
1.001114596355393331e+02
1.002583168817541264e+02
1.007403647070938177e+02
1.005181213989956177e+02
1.008553256693692930e+02
1.003994191151546005e+02
1.004688823551017549e+02
1.006959207551309987e+02
1.007498139180994343e+02
9.971998106387763983e+01
1.004245077616825625e+02
1.004409317440357086e+02
1.006746407955815812e+02
1.003594527443542574e+02
1.004198916360575140e+02
1.008859697038091809e+02
1.003740911758200838e+02
1.002357118289306896e+02
1.004922682782230225e+02
9.993624104441074962e+01
1.005184859438458460e+02
1.003307425527508912e+02
1.007222136874050875e+02
1.004173980186449313e+02
1.005577355669851300e+02
1.004233943121623867e+02
1.021030436229265632e+02
1.017136778299125268e+02
1.011723857522061394e+02
1.004651033172837629e+02
1.013025448585740804e+02
1.011140381214050734e+02
1.012679983938327268e+02
1.003775507051705489e+02
1.007515421287148882e+02
1.013208964287410367e+02
1.006158756188315948e+02
1.012518036672703516e+02
1.014756207068983827e+02
1.015139762675822794e+02
1.006067818177253486e+02
1.009658127580204763e+02
1.005728045871698555e+02
1.006687860843811677e+02
1.002618581515919800e+02
1.012757389905067953e+02
1.016095587911233480e+02
1.005263989445650878e+02
1.009861934538071040e+02
1.006842769280700480e+02
1.003752816115677859e+02
1.001738461964443303e+02
1.005359923571849237e+02
1.000948741742159456e+02
1.018703847126466826e+02
1.032195399994812846e+02
1.016677293571612637e+02
1.008544457709025295e+02
1.003114011516704522e+02
1.000688359178888476e+02
1.000188773332804004e+02
9.935708335465649554e+01
9.973660568108977031e+01
1.002067285342988185e+02
9.999663341568778208e+01
9.972200998465952182e+01
9.959836837025318346e+01
9.979837108979644711e+01
9.949372448719670103e+01
9.937015600627971423e+01
9.981490691701513640e+01
9.957910976406196824e+01
9.910570837651250997e+01
9.906080944449995229e+01
9.951282821167843906e+01
9.895443231324027522e+01
9.938175095330672093e+01
9.902877609774971290e+01
