2.864155282866784091e+02
2.863786140813841712e+02
2.863661717636879871e+02
2.863140433085344512e+02
2.864233218844440785e+02
2.865676636313333461e+02
2.866446201623977572e+02
2.865697386711831314e+02
2.864755522692961449e+02
2.864768783351180446e+02
2.864319752758938193e+02
2.865413617164323909e+02
2.863860418850503606e+02
2.865004139544205941e+02
2.866295620863581348e+02
2.863653283807267940e+02
2.863918406565179566e+02
2.864732856232859035e+02
2.866634986213775846e+02
2.865489553960345006e+02
2.865217816059931124e+02
2.865390921865565019e+02
2.865251419370370058e+02
2.865398620260526741e+02
2.863399541865368860e+02
2.864712852712639233e+02
2.864702421297410524e+02
2.865938346208766916e+02
2.866025646185834717e+02
2.865676520632176789e+02
2.866542317490751088e+02
2.864982585548939937e+02
2.862642898292227187e+02
2.863363078463005422e+02
2.860452598308616530e+02
2.860245568867647421e+02
2.862169232633077627e+02
2.863414754588123969e+02
2.863846510826659255e+02
2.863864174229141213e+02
2.864033266058038976e+02
2.863417957181266047e+02
2.862165755694134077e+02
2.862181886024735036e+02
2.861525113931044189e+02
2.863488261210220571e+02
2.864146254348223124e+02
2.864208669733019974e+02
2.864177782736286986e+02
2.866095786386160853e+02
2.863066836824947927e+02
2.863655772308118799e+02
2.864791450869617506e+02
2.863027563729020812e+02
2.862362645468883784e+02
2.863947530189284407e+02
2.863890183005404992e+02
2.863610185532571677e+02
2.864384805220853991e+02
2.864757388036622956e+02
2.864631786416862838e+02
2.864204472046374121e+02
2.863991353588278344e+02
2.863573679568166312e+02
2.863319668516279535e+02
2.865234583774924317e+02
2.864530059902490393e+02
2.865700590929126861e+02
2.865246123334468393e+02
2.864942980771943439e+02
2.865228925659823744e+02
2.865817545442737924e+02
2.866352014151025855e+02
2.866666843631579127e+02
2.865230247561043484e+02
2.865618891555486130e+02
2.865811165296907461e+02
2.867198507649388262e+02
2.866754887941406764e+02
2.867252593900340116e+02
2.865922814343064715e+02
2.864593618419494874e+02
2.866039131732048304e+02
2.867605208140885225e+02
2.867077157481203926e+02
2.867507471993517925e+02
2.867741574620128517e+02
2.867294777301991076e+02
2.868271959795580415e+02
2.867616341531940520e+02
2.866886673850637521e+02
2.866664559498706808e+02
2.867014695432414442e+02
2.866774885548828706e+02
2.866991895213143948e+02
2.866298778314081233e+02
2.867294217364772635e+02
2.869050848191594127e+02
2.868030164749260962e+02
2.866361692210753631e+02
2.866520021357716246e+02
2.867486219674371455e+02
2.866613935052134252e+02
2.866935119958997689e+02
2.868653504022603329e+02
2.867943042900736259e+02
2.869234493182592018e+02
2.869171561375869146e+02
2.869640511422779241e+02
2.868300072423391498e+02
2.868582632967640507e+02
2.868021504218480118e+02
2.868613386564452412e+02
2.868762001929862322e+02
2.867425196506822545e+02
2.865987168221801653e+02
2.867742436625933919e+02
2.866756196445280693e+02
2.867359117767005046e+02
2.866377386728057104e+02
2.866894940079517369e+02
2.869102507683830936e+02
2.867042975056584169e+02
2.867870298224547696e+02
2.868394334352954615e+02
2.866808780570449358e+02
2.866104116400833277e+02
2.866388127581563481e+02
2.868313618518300814e+02
2.869405215252481298e+02
2.870272224687005291e+02
2.871739184729249246e+02
2.870741197917895988e+02
2.868498897422751952e+02
2.869473190340489168e+02
2.869890016157021364e+02
2.869113384385797758e+02
2.869618316586465312e+02
2.872064336642242210e+02
2.871478090983039806e+02
2.872928343158777693e+02
2.871865319924123696e+02
2.869014493020667373e+02
2.869987219155795515e+02
2.870107074697522194e+02
2.871601697205147730e+02
2.872693569575934589e+02
2.872023465754269864e+02
2.875609526448643578e+02
2.877597251854756450e+02
2.875521951034652375e+02
2.873613022764088214e+02
2.875298125747188465e+02
2.876151398587634844e+02
2.876631099719017470e+02
2.877305894302810430e+02
2.880590424249225521e+02
2.878521086214500997e+02
2.877138616880171185e+02
2.877935743357824094e+02
2.881072703186482613e+02
2.880907959345494191e+02
2.880597879463357458e+02
2.880495760269976131e+02
2.880896919488444041e+02
