9.792767114082123214e+01
9.773350333238072096e+01
9.791303718192602901e+01
9.767431126735239388e+01
9.780301097315150116e+01
9.766404057706971287e+01
9.751709700785062296e+01
9.795901160258739537e+01
9.795515903824328063e+01
9.794225256582303984e+01
9.779024828196918406e+01
9.781310551554105359e+01
9.766580990703992882e+01
9.739071931458313713e+01
9.753891335110165528e+01
9.761384244937487153e+01
9.813878998536823417e+01
9.776511206617213645e+01
9.789257488360298964e+01
9.770743136184857747e+01
9.774734211540635442e+01
9.753697354228542338e+01
9.779732444876917441e+01
9.785421389228048383e+01
9.782901821137147635e+01
9.763844185590915004e+01
9.799583932852108603e+01
9.780690286119971688e+01
9.794809617763978338e+01
9.773813228629593652e+01
9.731859229734770622e+01
9.759110030611105913e+01
9.817184644678684435e+01
9.804663251165528948e+01
9.769764758535643523e+01
9.750665849504220262e+01
9.790344868210054585e+01
9.854242965902459161e+01
9.810509813994883643e+01
9.843089490511515294e+01
9.813887525813578350e+01
9.777009286558343604e+01
9.830005294042256025e+01
9.754800034764741667e+01
9.753650775873991563e+01
9.778210508740848184e+01
9.769810936597018269e+01
9.770494953772276858e+01
9.778051686687319943e+01
9.777077633457547279e+01
9.779786574266294963e+01
9.772158093906180909e+01
9.840590677150147769e+01
9.775499648451614121e+01
9.832502446885401071e+01
9.748391864149961350e+01
9.786649238108088866e+01
9.793276270461269917e+01
9.810171725384351760e+01
9.786943079514240651e+01
9.753982737517223711e+01
9.810443625125815004e+01
9.783073118876872343e+01
9.765337830824951482e+01
9.723123755017928715e+01
9.809787139634443065e+01
9.768241761770799769e+01
9.752854483879519876e+01
9.763032122962016501e+01
9.757885661281825662e+01
9.744660379563111974e+01
9.699263715233639971e+01
9.766118089826339599e+01
9.736543695183979708e+01
9.770231420986414150e+01
9.731360126589750337e+01
9.751839796077297251e+01
9.737278347446880389e+01
9.732272593460703547e+01
9.709279338151723948e+01
9.721540768838519853e+01
9.703475344441433492e+01
9.732821713573962086e+01
9.692608017886489336e+01
9.806257471774647172e+01
9.802475173871799541e+01
9.786239674953117174e+01
9.742375183784690762e+01
9.703760709449259991e+01
9.719777442318722649e+01
9.730924662657986346e+01
9.689423406093307278e+01
9.724646435131883493e+01
9.712331454532782971e+01
9.793769232707929007e+01
9.716908755125047037e+01
9.751956008927679420e+01
9.761780972216899954e+01
9.744168959897564264e+01
9.748655435533487434e+01
9.761223259915344386e+01
9.764652090374251259e+01
9.698376225274019191e+01
9.795821933216171828e+01
9.763645452893496213e+01
9.736394113475927270e+01
9.689207014198075285e+01
9.750268885595424706e+01
9.745067472656478458e+01
9.670691443827475098e+01
9.739322493883463494e+01
9.719398718191162345e+01
9.747920971475171825e+01
9.721922631480258303e+01
9.755886291304913982e+01
9.768885764954949025e+01
9.760678428538135165e+01
9.739802418236111237e+01
9.780835299075965850e+01
9.723088256536571805e+01
9.757921319847396546e+01
9.730126680513325255e+01
9.752771143747698090e+01
9.740300961184949813e+01
9.757452050956106859e+01
9.756165418648809862e+01
9.760214862615021048e+01
9.678251882863052913e+01
9.764613369024330325e+01
9.807462834352129732e+01
9.784065338264382206e+01
9.762155434684218847e+01
9.795609104282789303e+01
9.748709263472737518e+01
9.776703006305724841e+01
9.726727558125482176e+01
9.767369753726079296e+01
9.819947545890806850e+01
9.784546361103114975e+01
9.775293480156209114e+01
9.843997326717175156e+01
9.826369511582066707e+01
9.782693510264590486e+01
9.790458737787878363e+01
9.765205551849005872e+01
9.741721576837535679e+01
