2.866733987957157410e+02
2.865629768989218746e+02
2.866020058283602907e+02
2.866832127204775702e+02
2.865701956745856478e+02
2.866554168011769548e+02
2.865338645661644819e+02
2.867064362755093043e+02
2.868725174881495263e+02
2.866723717514473151e+02
2.866867833534043939e+02
2.867335952313125631e+02
2.865983995994310476e+02
2.866816784386487598e+02
2.867005171089442115e+02
2.865990287690506193e+02
2.866795442793493294e+02
2.865866367119149345e+02
2.866368272804419917e+02
2.867286344895417756e+02
2.864333973622885310e+02
2.866515232136130749e+02
2.865872628641399729e+02
2.866428348699906792e+02
2.865261434589609166e+02
2.866018238336783952e+02
2.867617340711415750e+02
2.867450564124044377e+02
2.865799225781308905e+02
2.866886676489676233e+02
2.867664471238568922e+02
2.867216154157632673e+02
2.865868005850713871e+02
2.865444365785788818e+02
2.865407994791910937e+02
2.866423747321857149e+02
2.866353629313085207e+02
2.865390244967242666e+02
2.864999755629775109e+02
2.865403877605138518e+02
2.864529331504546121e+02
2.864615547946685297e+02
2.865580397042701293e+02
2.865222969423550126e+02
2.866242997931795458e+02
2.868035558464304700e+02
2.865807327178087007e+02
2.864427671804828606e+02
2.864058133152695973e+02
2.866324513855614669e+02
2.866358806967498936e+02
2.866485940239641081e+02
2.865264913455064288e+02
2.865234871091266200e+02
2.865958796523628394e+02
2.865756797532112614e+02
2.867523761961300011e+02
2.866540925669550006e+02
2.866125116253428473e+02
2.866562813473300935e+02
2.867221758947433159e+02
2.867928447188583050e+02
2.866769247898687354e+02
2.867085504563151517e+02
2.867000427501819786e+02
2.866736876553388811e+02
2.867751373700851332e+02
2.869020407650645552e+02
2.868700441676475634e+02
2.868173673499230745e+02
2.867962558235662414e+02
2.869314908469783063e+02
2.868943257498680737e+02
2.868510252777518872e+02
2.869943736406601147e+02
2.870511379311614633e+02
2.868782440866830825e+02
2.868293847278904991e+02
2.867746634418120379e+02
2.867962501278923355e+02
2.867799161473820391e+02
2.868312796977052699e+02
2.869728303116725669e+02
2.868987689013309250e+02
2.867814297572201099e+02
2.866969723621049297e+02
2.867245874372081857e+02
2.869375272331253655e+02
2.869872853494690048e+02
2.868960948300962741e+02
2.869293887301064956e+02
2.870138324420714753e+02
2.868816197379557593e+02
2.868853564389397661e+02
2.867919091667438352e+02
2.867189538747540496e+02
2.868901906746072541e+02
2.868334900504211191e+02
2.868702094985064832e+02
2.870298241646191286e+02
2.869350123704624025e+02
2.867450245055001119e+02
2.868870617463187500e+02
2.868927292846030355e+02
2.867669219038625101e+02
2.867180427598895562e+02
2.867370450857329729e+02
2.869644031071163113e+02
2.869075591971883341e+02
2.869817115097207534e+02
2.869860413423642171e+02
2.870326939373338178e+02
2.870590963222763321e+02
2.871374317527615858e+02
2.869628564175049519e+02
2.869314369158043405e+02
2.869183879389707386e+02
2.871568881266736071e+02
2.870769389790733612e+02
2.870183658445643573e+02
2.871557148699374125e+02
2.871111699759277371e+02
2.870587229283548254e+02
2.870086680558568446e+02
2.870947883397241185e+02
2.871911682396898300e+02
2.870763466381154103e+02
2.872966986366718061e+02
2.874347086673277545e+02
2.871888440436942460e+02
2.871102030726703447e+02
2.873395804576495038e+02
2.873431737515525128e+02
2.874249507900509002e+02
2.874277239093419212e+02
2.874393858122601841e+02
2.873394123284729176e+02
2.873207476064121124e+02
2.872123392569894236e+02
2.872356995786054199e+02
2.872966613081148921e+02
2.872263169576292512e+02
2.873304852384017067e+02
2.873722604787406567e+02
2.874830270706558508e+02
2.876259450590891333e+02
