2.378327046246276097e+02
2.379357489960094938e+02
2.383060919708189260e+02
2.381207432031347935e+02
2.381435320602104468e+02
2.381247391214286608e+02
2.383769087557045623e+02
2.381924240733318641e+02
2.382842884102345522e+02
2.384537814867362329e+02
2.383278112081243307e+02
2.382714896961776674e+02
2.378924027027769625e+02
2.381586638192329701e+02
2.382145455785376100e+02
2.380547241317955240e+02
2.378605955094848525e+02
2.380527683977098548e+02
2.381604782453940743e+02
2.384828957443947672e+02
2.384897861937704135e+02
2.384728337677395302e+02
2.382317392563766418e+02
2.384424031005926565e+02
2.383872602734176382e+02
2.382731027131883366e+02
2.384525060345253848e+02
2.383908615160551392e+02
2.383880821327122419e+02
2.380543855847611212e+02
2.382447031916220794e+02
2.383644412446218155e+02
2.385655246720027662e+02
2.379223748922283619e+02
2.375294612989227971e+02
2.375773276983743187e+02
2.376520245365671826e+02
2.379962204826724985e+02
2.380106279227844368e+02
2.379544607911251717e+02
2.378987277703666621e+02
2.378450498187412734e+02
2.376329545169240021e+02
2.380396339246700279e+02
2.383381456335035864e+02
2.381037349143111044e+02
2.378847374306141091e+02
2.379148470496856191e+02
2.382275131538711719e+02
2.380398777165650017e+02
2.378654664339710507e+02
2.379773643343852711e+02
2.380657595443347248e+02
2.376958280232334175e+02
2.378177638393810014e+02
2.381639868206499102e+02
2.381397726551805647e+02
2.382129618685568460e+02
2.379414413312287309e+02
2.379428745379456984e+02
2.379028346991861156e+02
2.377795498810992285e+02
2.380140799216428604e+02
2.376419816048887697e+02
2.380584198670174771e+02
2.378957221656365562e+02
2.379194092885244061e+02
2.378569001635626989e+02
2.378277631310843105e+02
2.380199553131086248e+02
2.380198473446230594e+02
2.379684850970475338e+02
2.378071034644933377e+02
2.379856268491036246e+02
2.379709500888833702e+02
2.383706548557936742e+02
2.378719829498628258e+02
2.380477217567409980e+02
2.382424728558272307e+02
2.379347256880193129e+02
2.380857796807605666e+02
2.379291225527783809e+02
2.379087416716282632e+02
2.380301002202756990e+02
2.379785487266653945e+02
2.380621967177094405e+02
2.380263200774856784e+02
2.383364798246855401e+02
2.380941578426223089e+02
2.380416602443930572e+02
2.381571877459240341e+02
2.382117828107804769e+02
2.380689674186440925e+02
2.377584592102783461e+02
2.380141272258190384e+02
2.376556796785904737e+02
2.380355449562755439e+02
2.380224830216867815e+02
2.380214390108216946e+02
2.378803040461372404e+02
2.378702292363277877e+02
2.377410151917662517e+02
2.378034349631306270e+02
2.376759399426847779e+02
2.375040440564941093e+02
2.374688422685229625e+02
2.376224386580688304e+02
2.379307036713402397e+02
2.380940132451761713e+02
2.379183354934166630e+02
2.379721926412166795e+02
2.378449413650651252e+02
2.374717773035688140e+02
2.373035594264700876e+02
2.371538894689129791e+02
2.370370309257562269e+02
2.374666467073966487e+02
2.375710486562415156e+02
2.373430055447297207e+02
2.371902282419083292e+02
2.374324084398159869e+02
2.373975446049810500e+02
2.373305415307913790e+02
2.372576737565063070e+02
2.373427416766475915e+02
2.373797469010724228e+02
2.372791714020172833e+02
2.374824421662033274e+02
2.373416052915180217e+02
2.373209349830662802e+02
2.373827225765729736e+02
2.371356215217148247e+02
2.370015310923207892e+02
2.370715318157766660e+02
2.373421970556047143e+02
2.373605739685154958e+02
2.371826641533537270e+02
2.373334864653695320e+02
2.372241642450918846e+02
2.376694521115948646e+02
2.372947184909097302e+02
2.374529069302819551e+02
2.366192836165737390e+02
2.368882102252580069e+02
2.371169345485920132e+02
2.371960448672049324e+02
2.373589127157956682e+02
2.375806812154022225e+02
2.372905138852724178e+02
2.375321552917457382e+02
2.377249562585980414e+02
2.378442707189767873e+02
2.376884956597805285e+02
2.373196047379632034e+02
2.374634968533963502e+02
2.375055671888120230e+02
2.373604794459469360e+02
2.376382008098787821e+02
2.375704458171765339e+02
2.375106617046929216e+02
2.375763897593953118e+02
2.377845537393250197e+02
2.378239774790604599e+02
2.375952206364615620e+02
2.380212858131949645e+02
