1.026921188267102565e+02
1.024638190720235258e+02
1.031796310917988677e+02
1.029585777268603550e+02
1.023179561795722492e+02
1.027141894148733599e+02
1.027253673899038375e+02
1.025376357790794515e+02
1.024059597845108129e+02
1.030805972576863923e+02
1.022325841702463975e+02
1.033504786191635958e+02
1.036271652627449242e+02
1.024868701022298438e+02
1.028540358435109283e+02
1.029934537912794923e+02
1.026930212128290663e+02
1.022344416715193915e+02
1.025110801765674182e+02
1.027420040641351164e+02
1.025372047471097972e+02
1.024658636527575339e+02
1.022625130107828682e+02
1.029563062905960891e+02
1.027937657544181178e+02
1.020226533931597714e+02
1.026148216990803377e+02
1.031772538396661929e+02
1.022815870121097959e+02
1.029702114867420732e+02
1.025421676271968892e+02
1.025416868680553648e+02
1.026779901521776850e+02
1.038502998485570714e+02
1.051464469987921149e+02
1.034854049515947310e+02
1.027102058199670296e+02
1.028301519660448804e+02
1.028144248812030952e+02
1.024684094856488770e+02
1.031239383714382711e+02
1.035699888076030817e+02
1.027369943103078072e+02
1.026424585000497274e+02
1.028053589940972188e+02
1.033281640847582565e+02
1.025154508698926747e+02
1.024419700884989766e+02
1.030861222654027500e+02
1.027109818731626092e+02
1.024276121868887373e+02
1.027292912635890758e+02
1.035943779183616726e+02
1.036092382673209471e+02
1.026964119687946067e+02
1.026060595634055659e+02
1.021258967806812308e+02
1.035510240416157473e+02
1.028427302215436185e+02
1.029494064227232570e+02
1.024977776233806139e+02
1.022524168885865521e+02
1.032630258888432735e+02
1.036861916290367418e+02
1.029017723890619180e+02
1.032434385516674382e+02
1.027787947165860061e+02
1.033416144747985044e+02
1.024748558608940670e+02
1.026027181642661645e+02
1.029558394706420614e+02
1.029806975914328859e+02
1.028698392452188841e+02
1.026132559413997427e+02
1.026937343106590248e+02
1.026255095757355775e+02
1.031297926452507454e+02
1.025204410102044363e+02
1.028802372553254685e+02
1.028208166957528107e+02
1.030623492279031694e+02
1.027466598786706555e+02
1.028794820126061467e+02
1.028346175293651044e+02
1.028641610496982821e+02
1.024505468436264977e+02
1.027122346281593650e+02
1.025110612323042005e+02
1.030046986242444262e+02
1.029815030030252530e+02
1.024134569264014232e+02
1.029242456385688769e+02
1.027177792617467418e+02
1.028354372668201933e+02
1.029114588222504239e+02
1.030594301585475137e+02
1.032007600415954158e+02
1.028218914240731721e+02
1.033023997917734818e+02
1.026934460747973077e+02
1.029064572189933102e+02
1.032812403202894984e+02
1.031582865706930647e+02
1.033655280998962240e+02
1.025550873293041576e+02
1.028846115047635834e+02
1.032673995538051059e+02
1.026399606541465346e+02
1.034027169655018952e+02
1.026308388793711828e+02
1.030813205712385070e+02
1.033593535287156584e+02
1.031679052847023286e+02
1.044915398869670042e+02
1.042295354747187588e+02
1.034594913293888254e+02
1.033511237819853363e+02
1.035352559170887616e+02
1.034365869945816740e+02
1.034021679940263851e+02
1.034154922424959295e+02
1.034781459711866631e+02
1.039196460839957723e+02
1.033715487032681466e+02
1.030062442414898243e+02
1.032401785623067525e+02
1.033458821686988784e+02
1.033740238712623380e+02
1.030009957317354292e+02
1.031783464958936065e+02
1.036445138558165553e+02
1.031800031533736615e+02
1.031665019109540395e+02
1.040909857291618010e+02
1.036604056218330214e+02
1.033162014000907192e+02
1.030487611273422459e+02
1.030305583462491086e+02
1.031160242630612771e+02
1.033682716847249594e+02
1.027828194497657250e+02
1.032375425188804030e+02
1.055387467770754029e+02
1.040268715423811301e+02
1.031812543926907892e+02
1.025167679533451519e+02
1.027797288232670070e+02
1.030100921326031340e+02
1.033287427506755449e+02
1.023650532896547958e+02
1.023928248492769626e+02
1.028561180044384713e+02
1.026855928065142649e+02
1.025331108149911898e+02
1.028869613115464148e+02
1.028413490427896591e+02
1.024849790472982107e+02
1.028491622967071208e+02
1.024871958651350639e+02
1.025412929050572046e+02
1.025618491028344437e+02
1.030834072758965476e+02
1.020835899273626666e+02
1.023119421273407994e+02
1.021979537592241627e+02
