2.858541441076238812e+02
2.859252912132124038e+02
2.862652589143975206e+02
2.860011854763997121e+02
2.861014027173937393e+02
2.861576396637727839e+02
2.861783800813195171e+02
2.861342406640026184e+02
2.862050887566276742e+02
2.861368111921063360e+02
2.860908256159424923e+02
2.861633623103548985e+02
2.859015763150753742e+02
2.861195991317552512e+02
2.861757380107871995e+02
2.859737949058749678e+02
2.859440016064292536e+02
2.861513330291172110e+02
2.861771563678456118e+02
2.862521564100624687e+02
2.862760999709850580e+02
2.860992147353802579e+02
2.862406905928555148e+02
2.862458029257488192e+02
2.862057613550527435e+02
2.861296032623787937e+02
2.864281756140043740e+02
2.862799020932382632e+02
2.862335861334728975e+02
2.862355619843951331e+02
2.862067248794903094e+02
2.862236907457323696e+02
2.863782350970734569e+02
2.861988176339120287e+02
2.857084205415268343e+02
2.856856904044415728e+02
2.859978720207797664e+02
2.860566247732825218e+02
2.860593751543196390e+02
2.860710854628312063e+02
2.862336589201453307e+02
2.858509199572462194e+02
2.858689622083714994e+02
2.861998890372173605e+02
2.863730842915778680e+02
2.861001874511120491e+02
2.859567674574924467e+02
2.861997806672434308e+02
2.862620674220053729e+02
2.860333314795796014e+02
2.860127433835818920e+02
2.861758356356827449e+02
2.862492944680866458e+02
2.859187597476594078e+02
2.859752138608409382e+02
2.862433374621159032e+02
2.863035840569047537e+02
2.863800610731512393e+02
2.860788012356886156e+02
2.860630982080118088e+02
2.860812580265404108e+02
2.861863281615238179e+02
2.863667140652356125e+02
2.861426160636028158e+02
2.861744122527824743e+02
2.861418076968005266e+02
2.860529973378613136e+02
2.859792026040439623e+02
2.859949536103567311e+02
2.862206398719193317e+02
2.861929945337704453e+02
2.861713187009419812e+02
2.860150352391051456e+02
2.861749194001952219e+02
2.864316236781465363e+02
2.863677664891645804e+02
2.862272236101680960e+02
2.862752694478578519e+02
2.863499602115165885e+02
2.862691836129881153e+02
2.862544825891943105e+02
2.861587186280706874e+02
2.861706553082362348e+02
2.862917210900625946e+02
2.861999343246731655e+02
2.861025009437490212e+02
2.863203474399873585e+02
2.863800625347641358e+02
2.863751949300884121e+02
2.862490808024772377e+02
2.862923033831797852e+02
2.864344338918289736e+02
2.862032738398164042e+02
2.861443376279974018e+02
2.864049227047431145e+02
2.863412191684149661e+02
2.861722228125715333e+02
2.862258991684061584e+02
2.861962896501200362e+02
2.861714783737050993e+02
2.862348648213060187e+02
2.862371940660497671e+02
2.862102797461519117e+02
2.859676312028946086e+02
2.860110906939157189e+02
2.860573969544389001e+02
2.860437823018885410e+02
2.862295773436789545e+02
2.863358355729195068e+02
2.862449264863777785e+02
2.863960237748368627e+02
2.861304160994761787e+02
2.860560552712914841e+02
2.860559076565911028e+02
2.859050161644921673e+02
2.859358909954969477e+02
2.860586467453610453e+02
2.861439930529413687e+02
2.859497258182016139e+02
2.860566240707956354e+02
2.861600837304080756e+02
2.861786623590537033e+02
2.861898369444024866e+02
2.859840463951148877e+02
2.862264187581690180e+02
2.861823773753972660e+02
2.863121621627036006e+02
2.861804020333560743e+02
2.862809357772869703e+02
2.862951661567757924e+02
2.861393045124901278e+02
2.860150670921127016e+02
2.861845537740070426e+02
2.863532218531581748e+02
2.864318594709331478e+02
2.863093097431439560e+02
2.863923231251677066e+02
2.865775717928144672e+02
2.865356483016853417e+02
2.866300458690301980e+02
2.864218418483160917e+02
2.866333382487010226e+02
2.864360367472638131e+02
2.863446740334380252e+02
2.864061565379263357e+02
2.866371559521763288e+02
2.868277379136132481e+02
2.869799060707568970e+02
2.866810179499298101e+02
2.868042786682083261e+02
2.869075646212511401e+02
2.870935337276491168e+02
2.868245126702486232e+02
2.868179549772541463e+02
2.869049450817009301e+02
2.868614806830526618e+02
2.870146470480947869e+02
2.871314002700282231e+02
2.870920894740137896e+02
2.872134261356337106e+02
2.873094372096499569e+02
2.871631050778462964e+02
2.871147670004815495e+02
2.872395745685702764e+02
2.872511863104720646e+02
