2.390131488799248700e+02
2.391669373148048408e+02
2.394804226413731669e+02
2.389587694798458415e+02
2.388177500067683070e+02
2.392147637644023916e+02
2.389520774609471800e+02
2.387910035345135782e+02
2.385797740476084243e+02
2.386739716125765653e+02
2.386976335086199015e+02
2.388588509508805089e+02
2.388659190578520395e+02
2.387625255553174100e+02
2.390492982721895032e+02
2.391984634855573120e+02
2.393935847437415987e+02
2.393362953740738703e+02
2.390622836351627711e+02
2.388892307913613422e+02
2.388565642057484411e+02
2.388749932743386353e+02
2.387097256053306182e+02
2.390162024334422313e+02
2.391272258701422970e+02
2.391053119680834982e+02
2.385952412953488420e+02
2.386686412271508004e+02
2.389738483615698215e+02
2.387542564426013598e+02
2.388059736523633774e+02
2.394186576884252133e+02
2.386697849367060371e+02
2.388290740657618869e+02
2.390412808200331938e+02
2.388541978434001010e+02
2.383512368283350895e+02
2.387470580283967649e+02
2.384254042154689444e+02
2.393367262799838784e+02
2.382473647126529102e+02
2.383992263624475925e+02
2.388576172025426558e+02
2.389421108471392472e+02
2.389193145630422634e+02
2.382757127133158690e+02
2.385262156305945780e+02
2.388725734761627564e+02
2.388345316259810431e+02
2.387384416159546845e+02
2.387110854819607084e+02
2.383651324843999930e+02
2.384411861489952571e+02
2.382144933743497575e+02
2.389289352780313891e+02
2.388772528674510340e+02
2.388788138148315454e+02
2.386513701179718794e+02
2.388106168339445787e+02
2.386059193975952724e+02
2.388710918399043521e+02
2.392456480874467672e+02
2.394715811146901103e+02
2.381716156252719827e+02
2.381841138617042759e+02
2.385486071708743054e+02
2.390342340252331041e+02
2.384806932607202441e+02
2.380421655743786857e+02
2.391370433175023891e+02
2.384475860673471743e+02
2.387201519750042564e+02
2.393265002556396723e+02
2.383229685968925935e+02
2.381490967003251455e+02
2.382221216628715581e+02
2.381227447288920587e+02
2.383927832434662832e+02
2.383722199135770268e+02
2.386502310787334409e+02
2.383682842500443257e+02
2.383444336580222682e+02
2.378938723287454877e+02
2.379613427402023547e+02
2.385599643892888082e+02
2.378498642880025216e+02
2.379330958360280874e+02
2.384361857257216570e+02
2.377129133442584532e+02
2.381489507559012679e+02
2.382264260242699550e+02
2.383774478213415193e+02
2.381779354493919243e+02
2.381616105284597040e+02
2.384414047530638356e+02
2.383706761884661773e+02
2.385506009307492832e+02
2.386080438768020713e+02
2.386518360606308988e+02
2.394374521467710508e+02
2.375359629608835803e+02
2.376262638382898160e+02
2.387253814242226042e+02
2.384879769742901487e+02
2.383668965337010093e+02
2.383377541322844593e+02
2.387881569953015912e+02
2.387310033712487609e+02
2.378640621683757388e+02
2.380172615219376837e+02
2.381482807054308353e+02
2.385430014852700822e+02
2.385683873634326631e+02
2.386315746536126028e+02
2.383282354350919547e+02
2.388028850541079748e+02
2.380133870275878678e+02
2.378510534684978381e+02
2.381045207881409453e+02
2.383264967276834057e+02
2.387425965879318710e+02
2.381902624168760383e+02
2.383719000223677256e+02
2.387110241618022428e+02
2.382279114174476717e+02
2.381767989902632223e+02
2.383381476278482012e+02
2.389860950260581660e+02
2.388398359726573119e+02
2.383174755881505007e+02
2.383915942104425767e+02
2.382620315740612966e+02
2.391766436595356993e+02
2.387119816382608803e+02
2.386716705113321950e+02
2.390868406739184309e+02
2.386367773630286138e+02
2.388710139679385520e+02
2.388028518222370451e+02
2.387505869520321937e+02
2.390191298248331861e+02
2.381113396218951550e+02
2.385170858606209947e+02
2.390546626042957996e+02
2.388232209599738951e+02
2.389572053726811589e+02
2.388415265158348291e+02
2.385614741441232525e+02
2.387540594661677460e+02
2.385226172264933950e+02
