3.402426608351200912e+02
3.402426606241422746e+02
3.402426608997142239e+02
3.402426602354487386e+02
3.402426605252067020e+02
3.402426607075549327e+02
3.402426602504903599e+02
3.402426600626031927e+02
3.402426597021383827e+02
3.402426592392503153e+02
3.402426593366032535e+02
3.402426591519904377e+02
3.402426592563550116e+02
3.402426595924213188e+02
3.402426598710927124e+02
3.402426597721400867e+02
3.402426594755042970e+02
3.402426600491150452e+02
3.402426591571291397e+02
3.402426589475706464e+02
3.402426591743928270e+02
3.402426592042584161e+02
3.402426586977416605e+02
3.402426588454606531e+02
3.402426584528964781e+02
3.402426584524667419e+02
3.402426586106160471e+02
3.402426583854644946e+02
3.402426581325730695e+02
3.402426580241014449e+02
3.402426582785005280e+02
3.402426591079502600e+02
3.402426580886493070e+02
3.402426580396987106e+02
3.402426583177528983e+02
3.402426574364215526e+02
3.402426576283111785e+02
3.402426571749743971e+02
3.402426573330217821e+02
3.402426581230427018e+02
3.402426575141298599e+02
3.402426568844866210e+02
3.402426577258832481e+02
3.402426576347139644e+02
3.402426572830439682e+02
3.402426567575665217e+02
3.402426568613178688e+02
3.402426572304528349e+02
3.402426570932199184e+02
3.402426567519175933e+02
3.402426566311939382e+02
3.402426563353482152e+02
3.402426557934799121e+02
3.402426559360910119e+02
3.402426567991870456e+02
3.402426561660520861e+02
3.402426563958650831e+02
3.402426560237120725e+02
3.402426558136015728e+02
3.402426558604356046e+02
3.402426560827693152e+02
3.402426562698441899e+02
3.402426565493735211e+02
3.402426553043690092e+02
3.402426548970593103e+02
3.402426555800846586e+02
3.402426553314970192e+02
3.402426550682134803e+02
3.402426552350381712e+02
3.402426557701599563e+02
3.402426545722893252e+02
3.402426548940119915e+02
3.402426555440288212e+02
3.402426543325478292e+02
3.402426542352775982e+02
3.402426547861358017e+02
3.402426548815157616e+02
3.402426537773141035e+02
3.402426541236970934e+02
3.402426544243967896e+02
3.402426545387543229e+02
3.402426538901547701e+02
3.402426535917640535e+02
3.402426538307665282e+02
3.402426542479998375e+02
3.402426534037278429e+02
3.402426529462686062e+02
3.402426531072896978e+02
3.402426529010440390e+02
3.402426528916716393e+02
3.402426533424450668e+02
3.402426534411803800e+02
3.402426527565635297e+02
3.402426527326691712e+02
3.402426525535597648e+02
3.402426537453897595e+02
3.402426530872943999e+02
3.402426527465234471e+02
3.402426527204685840e+02
3.402426532256629343e+02
3.402426525032915379e+02
3.402426516655025353e+02
3.402426527618920886e+02
3.402426527510000369e+02
3.402426523871727682e+02
3.402426516977962478e+02
3.402426526503187461e+02
3.402426520291541010e+02
3.402426513585816110e+02
3.402426510607635350e+02
3.402426515336260877e+02
3.402426523465323385e+02
3.402426515451746241e+02
3.402426514991554427e+02
3.402426518327065992e+02
3.402426514828617314e+02
3.402426511682388082e+02
3.402426506326480080e+02
3.402426507675543235e+02
3.402426509191685113e+02
3.402426518943087785e+02
3.402426505905752379e+02
3.402426505376894283e+02
3.402426515777545433e+02
3.402426505553900142e+02
3.402426505463458284e+02
3.402426502577638416e+02
3.402426508281105839e+02
3.402426510288196937e+02
3.402426504411721453e+02
3.402426503296241549e+02
3.402426502963691632e+02
3.402426516227782827e+02
3.402426507610429667e+02
3.402426501340503933e+02
3.402426510920957412e+02
3.402426504245074739e+02
3.402426498841587090e+02
3.402426504581962945e+02
3.402426504672847045e+02
3.402426505774469092e+02
3.402426494101893582e+02
3.402426493887851393e+02
3.402426503898350347e+02
3.402426501414963695e+02
3.402426490041817715e+02
3.402426500399694191e+02
3.402426499866737117e+02
3.402426495430661930e+02
3.402426488589840687e+02
