2.876456984875511012e+02
2.876954398227110801e+02
2.877854012261182675e+02
2.876024885683715979e+02
2.877432697478715795e+02
2.878389870206983119e+02
2.877342522785476717e+02
2.876288238964385187e+02
2.874683401171695323e+02
2.874867953819228887e+02
2.875045510786154068e+02
2.876528847362101260e+02
2.876966766496473724e+02
2.878682360800974607e+02
2.880301726766899151e+02
2.881240804464329699e+02
2.881199307747718876e+02
2.882172288259278616e+02
2.879131888785931892e+02
2.879147324039863065e+02
2.881222828272895526e+02
2.880631178491702826e+02
2.879768596955191811e+02
2.880559611203876216e+02
2.880797195607038361e+02
2.881341050811754485e+02
2.879669323521597448e+02
2.880105324845872019e+02
2.880920471080955849e+02
2.881386276536269975e+02
2.884329880063277756e+02
2.884717075378333107e+02
2.881846304884318783e+02
2.883326349533529651e+02
2.884159082743773297e+02
2.882318016997989503e+02
2.882159245733797093e+02
2.881885800293873103e+02
2.883485928791224637e+02
2.884811161051342765e+02
2.882284287314710127e+02
2.883512578966403339e+02
2.886659592866383832e+02
2.887065424499205051e+02
2.885772676180553731e+02
2.883702823953524899e+02
2.886235042715304076e+02
2.887887228377182396e+02
2.886546894873154088e+02
2.885832231295058250e+02
2.885308455094920532e+02
2.884222831158728013e+02
2.885267048053419785e+02
2.886782024614396391e+02
2.889468073711990996e+02
2.888787837845066520e+02
2.889298711194542193e+02
2.888532288902688379e+02
2.888280569542058061e+02
2.889090815601500708e+02
2.890883810434589236e+02
2.892808090457905337e+02
2.890983683679516503e+02
2.886091451279924627e+02
2.887277524423376462e+02
2.890104216182565438e+02
2.890089807000360338e+02
2.889044261904673476e+02
2.891858368127947756e+02
2.891741739424754201e+02
2.890533827541061100e+02
2.893479710333792809e+02
2.892360062537345584e+02
2.889404284748141549e+02
2.890608451359908031e+02
2.892365973098653740e+02
2.891886832724225656e+02
2.890872294236978064e+02
2.892588678901163917e+02
2.893566085347893022e+02
2.892611459816467345e+02
2.892451640626952099e+02
2.891843031845572227e+02
2.892813748080913570e+02
2.894319821639052748e+02
2.891964475977299571e+02
2.892732455195015859e+02
2.893308257102062839e+02
2.891858803145626098e+02
2.893481115374906381e+02
2.895111009745141359e+02
2.895233339832442425e+02
2.894290030083717511e+02
2.895449148850746610e+02
2.896085673874654276e+02
2.898533226697592795e+02
2.897638065132671841e+02
2.897185666220976827e+02
2.899061914045948924e+02
2.899321460067472458e+02
2.895323139500955563e+02
2.896421899240586413e+02
2.899883688137962849e+02
2.899579170285987857e+02
2.898829080369188205e+02
2.898959348310185646e+02
2.901626185192405387e+02
2.899607125725751757e+02
2.897153903883551607e+02
2.898045418998253808e+02
2.900770893623058555e+02
2.902043995723254852e+02
2.901276230284685198e+02
2.901197991753334122e+02
2.902290370839982643e+02
2.901992256556164875e+02
2.900196498899967423e+02
2.900166702022116283e+02
2.901761298422389359e+02
2.904072861724669110e+02
2.904797805875407448e+02
2.902682058392387034e+02
2.904528526242409043e+02
2.906328691825060559e+02
2.904174018607050698e+02
2.903456419848016594e+02
2.905660723562103840e+02
2.907896131417034553e+02
2.907256370256243372e+02
2.906664901674398038e+02
2.906841524096464013e+02
2.908632753368133876e+02
2.911131870078200450e+02
2.908213984967342753e+02
2.909181471666904599e+02
2.910737615153433353e+02
2.909434262920762535e+02
2.909509946649235985e+02
2.911469691021729318e+02
2.911948692682928481e+02
2.911524527352675591e+02
2.908698221727659075e+02
2.910738729069133228e+02
2.914120099532435120e+02
2.912844499796840978e+02
2.912084511796306856e+02
2.914740174796185670e+02
2.912987366342597966e+02
2.913328062291580522e+02
2.913155856560678671e+02
