2.864766866004828785e+02
2.865167075652339577e+02
2.865774219369984053e+02
2.868050777242164600e+02
2.867383863546205021e+02
2.867627550508025820e+02
2.869226523913501410e+02
2.868113018191467631e+02
2.869505801115918189e+02
2.868030344193035717e+02
2.867872106580671812e+02
2.867749343724312325e+02
2.868738259218135340e+02
2.868904157294121546e+02
2.869026906805004842e+02
2.868974540460660023e+02
2.869640677234530699e+02
2.871604012466490872e+02
2.870875275106008644e+02
2.872021703331420781e+02
2.871584694575462322e+02
2.870811261023446264e+02
2.872808687965620607e+02
2.873213013585141198e+02
2.871076628636268424e+02
2.872198196660096414e+02
2.873971805273497466e+02
2.874266272924129453e+02
2.873566668822580255e+02
2.873770158677016298e+02
2.875082852722942448e+02
2.875164980683395015e+02
2.874885948512876439e+02
2.875781322556758823e+02
2.875491519009142962e+02
2.876247868930615823e+02
2.876559230950908272e+02
2.877454806589628902e+02
2.877036270398061788e+02
2.878230592375784909e+02
2.879153288131658996e+02
2.877046229106134660e+02
2.878086692665225996e+02
2.880797774091931842e+02
2.879087780752063850e+02
2.879419678223417236e+02
2.880709999853324916e+02
2.880801880821423424e+02
2.879107032893537053e+02
2.881125255096356454e+02
2.880753213100068137e+02
2.882341765769129438e+02
2.880898169321234832e+02
2.881773037268968096e+02
2.882855851970097660e+02
2.882750092756238587e+02
2.882089300071939988e+02
2.883341862283959927e+02
2.882881923708828822e+02
2.883242616102261309e+02
2.882880118510202578e+02
2.884475730119478953e+02
2.884485172100253862e+02
2.885231880904210016e+02
2.883745830322390589e+02
2.885924299975762892e+02
2.885616220986460121e+02
2.886407979155122234e+02
2.886530727461858987e+02
2.887056621997118100e+02
2.889014327638909094e+02
2.887471451690404933e+02
2.887233821120515245e+02
2.887625356764309004e+02
2.887112748632883381e+02
2.888658264793126023e+02
2.889049304776963254e+02
2.888755631194164266e+02
2.889754532933905011e+02
2.890273139201174786e+02
2.890850600628289158e+02
2.891652650832369318e+02
2.890342207153143477e+02
2.890363191359568305e+02
2.892747415735233858e+02
2.893227693566965399e+02
2.891571474161432889e+02
2.893445868801292704e+02
2.894379092958618571e+02
2.895853413066233202e+02
2.895406595755987951e+02
2.897606116977914326e+02
2.898394751948823682e+02
2.897767622983939759e+02
2.897525328479145514e+02
2.899641754027649654e+02
2.900032065492259790e+02
2.898791448431555295e+02
2.899329841604579201e+02
2.900550494020566248e+02
2.899920204053739781e+02
2.900110695658851796e+02
2.899977424383158109e+02
2.901171932298914271e+02
2.902513837053668908e+02
2.901170331830907685e+02
2.901785634903960158e+02
2.903329607906802607e+02
2.903570192424157881e+02
2.904527336226247485e+02
2.905786315998081477e+02
2.906480509169721813e+02
2.906839107461267986e+02
2.906821419296931595e+02
2.907420215022427215e+02
2.907994454605168357e+02
2.907867688959001384e+02
2.906262823793059056e+02
2.908358133038167921e+02
2.908620794299399108e+02
2.909905769560406839e+02
2.908650030933787889e+02
2.911664639505205514e+02
2.911831474928602574e+02
2.909772340553194567e+02
2.911875332276551376e+02
2.912219904445012730e+02
2.910948255263214719e+02
2.912761362623933223e+02
2.915013769695017913e+02
2.915049780323160462e+02
2.913658996485118564e+02
2.916517958632001637e+02
2.915505261538036166e+02
2.918785536988132776e+02
2.917732285235312588e+02
2.917799592754159335e+02
2.921010995770251952e+02
2.921194660595534174e+02
2.922071310312088599e+02
2.921459013810933243e+02
2.921146761013651485e+02
2.921080035555856398e+02
2.923200771019056674e+02
2.922652395956725400e+02
2.924506334424954161e+02
2.923884779150141071e+02
2.926305022310822892e+02
2.925862910215613510e+02
2.926500875180787489e+02
