2.373840991194632295e+02
2.386005633414796421e+02
2.396835568331214574e+02
2.397154465848773555e+02
2.399654693284907125e+02
2.407219956250056327e+02
2.412153718325274667e+02
2.408599980248153827e+02
2.413100183364604447e+02
2.414171195689166609e+02
2.419982145042074535e+02
2.414476378743259204e+02
2.419597001033602055e+02
2.421185493601628593e+02
2.419630416564585857e+02
2.417819082218278481e+02
2.425079104340245806e+02
2.428177439746489199e+02
2.422117768217622995e+02
2.421748949966215889e+02
2.424461534073925861e+02
2.430601016340989418e+02
2.426128541790365034e+02
2.423406474285752381e+02
2.428455522898127867e+02
2.428822650034239530e+02
2.428597750483634456e+02
2.422960990748276515e+02
2.429099205430889867e+02
2.431029104147239934e+02
2.426480875670258968e+02
2.422791381335505605e+02
2.427190361747817633e+02
2.426827274522811706e+02
2.427070046667771237e+02
2.427303895272858654e+02
2.433451551303762699e+02
2.423946454002234532e+02
2.427629015498863794e+02
2.434387681616919679e+02
2.427328556373318804e+02
2.431699626006732444e+02
2.432501642350358395e+02
2.424296135185459207e+02
2.428682288506396674e+02
2.429736071348533812e+02
2.427579467555713393e+02
2.426304745159797847e+02
2.429563341731748096e+02
2.432956690529088348e+02
2.423946309544494682e+02
2.429143027620885675e+02
2.433836794990394594e+02
2.429664474227439541e+02
2.430941924037623778e+02
2.430071633508753450e+02
2.435571221248225982e+02
2.426939145166358287e+02
2.428245169192959168e+02
2.431683010171439321e+02
2.432788961592189878e+02
2.431161662563823995e+02
2.433895534786471160e+02
2.435925694980385003e+02
2.432496134079812009e+02
2.429289581963864748e+02
2.433171645580587210e+02
2.432246632968131905e+02
2.431844594767340766e+02
2.436024141472067583e+02
2.435350722505911563e+02
2.437806632677925336e+02
2.436732864819616964e+02
2.437632102754014625e+02
2.436857103401965787e+02
2.435153764108796679e+02
2.438996961565640902e+02
2.435935748178453366e+02
2.435962703801026237e+02
2.435153812392717043e+02
2.436173810665239614e+02
2.440259735073454124e+02
2.436421934099240332e+02
2.436764389771142589e+02
2.442070519566203473e+02
2.434426507083937850e+02
2.437137806728474345e+02
2.442639205394253850e+02
2.437021157161090912e+02
2.436946600518477055e+02
2.442456777781438007e+02
2.437137496491731099e+02
2.438832130333845498e+02
2.438942886412922064e+02
2.442272769521750035e+02
2.437885476704925907e+02
2.443947533537521792e+02
2.442831557475581974e+02
2.443441393416028404e+02
2.436334554060386779e+02
2.442589983417611847e+02
2.444075439499569029e+02
2.438647699561905711e+02
2.443281277937654465e+02
2.442832271702724256e+02
2.443450418053114390e+02
2.438613234975345279e+02
2.442445675461501366e+02
2.440860526005863846e+02
2.441681815667169246e+02
2.444078382267646532e+02
2.444849292024024692e+02
2.440833276977495245e+02
2.442687252257761656e+02
2.445778532791382247e+02
2.442867247715093981e+02
2.445455982731144502e+02
2.446037452419011515e+02
2.444391572491079785e+02
2.442068341466549555e+02
2.445933292417832661e+02
2.441264530116857259e+02
2.443023450982106795e+02
2.446858674353311187e+02
2.439361480207616921e+02
2.447141094795583740e+02
2.442400010541698521e+02
2.445754722171027140e+02
2.444606058307580270e+02
2.445415255062399353e+02
2.446069505643449418e+02
2.446306377456314749e+02
2.444662128848664508e+02
2.451466522516637099e+02
2.446872242123329499e+02
2.449913208042405302e+02
2.445187638254343767e+02
2.452736379126331485e+02
2.447811122416215142e+02
2.450996999142381583e+02
2.446442077180802528e+02
2.449501793596161576e+02
2.451294810848034160e+02
2.450159295724032518e+02
2.444114960104615193e+02
2.448349156791283292e+02
2.452005603269029450e+02
2.449229539899003214e+02
2.451907152332490512e+02
2.451235873493689894e+02
2.447414693456262285e+02
