9.518822214345878763e+01
9.530179464586836957e+01
9.555587772381620937e+01
9.529523929331297438e+01
9.452622394414747475e+01
9.461707288727917842e+01
9.491425211153172370e+01
9.424645980017685076e+01
9.455949062854129750e+01
9.410187921539797173e+01
9.472888189732218223e+01
9.425089110180162777e+01
9.398839664816584616e+01
9.419880139945053088e+01
9.439830291666804385e+01
9.356084805452479713e+01
9.377898089422238570e+01
9.455878265095229551e+01
9.381139530812561134e+01
9.419315875103313829e+01
9.345074485842508238e+01
9.407976052135438749e+01
9.422121624674853990e+01
9.349078512269998953e+01
9.388910486023331714e+01
9.373751456850219199e+01
9.430490290737770920e+01
9.405432474417601441e+01
9.371078913610192274e+01
9.408482783193291255e+01
9.438323854641278388e+01
9.440546072944273703e+01
9.393781974222379461e+01
9.415149969586560985e+01
9.363261991180324628e+01
9.403602723238977035e+01
9.414394977442010770e+01
9.407452679296351050e+01
9.350092408588959358e+01
9.390054178292497511e+01
9.367414753598995958e+01
9.408248262555628116e+01
9.422556165935340289e+01
9.394104096801970627e+01
9.387199382501859191e+01
9.419516243933384203e+01
9.426717886682581593e+01
9.373212558999610167e+01
9.407528853114069989e+01
9.448942171815042457e+01
9.373639848840804234e+01
9.369934476137478896e+01
9.400330772555396663e+01
9.358813036071207137e+01
9.395067400177305217e+01
9.346615405551521860e+01
9.418579980581030497e+01
9.421533664891082083e+01
9.366376512214230843e+01
9.344927567547922820e+01
9.348326140616796920e+01
9.379579866276999667e+01
9.366536971806284839e+01
9.379116913350151208e+01
9.412923074967058312e+01
9.366744276723181883e+01
9.420106387797422087e+01
9.349433412044443514e+01
9.375895045221760427e+01
9.356178603864628940e+01
9.321694658212369688e+01
9.340229881261747380e+01
9.366085104346166190e+01
9.336116506274923665e+01
9.359820742691040607e+01
9.327642390851097787e+01
9.415174473971541147e+01
9.350906137329069168e+01
9.293480377318026342e+01
9.353664310356776923e+01
9.340361100044675879e+01
9.348591094616237740e+01
9.328939941426857274e+01
9.341159520985246445e+01
9.367001518793141202e+01
9.289641672551063323e+01
9.327848906105839433e+01
9.363114951465290403e+01
9.331654432561838064e+01
9.312238938205477723e+01
9.377919242110162656e+01
9.316256681566483167e+01
9.343410936488790242e+01
9.320070096561607897e+01
9.332738149062994637e+01
9.326425366492094327e+01
9.284794745449448783e+01
9.339527904719098217e+01
9.391515626012001405e+01
9.296910638164598595e+01
9.292127883155832535e+01
9.337202597157676109e+01
9.280927875079471789e+01
9.315469942782006285e+01
9.315628791903010608e+01
9.313607248324971977e+01
9.341638559741086567e+01
9.330468892229129096e+01
9.316094870754515966e+01
9.325765880305941380e+01
9.310202531674305249e+01
9.334134372757961273e+01
9.313012020360372389e+01
9.335324746810447039e+01
9.333020181573731122e+01
9.259102080942300006e+01
9.306075299313179983e+01
9.310213904813109309e+01
9.310217092909358882e+01
9.331977632500446873e+01
9.327134570199116581e+01
9.322133536449337043e+01
9.308172146953313586e+01
9.342926605165145304e+01
9.272227826213038782e+01
9.303876425252248339e+01
9.327931719597393112e+01
9.292524842506742289e+01
9.287188586645545740e+01
9.234766708325049933e+01
9.300082222562572554e+01
9.318893458103987371e+01
9.282727435663224469e+01
9.243621636681449161e+01
9.239814167193326000e+01
9.269239274311655663e+01
9.221784632097653400e+01
9.325517853093759868e+01
9.295420559888782464e+01
9.248820344815329975e+01
9.264525917110897524e+01
9.272041387947535895e+01
9.269755036009003391e+01
9.296785520499692268e+01
9.291614880885124705e+01
9.269458183453166100e+01
9.256751209151359205e+01
9.249088214497118088e+01
9.260616067141846486e+01
9.298277026627164332e+01
9.253099086061185119e+01
