2.880149356778151741e+02
2.886604553374535840e+02
2.890123623557448127e+02
2.890591493978291169e+02
2.893562371279369358e+02
2.896875204729905704e+02
2.897785395080097146e+02
2.898033015684089264e+02
2.899719397023252441e+02
2.901138323838250130e+02
2.902244080119152727e+02
2.901728913032198420e+02
2.902803219683524958e+02
2.903465195079293721e+02
2.902652436036917720e+02
2.903851016354411740e+02
2.906970006299048350e+02
2.906097936836775375e+02
2.904097883652609084e+02
2.904592222603828873e+02
2.906418502124690804e+02
2.908169944179895197e+02
2.906813899995761972e+02
2.906463354488387836e+02
2.907821283662462974e+02
2.907894510702774937e+02
2.907202656048801259e+02
2.905724867004740872e+02
2.907380346644557108e+02
2.907925635643908322e+02
2.906932948217555008e+02
2.904986369412395106e+02
2.906679767103992731e+02
2.906881834201529387e+02
2.907217669195924827e+02
2.907230927884277776e+02
2.908853320714938491e+02
2.906750043254368734e+02
2.907265202044837906e+02
2.909054716599053449e+02
2.908319713275996605e+02
2.908403405326998268e+02
2.907570440743348854e+02
2.906092354310731594e+02
2.907296905213401601e+02
2.907705841218675005e+02
2.907736342094186170e+02
2.907215406959782626e+02
2.909068451971257332e+02
2.908437784794098775e+02
2.906106134800850782e+02
2.908029238193331025e+02
2.910382104756866397e+02
2.908214379157871008e+02
2.908703156553763733e+02
2.909239775131625265e+02
2.909888858733564234e+02
2.907254871076655149e+02
2.907791037805286010e+02
2.909648008371229366e+02
2.909763598482591647e+02
2.909450251904316360e+02
2.910200554145314982e+02
2.910366441255000609e+02
2.908563088792416238e+02
2.908324400134742973e+02
2.910040084261595439e+02
2.909340102429710555e+02
2.909585058308608723e+02
2.910773547609414891e+02
2.909776901828492441e+02
2.911130953604691172e+02
2.911208901413961598e+02
2.911940717113760115e+02
2.911438782996956434e+02
2.911209254762193837e+02
2.911629431901561134e+02
2.911888510641363723e+02
2.911329502449231654e+02
2.911269914477920224e+02
2.911939840369857961e+02
2.912958990333283396e+02
2.912471487537378039e+02
2.912191382774608996e+02
2.913016918830047643e+02
2.911750227129256814e+02
2.913551057397369277e+02
2.912963587299798860e+02
2.911427471774380820e+02
2.912634900178485395e+02
2.913742253257067318e+02
2.912358425239560802e+02
2.913848016701503525e+02
2.913647328591915198e+02
2.914432780413263231e+02
2.913439748929243365e+02
2.915128902043869630e+02
2.914748485344441065e+02
2.913782303048223525e+02
2.912314453012523359e+02
2.914291563125410107e+02
2.915718953792551815e+02
2.913929156235704454e+02
2.914742979804025254e+02
2.914887922336846486e+02
2.914836944924691693e+02
2.914457129215031159e+02
2.915091416521755718e+02
2.914388049965182859e+02
2.914427681160095744e+02
2.915719613173972107e+02
2.915936412979131660e+02
2.914492890427167708e+02
2.914794714003800209e+02
2.915958072890381914e+02
2.915475994190330766e+02
2.914954830229119125e+02
2.916270938640658414e+02
2.915422631339578174e+02
2.915289689425597430e+02
2.916357257743974287e+02
2.915859401187820481e+02
2.916464798675949055e+02
2.916346631132129232e+02
2.915077892821143450e+02
2.917702206999188661e+02
2.916579606384834165e+02
2.917169617077105954e+02
2.917414280753926619e+02
2.917975414541785995e+02
2.917465534894163852e+02
2.917737369318280116e+02
2.916588549736629830e+02
2.919043413956335939e+02
2.917965576390797082e+02
2.918384250702104623e+02
2.919224647069459593e+02
2.919810808096613073e+02
2.918123723350483374e+02
2.919429257487176415e+02
2.918332405347744611e+02
2.919101761046101160e+02
2.919174936361682740e+02
2.919171759412437837e+02
2.917340822102266316e+02
2.919398936592206724e+02
2.919137041137457231e+02
2.918782830530016668e+02
2.920348116177490851e+02
2.919927736154952527e+02
2.918597471654088054e+02
