2.419633361686691444e+02
2.419353977593315506e+02
2.419821949165066144e+02
2.418634610440196866e+02
2.418518171251437536e+02
2.419070220682076240e+02
2.418620130177422709e+02
2.415960928329297701e+02
2.420751287066395605e+02
2.421390889982449153e+02
2.417405046442387118e+02
2.418056164425394172e+02
2.418914036138520771e+02
2.419859255027278380e+02
2.417159523008376993e+02
2.415339238176063361e+02
2.416777917754692737e+02
2.421905520256592297e+02
2.420641628745184164e+02
2.418383977360270762e+02
2.419683502505247361e+02
2.418219845569192330e+02
2.418026828034812752e+02
2.423068351991146301e+02
2.415567087401177560e+02
2.416656627344844139e+02
2.422424940550090184e+02
2.418283252492004749e+02
2.418673277915526398e+02
2.419498646912891502e+02
2.416265329510013942e+02
2.418405724769089318e+02
2.421182589622158901e+02
2.418134945364199382e+02
2.418013878226471434e+02
2.418677740172976200e+02
2.417585547519466616e+02
2.415398180401101911e+02
2.420183876260452962e+02
2.415496064475079550e+02
2.416136402949776141e+02
2.425048959199458807e+02
2.416244136682202850e+02
2.415176387418276818e+02
2.420532716286308244e+02
2.418033061759793156e+02
2.417273255088969961e+02
2.417956567017911311e+02
2.418918445805963131e+02
2.418502164222852286e+02
2.420917254693226823e+02
2.418647697340912828e+02
2.418365886880261542e+02
2.422195090080091404e+02
2.416572881496204275e+02
2.417973424121809387e+02
2.420549108030685090e+02
2.419187516937575708e+02
2.418963512165061047e+02
2.420114158453101538e+02
2.425926093009051385e+02
2.414670311601853427e+02
2.417048745057552424e+02
2.421443811178067165e+02
2.416738769932843525e+02
2.417284375828603231e+02
2.427122088533989199e+02
2.418694409833366592e+02
2.418780152134975197e+02
2.421375930778537793e+02
2.417517548102634066e+02
2.420232659211255850e+02
2.421231471049457014e+02
2.422394998507071193e+02
2.416701967328751550e+02
2.421053937041430970e+02
2.422377299369316859e+02
2.417299979466682771e+02
2.418772977172187666e+02
2.424623789446780791e+02
2.418397935696596903e+02
2.413569487779438134e+02
2.424481641419569939e+02
2.419578866995959743e+02
2.416771176346451000e+02
2.425974075248601309e+02
2.419182882032084478e+02
2.418045677316348474e+02
2.421154438825611805e+02
2.422970557013248651e+02
2.421875335716745496e+02
2.419205095302560551e+02
2.422512440791839481e+02
2.425732084110875348e+02
2.424565858984331044e+02
2.421502481300319687e+02
2.420767657789307634e+02
2.422460289697582709e+02
2.421251420031287580e+02
2.417660676813676446e+02
2.420912973509201720e+02
2.420313769462482867e+02
2.419639825730337179e+02
2.426426383435797334e+02
2.419844398700710144e+02
2.419954559712942910e+02
2.423138040176141033e+02
2.420978413312385271e+02
2.418288932559150055e+02
2.425830382803713121e+02
2.420849445349821565e+02
2.422809008337620469e+02
2.420222045271937361e+02
2.419399947696090010e+02
2.422560091489973502e+02
2.423316188547551064e+02
2.416508550324348050e+02
2.423209138664417708e+02
2.421201496576488523e+02
2.419335812917211967e+02
2.421914865087678379e+02
2.421845340711049346e+02
2.418796003865431032e+02
2.423955565290222864e+02
2.416530845621321362e+02
2.422287778940352325e+02
2.422255157265030618e+02
2.419012758771518747e+02
2.419968818495174219e+02
2.422329892555627850e+02
2.420194795707161575e+02
2.423235344255051302e+02
2.420053170723425637e+02
2.418664183904514573e+02
2.421869948556514771e+02
2.420596971401029407e+02
2.418259734496669182e+02
2.418569565829902785e+02
2.424652229474529861e+02
2.419209697293988484e+02
2.420519264070923384e+02
2.422314834702225141e+02
2.420151312657464189e+02
2.420104313163715233e+02
2.422753897655346407e+02
2.418368978846463051e+02
2.417918610709754148e+02
2.427377964202096052e+02
2.416004923228103110e+02
2.420923235295347524e+02
2.425270833234046961e+02
2.420224899056373431e+02
2.421637746460438620e+02
2.423794826330821763e+02
2.422022157000103562e+02
2.422395338164276382e+02
2.417646405913629053e+02
2.418658818591095780e+02
2.422386351263075994e+02
2.422850186549230500e+02
2.419386555711083702e+02
2.420966923031844829e+02
2.425887863975613357e+02
2.420616750782387214e+02
2.418488001607530862e+02
2.422770545594125622e+02
2.422684388289726769e+02
2.415322365684680790e+02
2.421084124645379916e+02
2.420671641963919285e+02
2.419462566917543143e+02
2.419515116398205237e+02
2.420288792228433010e+02
2.416892925400883314e+02
2.422906159585129160e+02
2.422849095854602410e+02
2.422243421072870433e+02
2.416706700938174208e+02
2.415662868974683590e+02
2.426118404063292076e+02
2.420490273198341526e+02
2.418892290755465808e+02
2.426262834650741240e+02
2.417497499964046028e+02
2.418773163584233998e+02
2.421852112257678016e+02
2.418309554501938408e+02
2.423680927917250472e+02
2.417658551159742331e+02
2.418738084705744029e+02
2.422778891173619229e+02
2.417767754915833223e+02
2.419841816850298528e+02
2.422895891113968503e+02
2.417661766395596032e+02
2.419034498299778306e+02
2.427200618060827821e+02
2.418390402574359257e+02
2.420046009730454841e+02
2.422936337047767381e+02
2.421219997227632064e+02
2.423263257563057778e+02
2.425661439982964112e+02
2.421063230501985117e+02
2.419913772568580441e+02
2.423524834765114520e+02
2.421292195386727997e+02
2.419415026378340769e+02
2.421862830701201403e+02
2.421421810417864151e+02
2.422710773762639747e+02
2.423532187045474586e+02
2.421545003161628244e+02
2.423016205671510477e+02
2.423107969486420359e+02
2.421828768367707596e+02
2.421810779315148636e+02
2.421321578702515751e+02
2.419098097499548601e+02
2.422647086349177528e+02
2.422261964029648880e+02
2.416860908577287148e+02
2.420139324722592846e+02
2.422191144069992106e+02
2.422302304324977911e+02
2.419269963288353154e+02
2.420033221331343611e+02
2.421539037342352003e+02
2.423160416958743042e+02
2.422426577748305760e+02
2.418361575141977085e+02
2.427136473892429933e+02
2.419738207580397500e+02
2.419712309084407877e+02
2.421276497774642849e+02
2.419995954588604548e+02
2.419795136509036411e+02
2.419889694501681277e+02
2.420200526195425539e+02
2.418179622547847600e+02
2.421398284357916282e+02
2.421294696660650914e+02
2.422967001222439194e+02
2.420813199321776210e+02
2.419559740544028728e+02
2.424490236277653139e+02
2.423323078124516314e+02
2.417471887663663495e+02
2.419128590963197212e+02
2.424833326374017872e+02
2.421727120304939262e+02
2.421545485667026867e+02
2.423221967374087171e+02
2.421600570103842927e+02
2.417310088873799714e+02
2.420586769726827470e+02
2.420826526676691230e+02
2.421692130315756515e+02
2.423869845420438196e+02
2.417231451376525513e+02
2.422425856762303908e+02
2.427481805311440155e+02
2.414682621737622412e+02
2.417719434354680459e+02
2.422153963694860579e+02
2.421625894225912532e+02
2.420837897565824335e+02
2.422336127383397582e+02
2.419448850371734636e+02
2.418857817586773251e+02
2.425853790597428485e+02
2.420549790988176255e+02
2.416558788444656045e+02
2.419251925813586013e+02
2.423826326025402125e+02
2.418789190776053601e+02
2.422125602665447275e+02
2.420684473992026824e+02
2.421952601273590915e+02
2.420885512162929842e+02
2.419908562417671192e+02
2.420986893585676683e+02
2.423725166635423136e+02
2.420902117684787527e+02
2.419020690763759660e+02
2.421165150354526361e+02
2.423945949473478834e+02
2.418107914533374867e+02
2.418310071459145547e+02
2.422009890036130457e+02
2.418602727768483476e+02
2.420797647704489464e+02
2.421767055452398836e+02
2.420474650258516078e+02
2.421042624724446739e+02
2.420833166053045886e+02
2.421155138252885308e+02
2.425438420694222259e+02
2.415388881095968543e+02
2.419090691452672388e+02
2.423571919108639179e+02
2.420441489272252511e+02
2.421233812546854267e+02
2.425683182075273123e+02
2.419365578458213122e+02
2.419750133786201616e+02
2.421581527280235377e+02
2.418321608035279553e+02
2.422206635112654567e+02
2.418955488344679168e+02
2.422676838561405646e+02
2.424428322731493211e+02
2.421094927831411781e+02
2.422596891301483026e+02
2.421033190093625365e+02
2.419618515578800100e+02
2.419120679418723796e+02
2.423723862324853542e+02
2.422336616468799377e+02
2.419633751012178493e+02
2.419804324786975087e+02
2.420736192103217945e+02
2.418731876310859832e+02
2.419937965243445888e+02
2.421256748317433676e+02
2.422047188998133151e+02
2.419662149525729546e+02
2.417199812782535844e+02
2.420491575588237367e+02
2.420863014347008004e+02
2.418938781676359895e+02
2.419542224381759752e+02
2.425224204909229400e+02
2.418741242940332370e+02
2.419784831191890078e+02
2.425186892178467417e+02
2.419570266746750065e+02
2.423252802647919850e+02
2.421211421935615533e+02
2.422855018353440073e+02
2.418774674512937679e+02
2.423444152420713920e+02
2.422887149500177202e+02
2.419209698727196098e+02
2.416653730866420347e+02
2.422612598145932736e+02
2.423332932844315337e+02
2.416259311366385703e+02
2.420309279032671554e+02
2.425823744727753422e+02
2.417851481974200851e+02
2.417505696415072691e+02
2.425211737536853036e+02
2.421313835978666020e+02
2.418415387749172112e+02
2.421597652964950669e+02
2.420447328678039014e+02
2.423023408631610494e+02
2.421552772870973342e+02
2.427452979244621929e+02
2.420015194436784043e+02
2.415996066706589716e+02
2.424879387522964009e+02
2.418784183003854196e+02
2.422320432286098821e+02
2.422929825916037032e+02
2.422360541654024928e+02
2.420597096142578266e+02
2.424107791197333484e+02
2.421060122844837963e+02
2.420641318911411020e+02
2.424318805134694230e+02
2.418837492857635425e+02
2.418014536980307128e+02
2.424878247951012327e+02
2.418114711448377250e+02
2.420685862301594682e+02
2.426491564970812362e+02
2.419085942931392594e+02
2.420709484511472454e+02
2.423818016117461411e+02
2.416655710372200190e+02
2.415437753069959683e+02
2.424034173576042974e+02
2.420747513932750792e+02
2.416308665648282386e+02
2.424260393609506536e+02
2.420281468674341170e+02
2.421290734902014776e+02
2.421000593778664154e+02
2.417632440573721908e+02
2.420667111081383212e+02
2.417904912662053221e+02
2.422412120666981252e+02
2.423698073577782282e+02
2.422606071350700461e+02
2.422455875608518738e+02
2.423216658326587947e+02
2.419835354298928394e+02
2.420715765293777224e+02
2.424377746456053444e+02
2.423921834961928710e+02
2.419917546025194781e+02
2.422325352985658355e+02
2.429313352038371079e+02
2.420051317455748006e+02
2.420528679996498624e+02
2.428171920758937006e+02
2.422732620389641625e+02
2.416986857381998846e+02
2.433015978676729674e+02
2.418372546121047151e+02
2.421933879764814321e+02
2.426541176696053981e+02
2.419438952124371554e+02
2.422190538359567711e+02
2.430453592722029725e+02
2.421830946521444048e+02
2.418798312297196560e+02
2.427357423205888551e+02
2.420686929168296899e+02
2.422595483608953089e+02
2.429743712433606504e+02
2.419629026106712217e+02
2.422985988532526846e+02
2.425941436735625700e+02
2.419891278982206302e+02
2.418518388927016076e+02
2.422785939064281990e+02
2.417620212408145051e+02
2.419993377399788699e+02
2.423868080492418073e+02
2.412997374113938065e+02
2.419349294026891073e+02
2.425083554800499144e+02
2.422818987023595412e+02
2.419596625136948944e+02
2.425984217702703347e+02
2.420682480542256201e+02
2.417273673077096703e+02
2.421090875952972681e+02
2.426270358265698235e+02
2.419601667353577170e+02
2.423982264707514389e+02
2.425842315255902122e+02
2.423759206303924714e+02
2.419575151493168335e+02
2.421791882207685376e+02
2.425124326597899937e+02
2.416799323210974251e+02
2.420743119724043311e+02
2.425877072379610127e+02
2.418200098894660641e+02
2.418101263673217147e+02
2.429182422342128405e+02
2.418314827049390487e+02
2.420994551725671045e+02
2.423741115807048061e+02
2.421504838249073543e+02
2.423178061207354688e+02
2.422339036543698114e+02
2.425408403799357586e+02
2.420361636847169109e+02
2.418003139334662990e+02
2.425836830160928059e+02
2.424351871388765858e+02
2.420994869256294635e+02
2.425520568140161686e+02
2.420039621170578812e+02
2.419656567930987876e+02
2.424313676537459514e+02
2.421082085630657446e+02
2.422667280422992633e+02
2.425641953912802080e+02
2.424555362137264467e+02
2.425219099505451652e+02
2.417692930613426370e+02
2.420327661932175261e+02
2.430186068200779630e+02
2.420631874988789605e+02
2.418572903413126767e+02
2.426011646737452736e+02
2.417988665185255002e+02
2.420609810353126932e+02
2.425099101483934874e+02
2.423589748254144070e+02
2.421957089758605264e+02
2.420567699896269289e+02
2.425259388390468018e+02
2.421578738266624953e+02
2.424716221120553712e+02
2.425066835035039787e+02
2.420387909974517697e+02
2.421018266726200920e+02
2.426036396900009322e+02
2.420596050809385531e+02
2.417363288875037313e+02
2.421702532142784037e+02
2.416105789111646800e+02
2.418058182011658346e+02
2.428319793628051002e+02
2.415448973694151675e+02
2.422268423165190541e+02
2.424168669659757427e+02
2.418879818586424051e+02
2.422204425528463219e+02
2.420746176138444241e+02
2.423197281891889077e+02
2.420048329278292556e+02
2.421613508404030881e+02
2.420809871336557251e+02
2.421949127428454176e+02
2.421994059015822813e+02
2.422803687517679236e+02
2.423413804914921457e+02
2.415368536827762682e+02
2.421825891024198825e+02
2.426401361219253943e+02
2.419822776423334005e+02
2.419846587535871834e+02
2.427178886914332736e+02
2.420977194190713817e+02
2.420829063979824411e+02
2.428550733493437122e+02
2.418485307774848252e+02
2.418230570621518609e+02
2.427111024198260054e+02
2.424290664979873497e+02
2.418498983742395296e+02
2.423859764152667822e+02
2.423511594086574803e+02
2.423303565856702164e+02
2.421026385737496867e+02
2.426052113059157307e+02
2.419575040576322920e+02
2.419264386619820755e+02
2.427073236843703228e+02
2.423592865650002466e+02
2.424145343738232725e+02
2.430768153016599342e+02
2.423232495316924542e+02
2.421769151563794651e+02
2.423208761758364460e+02
2.423927831277837015e+02
2.421503503710425775e+02
2.423601313870674403e+02
2.422657941800302126e+02
2.424970138866680998e+02
2.417372578428219470e+02
2.419492486131858016e+02
2.424571023757758894e+02
2.418024580441056059e+02
2.420126824628219140e+02
2.421392545422181684e+02
2.424310738613845331e+02
2.418757699388069398e+02
2.419468425752271230e+02
2.425458822977479656e+02
2.415112072291642562e+02
2.420280850351658444e+02
2.426754053577352863e+02
