3.417042749440145144e+02
3.417042752669770493e+02
3.417042755596424399e+02
3.417042752350710657e+02
3.417042751165601544e+02
3.417042757663291468e+02
3.417042752102172471e+02
3.417042746947983574e+02
3.417042753964663007e+02
3.417042756637999901e+02
3.417042747088307237e+02
3.417042754740254509e+02
3.417042753789556286e+02
3.417042754240800946e+02
3.417042753443838592e+02
3.417042747697395839e+02
3.417042756527974348e+02
3.417042759860405567e+02
3.417042751084555334e+02
3.417042748970504249e+02
3.417042756661717817e+02
3.417042748431369432e+02
3.417042751709973913e+02
3.417042756417483247e+02
3.417042747782556376e+02
3.417042750726088798e+02
3.417042761014088228e+02
3.417042753207721830e+02
3.417042751326895882e+02
3.417042758854024100e+02
3.417042747010182211e+02
3.417042750375778155e+02
3.417042758406229837e+02
3.417042751934213243e+02
3.417042751433734793e+02
3.417042756291457408e+02
3.417042747838022478e+02
3.417042751590361149e+02
3.417042756658048006e+02
3.417042746275119498e+02
3.417042754833262279e+02
3.417042757763427403e+02
3.417042749356879199e+02
3.417042750879031701e+02
3.417042760408087361e+02
3.417042749078778456e+02
3.417042752126519645e+02
3.417042755584142810e+02
3.417042747786315999e+02
3.417042750968050200e+02
3.417042754720956168e+02
3.417042753841697618e+02
3.417042754667158420e+02
3.417042759343553371e+02
3.417042748889189170e+02
3.417042749144511049e+02
3.417042757486099163e+02
3.417042752020751664e+02
3.417042751928450457e+02
3.417042753547274856e+02
3.417042759234126947e+02
3.417042747146975330e+02
3.417042748438707349e+02
3.417042758489149037e+02
3.417042747737825721e+02
3.417042752376214025e+02
3.417042762903378730e+02
3.417042751170017709e+02
3.417042752259215490e+02
3.417042756742273468e+02
3.417042753036789691e+02
3.417042752956002118e+02
3.417042757818362020e+02
3.417042755043859756e+02
3.417042745794187226e+02
3.417042759833507830e+02
3.417042756199070368e+02
3.417042746467171241e+02
3.417042756601489941e+02
3.417042763771000295e+02
3.417042749513980198e+02
3.417042746565525135e+02
3.417042763734057758e+02
3.417042751209610856e+02
3.417042751834632668e+02
3.417042763934373397e+02
3.417042750214414468e+02
3.417042751096248594e+02
3.417042758881052009e+02
3.417042757748329791e+02
3.417042751907156344e+02
3.417042747603521207e+02
3.417042753015944641e+02
3.417042759491393440e+02
3.417042751864811976e+02
3.417042752448585361e+02
3.417042756707078297e+02
3.417042757287824770e+02
3.417042749195466058e+02
3.417042751259543252e+02
3.417042756574689406e+02
3.417042749460599680e+02
3.417042752681617799e+02
3.417042760251824234e+02
3.417042749934851145e+02
3.417042753183421269e+02
3.417042762713847992e+02
3.417042752616882808e+02
3.417042750752266898e+02
3.417042759554528288e+02
3.417042751342821134e+02
3.417042754509943734e+02
3.417042758117793255e+02
3.417042750114640057e+02
3.417042757442092693e+02
3.417042758655013017e+02
3.417042750222502150e+02
3.417042758026134948e+02
3.417042756892953435e+02
3.417042749292592703e+02
3.417042759083560099e+02
3.417042754362366281e+02
3.417042751667691505e+02
3.417042754960348248e+02
3.417042748378542001e+02
3.417042754265467011e+02
3.417042755610907534e+02
3.417042747847036139e+02
3.417042751715451345e+02
3.417042756819894862e+02
3.417042751720087495e+02
3.417042754661389949e+02
3.417042754104088544e+02
3.417042753357562219e+02
3.417042756024272876e+02
3.417042754858134685e+02
3.417042750099126351e+02
3.417042750631910621e+02
3.417042759236253460e+02
3.417042750470773171e+02
3.417042755200336615e+02
3.417042754096297017e+02
3.417042751980537219e+02
3.417042753762437428e+02
3.417042760054262658e+02
3.417042748271879304e+02
3.417042755589502008e+02
3.417042758618904941e+02
3.417042746073011585e+02
3.417042754150724591e+02
3.417042758922684129e+02
3.417042752658445011e+02
3.417042756632870351e+02
3.417042760464301523e+02
3.417042751084206884e+02
3.417042754657921364e+02
3.417042752442180813e+02
3.417042752643273502e+02
3.417042758482643308e+02
3.417042756572352573e+02
3.417042750005321636e+02
3.417042754902049069e+02
3.417042763586427441e+02
3.417042756028584449e+02
3.417042751877555133e+02
3.417042756693832075e+02
3.417042760155793530e+02
3.417042746718202579e+02
3.417042751406988259e+02
3.417042753551515375e+02
3.417042752455720915e+02
3.417042754622843859e+02
3.417042752186852681e+02
3.417042748917730819e+02
3.417042756660036389e+02
3.417042753771270895e+02
3.417042754778943277e+02
3.417042748507353735e+02
3.417042750444738317e+02
3.417042757145958944e+02
3.417042748474361247e+02
3.417042754766183066e+02
3.417042760357458064e+02
3.417042749705239544e+02
3.417042750412251166e+02
3.417042758375490052e+02
3.417042750434271170e+02
3.417042758117184462e+02
3.417042749413596425e+02
3.417042750649488880e+02
3.417042758000632716e+02
3.417042749483648549e+02
3.417042756863322666e+02
3.417042761771143091e+02
3.417042750010175496e+02
3.417042756543283417e+02
3.417042764054081658e+02
3.417042751621008847e+02
3.417042751495467314e+02
3.417042759777899050e+02
3.417042755009699704e+02
3.417042750886836870e+02
3.417042760600398310e+02
3.417042752579224612e+02
3.417042747318777742e+02
3.417042759965984260e+02
3.417042755632072044e+02
3.417042751987839324e+02
3.417042757870715946e+02
3.417042755776810736e+02
3.417042755158736327e+02
3.417042752995376418e+02
3.417042749861129209e+02
3.417042755078431924e+02
3.417042756655957874e+02
3.417042756625555171e+02
3.417042753690424775e+02
3.417042757038903460e+02
3.417042753361004088e+02
3.417042758002485243e+02
3.417042755067985240e+02
3.417042747389341457e+02
3.417042752570078505e+02
3.417042759208532061e+02
3.417042752941409276e+02
3.417042753798109516e+02
3.417042758254459045e+02
3.417042751934241664e+02
3.417042756896569244e+02
3.417042754664958011e+02
3.417042755035438972e+02
3.417042761407815874e+02
3.417042753444176810e+02
3.417042751628196129e+02
3.417042762178794533e+02
3.417042757163089846e+02
3.417042749630723506e+02
3.417042754836265885e+02
3.417042757409265619e+02
3.417042750433479910e+02
3.417042752556081382e+02
3.417042756951911429e+02
3.417042755793574429e+02
3.417042753594807891e+02
3.417042749016631547e+02
3.417042758294283544e+02
3.417042751168191330e+02
3.417042747609464755e+02
3.417042754447620041e+02
3.417042760355678297e+02
3.417042753995754651e+02
3.417042752434624049e+02
3.417042759490536810e+02
3.417042755010072028e+02
3.417042746054509621e+02
3.417042758832890286e+02
3.417042751260898399e+02
3.417042755737037965e+02
3.417042756636796526e+02
3.417042743030635279e+02
3.417042759316090610e+02
3.417042762881033582e+02
3.417042747423297442e+02
3.417042751510455787e+02
3.417042760546877957e+02
3.417042751882902962e+02
3.417042747911922902e+02
3.417042757590442648e+02
3.417042752600911513e+02
3.417042753883486625e+02
3.417042761885449522e+02
3.417042753257525760e+02
3.417042748989492225e+02
3.417042756132931913e+02
3.417042760149206515e+02
3.417042749254808882e+02
3.417042754619230891e+02
3.417042753237460602e+02
3.417042758572447383e+02
3.417042753422304600e+02
3.417042751630007729e+02
3.417042754569363296e+02
3.417042754402239098e+02
3.417042752512772381e+02
3.417042752905322800e+02
3.417042758174573578e+02
3.417042753094547152e+02
3.417042749518225833e+02
3.417042752678680699e+02
3.417042759129211049e+02
3.417042749560616812e+02
3.417042752128331813e+02
3.417042757028095252e+02
3.417042751644071927e+02
3.417042751858710403e+02
3.417042752985059906e+02
3.417042754727353326e+02
3.417042759577645370e+02
3.417042744047487304e+02
3.417042750443170576e+02
3.417042759579294398e+02
3.417042748104959742e+02
3.417042752306029456e+02
3.417042762440062802e+02
3.417042751197336656e+02
3.417042751165342906e+02
3.417042757554413015e+02
3.417042751521210562e+02
3.417042758538530620e+02
3.417042751555239306e+02
3.417042761188070585e+02
3.417042755632685953e+02
3.417042753360566962e+02
3.417042758277822827e+02
3.417042750812663598e+02
3.417042750281186159e+02
3.417042753700862363e+02
3.417042755675922194e+02
3.417042750464365213e+02
3.417042752222751005e+02
3.417042753532014672e+02
3.417042754845237482e+02
3.417042754781287499e+02
3.417042752238002663e+02
3.417042754366979693e+02
3.417042759786434090e+02
3.417042752522475553e+02
3.417042751012909321e+02
3.417042754064263477e+02
3.417042754481436191e+02
3.417042751150863182e+02
3.417042754787089507e+02
3.417042756311347489e+02
3.417042751201420288e+02
3.417042754704393701e+02
3.417042759574139268e+02
3.417042752135255910e+02
3.417042749300276228e+02
3.417042755804004059e+02
3.417042751945637065e+02
3.417042751591122851e+02
3.417042751476565741e+02
3.417042756663311707e+02
3.417042753133899282e+02
3.417042747462446073e+02
3.417042763669758756e+02
3.417042757355248455e+02
3.417042748171588187e+02
3.417042755097912163e+02
3.417042760811119138e+02
3.417042749018574455e+02
3.417042750006553433e+02
3.417042761303803786e+02
3.417042751241556289e+02
3.417042749608926329e+02
3.417042755723960568e+02
3.417042755769256814e+02
3.417042752396961873e+02
3.417042753990604069e+02
3.417042763407094412e+02
3.417042749174850087e+02
3.417042750972174758e+02
3.417042760352396726e+02
3.417042748925975388e+02
3.417042753291574968e+02
3.417042762558201048e+02
3.417042756088010833e+02
3.417042753360160532e+02
3.417042759247351569e+02
3.417042750263357789e+02
3.417042757607414387e+02
3.417042763634293010e+02
3.417042747375519411e+02
3.417042749601185392e+02
3.417042763148729136e+02
3.417042752815582389e+02
3.417042755896588915e+02
3.417042763765369386e+02
3.417042751202519071e+02
3.417042753904374308e+02
3.417042762883723412e+02
3.417042746589070248e+02
3.417042754103258630e+02
3.417042763857367049e+02
3.417042749278465976e+02
3.417042752620832857e+02
3.417042759753846894e+02
3.417042751836838193e+02
3.417042757423616877e+02
3.417042758945082710e+02
3.417042749291788368e+02
3.417042756814325912e+02
3.417042753082413924e+02
3.417042750739981329e+02
3.417042755198390296e+02
3.417042755055584280e+02
3.417042755016678370e+02
3.417042757470628658e+02
3.417042750322995630e+02
3.417042756334894307e+02
3.417042758992604945e+02
3.417042758326963394e+02
3.417042750123914061e+02
3.417042754672591514e+02
3.417042759572821069e+02
3.417042750618707032e+02
3.417042752250213766e+02
3.417042762378819134e+02
3.417042749988936521e+02
3.417042752157646532e+02
3.417042761796154196e+02
3.417042747175831323e+02
3.417042756731077020e+02
3.417042761483567688e+02
3.417042750264252504e+02
3.417042756985131291e+02
3.417042763997676502e+02
3.417042747994523779e+02
3.417042756988141150e+02
3.417042760547107605e+02
3.417042749694153940e+02
3.417042756189987927e+02
3.417042766642973675e+02
3.417042754003934419e+02
3.417042753391724546e+02
3.417042762406479142e+02
3.417042751224605581e+02
3.417042753300766549e+02
3.417042758471272350e+02
3.417042749594745601e+02
3.417042756247089415e+02
3.417042758447404935e+02
3.417042748974399728e+02
3.417042749944161528e+02
3.417042759356338593e+02
3.417042752209056289e+02
3.417042751121339279e+02
3.417042759020583276e+02
3.417042748905135454e+02
3.417042751783350809e+02
3.417042756723081425e+02
3.417042760620885815e+02
3.417042748667234378e+02
3.417042760469432778e+02
3.417042757080028537e+02
3.417042755955746429e+02
3.417042748632065923e+02
3.417042754118759262e+02
3.417042761150724459e+02
3.417042750755059046e+02
3.417042751084219958e+02
3.417042761677008116e+02
3.417042751608037179e+02
3.417042754367671478e+02
3.417042762783598278e+02
3.417042750684722705e+02
3.417042756102836734e+02
3.417042755353409689e+02
3.417042757239126445e+02
3.417042756473520058e+02
3.417042753601567142e+02
3.417042762923044279e+02
3.417042749717952006e+02
3.417042750067696488e+02
3.417042760916119732e+02
3.417042757917427025e+02
3.417042752415222253e+02
3.417042758015711001e+02
3.417042757977378642e+02
3.417042754268688896e+02
3.417042757447889585e+02
3.417042754343622164e+02
3.417042753819237646e+02
3.417042755560723890e+02
3.417042757795023249e+02
3.417042758662529991e+02
3.417042749328975333e+02
3.417042754941580256e+02
3.417042763689691469e+02
3.417042751232765454e+02
3.417042752829981964e+02
3.417042759546691286e+02
3.417042750833659284e+02
3.417042751823695994e+02
3.417042764174398712e+02
3.417042758595206919e+02
3.417042754356988894e+02
3.417042753326313687e+02
3.417042757184822790e+02
3.417042748343621952e+02
3.417042755984089126e+02
3.417042761360552845e+02
3.417042753036359386e+02
3.417042755145268984e+02
3.417042762971941556e+02
3.417042749323896373e+02
3.417042754147773280e+02
3.417042758634272559e+02
3.417042747036464903e+02
3.417042756127757457e+02
3.417042760802992234e+02
3.417042744591196879e+02
3.417042754547118761e+02
3.417042758188784433e+02
3.417042750642373790e+02
3.417042754844425758e+02
3.417042752606122917e+02
3.417042757702670883e+02
3.417042753789669973e+02
3.417042750944535214e+02
3.417042755406459378e+02
3.417042754914630791e+02
3.417042750791700314e+02
3.417042758798268665e+02
3.417042757431713653e+02
3.417042745596800728e+02
3.417042754451913424e+02
3.417042759894724782e+02
3.417042746060768081e+02
3.417042750634154231e+02
3.417042759354660006e+02
3.417042749400119988e+02
3.417042756581429330e+02
3.417042762438098293e+02
3.417042751122507980e+02
3.417042753863565849e+02
3.417042765200187660e+02
3.417042759670246710e+02
3.417042749591171855e+02
3.417042757359888014e+02
3.417042759922035771e+02
3.417042755801908811e+02
3.417042752644940720e+02
3.417042761584762047e+02
3.417042751583087465e+02
3.417042751025089729e+02
3.417042759174166235e+02
3.417042754240603131e+02
3.417042757772690607e+02
3.417042764037931306e+02
3.417042756307366176e+02
3.417042750656871704e+02
3.417042759105683558e+02
3.417042759342132854e+02
3.417042753746839594e+02
3.417042753976925837e+02
3.417042758747467701e+02
3.417042758827766988e+02
3.417042749154508670e+02
3.417042753817258358e+02
3.417042757489364249e+02
3.417042750089115088e+02
3.417042751675782597e+02
3.417042759988519833e+02
3.417042757995779425e+02
3.417042749234217922e+02
3.417042754610247357e+02
3.417042764395437189e+02
3.417042748173258246e+02
3.417042755274465549e+02
3.417042762827408637e+02
