9.906397448270746509e+01
9.928196819270779372e+01
9.960790809168948101e+01
9.950169571338460628e+01
9.940812323546140306e+01
9.939029786049690074e+01
9.950666549244529335e+01
9.892206905871874767e+01
9.911717418794749790e+01
9.955829934580837914e+01
9.916441767613315506e+01
9.957511459772598528e+01
9.930134257714331625e+01
9.917942558341144377e+01
9.978404064299377296e+01
9.971517885597647535e+01
9.995344241549878461e+01
9.936926230718152908e+01
9.943288205830646120e+01
9.922661029280654077e+01
9.985503263766156579e+01
9.921850688167562282e+01
9.931453873302500313e+01
9.933389560632497250e+01
9.950573654144523061e+01
9.938306075292790354e+01
9.953312838727451606e+01
9.942364287099859155e+01
9.930172956919987826e+01
9.978661408957755441e+01
9.955962714994863916e+01
9.909649235192880212e+01
9.954965493242258390e+01
9.930235086221200902e+01
9.951361606916499625e+01
9.958748520485738709e+01
9.942508374460361154e+01
9.966044285273879666e+01
9.968351553911776364e+01
9.909475563325742087e+01
9.977489517342520742e+01
9.926720220207893419e+01
9.937517240906925053e+01
9.959316449866315679e+01
9.988015813491948336e+01
9.937297168405378045e+01
9.919248146154785672e+01
9.954176506454366802e+01
9.904929689836016848e+01
9.949823509381462827e+01
9.931918717912441252e+01
9.961579245361444634e+01
9.918563397818979865e+01
9.980685870001059357e+01
9.925854964435244199e+01
9.904004809617408966e+01
9.938279262250074453e+01
9.915660019974863815e+01
9.910161636396038887e+01
9.944724656695966303e+01
9.957668669920731475e+01
9.921014620074669210e+01
9.911883314666108902e+01
9.957681359466317872e+01
9.914797062899610580e+01
9.921845636477907249e+01
9.936539572685313715e+01
9.928622027150764495e+01
9.924353040263764569e+01
9.931674532227060581e+01
9.942216453785316332e+01
9.924567132257578805e+01
9.930517746668851942e+01
9.933842246599824932e+01
9.909728450961408441e+01
9.930614051768424133e+01
9.953773361055034741e+01
9.879333775916467175e+01
9.907411556772659367e+01
9.962003329975324561e+01
9.940612863810297029e+01
9.951377951867628724e+01
9.933545666940482022e+01
9.927708013522719455e+01
9.922484528299087003e+01
9.944134991118939126e+01
9.936862182331594795e+01
9.924707861968552436e+01
9.962480960869811497e+01
9.938184143875223242e+01
9.943557111536729565e+01
9.893099669973713617e+01
9.871585917861686710e+01
9.938318174496708934e+01
9.906959072333914662e+01
9.915028888370380855e+01
9.950157960075965491e+01
9.917915016492213454e+01
9.913403223800348485e+01
9.962329442468630702e+01
9.969216908708024505e+01
9.900320636326070201e+01
9.911561143561397103e+01
9.919297672491263995e+01
9.889655774188008763e+01
9.909123462740079447e+01
9.968903812432337475e+01
9.949061803492834599e+01
9.918604279009956315e+01
9.938158250681300387e+01
9.893904645852899193e+01
9.926396270286471690e+01
9.962455882280994501e+01
9.894138675564592234e+01
9.909194584271453721e+01
9.935357733453253104e+01
9.930925654598316044e+01
9.951464817387962114e+01
9.944203781254729790e+01
9.901037250913849164e+01
9.956719202540273272e+01
9.912917837973095914e+01
9.941310497816091640e+01
9.927176500744842258e+01
9.940254652935027480e+01
9.928676113684475979e+01
9.935081945330546205e+01
9.917908915513847035e+01
9.924946928957291448e+01
9.933296884011123495e+01
9.921132808329480213e+01
9.930835195935235049e+01
9.948159205773328040e+01
9.979128693563654906e+01
9.965831528957950525e+01
9.945910752698853230e+01
9.915424866910711899e+01
9.947336499697291856e+01
9.939617986722431908e+01
9.923785849195230924e+01
9.931044504768014747e+01
9.919292792303076567e+01
9.941962794829908034e+01
9.937007901939098531e+01
9.959452260938660118e+01
9.907578937903269889e+01
9.947922201715353197e+01
9.922371550554380804e+01
9.908308606097780569e+01
9.903867906778860686e+01
9.922137709331799726e+01
9.902907174454588812e+01
9.877350508415742070e+01
9.943910852044051296e+01
9.889669873973741687e+01
9.911860210900654522e+01
9.956027875068781441e+01
9.945562367361337408e+01
9.936443368944041765e+01
9.946950507970672106e+01
9.916901841881377777e+01
9.912219377924827768e+01
9.950694303634014659e+01
9.939161073068420649e+01
9.931744837839670481e+01
9.935238358363487521e+01
9.949793734878066687e+01
9.921251507801859759e+01
9.929956720842903906e+01
9.913907199699302453e+01
9.919950556417141740e+01
9.933826941993963544e+01
9.968970082285630951e+01
9.930997371087902081e+01
9.957019173054845851e+01
9.911980804974633941e+01
9.926879634971209043e+01
9.947909660430441647e+01
9.941142994749158390e+01
9.917922474628106499e+01
9.899759966441452264e+01
9.927364510514381379e+01
9.963141462148344374e+01
9.931110602538409182e+01
9.920449562588693482e+01
9.952963937123321614e+01
9.917599316555440225e+01
9.920762617608174594e+01
9.897681809531370334e+01
9.923749828978678522e+01
9.927885326184004100e+01
9.909649991496372934e+01
9.947328925993743098e+01
9.969451864930159957e+01
9.923542835259196693e+01
9.936272951105739537e+01
9.915364416703391726e+01
9.915694876509324729e+01
9.910108647652896252e+01
9.939484544896333773e+01
9.918547239842699526e+01
9.882044939959303065e+01
9.922521752320641042e+01
9.939318626782420552e+01
9.889321768042510996e+01
9.948865548748442222e+01
9.903714899943383898e+01
9.904687845541967306e+01
9.932533843818764296e+01
9.954109325214223247e+01
9.904203652169923089e+01
9.904667972511930429e+01
9.896342466052773545e+01
9.914828541122233219e+01
9.910369291930366842e+01
9.944126986535111712e+01
9.934402663852885951e+01
9.923082060120113113e+01
9.933223288613068291e+01
9.936862641452290745e+01
9.924697858796372429e+01
9.919387595823017989e+01
9.940626293671522262e+01
9.956912981136910901e+01
9.912792339683988985e+01
9.921208917546395867e+01
9.949456462699197346e+01
9.883631210825912206e+01
9.955137085380692952e+01
9.916614340796691351e+01
9.923085354521312240e+01
9.931006388988555500e+01
9.918913380378103284e+01
9.934181465606401673e+01
9.996300199303870215e+01
9.964650619242591745e+01
9.910819484086147213e+01
9.943724167406769254e+01
9.965821899262709849e+01
9.929192480678750599e+01
9.907509626532100810e+01
9.935340577210433821e+01
9.946155219755335963e+01
9.933124604157914916e+01
9.896712445303370487e+01
9.931732747306894282e+01
9.940378206974314423e+01
9.913991370248238866e+01
9.940007810111261222e+01
9.935273426938204011e+01
9.919092137387167440e+01
9.930160640237831160e+01
9.909293901292672047e+01
9.939214519892233568e+01
9.903401934870964851e+01
9.939844320345433459e+01
9.914256261999260289e+01
9.926047388411285510e+01
9.970960317501084091e+01
9.902751447630259918e+01
9.933774020163150453e+01
9.933927506039110256e+01
9.938844669857270731e+01
9.948637634339594626e+01
9.951030822864674974e+01
9.910668174894345839e+01
9.892747065293406195e+01
9.918465005386967448e+01
9.914834055110578959e+01
9.898781161654494554e+01
9.944413953531720551e+01
9.921657703495107228e+01
9.908426381345107359e+01
9.940122295056646351e+01
9.956055404135993570e+01
9.910549004134588813e+01
9.924254084025216116e+01
9.929246201003290651e+01
9.952229704456611614e+01
9.953361338313614226e+01
9.920823005055774502e+01
9.962882496895583984e+01
9.913581225526945673e+01
9.924479946424243337e+01
9.951203071172655257e+01
1.000401830389687916e+02
9.931904401261884630e+01
9.937977395120095991e+01
9.916522735370573116e+01
9.912527191553751038e+01
9.938167748403854773e+01
9.927518886275900911e+01
9.959617172861037204e+01
9.947970216942474053e+01
9.917418233304148600e+01
9.922487952303505665e+01
9.912574536238372502e+01
9.943273945339281283e+01
9.930403460541742788e+01
9.914235846441755484e+01
9.924725537765012007e+01
9.904447735956749455e+01
9.884678435535836627e+01
9.934179496469921844e+01
9.922671443974776651e+01
9.923159512009203809e+01
9.958009420354672159e+01
9.930616402834250778e+01
9.951668089876024226e+01
9.897162813445022778e+01
9.937699620699385150e+01
9.932121850712069033e+01
9.931400082664605122e+01
9.934222184137331624e+01
9.921357944362603121e+01
9.913303274944583166e+01
9.937187672983422715e+01
9.929454972814198754e+01
9.907365423576884211e+01
9.950060833731991750e+01
9.938259309382696927e+01
9.954290149101625218e+01
9.961016790303868618e+01
9.947309877505681186e+01
9.936007036337998954e+01
9.964991955092499154e+01
9.948414775192075865e+01
9.951452960258819758e+01
9.948451902801041058e+01
9.937428607227388966e+01
9.911560069872609802e+01
9.915969428084899562e+01
9.915575327747588119e+01
9.933960931524791249e+01
9.922454652234479511e+01
9.914094122917479979e+01
9.914053131535838759e+01
9.916443406721568010e+01
9.905847032746066816e+01
9.922008515604714773e+01
9.897834049525488354e+01
9.912537575672901369e+01
9.930928937789065003e+01
9.971103602919610864e+01
9.890042649834083477e+01
9.958089858217051926e+01
9.955168000194707645e+01
9.924886851609949190e+01
9.947687476568404463e+01
9.927924886172250751e+01
9.921915895911155303e+01
9.919019777216372802e+01
9.943350632715511495e+01
9.918151887775148623e+01
9.951850671263753156e+01
9.943418609905866390e+01
9.937946342588304560e+01
9.907538971436984809e+01
9.918493262835166036e+01
9.919756408675895898e+01
9.932743368051153254e+01
9.929594817348510105e+01
9.947923685825954010e+01
9.890962653740467658e+01
9.894210645535882520e+01
9.936213450260549962e+01
9.913165342761486443e+01
9.921975082865139939e+01
9.944617200363090603e+01
9.900793733124369567e+01
9.917607386085084897e+01
9.942305869085417669e+01
9.909212456803844304e+01
9.899805928123102206e+01
9.918545763870166354e+01
9.952196383597593865e+01
9.924394824960920403e+01
9.960201637722472867e+01
9.911575545186850889e+01
9.929270227444108343e+01
9.984983979303684976e+01
9.938629787292451567e+01
9.975078746221039694e+01
9.959793222402868196e+01
9.931965145283766105e+01
9.908296771978042727e+01
9.918891311829689528e+01
9.928316549496055643e+01
9.939533875427822807e+01
9.972835059851257711e+01
9.952196617552304758e+01
9.986261874747640377e+01
9.962143450671941025e+01
9.897194348887107651e+01
9.911165650333379062e+01
9.874070921985496341e+01
9.936597574742637562e+01
9.926614166173369824e+01
9.913511731276571481e+01
9.912498832606172527e+01
9.928323422478406712e+01
9.923863399658357309e+01
9.891832567503875850e+01
9.858451368785664215e+01
9.923695788988607092e+01
9.902160345275166264e+01
9.901036395876639062e+01
9.944451066197287048e+01
9.889254752657738834e+01
9.898314956124549724e+01
9.877461356211658483e+01
9.911128175520627792e+01
9.921825019344451846e+01
9.902458736025204189e+01
9.871532663836467236e+01
9.914703466705799428e+01
9.914264367459391281e+01
9.886590271655298068e+01
9.915960235382095789e+01
9.912768118533261941e+01
9.896699868302611947e+01
9.911897567994175517e+01
9.919680089831253156e+01
9.923319758352982944e+01
9.882287881195738066e+01
9.954271723329873112e+01
9.936764556434866336e+01
9.960004962524529049e+01
9.966132905760177607e+01
9.945763495183079783e+01
9.950911445888601747e+01
9.962915989716498188e+01
9.984268099145084818e+01
9.927373789912138591e+01
9.905238269658819661e+01
9.922798822777419048e+01
9.898904208360926305e+01
9.928385241565634090e+01
9.884406533746060575e+01
9.920614943203311498e+01
9.940379760779615026e+01
9.912387954912405519e+01
9.873479228592827894e+01
9.930172892530701745e+01
9.906208220375798135e+01
9.931384574778269325e+01
9.926290099359947305e+01
9.944732899736875709e+01
9.954798373407093948e+01
9.928663761787919384e+01
9.921831803058059052e+01
9.939627541754026652e+01
9.924292049547877070e+01
9.888511712650465313e+01
9.939074724945116657e+01
9.917107989680869196e+01
9.915622611576236523e+01
9.910932762704054255e+01
9.919977990747680963e+01
9.929168799220634867e+01
9.893058183134620265e+01
9.948211657132220864e+01
9.899606436703646750e+01
9.900799611367092723e+01
9.924867345921741446e+01
9.925020323484348239e+01
9.922161555950651746e+01
9.884198560126928612e+01
9.981500036481872939e+01
9.947740650726628076e+01
9.920438995043291186e+01
9.889725384771736572e+01
9.895533738750879138e+01
9.913200205189495762e+01
9.900053367608188637e+01
9.923029457617091964e+01
9.912034394118423108e+01
9.916147221949258039e+01
9.894482956123863460e+01
9.904410862980658692e+01
9.899617018057892892e+01
9.956023134568590649e+01
9.943146603019918928e+01
9.914681118100726565e+01
9.950007941385081267e+01
9.912281298604646906e+01
9.922284528709808171e+01
9.913912481623633255e+01
9.927496969102821822e+01
9.881206652419707837e+01
9.893018738420180114e+01
9.925653483044726499e+01
9.902895052046095259e+01
9.928425111768160605e+01
9.958471986918483765e+01
9.934290403674930303e+01
9.973530488742345312e+01
9.977106998690463513e+01
9.944739282870430941e+01
9.974762538746266216e+01
9.947269506770719261e+01
9.891996510406504228e+01
9.916556592050515917e+01
9.915016233250265998e+01
9.919748398095480013e+01
9.925879867748894014e+01
9.927984965480487745e+01
9.953247831247905708e+01
9.951405604278643580e+01
9.930973356740349800e+01
9.927072858373117015e+01
9.911539857301023915e+01
9.898716190575616736e+01
9.952576015316543590e+01
9.957258697330934183e+01
9.916084809128635413e+01
9.904378094144850309e+01
9.928314331836615736e+01
9.867427019408899014e+01
9.890956828541521872e+01
9.920833775954766054e+01
9.873412843862728039e+01
9.918367398718585548e+01
9.917447174723831438e+01
9.921495189353872490e+01
9.932466507796283395e+01
9.923245282829891778e+01
9.941976328654347128e+01
9.901443793314764719e+01
9.946590243985014013e+01
9.925025327847815504e+01
9.932606183104188347e+01
9.877207349890367993e+01
9.945422500479641315e+01
9.936956644112053993e+01
9.908464409027340025e+01
9.905611358242840936e+01
9.874601681339704840e+01
9.878328885377658253e+01
9.894950319055328691e+01
9.903936724119138546e+01
9.879482545261238613e+01
9.925853216776526722e+01
9.947166594673838347e+01
9.906227030633628772e+01
9.906067962409294125e+01
9.949109158804309061e+01
9.972581065799845135e+01
9.931714076795772428e+01
9.944903414782248774e+01
9.943962077390982301e+01
9.930517836623907613e+01
9.909919184395836567e+01
9.981536644094654775e+01
9.968218034436743835e+01
9.892316630788111809e+01
9.936438445360541039e+01
9.958654496521883459e+01
9.935176758368017147e+01
9.914467380826668830e+01
9.926618677773871013e+01
