2.860915799038588716e+02
2.861071506041938619e+02
2.860337235118964827e+02
2.860715292392706033e+02
2.859433725037505383e+02
2.859161654283309986e+02
2.858231242152960476e+02
2.860265371795315446e+02
2.858562216805608500e+02
2.858897990468743728e+02
2.857658143448452961e+02
2.860494318089676540e+02
2.860524881616141215e+02
2.859808563175158724e+02
2.859769192249219145e+02
2.858324756372009574e+02
2.859387543411166348e+02
2.860153075395627980e+02
2.859213652514646924e+02
2.857536131228202407e+02
2.858973047602013935e+02
2.859652438828350682e+02
2.859993544299679229e+02
2.861939734803000874e+02
2.861806902950190761e+02
2.858764158958388748e+02
2.860493645667275473e+02
2.863056397210384034e+02
2.858867684411320624e+02
2.859204879821284635e+02
2.860387405008630139e+02
2.859046040012738104e+02
2.857334397589871742e+02
2.859824445162313395e+02
2.859504809572072759e+02
2.859102559872666234e+02
2.859905115002066509e+02
2.861582913260787677e+02
2.861504055746936501e+02
2.860436614075042030e+02
2.861608514703096944e+02
2.860907899239446124e+02
2.859302631091849776e+02
2.861039655070802610e+02
2.863347012057517418e+02
2.862071189687828223e+02
2.861196347830356785e+02
2.860559321005532638e+02
2.858359741704959447e+02
2.860121827886302412e+02
2.859396777252611628e+02
2.857876566208912550e+02
2.857728201838203290e+02
2.858587203716425051e+02
2.858281226095035095e+02
2.859001259953287786e+02
2.859338882152198380e+02
2.862075678875024209e+02
2.861398265471189006e+02
2.858798698911901965e+02
2.858469369228413370e+02
2.858316019883602621e+02
2.860220088835482670e+02
2.860505317081164094e+02
2.857937867223762964e+02
2.858697043479572244e+02
2.859504549897201855e+02
2.858900016931970072e+02
2.857511926915515232e+02
2.856950071920082337e+02
2.857341901224936009e+02
2.856504656772429485e+02
2.860088472306449603e+02
2.857758751101667372e+02
2.859446153466217879e+02
2.858624464455028829e+02
2.856521909809975455e+02
2.857950808788182826e+02
2.859302106253972511e+02
2.858057001749531878e+02
2.856907095409022190e+02
2.855837441765415292e+02
2.857727993233096981e+02
2.857620509131107269e+02
2.857097889100901398e+02
2.856684819551014130e+02
2.855643334853661486e+02
2.857573398601463168e+02
2.859592279564037085e+02
2.857647184529087099e+02
2.855613585125368559e+02
2.857716786421610777e+02
2.857098384311080395e+02
2.858649769949419692e+02
2.857564253832768486e+02
2.857228671448968953e+02
2.858600124347392466e+02
2.859919102263243644e+02
2.857691921742587624e+02
2.857480911698572186e+02
2.857189584412352588e+02
2.857650053923124460e+02
2.858014695372770575e+02
2.857846581953929785e+02
2.859867467932388649e+02
2.857974033979741648e+02
2.857541493211629131e+02
2.859158635057831930e+02
2.860217048892623666e+02
2.859939879970089578e+02
2.859128678825483689e+02
2.858320977941262413e+02
2.857534344462995364e+02
2.857363375223582693e+02
2.858654976606377431e+02
2.859671332037693219e+02
2.858781029562638309e+02
2.857710511601417238e+02
2.858498111748315296e+02
2.860258609412546207e+02
2.858034740528400448e+02
2.857710321616656870e+02
2.861239916480365650e+02
2.859459653318319852e+02
2.858323021358618803e+02
2.861010344350859214e+02
2.858756089514515111e+02
2.857139625432495791e+02
2.858592245545156061e+02
2.859055415849188080e+02
2.859296205507314994e+02
2.856342084330165676e+02
2.856696589121427223e+02
2.858069160279849257e+02
2.858094218357806540e+02
2.858547663636285847e+02
2.858177297283103826e+02
2.859397445322863405e+02
2.860432540793042904e+02
2.859282305519100760e+02
2.858032077634629786e+02
2.857661497857301924e+02
2.858497069660663215e+02
2.859791941625504705e+02
2.859918660774763453e+02
2.857471426229923281e+02
2.857295827419753778e+02
2.858901183097869989e+02
2.860249905217739865e+02
2.857911236941640709e+02
2.860378081226977542e+02
2.857915192264933921e+02
2.856294333100525478e+02
2.857167152691699243e+02
2.857730282295659094e+02
2.856525313855281070e+02
2.857590423515711677e+02
2.859151861022982644e+02
2.857859453590325529e+02
2.858495407607030643e+02
2.860393452412533293e+02
2.859406129864883042e+02
2.858579770517096108e+02
2.856527975461424376e+02
2.857691824591332193e+02
2.858209443042404700e+02
2.859908577245927859e+02
2.861460344911753282e+02
2.859016863765123730e+02
2.857234733334157113e+02
2.857117930350100323e+02
2.859504361910338162e+02
2.857524419665330129e+02
2.857746488115095644e+02
2.860188765408101972e+02
2.857247318990432063e+02
2.857242936195545440e+02
2.858710672290052912e+02
2.858919637908263098e+02
2.859372409791351402e+02
2.860051595601864847e+02
2.860557349400696125e+02
2.858578012567772362e+02
2.857719876131185970e+02
2.857663961666667660e+02
2.859290353929769140e+02
2.858396266929226499e+02
2.857751995510546408e+02
2.861153056949870574e+02
2.859499717728031669e+02
2.858562343175752289e+02
2.859691120407340463e+02
2.861445904690230577e+02
2.861530880211854537e+02
2.862064644253348433e+02
2.859894626614059803e+02
2.859161018398426677e+02
2.860403628912163754e+02
2.859762535644784407e+02
2.859626100429551911e+02
2.860980720133059663e+02
2.859062716023281610e+02
2.859406925765864003e+02
2.859933722794910409e+02
2.861330114266785358e+02
2.861830726200569757e+02
2.860951767357066160e+02
2.860205251850904915e+02
2.860265824917245823e+02
2.861390582311357775e+02
2.859868079665665164e+02
2.857916868972268958e+02
2.859961093655583113e+02
2.860932139878792100e+02
2.863159458182605590e+02
2.860753360797323239e+02
2.859933298281563339e+02
2.862389609656726179e+02
2.860934879208672328e+02
2.860676369176928233e+02
2.861698453442219829e+02
2.860243382781731611e+02
2.859734098029106804e+02
2.859900986682177404e+02
2.861602640131350768e+02
2.859323775108478571e+02
2.859593276680200233e+02
2.860147843112677037e+02
2.860427707164129174e+02
2.860714974453285890e+02
2.862099007068125616e+02
2.859287079089239114e+02
2.860178320358687074e+02
2.859919908175590422e+02
2.860964207727808457e+02
2.859269108881699708e+02
2.859081877933614919e+02
2.860293721010961008e+02
2.858519265716651603e+02
2.859421364784679440e+02
2.861932107818651048e+02
2.861121751439382024e+02
2.860900078642543463e+02
2.861468959220586044e+02
2.860562902882494996e+02
2.859447067891925371e+02
2.860339589093310906e+02
2.859429594939394974e+02
2.859925304194777596e+02
2.859010982062149537e+02
2.860073072556581906e+02
2.861457358069159227e+02
2.860977983357813628e+02
2.859059386477811699e+02
2.858633971818269401e+02
2.859095257587865149e+02
2.858983137265570917e+02
2.859240049564700712e+02
2.858891214911505472e+02
2.859290173790816993e+02
2.857759777422542697e+02
2.859086437009767678e+02
2.859589085327895077e+02
2.858202736201163816e+02
2.859634814070187190e+02
2.859605154625247678e+02
2.858637153929270767e+02
2.858073259899189793e+02
2.857574167630625084e+02
2.857271765131495158e+02
2.858779600977297264e+02
2.856494410800478931e+02
2.857123748152436633e+02
2.859480157140799861e+02
2.859415940500693409e+02
2.858869869259961547e+02
2.857955054702171651e+02
2.858747471541087748e+02
2.858715277542763147e+02
2.859427116274073910e+02
2.857141221410813614e+02
2.856581715663569980e+02
2.859114610666465524e+02
2.859409000530073968e+02
2.858488120409534190e+02
2.858539068071495990e+02
2.858009618707365576e+02
2.860119995903188510e+02
2.860563573011539233e+02
2.861149871415281609e+02
2.859548936094584519e+02
2.857855723608518019e+02
2.859854905774786289e+02
2.858158498965046306e+02
2.856438207941030782e+02
2.858197156907679073e+02
2.858537748438924950e+02
2.858101375563355191e+02
2.855673259361831242e+02
2.856495697616977054e+02
2.856318425842728175e+02
2.857908633199674000e+02
2.857344804127232578e+02
2.858087538046747795e+02
2.858724712247417870e+02
2.857306920915506794e+02
2.857385187055576239e+02
2.858675977289976231e+02
2.858983161152429489e+02
2.859225991218344802e+02
2.857426730346685986e+02
2.855751369441907741e+02
2.857674137147230340e+02
2.855829541242678147e+02
2.856687713395311903e+02
2.856421394968222103e+02
2.856915321195472757e+02
2.856713683651681208e+02
2.856782052979315267e+02
2.857130676829171989e+02
2.855998488428253381e+02
2.856303817322807390e+02
2.858216358978768881e+02
2.857268551465796804e+02
2.855641692185936904e+02
2.857303722048695818e+02
2.857413648348140782e+02
2.858482459347471263e+02
2.857020653254792819e+02
2.855688026391316612e+02
2.856322751151965917e+02
2.858577515322693330e+02
2.858327206808333472e+02
2.857840884761172333e+02
2.858878552296301336e+02
2.856226476145305355e+02
2.857792456718917151e+02
2.859824321198086068e+02
2.858463723976972801e+02
2.857267979342634590e+02
2.857261620681572936e+02
2.857634138797202468e+02
2.858575461892032763e+02
2.856712610589112273e+02
2.857608780200653769e+02
2.859804734677355214e+02
2.855845727164676759e+02
2.855507374362663313e+02
2.859685314127850688e+02
2.859233633390219325e+02
2.862223641428025189e+02
2.860302614144456470e+02
2.859953863729060686e+02
2.858549092040433379e+02
2.858531874849680889e+02
2.857621760088799761e+02
2.858603383791303827e+02
2.859795094358099732e+02
2.858983795133456169e+02
2.859125088247153030e+02
2.858389231297255151e+02
2.858456030156494876e+02
2.859271181782666531e+02
2.860005558955263609e+02
2.860184670015188999e+02
2.859755777439814892e+02
2.859293346513664460e+02
2.857458834255451166e+02
2.858435841974903724e+02
2.859371834250711686e+02
2.859115171328011797e+02
2.858712804890390089e+02
2.861618427791169665e+02
2.860719026643878919e+02
2.860370508926232560e+02
2.858827606182718455e+02
2.859663008279753740e+02
2.860087680073481238e+02
2.859261968523206292e+02
2.858025767731074325e+02
2.857979977333680495e+02
2.860997957236548928e+02
2.862356986836994679e+02
2.860905388566385454e+02
2.859332325405821962e+02
2.859940139605732270e+02
2.861157002239312988e+02
2.859415200663554515e+02
2.859190480014910349e+02
2.859625357053346875e+02
2.861109845434596650e+02
2.858223147503748578e+02
2.859366006632386643e+02
2.857743174087596572e+02
2.856584928724603856e+02
2.858297299837572041e+02
2.859192942726558613e+02
2.860806948392794880e+02
2.861351097474865242e+02
2.859546593402646408e+02
2.860216123238876662e+02
2.860074805474999380e+02
2.859574009512126054e+02
2.859576260833919719e+02
2.859180572518313852e+02
2.858075076820718436e+02
2.859611131594506901e+02
2.859851071366249471e+02
2.860835841830192408e+02
2.860371605474696821e+02
2.859538680539284883e+02
2.859898925309191213e+02
2.860656438874739251e+02
2.858910490917837137e+02
2.859397568529905698e+02
2.861497339204678951e+02
2.857981131940184696e+02
2.859114389375564542e+02
2.861244058266651678e+02
2.858272001037270229e+02
2.859402494563410073e+02
2.860442155816458580e+02
2.860230199595350200e+02
2.860199452049968158e+02
2.860683857791718196e+02
2.859767903441911585e+02
2.858727863511101646e+02
2.860946131485687260e+02
2.858793038212767783e+02
2.859125047451449859e+02
2.859691053851050810e+02
2.859480503829246345e+02
2.860934340685568031e+02
2.860574414697538259e+02
2.858791039754214012e+02
2.858503039814406748e+02
2.859735223435182547e+02
2.859649810099124920e+02
2.858454841030464308e+02
2.860259231806965659e+02
2.859436814958089030e+02
2.859223833444785896e+02
2.860774513510722841e+02
2.860853194850894852e+02
2.858688534502485368e+02
2.858711712276441403e+02
2.858943251920241551e+02
2.861299296511605235e+02
2.859277525070205570e+02
2.858725759590711277e+02
2.860806560174016226e+02
2.861177663045910435e+02
2.858016028145185032e+02
2.860301394536936641e+02
2.860740256466108917e+02
2.858141223091457164e+02
2.857814977902853570e+02
2.859117762506964482e+02
2.859479157712582378e+02
2.860159991854061445e+02
2.860978282230324794e+02
2.861726476704076276e+02
2.861819961938491019e+02
2.860917690690817494e+02
2.861214551199639686e+02
2.860720315848395785e+02
2.859742861210675642e+02
2.861441616171907185e+02
2.860146164309109622e+02
2.859445893029325703e+02
2.858693795506897573e+02
2.859234359133184284e+02
2.858700669281680007e+02
2.858819462641817495e+02
2.858718716944658240e+02
2.860182508872935614e+02
2.860811197450852319e+02
2.860096491803803360e+02
2.860559920266478571e+02
2.860940857429780522e+02
2.861353547972308888e+02
2.861937755853427348e+02
2.859223732600443668e+02
2.859075390737515932e+02
2.858844214011530767e+02
2.860608438394806967e+02
2.859358970220061451e+02
2.856392357809901910e+02
2.857192764264463563e+02
2.859472681644675731e+02
2.858731574062130676e+02
2.858183856501883611e+02
2.858582269266469780e+02
2.857118270572564711e+02
2.858685076375746803e+02
2.860487272538626371e+02
2.860369821573144691e+02
2.858859588249224544e+02
2.859253685200018822e+02
2.858768650958272133e+02
