2.379090894594199028e+02
2.379687767626420509e+02
2.382332224974083204e+02
2.381661404362859855e+02
2.377497928679102870e+02
2.378826095182687652e+02
2.379304021087371837e+02
2.377096496539488442e+02
2.377555988582652162e+02
2.378890666141899999e+02
2.380352288157350529e+02
2.378293862786358943e+02
2.376747246383337426e+02
2.380235467548745874e+02
2.382829552831030071e+02
2.382599709033439979e+02
2.380934144758209356e+02
2.379393199095623004e+02
2.380355959316061671e+02
2.381104636238139562e+02
2.380248092933755970e+02
2.381196975674074565e+02
2.384302961051334933e+02
2.380396512155371340e+02
2.378294803335879806e+02
2.384615561428421699e+02
2.381743149916965478e+02
2.380279076275786849e+02
2.383813242960402476e+02
2.382609885548075965e+02
2.378835687712462175e+02
2.384170249064036682e+02
2.383396675307660644e+02
2.380692023201348491e+02
2.381363579838050271e+02
2.380294836996805259e+02
2.379537614744253062e+02
2.379722390914222103e+02
2.380671679492718340e+02
2.383434812261314164e+02
2.382677147128966624e+02
2.379066855247234571e+02
2.380890684582387564e+02
2.383195124619017804e+02
2.379742907894027155e+02
2.380312061687863263e+02
2.380029188864867535e+02
2.379271110240340761e+02
2.378717064716718994e+02
2.381774872818272399e+02
2.381462638595625094e+02
2.381336563041732859e+02
2.381323032270369140e+02
2.379996827159756094e+02
2.381620644308309238e+02
2.381740613739436583e+02
2.382701911623101694e+02
2.385439714697679392e+02
2.384802718828108254e+02
2.385576727414006655e+02
2.385558272673044939e+02
2.383235716682645773e+02
2.387933372149269928e+02
2.387777816695232787e+02
2.385733971021932120e+02
2.386759086232908942e+02
2.389865105560425036e+02
2.386327329684499716e+02
2.387643356224881188e+02
2.385363830903523592e+02
2.386688330043747044e+02
2.387139093083955856e+02
2.385585389888471184e+02
2.388682926888880047e+02
2.388606292374663838e+02
2.387684811874600825e+02
2.390674688310150486e+02
2.389563629939705152e+02
2.387789430201167136e+02
2.389011892601738793e+02
2.390979556645566788e+02
2.390397286726136201e+02
2.388135298958889905e+02
2.391076281035280147e+02
2.391592472184372866e+02
2.394739381035988970e+02
2.394527727268865362e+02
2.393187079839581202e+02
2.394597179106837075e+02
2.394073633162261103e+02
2.391889704727385890e+02
2.392308102410124491e+02
2.393115755865193250e+02
2.395883388623937265e+02
2.395023506374961073e+02
2.395675516218720702e+02
2.393466841401256318e+02
2.393908559516746948e+02
2.396781112625268122e+02
2.395832120936396450e+02
2.397073234759606066e+02
2.393306536383947503e+02
2.394855222846548202e+02
2.398079903801284161e+02
2.397082875855690816e+02
2.396328553117928095e+02
2.396483119653539973e+02
2.396155211013355029e+02
2.395989450159228227e+02
2.397789535199285638e+02
2.394718775204300982e+02
2.396944440951706667e+02
2.397606318800162626e+02
2.399372914526290970e+02
2.399639116031704873e+02
2.404807954679268960e+02
2.401585014063786900e+02
2.399650764498720434e+02
2.406319976684735593e+02
2.402895803372118451e+02
2.400218154731365985e+02
2.401062152785678734e+02
2.402352801598676706e+02
2.402282180733295718e+02
2.399913914046416892e+02
2.402489145375119790e+02
2.410553479716092795e+02
2.403790180142178770e+02
2.401480838335646979e+02
2.406654353468117336e+02
2.409234669778535647e+02
2.408367351726044205e+02
2.405134210334272211e+02
2.408499948905827353e+02
2.407552189016887496e+02
2.408956005635729127e+02
2.408637949381538874e+02
2.410127321495624528e+02
2.410847887661310267e+02
2.414466917887071986e+02
2.413302991187545956e+02
2.415818476380239588e+02
2.412540834504254406e+02
2.412614727615812171e+02
2.420772862267239987e+02
2.416574364908427981e+02
2.415600547040284312e+02
2.416720101239676524e+02
2.419002137511220099e+02
2.420802162926521532e+02
