3.416415608381918787e+02
3.416415608381918787e+02
3.416506027642088270e+02
3.416415608381918787e+02
3.416415608381918787e+02
3.416415608381918787e+02
3.416506027642088270e+02
3.416415608381918787e+02
3.416415608381918787e+02
3.416415608381918787e+02
3.416506027642088270e+02
3.416415608381918787e+02
3.416415608381918787e+02
3.416415608381918787e+02
3.416506027642088270e+02
3.416415608381918787e+02
3.416415608381918787e+02
3.416415608381918787e+02
3.416506027642088270e+02
3.416415608381918787e+02
3.416415608381918787e+02
3.416415608381918787e+02
3.416506027642088270e+02
3.416415608381918787e+02
3.416415608381918787e+02
3.416415608381918787e+02
3.416506027642088270e+02
3.416415608381918787e+02
3.416415608381918787e+02
3.416415608382394566e+02
3.416506027642088270e+02
3.416415608381918787e+02
3.416415608381918787e+02
3.416415608381918787e+02
3.416506027642088270e+02
3.416415608381918787e+02
3.416415608381918787e+02
3.416415608381918787e+02
3.416506027642564618e+02
3.416415608381918787e+02
3.416415608381918787e+02
3.416415608381918787e+02
3.416506027642088270e+02
3.416415608382394566e+02
3.416415608381918787e+02
3.416415608382394566e+02
3.416506027642088270e+02
3.416415608382394566e+02
3.416415608381918787e+02
3.416415608381918787e+02
3.416415608381918787e+02
3.416415608381918787e+02
3.416415608381918787e+02
3.416415608382394566e+02
3.416506027642088270e+02
3.416415608381918787e+02
3.416415608381918787e+02
3.416415608382394566e+02
3.416506027642088270e+02
3.416415608381918787e+02
3.416415608381918787e+02
3.416415608381918787e+02
3.416506027642564618e+02
3.416415608381918787e+02
3.416415608381918787e+02
3.416415608381918787e+02
3.416506027642088270e+02
3.416415608381918787e+02
3.416415608381918787e+02
3.416415608381918787e+02
3.416506027642088270e+02
3.416415608381918787e+02
3.416415608381918787e+02
3.416415608381918787e+02
3.416506027642088270e+02
3.416415608381918787e+02
3.416415608381918787e+02
3.416415608381918787e+02
3.416506027642088270e+02
3.416415608382394566e+02
3.416415608381918787e+02
3.416415608381918787e+02
3.416506027642088270e+02
3.416415608381918787e+02
3.416415608382394566e+02
3.416415608381918787e+02
3.416506027642088270e+02
3.416415608381918787e+02
3.416415608381918787e+02
3.416415608381918787e+02
3.416506027642088270e+02
3.416415608381907987e+02
3.416415608381504967e+02
3.416415608379992932e+02
3.416506027642078038e+02
3.416415608381504967e+02
3.416415608381504967e+02
3.416415608379992932e+02
3.416506027642078038e+02
3.416415608381504967e+02
3.416415608379992932e+02
3.416415608381504967e+02
3.416506027642078038e+02
3.416415608381504967e+02
3.416415608381504967e+02
3.416415608381504967e+02
3.416506027642078038e+02
3.416415608381504967e+02
3.416415608381504967e+02
3.416415608381504967e+02
3.416506027643590073e+02
3.416415608381504967e+02
3.416415608381504967e+02
3.416415608381504967e+02
3.416506027642078038e+02
3.416415608381504967e+02
3.416415608381504967e+02
3.416415608381504967e+02
3.416506027642078038e+02
3.416415608381504967e+02
3.416415608379992932e+02
3.416415608381504967e+02
3.416506027643590073e+02
3.416415608381504967e+02
3.416415608381504967e+02
3.416415608381504967e+02
3.416506027643590073e+02
3.416415608379992932e+02
3.416415608379992932e+02
3.416415608379992932e+02
3.416506027643590073e+02
3.416415608379992932e+02
3.416415608381504967e+02
3.416415608379992932e+02
3.416506027642078038e+02
3.416415608381504967e+02
3.416415608379992932e+02
3.416415608379992932e+02
3.416506027642078038e+02
3.416415608379992932e+02
3.416415608381504967e+02
3.416415608381504967e+02
3.416506027643590073e+02
3.416415608379992932e+02
3.416415608381504967e+02
3.416415608379992932e+02
3.416506027643590073e+02
3.416415608381504967e+02
3.416415608381504967e+02
3.416415608381504967e+02
