1.026574307288235559e+02
1.026276753150163330e+02
1.031662044185439271e+02
1.030606687923546616e+02
1.026955940084056493e+02
1.026798964985960509e+02
1.036109157602454474e+02
1.025002946712879890e+02
1.025824294431597110e+02
1.026687833132924794e+02
1.030649764864735403e+02
1.026696889082509045e+02
1.025102916511889930e+02
1.025143095392785852e+02
1.018068553712251259e+02
1.024767503236868009e+02
1.024630989073701386e+02
1.024612137158404295e+02
1.022733369220853632e+02
1.026399851126149514e+02
1.020813273412808400e+02
1.023114338943072994e+02
1.024165706424701057e+02
1.026685395718128149e+02
1.017701802737835095e+02
1.028749316763910429e+02
1.023782000422659877e+02
1.017172342393796924e+02
1.024396843746888521e+02
1.019690952594199871e+02
1.019137541028598974e+02
1.023081310267793356e+02
1.020514374976323921e+02
1.021472618530648901e+02
1.018345196410131592e+02
1.028033343312329606e+02
1.017666975569197945e+02
1.019485491434415962e+02
1.017173916529585114e+02
1.018062538113024829e+02
1.022315659559593684e+02
1.020232653565454228e+02
1.021667364764250436e+02
1.021679517001516615e+02
1.021234663978681141e+02
1.014982285928036418e+02
1.025435430198811559e+02
1.019562127389043411e+02
1.013913855274432763e+02
1.018933460240501745e+02
1.018063197709558239e+02
1.017348857519687186e+02
1.019041802200564035e+02
1.018246345270739539e+02
1.010097379673197082e+02
1.015151453730326665e+02
1.011622309220829834e+02
1.011051852567336340e+02
1.011627756629570314e+02
1.017847053491385054e+02
1.014717673774578657e+02
1.011323404020537424e+02
1.007618796181451870e+02
1.013078938794921982e+02
1.008256202734167317e+02
1.009346665597474981e+02
1.013805126337629900e+02
1.007735072547015562e+02
1.010083625977399606e+02
1.007768990996822680e+02
1.010495611315373594e+02
1.008784110397478599e+02
1.009571761169134305e+02
1.002755876848438561e+02
1.010691793414317345e+02
1.004313673269254537e+02
1.004766789311644715e+02
1.008769422134130309e+02
1.002375889362657517e+02
9.991184386960919994e+01
1.006499006242127194e+02
1.007719509165946192e+02
1.007032021517454581e+02
9.985262482541139661e+01
1.001512399726456550e+02
1.002577368102585780e+02
1.004234297345604290e+02
9.985985276435150126e+01
9.935640612528435156e+01
1.006681397685811135e+02
9.982470908963738054e+01
9.991384031203277516e+01
1.001025726469173520e+02
1.001406805811694340e+02
9.922993435684607277e+01
1.000548676552835445e+02
9.977344335297671307e+01
9.969463260278314465e+01
9.952322832482222736e+01
9.964453396046128830e+01
9.955994424075807103e+01
1.000207414928578515e+02
9.927085769018331973e+01
9.977038831818715892e+01
9.931556081415685355e+01
9.937634966327154018e+01
9.965018502595673056e+01
9.968957311301942070e+01
9.946324622922810477e+01
9.966380750508675135e+01
9.936044803516256252e+01
9.926044960182542809e+01
9.950457966750376215e+01
9.905889241045996130e+01
9.877268101806343736e+01
9.888357513263157728e+01
9.926630787696792879e+01
9.834565262584426648e+01
9.894317637128727938e+01
9.881777952140190280e+01
9.864441661957869201e+01
9.858450920186247401e+01
9.872586522047129165e+01
9.891089663206663829e+01
9.827541175819094121e+01
9.820709687953781497e+01
9.819067915233999599e+01
9.853787461229904920e+01
9.832965363275405934e+01
9.804526164669660204e+01
9.763983359909890680e+01
9.831609716174779123e+01
9.770135774370551474e+01
9.816989616312251599e+01
9.742030965634454276e+01
9.755618921449685388e+01
9.771568745668845679e+01
9.744219482822472855e+01
9.733723579870384413e+01
9.736269074164543724e+01
9.700177184802288366e+01
9.729382297568976412e+01
9.706439292161201138e+01
9.685778580296810958e+01
9.715890351073197451e+01
9.668408355492159956e+01
9.668836691429305574e+01
9.680506280662201846e+01
9.676995932875267670e+01
9.692533626901136756e+01
