1.006473550466342886e+02
1.005889048624538447e+02
1.008502843946091616e+02
1.006246620207235196e+02
1.007120344342960152e+02
1.005521613283812457e+02
1.004184943009763629e+02
1.005855146756495770e+02
1.008165634922581262e+02
1.004623538102114253e+02
1.005798362314734504e+02
1.008950424550539395e+02
1.008167396691365383e+02
1.006059762750342088e+02
1.007210845770866996e+02
1.004488318053603280e+02
1.005648398498835689e+02
1.003539205068018560e+02
1.005587031144326033e+02
1.007055121139354554e+02
1.007643539400308015e+02
1.005080283682237479e+02
1.004714559609045210e+02
1.007454789563287392e+02
1.004799885838312008e+02
1.007182723909793793e+02
1.005808160089522403e+02
1.006729613187976042e+02
1.006371975630222977e+02
1.007271327725803616e+02
1.008996374348518543e+02
1.007471916175326356e+02
1.008197905352228645e+02
1.014796715883098415e+02
1.020405630161907169e+02
1.011802820398310132e+02
1.007519120380253383e+02
1.006216227491424320e+02
1.008547566376994382e+02
1.010452032187988038e+02
1.009090022052094895e+02
1.010056121478424984e+02
1.007164358760670666e+02
1.005578863959436262e+02
1.007659050145776831e+02
1.006133744813290463e+02
1.005945598511905246e+02
1.008047758242071126e+02
1.007321238899381797e+02
1.009029332982245393e+02
1.011168089756454123e+02
1.008589085998855097e+02
1.009685414745841427e+02
1.015530315281501998e+02
1.011148859234604771e+02
1.006902405222166408e+02
1.006749957988446198e+02
1.008708736943858213e+02
1.010443836635841990e+02
1.008222242344322837e+02
1.007244553432888523e+02
1.009711954361489887e+02
1.011048612932901136e+02
1.011991718822472279e+02
1.011007486545364458e+02
1.010968509895391634e+02
1.009667361944328832e+02
1.008100475458835348e+02
1.008914942476484526e+02
1.010329856361807401e+02
1.011459818934352342e+02
1.007931476035033711e+02
1.009836772490575214e+02
1.010545834663538045e+02
1.005754763882036400e+02
1.010442346955043007e+02
1.011460259955126162e+02
1.010159031409843209e+02
1.010583719989863170e+02
1.009814861709775187e+02
1.009428163029129308e+02
1.014265681226625730e+02
1.012728717402281973e+02
1.010297875533914294e+02
1.009787606623685861e+02
1.008835074671600296e+02
1.010520489376700084e+02
1.011468079496760737e+02
1.012141385875882520e+02
1.008065704719775368e+02
1.009881480071044706e+02
1.012797469532231958e+02
1.011083081973233675e+02
1.012037367865479638e+02
1.010079336360092839e+02
1.011850298354615916e+02
1.009201813757676405e+02
1.008887756807098555e+02
1.010484106369771240e+02
1.011338125448348819e+02
1.009320803648416387e+02
1.008560959329281701e+02
1.010821258723779721e+02
1.011917203317724869e+02
1.011361056348680449e+02
1.013151503103258051e+02
1.015237189036983523e+02
1.011976715345673057e+02
1.013798313001422429e+02
1.013810897863150586e+02
1.011096190562852115e+02
1.015971519904986735e+02
1.014710292162569090e+02
1.022138065401630485e+02
1.017624264339347491e+02
1.013554406569830206e+02
1.013736053680166691e+02
1.013945898236928969e+02
1.015445281393839565e+02
1.015182411341899780e+02
1.012909677790113818e+02
1.012755976433355869e+02
1.012447839145636976e+02
1.010891323893234244e+02
1.013927611767211800e+02
1.015812401173903226e+02
1.015161697755929566e+02
1.016599255124924071e+02
1.016502538981072092e+02
1.015087963238451465e+02
1.016310462728467883e+02
1.017352592334505630e+02
1.016349644726995507e+02
1.021695783479615187e+02
1.013669030220014378e+02
1.015598582891575461e+02
1.015501578928723490e+02
1.014810529272532023e+02
1.013629812368183281e+02
1.013610191131679557e+02
1.012706242274851292e+02
1.020838765824999115e+02
1.028224891896570199e+02
1.022736717249490681e+02
1.016302153231758183e+02
1.015726435160695615e+02
1.013950634099072659e+02
1.015585123169113189e+02
1.011959996407573072e+02
1.014845404947703145e+02
1.012038170386181406e+02
1.012100650738283463e+02
1.012513601774997909e+02
1.010334010250058583e+02
1.012794838255770173e+02
1.011439383914948706e+02
1.010988311911082036e+02
1.010238532732467007e+02
1.009770062504777002e+02
1.011784894635776908e+02
1.008079673689651372e+02
1.012485310874670290e+02
1.011438471926328475e+02
1.007088411371378243e+02
1.008828872163601176e+02
