2.861277364624010602e+02
2.860516766263650652e+02
2.862112191380065838e+02
2.861108028408629025e+02
2.861491109491414591e+02
2.861281291254048824e+02
2.860591889160781989e+02
2.861082624367279550e+02
2.860851173636975773e+02
2.860338117947296155e+02
2.863930217257660047e+02
2.863284602584243430e+02
2.860073714871206789e+02
2.860460041276966194e+02
2.862565155237230101e+02
2.863481299352087035e+02
2.861429301082566212e+02
2.863048982413155841e+02
2.864407891106174588e+02
2.861761603921552251e+02
2.860442808409720215e+02
2.861321153113920559e+02
2.862921994508630519e+02
2.862097183592734950e+02
2.861452418009420740e+02
2.862559773649083468e+02
2.862376471632426842e+02
2.860728308808652969e+02
2.860123447229134968e+02
2.862062923447640514e+02
2.861299883548629168e+02
2.860702493214235460e+02
2.861376430073659662e+02
2.862089135999713676e+02
2.859068708543834987e+02
2.858820046086937054e+02
2.860197918985331285e+02
2.859104297026690915e+02
2.861057685794247050e+02
2.860073093686722814e+02
2.859300256694207292e+02
2.861339453179504630e+02
2.861455767549416009e+02
2.860539518266554069e+02
2.860929161667662015e+02
2.860707168532795208e+02
2.861657766169582260e+02
2.862206238122425930e+02
2.860866131824126910e+02
2.861412344352895047e+02
2.861773891872379068e+02
2.859379825643039794e+02
2.860402119015199673e+02
2.860124851368686336e+02
2.860629908988409511e+02
2.861577358547071981e+02
2.862882420950568871e+02
2.862823491297648388e+02
2.861403833782495099e+02
2.861179736550993766e+02
2.861748439208552668e+02
2.861401561532416622e+02
2.861100509072517184e+02
2.859402405260399860e+02
2.860588710862735411e+02
2.860311516635137536e+02
2.860767533881501663e+02
2.861660824430771868e+02
2.861642584267818847e+02
2.861533843058234083e+02
2.861922635399932346e+02
2.860565699178785621e+02
2.860863668563093256e+02
2.862019714383661153e+02
2.861183118449181961e+02
2.863184210934165890e+02
2.862110234405586766e+02
2.860231895941095104e+02
2.862121123282618669e+02
2.862156703818985193e+02
2.862669066542723044e+02
2.861809884580394510e+02
2.858942282939820529e+02
2.860784190617159197e+02
2.862776249045244867e+02
2.861597127994895686e+02
2.861284372744086113e+02
2.862535509500750663e+02
2.861402990610718007e+02
2.862061422584457659e+02
2.861583403538235757e+02
2.860824502594439878e+02
2.861425835361334862e+02
2.861840203211262406e+02
2.861239912451418945e+02
2.862943393179559166e+02
2.860920964755961791e+02
2.861948171843950490e+02
2.863853771468779428e+02
2.862233354533327656e+02
2.862900016478618568e+02
2.862574577190899277e+02
2.862488959536374864e+02
2.862856160649034223e+02
2.860882055682381520e+02
2.860769533533726303e+02
2.862617362149991891e+02
2.862109254651455217e+02
2.862630078234137159e+02
2.863765490249027152e+02
2.861801639119927927e+02
2.862688649330655721e+02
2.861969126541440573e+02
2.861972693995339796e+02
2.862700740813842231e+02
2.861596098933702024e+02
2.861213974639634330e+02
2.861216829738360161e+02
2.862585100382448218e+02
2.862601192238713566e+02
2.862282937568355692e+02
2.863110373997321290e+02
2.864439472002293883e+02
2.863718002093382893e+02
2.863556733088384476e+02
2.862270926649197804e+02
2.861038223496837531e+02
2.861411640607722688e+02
2.864341308178350687e+02
2.862130848667318332e+02
2.862560438330567649e+02
2.863859216459517825e+02
2.864737536720159596e+02
2.863329255424905000e+02
2.864253291810780411e+02
2.865061597178573152e+02
2.863631969278401925e+02
2.864810308447799798e+02
2.866622141384042948e+02
2.865051012193539464e+02
2.865040419495828132e+02
2.866291223659533784e+02
2.864508819733541145e+02
2.865762003762825429e+02
2.865337517835827725e+02
2.864717852221502312e+02
2.865637477657425052e+02
2.866619357060907873e+02
2.866760289078501387e+02
2.868572287508721388e+02
2.867938226906588284e+02
2.869073316971878853e+02
2.868671222390021853e+02
2.869228216070341091e+02
2.867586877333388315e+02
2.868931234537226942e+02
2.870824217924831032e+02
2.868693781906155778e+02
2.869993749316943195e+02
2.870892459806120200e+02
2.868960344732562930e+02
2.870507414581861099e+02
2.868282464710515569e+02
2.868984818079988486e+02
2.871527535555777035e+02
