2.400278561115703724e+02
2.400458727529444047e+02
2.402002432409151425e+02
2.404444244102674020e+02
2.402767326564187442e+02
2.401570271989186551e+02
2.398827931755523934e+02
2.401122805148893633e+02
2.400887162617682122e+02
2.399161843217098351e+02
2.400713279517303818e+02
2.398785009182632564e+02
2.396303458944680926e+02
2.398820362192335551e+02
2.398417134479854838e+02
2.400253476683143106e+02
2.402509867943829533e+02
2.401455843309607019e+02
2.398902541568528193e+02
2.396379523257387802e+02
2.400732167678558824e+02
2.399292076001142107e+02
2.402202873295227619e+02
2.399416347515373218e+02
2.398828625176311391e+02
2.398772606222971717e+02
2.397606416934238496e+02
2.398510894043104145e+02
2.398007701063750403e+02
2.399463257189292733e+02
2.400421738120055295e+02
2.402693990181184063e+02
2.400868880443087789e+02
2.393449077278552011e+02
2.386471185597973488e+02
2.391310742511782337e+02
2.394070212843335810e+02
2.397419655599278769e+02
2.396302629240590534e+02
2.395919393581617669e+02
2.398894173190228969e+02
2.398021141845583486e+02
2.398800042765747094e+02
2.399139730501071881e+02
2.397754326850832740e+02
2.396938873370218062e+02
2.399320534858073017e+02
2.398881389436533311e+02
2.400496630793953727e+02
2.398395041158936181e+02
2.397677790049384612e+02
2.398060232284856284e+02
2.398735676561912840e+02
2.392830035628657868e+02
2.396695827817459303e+02
2.395164491688333612e+02
2.393519897860518029e+02
2.392605656105155276e+02
2.391646527749380482e+02
2.396443437574104962e+02
2.401785176037958820e+02
2.400163333790207787e+02
2.394435778483025672e+02
2.394856167295458818e+02
2.397109039700488893e+02
2.397680289316287769e+02
2.396918385987147246e+02
2.397771571224049865e+02
2.397229664804729339e+02
2.398439363425469821e+02
2.399328628923977647e+02
2.401058761511428941e+02
2.398335058972920990e+02
2.395048621086527874e+02
2.398157385369273413e+02
2.399830413002455316e+02
2.400437574427570269e+02
2.399457067700876962e+02
2.398067830758933496e+02
2.402201717684229152e+02
2.400056662284574998e+02
2.400018648208340153e+02
2.399573043233958458e+02
2.397007207644328162e+02
2.396262336213205515e+02
2.397316736844574336e+02
2.399244744680871975e+02
2.401520576093131751e+02
2.398426757908944467e+02
2.401860935779603778e+02
2.400461500857995532e+02
2.396666059809285514e+02
2.397091965615868219e+02
2.395843539278788228e+02
2.397569401843333310e+02
2.398237856546574847e+02
2.400501761010823714e+02
2.402553311344373412e+02
2.399417289863798715e+02
2.401844280668728970e+02
2.396925759022403497e+02
2.399563971408917666e+02
2.396234225974072558e+02
2.398931144461533620e+02
2.397444908102755790e+02
2.399127928560853036e+02
2.398896058385523702e+02
2.395781866880840596e+02
2.397010981715720845e+02
2.395350606622249359e+02
2.396186474150314041e+02
2.393559620591390456e+02
2.391892291076774200e+02
2.389619906671460683e+02
2.392332224087919030e+02
2.392887323311551597e+02
2.393971016339564528e+02
2.392028191712311127e+02
2.393352672790742020e+02
2.391668044287950750e+02
2.390831903363341553e+02
2.393566942990788391e+02
2.396703628951655958e+02
2.392939485593119855e+02
2.391052725378113166e+02
2.388171013795706870e+02
2.393960558878779921e+02
2.392739892810652407e+02
2.390769420070000422e+02
2.392907107943064773e+02
2.391073626670406895e+02
2.393610709280219737e+02
2.386875844591544080e+02
2.385614228428730712e+02
2.391541295793264226e+02
2.391870313108976518e+02
2.389550279074679793e+02
2.390356735927547334e+02
2.394766888935511986e+02
2.393312105485955215e+02
2.390291774125297763e+02
2.387704638301684952e+02
2.381428872966961308e+02
2.385495106704595401e+02
2.384958126772499156e+02
2.387592033172255697e+02
2.391269905348042073e+02
2.393708356430838649e+02
2.395862484561071426e+02
2.396806887743704237e+02
2.395161766787925899e+02
2.398424089021713428e+02
2.399672442238403676e+02
2.401557969209064822e+02
2.398014500454773668e+02
2.397446694801772367e+02
2.397317090291298598e+02
2.399505764282689313e+02
2.398283714505120940e+02
2.400552119534943074e+02
2.400326651826165687e+02
2.400503082051615422e+02
2.399814791669395788e+02
2.400990407182071067e+02
2.402029667322004514e+02
