1.000874448495236635e+02
9.950037881538543161e+01
9.985916486195783648e+01
9.976184960653218070e+01
9.977998186843200301e+01
9.995404739314197684e+01
1.000416283264886488e+02
9.993364298677091995e+01
1.001763373918610114e+02
1.000701441012297863e+02
9.999296935624720106e+01
1.005555206201966030e+02
1.008899177366483855e+02
1.001892413113513243e+02
1.003706339153632712e+02
9.991907395880315335e+01
9.963723812552001391e+01
1.001332926160601033e+02
1.005361674127800455e+02
9.992210943895729258e+01
9.970549738854877830e+01
9.987831810786565256e+01
9.976799006017819238e+01
1.006055151037871838e+02
9.981791199508184320e+01
1.003072124300217070e+02
1.002342400116677936e+02
1.001762277277263848e+02
1.001437833459348639e+02
9.963614398521498572e+01
9.971424624610450849e+01
1.003555150758515992e+02
1.000866415015638466e+02
1.010634376031619581e+02
1.030371877969212591e+02
1.011065922566555599e+02
1.005975304133780668e+02
9.993369593144774399e+01
9.996046235936557878e+01
1.000672416646016671e+02
9.983279517752150412e+01
1.002740539931434824e+02
1.004900226352388444e+02
1.004623842817836277e+02
9.995417567470319398e+01
1.000303953109443711e+02
9.996822539781932448e+01
9.988374287921789119e+01
1.001512643443274015e+02
1.000829205199078160e+02
9.990914355882104303e+01
1.001184108269658282e+02
1.003211208149536873e+02
1.016913170931943142e+02
1.005959089018989516e+02
1.006691585688831765e+02
1.004681188821447790e+02
1.004664329303914343e+02
1.003631721271086690e+02
9.959599819950075528e+01
9.996469668455847568e+01
9.999006497080569034e+01
1.008774391168011988e+02
1.005437020423376424e+02
1.002253626312359529e+02
1.001630756138270613e+02
1.001789457962994589e+02
1.003923263886458130e+02
1.001758370292573801e+02
9.971545781090436833e+01
9.964390087638508930e+01
9.968976426997119233e+01
1.004872495145884699e+02
1.003211935750890120e+02
9.983807653810016802e+01
9.999911097162662088e+01
9.960770676635416976e+01
1.002107994494319740e+02
1.002747095086557891e+02
1.000666318217356547e+02
1.002671902202450838e+02
9.998736702047058600e+01
9.995570307751729899e+01
1.003439373960062682e+02
1.002436934626084764e+02
9.976597197649034854e+01
1.000124077967636822e+02
9.976796827651149613e+01
1.000181384110072287e+02
1.000327238755424446e+02
1.002868628962005317e+02
1.002722990785750881e+02
1.000293104102061221e+02
1.000649775762702092e+02
1.000018006986678074e+02
1.000492875696561867e+02
9.982239686591681505e+01
1.000796885130303764e+02
1.000978118249804965e+02
1.000629994568680132e+02
1.002250655772712093e+02
1.004422126637996939e+02
1.005630491493682968e+02
9.970807403767655330e+01
1.004188430846615887e+02
1.001414934615039130e+02
1.006228506978419972e+02
1.004654250729537210e+02
1.004891922148948566e+02
1.004423799189200963e+02
1.000897609871958167e+02
1.006429798248483252e+02
1.009329346403373933e+02
1.022739644019034557e+02
1.012716436696111515e+02
1.008175663009456713e+02
1.007205855208324436e+02
1.010511504833238661e+02
1.011839037863146018e+02
1.011036622954819109e+02
1.005281585457396289e+02
1.005900904692883415e+02
1.005804063247103954e+02
1.006228946459606419e+02
1.010206816431051635e+02
1.008748720882719567e+02
1.004015156401622306e+02
1.005844559256250363e+02
1.007512651235445134e+02
1.005934169376431697e+02
1.007523308682442718e+02
1.008137977526308049e+02
1.014082041246939951e+02
1.011787437953090034e+02
1.008191780706141571e+02
1.006101812587264703e+02
1.010028306276863788e+02
9.987996994757253333e+01
9.983843604167712726e+01
1.004531187850009815e+02
1.006236275707133672e+02
1.014566812927583328e+02
1.028542995185726028e+02
1.016922234924963959e+02
1.007775690822868881e+02
9.994846081261921711e+01
9.995744152866105026e+01
9.961911001889880879e+01
9.937123289850200081e+01
9.964894141610498934e+01
9.975922721989034869e+01
9.921739999928256282e+01
9.924614380153627735e+01
9.924270396279074191e+01
9.939394851402768438e+01
9.920073189922148060e+01
9.919780214709295763e+01
9.916015585530716692e+01
9.925045278162950524e+01
9.864877483980143325e+01
9.922590150304343126e+01
9.928079529457063757e+01
9.883553596671309549e+01
9.922783091073408457e+01
9.845851430916805214e+01
