1.000728369431105307e+02
9.968091347635281352e+01
9.991987581644896466e+01
9.967761791474679001e+01
9.978058670662466056e+01
1.001367351275113009e+02
9.962506950283402318e+01
9.982808540476537473e+01
1.002358706551094230e+02
9.973708556057017915e+01
9.998185711737973236e+01
1.003425183243527243e+02
1.001261158052051456e+02
9.988944598644228279e+01
9.985163221614233464e+01
9.973139733591199274e+01
9.987152531858282600e+01
9.987052645688559949e+01
1.002082169010561756e+02
1.001584978962082033e+02
1.001549342613224667e+02
9.973445319735505166e+01
1.002628343449764685e+02
1.002321932645822358e+02
1.000778351082448552e+02
9.965895914167576564e+01
9.994641138411746795e+01
1.002152565052341373e+02
9.997145698687057802e+01
1.002298352902813434e+02
1.006632131741059339e+02
9.997417679220195907e+01
1.001264914325899298e+02
1.012122403542605156e+02
1.032554936164107886e+02
1.013774093493717601e+02
1.005149413199839756e+02
1.002720089142415532e+02
1.006424014217545135e+02
9.975639208202842667e+01
1.002606994271658323e+02
1.009108744352690650e+02
1.002890387567322676e+02
9.991365645432735221e+01
1.002766958914628361e+02
9.962987279150969755e+01
1.005883681348010441e+02
1.002142728076943143e+02
9.991212085846869684e+01
9.992059640395360987e+01
1.002776062823163983e+02
9.985219252058099926e+01
1.005334822730453226e+02
1.016730653639715882e+02
1.008260452982418798e+02
1.005036791642533558e+02
1.005884125316513149e+02
1.007487229832025974e+02
1.005670613219231200e+02
1.003317203995218279e+02
1.004966559722199833e+02
1.004302803768087387e+02
1.006526554413756713e+02
1.006272011612636135e+02
1.001156971386335357e+02
1.004084181696594413e+02
1.003243129531985005e+02
1.001715395783911475e+02
1.000173748261500037e+02
1.005201134915804886e+02
1.006711716150131082e+02
9.988490302492220962e+01
1.004775852334209532e+02
1.000093222837155196e+02
1.000560885163852731e+02
1.001421224886169625e+02
9.977727959534884405e+01
9.994967260340597193e+01
1.002137321862269488e+02
1.007433564865618223e+02
1.003952322476252306e+02
1.003295219611708120e+02
9.987269363807381239e+01
1.003487934956790468e+02
1.002271270162604395e+02
1.002356132984848642e+02
9.994653028745288736e+01
9.976654555788128675e+01
1.007048673775896219e+02
9.998845223165098162e+01
1.001318647631563437e+02
1.004143412568762841e+02
1.005848849217511685e+02
1.001880858979130835e+02
1.001583078227914712e+02
1.000101060923985159e+02
9.986194397021807845e+01
9.964536751016278515e+01
1.006499690525420050e+02
9.983105119602639377e+01
1.002708301493899654e+02
1.003691049081302680e+02
1.002005994701030005e+02
9.983965699738389787e+01
9.993044059890819142e+01
1.000682501491750145e+02
9.999890282122635199e+01
1.002018807107007063e+02
1.000348616626890390e+02
9.995851244816874726e+01
1.004261315815474092e+02
1.002717672133356217e+02
1.005141406251264442e+02
1.023463794734545331e+02
1.016260497480946583e+02
1.014406405486315066e+02
1.006375854051902508e+02
1.011808566623794263e+02
1.009630261493952617e+02
1.007973087267528882e+02
1.008481112926112502e+02
1.009387765023999037e+02
1.009382213332394258e+02
1.008125615720993551e+02
1.008311564897979764e+02
1.013518917886184596e+02
1.005302228715862753e+02
1.004241387557314766e+02
1.004683124134708123e+02
1.005249415708384504e+02
1.004779696093239068e+02
1.004693387938666120e+02
1.013223944642188172e+02
1.016706392898295093e+02
1.006351997484503755e+02
1.004481543760109759e+02
1.002463171516834990e+02
1.001699137590827036e+02
1.005154034021038569e+02
1.002577013949393034e+02
1.000156962002301384e+02
1.008249487322804612e+02
1.026462892817750543e+02
1.015024545318332940e+02
1.007153620449567484e+02
9.975574362711695642e+01
9.989086010416887973e+01
9.997645940166462708e+01
9.949877916413002765e+01
9.938278112586819191e+01
9.966372173580208482e+01
9.908580748458682308e+01
9.928579294447014547e+01
9.947234131831396553e+01
9.911228735966749070e+01
9.969689426200125126e+01
9.930329944274974707e+01
9.901944844840869564e+01
9.940906275834082351e+01
9.924657775792184111e+01
9.891727810187519765e+01
9.928867029668890609e+01
9.951301709247536564e+01
9.882520407024254894e+01
9.889852958555468376e+01
