2.864267656281751329e+02
2.865332034676348485e+02
2.865728771625106219e+02
2.868054008337040841e+02
2.868018176288586005e+02
2.866872497666578852e+02
2.865951449736684822e+02
2.866013696632236361e+02
2.865151706571263617e+02
2.866132792916364451e+02
2.866076426099861010e+02
2.866981501102730476e+02
2.866811311676480045e+02
2.866658100164829648e+02
2.868532343879256246e+02
2.867754324705287559e+02
2.866945053718793019e+02
2.867550773095489944e+02
2.865680577573332926e+02
2.865033136327232342e+02
2.865813695773894096e+02
2.866804364552194784e+02
2.866804571418920773e+02
2.865774980379092653e+02
2.866204610070543026e+02
2.866741186369789034e+02
2.866521409700993104e+02
2.864860069789456816e+02
2.865914096826222135e+02
2.866004234614380266e+02
2.864227079143535661e+02
2.865793219097564588e+02
2.866285068014033754e+02
2.866759909169925891e+02
2.863050494362169047e+02
2.861568781561915102e+02
2.862933688414964877e+02
2.863739190599100084e+02
2.864162848143163842e+02
2.864953082291904138e+02
2.865683510506500511e+02
2.863572887746283300e+02
2.863816707750926867e+02
2.864979743744387406e+02
2.865132538093471339e+02
2.867328228492598896e+02
2.865775752306786330e+02
2.864969323532726548e+02
2.865959906085870443e+02
2.867327169040443664e+02
2.865851320373971589e+02
2.867145449908242085e+02
2.866426233621251072e+02
2.865179687232458718e+02
2.864292010179994463e+02
2.866127397426796506e+02
2.866032650123580083e+02
2.864538834406781689e+02
2.864835418780353962e+02
2.864843896655833646e+02
2.865634639009194871e+02
2.864893188132564887e+02
2.865102044466446500e+02
2.866385888089497485e+02
2.867980765173781492e+02
2.866952847911263689e+02
2.866411221877168032e+02
2.866345444825194022e+02
2.866915062423588552e+02
2.867240686770242633e+02
2.864858240885678811e+02
2.866300733538061536e+02
2.866956533926560269e+02
2.866535844014455847e+02
2.867569328348896533e+02
2.868875586864498928e+02
2.868913978662898785e+02
2.868116142376724724e+02
2.868492049711060190e+02
2.866766312688878884e+02
2.866194571173620602e+02
2.867185770366098154e+02
2.867826821803493544e+02
2.868228300395476822e+02
2.866809720807165149e+02
2.866664371217652274e+02
2.868075406272834016e+02
2.869368581663923123e+02
2.867373051500347287e+02
2.867844724872152824e+02
2.868717798029343271e+02
2.868180356872158541e+02
2.867085938687549742e+02
2.866455192579216487e+02
2.867162409921834296e+02
2.868125372514546143e+02
2.869482236049278185e+02
2.870605530351073185e+02
2.869660377008272576e+02
2.869521050422333701e+02
2.869604911103708105e+02
2.868264110902634343e+02
2.868238336494662803e+02
2.868886065267461731e+02
2.870042820729095752e+02
2.870606322165258462e+02
2.871439590655687084e+02
2.871730084810889707e+02
2.869788868749226936e+02
2.870820692681216428e+02
2.869703964720513341e+02
2.869862403662860970e+02
2.870284745725758739e+02
2.869506156016155956e+02
2.869152862911416264e+02
2.867594528608000815e+02
2.868001121881198969e+02
2.867085271640023052e+02
2.866927844339622311e+02
2.867135681807585001e+02
2.867869113096148226e+02
2.868223190169046006e+02
2.867446892307544317e+02
2.869113121559540218e+02
2.868746797514392028e+02
2.867382339070152284e+02
2.868912192178186729e+02
2.870001491529254167e+02
2.870047392877362995e+02
2.870338632464802231e+02
2.871431270000919653e+02
2.872216022342649353e+02
2.870703351535346428e+02
2.868594455810531940e+02
2.870866560280630893e+02
2.872920816133653261e+02
2.872634097664577553e+02
2.873164077373569398e+02
2.872489431320925064e+02
2.871981617113917196e+02
2.873419960449813857e+02
2.873541673428666741e+02
2.873263036300175486e+02
2.872970915767336351e+02
2.871864941315889155e+02
2.873276303499687856e+02
2.875128713152470823e+02
2.874256580102714906e+02
2.876580445323616573e+02
2.878527170901732575e+02
2.877881078297614295e+02
2.879952428494152059e+02
2.880777729521972219e+02
2.880299183403981829e+02
2.880776894811232864e+02
2.880411468648660502e+02
2.880177562417587183e+02
2.879473766744301884e+02
2.880327379030197221e+02
2.879372494401619065e+02
2.880522407593994672e+02
2.881722259643318580e+02
2.880343261502291057e+02
2.881711647355562036e+02
2.883088426966065185e+02
