2.398368416607894744e+02
2.392626118409484377e+02
2.389254413303378044e+02
2.396252973088298006e+02
2.393035963573097433e+02
2.392405446714952575e+02
2.394858384220435426e+02
2.392875779118482740e+02
2.391300703760371391e+02
2.393989341735227470e+02
2.396615304401839524e+02
2.392672091540841848e+02
2.389479718708223857e+02
2.392766007590047650e+02
2.392010450971370972e+02
2.391819019193103770e+02
2.388138258308653405e+02
2.390436155701899850e+02
2.393254416804380753e+02
2.392475924468053563e+02
2.389333328754167098e+02
2.392219618138256294e+02
2.392164919944113990e+02
2.394540501802203210e+02
2.392364752327483473e+02
2.388309029764826903e+02
2.397487592037033437e+02
2.392189055916453242e+02
2.389276556373238520e+02
2.395560526422601981e+02
2.391446975349556112e+02
2.398609986586788807e+02
2.395997596255980113e+02
2.393634438287449484e+02
2.392170570405108094e+02
2.395333412822033381e+02
2.393663404086151729e+02
2.394902510308730541e+02
2.397400508967110397e+02
2.391801127114481460e+02
2.393442776722638428e+02
2.397198804218258772e+02
2.393630039577515163e+02
2.395512230430940974e+02
2.394267429760054995e+02
2.397192091625649084e+02
2.395702171636492324e+02
2.395087342924093434e+02
2.392564121067239284e+02
2.396748381779624424e+02
2.394554465635779081e+02
2.395248989857114736e+02
2.397678670636810523e+02
2.391805933384769958e+02
2.394239248982772494e+02
2.398999619207195053e+02
2.393979898124393628e+02
2.390433915804019023e+02
2.394791076710718869e+02
2.394210515943141218e+02
2.394530607600835026e+02
2.398508860395242266e+02
2.394626924833330293e+02
2.393312295521714077e+02
2.395114707739119240e+02
2.394953639943571204e+02
2.395355982802065284e+02
2.391347280729467855e+02
2.394935603828101023e+02
2.393917556627826286e+02
2.393023116803152561e+02
2.396620848918572335e+02
2.394078239538634989e+02
2.391237710221145960e+02
2.393289005841048720e+02
2.398151179723898849e+02
2.393883143748789450e+02
2.393772524214266184e+02
2.395040670343313138e+02
2.394714181247783245e+02
2.394334368346100916e+02
2.394543412935521474e+02
2.388231495414019889e+02
2.396535811284131512e+02
2.389799372764075827e+02
2.395471229245272298e+02
2.392700333406135940e+02
2.394164254300318362e+02
2.397981384204382493e+02
2.395633477598591696e+02
2.389301768265430326e+02
2.399951027336568643e+02
2.395672449834268889e+02
2.397004983964767746e+02
2.394024704448787872e+02
2.391854956916148467e+02
2.397226558365468634e+02
2.402054009053478865e+02
2.393549508998924296e+02
2.392991996399278207e+02
