1.000073291151442305e+02
1.000192867193622561e+02
1.005290209046456766e+02
9.999013806023947382e+01
9.980938423976600404e+01
1.001730098950144878e+02
1.003861741991566845e+02
9.996342464189200427e+01
1.003001812103145198e+02
1.004590599474973800e+02
9.991787106385497452e+01
1.000700918231837164e+02
1.001654343257596338e+02
1.005672822637344694e+02
1.004595585800897908e+02
1.003326662426056686e+02
1.004668166996033989e+02
1.002568260469427628e+02
1.004175674196102364e+02
1.002119211144253796e+02
1.005283360747912837e+02
1.001414566950889480e+02
9.976167407289570122e+01
1.000255901333267019e+02
1.003394119110014486e+02
1.008079986105276902e+02
1.001345159900043313e+02
9.985908290723885727e+01
1.004006935518314236e+02
1.000383476460078640e+02
1.002129342327587693e+02
1.001638702477212775e+02
9.998980312322709096e+01
9.978177421829623484e+01
1.002056781478456600e+02
1.001180928447489578e+02
9.988578560258815742e+01
1.000949672035980171e+02
9.969278158472400264e+01
1.000713645918120136e+02
1.002995896905378572e+02
9.992154605323578664e+01
1.001191727824471656e+02
9.981798554089520792e+01
1.000650871457009856e+02
1.001261244111699398e+02
9.995906940305997068e+01
9.942386056260998828e+01
1.002654416581762717e+02
1.001220484833634856e+02
1.001429584741400589e+02
1.003228264999324324e+02
9.982736831817618395e+01
1.000818694379648122e+02
1.003923884300382952e+02
9.986919680258255028e+01
9.969135068991526794e+01
1.001777044970007040e+02
1.000660801060968765e+02
1.003690867539451688e+02
1.000759734319653944e+02
9.989100459167134716e+01
9.969951685629119709e+01
1.000924365438599324e+02
1.002745105290905485e+02
1.000230643145212497e+02
1.002539155138138227e+02
1.002240413259863061e+02
1.003036443908407591e+02
1.001919151733352038e+02
1.002946744852317238e+02
1.003906290043946115e+02
9.996918532682279590e+01
9.998773007157619475e+01
1.002761679681163827e+02
9.980045995079302656e+01
9.973573368594564670e+01
1.000738427775802393e+02
1.002383513060413520e+02
1.000817071050822307e+02
1.000528684068637943e+02
9.984884764969093851e+01
1.000440849630904978e+02
9.968644156628465680e+01
1.001992384881096854e+02
1.001798025684341127e+02
1.002484916128768901e+02
1.002689791631457439e+02
9.991952292796692348e+01
9.980238288609996289e+01
9.965429789041093045e+01
9.988821583359022327e+01
9.991796805368147716e+01
9.986801173983769786e+01
9.968694461561499054e+01
1.001303915682504595e+02
1.002130235765097694e+02
9.956475841226337309e+01
9.975152520280381907e+01
9.979793555223416490e+01
