2.928099055150597110e+02
2.924824139413851185e+02
2.925987528043312977e+02
2.927082965825345013e+02
2.925051858338741795e+02
2.926285203611708425e+02
2.927320393750249536e+02
2.925303048368789973e+02
2.925902122506311684e+02
2.926070923841894569e+02
2.927028411781549835e+02
2.924395892268291846e+02
2.924645128852182552e+02
2.926049936754367877e+02
2.926551791657585113e+02
2.926472139974763991e+02
2.924938128222333376e+02
2.926196696052475090e+02
2.926776804762694724e+02
2.926745372861079773e+02
2.925966520926548924e+02
2.925677479699502896e+02
2.925406871549851644e+02
2.927575866721748525e+02
2.927480972809240143e+02
2.927510035335536145e+02
2.926781344973808814e+02
2.923908132971323539e+02
2.925004899910068730e+02
2.926582071463091665e+02
2.926269249060052857e+02
2.928045595523464044e+02
2.927086040638657778e+02
2.925149512242008427e+02
2.927660308305072476e+02
2.926838746475380617e+02
2.926451937183044834e+02
2.927756498303910462e+02
2.927751398079107616e+02
2.926135648516944343e+02
2.927879377822524134e+02
2.928554529182491706e+02
2.927263431345640470e+02
2.925063990954551514e+02
2.927436586666818243e+02
2.928426856991258660e+02
2.927246267192305140e+02
2.925765980420176788e+02
2.927640657582487620e+02
2.928676481112735246e+02
2.929175280685384450e+02
2.928883149512424779e+02
2.927507149130601078e+02
2.926095172543165859e+02
2.928223025388306837e+02
2.927432581585990761e+02
2.924686050665268340e+02
2.926850810595985308e+02
2.928353745145564631e+02
2.927877587866241242e+02
2.928108784502810522e+02
2.928473698227289788e+02
2.926312607127933347e+02
2.928439894010631406e+02
2.927541778542702673e+02
2.927698473770864780e+02
2.928196288003060772e+02
2.926052644311848212e+02
2.927455496847004497e+02
2.928203018118696264e+02
2.927512775060977788e+02
2.927870535781416947e+02
2.926578992055185608e+02
2.925568561596559221e+02
2.927705742721579441e+02
2.927475732764879126e+02
2.926857115076697369e+02
2.928369562895694571e+02
2.927899389864577415e+02
2.928060041335224355e+02
2.928251656850079030e+02
2.926518517800139421e+02
2.925454917321209791e+02
2.927226851425209020e+02
2.926003094750658420e+02
2.927625969526369545e+02
2.927830478869852868e+02
2.927715605370685239e+02
2.927901769300834189e+02
2.924838317105488272e+02
2.923920639254104685e+02
2.928160401033262019e+02
2.928334978437250129e+02
2.927033167047091524e+02
2.925332764484253971e+02
2.924801898883729336e+02
2.927437274068724378e+02
2.927566092079977693e+02
2.925288710622749022e+02
2.926138463251981534e+02
