2.292538625556877889e+02
2.301044732602674685e+02
2.310503561094359668e+02
2.311841285412664320e+02
2.314604875816113179e+02
2.311001578247695250e+02
2.312619117610387036e+02
2.312399542244864108e+02
2.315420024616156240e+02
2.324847989685599998e+02
2.322481881493996525e+02
2.328750950601335319e+02
2.324210488733079671e+02
2.325033638099635880e+02
2.324909872082396589e+02
2.326518938917793093e+02
2.330989773060066739e+02
2.330595272978293906e+02
2.329053625948184845e+02
2.331852391749397100e+02
2.326507247675545784e+02
2.330901060792064357e+02
2.330223229639041449e+02
2.329580106580575887e+02
2.331300372912806722e+02
2.332424929498074846e+02
2.328930947665072324e+02
2.332134929476724210e+02
2.331846677534509809e+02
2.331035651691882720e+02
2.333987125946033530e+02
2.330963378559189039e+02
2.330566784163852390e+02
2.334859927413901062e+02
2.332150473545808893e+02
2.334073008162722829e+02
2.332441828977875673e+02
2.330074227072807673e+02
2.331636103732459162e+02
2.330828104787865698e+02
2.330012793384671568e+02
2.332940491191963304e+02
2.333168108566349872e+02
2.331813051887292261e+02
2.337441653738925709e+02
2.335609946376177675e+02
2.337418743350879140e+02
2.335848549165221186e+02
2.335875287855295994e+02
2.330453636767084618e+02
2.333242591862790505e+02
2.334632616899234847e+02
2.333914903731400443e+02
2.334405886074930834e+02
2.335042436002521526e+02
2.332917588959962814e+02
2.332353516915987655e+02
2.335900890213503089e+02
2.329750267077995716e+02
2.336637638954861984e+02
2.330389552799910007e+02
2.334287828486415037e+02
2.334110323394851036e+02
2.332720954185481048e+02
2.335706014073200549e+02
2.339645731534570530e+02
2.331568943823634754e+02
2.331395875349058144e+02
2.337379691170900458e+02
2.337441914968329968e+02
2.338803935682848589e+02
2.332751768823198120e+02
2.338345937665088741e+02
2.331944033796978601e+02
2.335068098043594489e+02
2.330187690893715455e+02
2.339090667911784465e+02
2.331457788907414113e+02
2.334275189506424795e+02
2.333755772999360545e+02
2.336058843404425431e+02
2.341895598082717527e+02
2.332463185750978880e+02
2.332974482804728495e+02
2.334079930483110275e+02
2.339450208797662469e+02
2.339381261084162418e+02
2.337208423303544578e+02
2.338732020009044561e+02
2.336377993257196124e+02
2.332641619122425709e+02
2.336190390049920040e+02
2.338022165974897462e+02
2.334605999544297674e+02
2.340733699463832806e+02
2.333436371351135676e+02
2.338589027602932902e+02
2.332995839873872512e+02
2.337870516058306123e+02
2.336489702868383063e+02
2.333596776252223606e+02
2.338719967021998229e+02
2.334933067574216068e+02
2.333089455807628667e+02
2.335292757638667638e+02
2.334309689344671881e+02
2.335766207347481043e+02
2.332932504409173191e+02
2.335432569835330696e+02
2.335133745984509517e+02
2.338084510188796230e+02
2.337895135378892064e+02
2.340133296873952986e+02
2.336074232048000852e+02
2.338306096793427287e+02
2.337619122955842670e+02
2.339561150528130327e+02
2.340297498064924184e+02
2.335174888278788501e+02
2.336470960948111042e+02
2.332885712176395998e+02
2.336740586914380913e+02
2.335389195684095114e+02
2.339510677257778752e+02
2.333529372617765318e+02
2.335847546332433637e+02
2.341432367945257909e+02
2.337084995005714916e+02
2.338605761172759969e+02
2.340291297778102546e+02
2.337548347941066424e+02
2.338632947333044001e+02
2.339349993080371917e+02
2.337826647496561634e+02
2.337673174886861318e+02
2.335959289730990633e+02
2.339005557856283986e+02
2.337871094169943547e+02
2.338608479874345676e+02
2.338805626709774970e+02
2.338697284065151791e+02
2.344886381935785948e+02
2.339563903680530359e+02
2.337392344960169339e+02
2.336597236939606148e+02
2.342596314088661700e+02
2.339839902074556903e+02
2.334205058196013454e+02
2.338610253719602952e+02
2.340154383372792779e+02
2.338374006917554482e+02
2.338073825554758969e+02
2.338042342031392593e+02
2.335892169619306458e+02
2.340087204573578390e+02
2.337556393318059520e+02
2.339040552169509510e+02
2.337222680012703222e+02
2.338760580286464403e+02
2.340613283086710226e+02
2.342518101745708918e+02
2.341846148241834271e+02
2.341754776459724496e+02
2.340224157920688413e+02
2.341174109819479554e+02
