2.884607924637774090e+02
2.889887998292951465e+02
2.894105159970425234e+02
2.894378515555210925e+02
2.895622722115658689e+02
2.900113635347788090e+02
2.901736157267727663e+02
2.902816429706777512e+02
2.902353738071079192e+02
2.899945945015250572e+02
2.902648841175352459e+02
2.903586075985852517e+02
2.901194423238509330e+02
2.903970130981501256e+02
2.903374048851053999e+02
2.905137493661277404e+02
2.906280184179742605e+02
2.905440089892834408e+02
2.906833784216150320e+02
2.905304350965495246e+02
2.904874526768376768e+02
2.904798418215149240e+02
2.903236006815457131e+02
2.904655181887621325e+02
2.906277246641897705e+02
2.904869830038222176e+02
2.903673106754576452e+02
2.906594804603915350e+02
2.906435863311908747e+02
2.906543412106987603e+02
2.906813913318020468e+02
2.905168943494185783e+02
2.907542968509190473e+02
2.907634508221207739e+02
2.906149120287069536e+02
2.907567114527284389e+02
2.906257354332049658e+02
2.905735249620234981e+02
2.906603664703074514e+02
2.905986303576642626e+02
2.906657476176406476e+02
2.906926421380686065e+02
2.906720478387912294e+02
2.907297117182981765e+02
2.908179026691494755e+02
2.906085794449939499e+02
2.908082589781463412e+02
2.907597667609420000e+02
2.908217306907570787e+02
2.906699807232166677e+02
2.907760041689390960e+02
2.908527726621653642e+02
2.907821226370052159e+02
2.909115446047135833e+02
2.907181853517713535e+02
2.906360196353609240e+02
2.907433328182425498e+02
2.908333734516151594e+02
2.907075037016333567e+02
2.908342909732352268e+02
2.906838943812212506e+02
2.908600945496036161e+02
2.907937521438705062e+02
2.907204945430652856e+02
2.910109751005597900e+02
2.909013219193435589e+02
2.908601552934148344e+02
2.907823466436424269e+02
2.909428687707519998e+02
2.908152391251606446e+02
2.909133442207419762e+02
2.908375226189796194e+02
2.909334176359232629e+02
2.907178960990410133e+02
2.908541075848075934e+02
2.906893872954204312e+02
2.908557136701102763e+02
2.906359992082504959e+02
2.908154176411356389e+02
2.908224102874729624e+02
2.910335021265059936e+02
2.909205118350873249e+02
2.908040712382442621e+02
2.908244936470609900e+02
2.907340885795120471e+02
2.910331440103190630e+02
2.909587146018135400e+02
2.909878774127838028e+02
2.909158335264027073e+02
2.906688089529003491e+02
2.908803903880701114e+02
2.908508090893901112e+02
2.908687095521989932e+02
2.909625262945985469e+02
2.909655832380954621e+02
2.907332812577610071e+02
2.909435466077869137e+02
2.908441398584585045e+02
2.909922895192876808e+02
2.909943999989836243e+02
2.909775827414246692e+02
2.909194395486328517e+02
2.908830641616428352e+02
2.908580852049605596e+02
2.908107612611623836e+02
2.908750951417333113e+02
2.908220964385109824e+02
2.908930458299830093e+02
2.910313424486421923e+02
2.907783887385080561e+02
2.909618004938812987e+02
2.909090550747959583e+02
2.912119852614757747e+02
2.909996069165616177e+02
2.910237285333676596e+02
2.909309250210032474e+02
2.910739071172427543e+02
2.910355453876064189e+02
2.910011436270818308e+02
2.910261552805640122e+02
2.908698641455370648e+02
2.910175015340469145e+02
2.910206269878280523e+02
2.910371274931125640e+02
2.908404272150328325e+02
2.910146680522487941e+02
2.909383228267757318e+02
2.909620495307897272e+02
2.909988069081335311e+02
2.910766423203058935e+02
2.909107989232979889e+02
2.910292265906729767e+02
2.910239987614004917e+02
2.910191069101239805e+02
2.911007809043508701e+02
2.910062815566346899e+02
2.911247374235429675e+02
2.910669032299486503e+02
2.910936814445012146e+02
2.910318978611109628e+02
2.913031008691501142e+02
2.912350272640503022e+02
2.909619938629853095e+02
2.909999075562071198e+02
2.910511512559910443e+02
2.910991463121461038e+02
2.909482008153281640e+02
2.909986203643978797e+02
2.910921186537805738e+02
2.910483187241318888e+02
2.911382631038855493e+02
2.911466077373805774e+02
2.911277999663561218e+02
2.910541838720869237e+02
2.909891550456168829e+02
2.907372900325557907e+02
2.910073466390105636e+02
2.910177588902161006e+02
2.910015486841132883e+02
2.911131026646896203e+02
2.911947920516416275e+02
2.910602971037879456e+02
2.911705453486381998e+02
2.911748949155384594e+02
2.910547615710378864e+02
