1.029943862823825071e+02
1.027939275671294439e+02
1.024149438380627117e+02
1.025926092791167576e+02
1.030449504403244561e+02
1.024439021617268821e+02
1.028237862342397761e+02
1.026905161322826956e+02
1.029438600557843841e+02
1.027813041393641953e+02
1.032422979739794187e+02
1.034596150071262315e+02
1.036103072882031739e+02
1.030380636608070404e+02
1.029035725162988939e+02
1.028152126210377446e+02
1.026487597351494969e+02
1.027795363348508459e+02
1.026719463869239917e+02
1.030482654299934637e+02
1.032411997867793190e+02
1.026610743500777829e+02
1.028102402183632762e+02
1.035516751732119616e+02
1.033208433935694188e+02
1.029499129265507378e+02
1.030509940202156400e+02
1.027904210305613759e+02
1.029739598622943362e+02
1.037407122063794560e+02
1.031343811324209554e+02
1.030440464776446987e+02
1.032074032292385937e+02
1.033680780959070944e+02
1.047622658029288800e+02
1.040235120658742289e+02
1.033783459315518343e+02
1.032137259434197603e+02
1.028029069173633729e+02
1.031972847012513625e+02
1.034208852922625539e+02
1.032707546208403215e+02
1.030128479062707925e+02
1.033724756242061602e+02
1.032428473643529543e+02
1.028249568660261986e+02
1.030602759131704289e+02
1.032414782044670716e+02
1.028475670306672782e+02
1.030184454577976112e+02
1.030429952685105519e+02
1.030722692842152810e+02
1.033042964281315079e+02
1.039043423720481343e+02
1.038336225286104906e+02
1.026777071241574646e+02
1.025795120945727348e+02
1.032514587213493513e+02
1.025939609351436417e+02
1.029267027321356522e+02
1.025217431650891626e+02
1.027754263652167310e+02
1.031385777872926042e+02
1.035992065721054587e+02
1.033183821345967317e+02
1.027539165360797710e+02
1.030630932709148766e+02
1.025963131153580292e+02
1.026448639398930851e+02
1.029394053165846827e+02
1.028200409571687572e+02
1.022155884065616505e+02
1.030612963860762790e+02
1.028468474923518698e+02
1.028805623699715284e+02
1.026571676573145595e+02
1.018807974555914626e+02
1.030263934960870955e+02
1.026935729958550638e+02
1.031104003502478719e+02
1.031107288370633199e+02
1.026993615780805698e+02
1.028752238834716337e+02
1.030481777245215085e+02
1.029056533593687135e+02
1.026175230848087523e+02
1.028583010884235733e+02
1.031040365792284916e+02
1.031635434748057065e+02
1.034648264300854379e+02
1.031459584313794693e+02
1.031301168039694289e+02
1.026132908054781154e+02
1.031097941280244186e+02
1.035684557219671404e+02
1.021980299904006841e+02
1.033573893613720003e+02
1.026996366502303459e+02
1.036482076290243270e+02
1.029981917891500274e+02
1.033775185706895599e+02
1.029187379436234977e+02
1.027290924372133958e+02
1.030658909729944952e+02
1.030831491418164063e+02
1.026094774506673843e+02
1.030074568919840914e+02
1.030029201661712221e+02
1.037713929578126795e+02
1.028921827776623417e+02
1.028833158213414976e+02
1.039590077750111590e+02
1.033532971866680441e+02
1.041131041082868052e+02
1.042372197866744585e+02
1.040767374183208887e+02
1.031300521899228926e+02
1.033979650593178121e+02
1.036037328313684611e+02
1.031722113001137018e+02
1.034116959110102698e+02
1.033887906895244981e+02
1.032850625870593859e+02
1.036519492473981501e+02
1.031081795892404642e+02
1.032037444978977874e+02
1.032085109472854612e+02
1.036389033157892214e+02
1.034932064394864284e+02
1.023446562350273439e+02
1.028311132461914923e+02
1.030964768426318443e+02
1.028504634328046592e+02
1.041071717254143323e+02
1.034388749401603604e+02
1.031743751041121300e+02
1.030195518301995179e+02
1.023942420206476527e+02
1.029005345696909330e+02
1.031752240884558915e+02
1.028583870586639506e+02
1.037941681438143036e+02
1.056997074865263357e+02
1.036930978510314247e+02
1.033861233267798099e+02
1.029417837307635608e+02
1.025871663986382742e+02
1.026697953265193064e+02
1.030404422266999092e+02
1.023957889550559912e+02
1.027870925144141125e+02
1.026785716303429581e+02
1.028976481748949823e+02
1.025518223536989950e+02
1.024873340267273534e+02
1.021027477952732170e+02
1.026305306766003582e+02
1.028762055377890761e+02
1.023801756622001875e+02
1.021538312146809204e+02
1.019260172067700978e+02
1.023127978729494316e+02
1.030296209553946625e+02
1.014158316046673320e+02
1.020293358194116280e+02
