2.447003851372508052e+02
2.449217806129585142e+02
2.450201631263460058e+02
2.446676764357315506e+02
2.449327052614129059e+02
2.447484989707574243e+02
2.449276206786842067e+02
2.448452054538389575e+02
2.455182327449635125e+02
2.451461646022027310e+02
2.450323990642543777e+02
2.449001614850660360e+02
2.454721793590241248e+02
2.453540685203618068e+02
2.448862049436733912e+02
2.454297010369998304e+02
2.453774108558180842e+02
2.452971884215175749e+02
2.454348217336536493e+02
2.452136747888444006e+02
2.453768431864573643e+02
2.453752957685127285e+02
2.451268157776544285e+02
2.456342211387750183e+02
2.452616858229283991e+02
2.453166256882114737e+02
2.458513113648834008e+02
2.456449436352463636e+02
2.458459400923300393e+02
2.451190088849500910e+02
2.451208799368952214e+02
2.454170088661179818e+02
2.454871110860126748e+02
2.453794304617911450e+02
2.455586782174285929e+02
2.456674205936471083e+02
2.455294340646181297e+02
2.456444981214368397e+02
2.458604804867110545e+02
2.456852256228306999e+02
2.452245673931300018e+02
2.455128443729272760e+02
2.457394724377020339e+02
2.456091948326007071e+02
2.457665792242248415e+02
2.458494248926232046e+02
2.459150682114630797e+02
2.457539179092678978e+02
2.456999215111754040e+02
2.454253438099791254e+02
2.454182115497798122e+02
2.453795299579614095e+02
2.455969117546818836e+02
2.456803384307964109e+02
2.455015084121969267e+02
2.452515385141714148e+02
2.459375872069976197e+02
2.457438271588119960e+02
2.460898616319316261e+02
2.458483074711029985e+02
2.459980850987940073e+02
2.462388057692297423e+02
2.459871980935478177e+02
2.458594144438118576e+02
2.459355711898275558e+02
2.461407765258097413e+02
2.462052770568971880e+02
2.461471206763852990e+02
2.455757676091111534e+02
2.458177495858986674e+02
2.459534317484526298e+02
2.460697805959429445e+02
2.463434665963299324e+02
2.459985255468668868e+02
2.462498104229530611e+02
2.462843645694719044e+02
2.461350981124380723e+02
2.464665110450532666e+02
2.466593984776173727e+02
2.463580004980637170e+02
2.463591364848883529e+02
2.463613558280713107e+02
2.467248692472868754e+02
2.466926582693638466e+02
2.464460815999314036e+02
2.464173687618862232e+02
2.461906975274536933e+02
2.465437557222099940e+02
2.464782324174612995e+02
2.467550272746762801e+02
2.464903383565578281e+02
2.465368117391806209e+02
2.465978426147306379e+02
2.467648911217815737e+02
2.468116691256422257e+02
2.469420315839757620e+02
2.468671956294335814e+02
2.467952189629428403e+02
2.468582948576442107e+02
2.468804853023073349e+02
2.472596001352909809e+02
2.468922460790685420e+02
2.470093259375549906e+02
2.468470087983987753e+02
2.466823604184008047e+02
2.468323922362049245e+02
2.469107195778850894e+02
2.471150001891346335e+02
2.471126639076509264e+02
2.474098359561569396e+02
2.471147223612498181e+02
2.468557184509241154e+02
2.471561491753203370e+02
2.468812852039175993e+02
2.470861022255275827e+02
2.474601421643265269e+02
2.472231577030286189e+02
2.471171916337023333e+02
2.471255626201306370e+02
2.471062011691409452e+02
2.476630281424480415e+02
2.473889516836270559e+02
2.475012738172030424e+02
2.477099956909583796e+02
2.476931402778078279e+02
2.475266375119181532e+02
2.475296125010553396e+02
2.477024058413759349e+02
2.478471427872869128e+02
2.478409708808873404e+02
2.479040885907322433e+02
2.478796959231673611e+02
2.478593168771899684e+02
2.480328048661937146e+02
2.476104988072236210e+02
2.481347029449465253e+02
2.481676427169664692e+02
2.475545259340398161e+02
2.484456634886832944e+02
2.479870353702978036e+02
2.477171111899717744e+02
2.480388593374468940e+02
2.482061021330476080e+02
2.480476821816373558e+02
2.486072051642886720e+02
2.481024950644735725e+02
2.487520173279080211e+02
2.485384029820801288e+02
2.480338446408289599e+02
2.486148542608083574e+02
