2.874094103941985736e+02
2.875896228791149838e+02
2.875800804478641908e+02
2.873686110100793485e+02
2.875392802339098353e+02
2.875560683306455303e+02
2.875387633618154837e+02
2.877788635795945424e+02
2.878722374282106671e+02
2.877524675276976609e+02
2.878279866702491745e+02
2.877631795132555226e+02
2.879811559886485384e+02
2.879039569214512539e+02
2.878750686287125973e+02
2.880913203033933314e+02
2.881073541013810768e+02
2.881365740571283709e+02
2.880792639307053946e+02
2.880250807073689998e+02
2.880585660588819223e+02
2.881405580497687993e+02
2.880458061241567407e+02
2.882259505386655860e+02
2.882070510165871156e+02
2.882651843094735682e+02
2.883263181784363383e+02
2.883886172106037407e+02
2.883644435433183730e+02
2.882487829001706814e+02
2.882762252238968017e+02
2.883994411214352453e+02
2.884682939195799349e+02
2.884037823761365757e+02
2.884385686441719940e+02
2.884901192216429422e+02
2.885171444344116480e+02
2.886267843082501940e+02
2.886708846146479459e+02
2.885679847312804327e+02
2.885407328268025822e+02
2.886609659942028543e+02
2.886950080416762034e+02
2.887501529812259946e+02
2.888635345816132372e+02
2.888618809421798801e+02
2.889324609456710959e+02
2.888904598119515867e+02
2.887976214837377142e+02
2.887303434535951965e+02
2.887499844492853640e+02
2.888110807419680555e+02
2.888841610161207996e+02
2.889250903288743189e+02
2.888518841241190671e+02
2.889406660834647482e+02
2.891378654066832610e+02
2.890871797686534137e+02
2.891780792976217072e+02
2.892405693678403509e+02
2.892614961598844161e+02
2.893539939730808896e+02
2.892833351940896023e+02
2.893090087825811452e+02
2.893484450548161817e+02
2.894857748329241645e+02
2.895981157232948249e+02
2.895019664337694962e+02
2.892240225692248146e+02
2.894699352859344685e+02
2.895067269536284016e+02
2.897083058434830605e+02
2.896294125076461228e+02
2.896351772294668194e+02
2.897358584341679375e+02
2.898209989766918397e+02
2.897373027688438469e+02
2.899116752003625379e+02
2.899811701730287155e+02
2.898248064312567749e+02
2.899572694406958817e+02
2.900382719516927068e+02
2.901808315227274875e+02
2.900201091802429687e+02
2.900356995733586132e+02
2.901252451661496252e+02
2.900512822731598135e+02
2.900673772268891071e+02
2.901948355945298204e+02
2.902056604714972536e+02
2.902164129708090172e+02
2.902549673368264962e+02
2.901676090287960506e+02
2.903688538538447688e+02
2.904372300445398309e+02
2.904391492085767368e+02
2.905428858182806948e+02
2.904454352525256695e+02
2.905507949181429126e+02
2.906210509410412897e+02
2.907142876512543239e+02
2.906212042536896547e+02
2.906404412409481210e+02
2.906077703674986878e+02
2.906648376226779078e+02
2.907202120520219637e+02
2.907742514969082208e+02
2.908416430436081441e+02
2.908188956385849337e+02
2.910575335405366673e+02
2.910233332846351573e+02
2.908332611020052241e+02
2.910265606769240208e+02
2.908399042689996463e+02
2.910565542595722377e+02
2.911840770057830809e+02
2.911111721285083718e+02
2.910869944061702199e+02
2.910850588897879447e+02
2.911319618767402631e+02
2.914085563136495693e+02
2.913968629805982005e+02
2.915083507824741105e+02
2.915817439147585901e+02
2.915573979062950798e+02
2.914133767335292760e+02
2.915145271460384606e+02
2.917252999581820063e+02
2.916649835430872031e+02
2.916766563767558864e+02
2.917339112911849384e+02
2.918495814362108831e+02
2.918124590641158989e+02
2.919124680513520502e+02
2.918017807880356713e+02
2.920636964630878651e+02
2.919656959879847022e+02
2.918705892605632357e+02
2.921772002134222248e+02
2.919665217926290666e+02
2.919028396136317269e+02
2.921065448092466568e+02
2.921462195017095382e+02
2.922249124065860997e+02
2.922897457514762323e+02
2.922419461646432524e+02
2.925799443995697970e+02
2.924309388515793557e+02
2.923035301828723505e+02
2.926395422122831746e+02
