Tue Feb 27 13:26:48 2018
NRLTSI2 from 850 to 2016, annually
Irradiance from 1882 to 2016 is NOAA CDR v02r02
Irradiance from 1610 to 1882 is average of NOAA CDR v02r02 with Hoyt & Schatten and SILSO sunspots
Irradiance from  850 to 1609 is extension of NOAA CDR v02r02 using Roth & Joos (2013) TSI
from cosmogenic 14C with added 11.0 year cycle
UNC-A is statistical uncerantiy from regression coefs; UNC-B has added uncertainty of cosmogeic isotope
   YEAR     NRLTSI2        UNC-A        UNC-B
  850.5    1360.9008      0.05699      0.10840
  851.5    1360.7852      0.05679      0.10917
  852.5    1360.6830      0.05659      0.10988
  853.5    1360.6211      0.05639      0.11050
  854.5    1360.6557      0.14457      0.19939
  855.5    1360.8807      0.14440      0.19988
  856.5    1361.2176      0.14423      0.20040
  857.5    1361.4660      0.14415      0.20103
  858.5    1361.5051      0.14410      0.20169
  859.5    1361.4141      0.14409      0.20240
  860.5    1361.2317      0.14413      0.20314
  861.5    1361.0420      0.14416      0.20390
  862.5    1360.8677      0.14420      0.20466
  863.5    1360.7128      0.14414      0.20533
  864.5    1360.6197      0.14403      0.20589
  865.5    1360.6444      0.14173      0.20413
  866.5    1360.8648      0.14160      0.20441
  867.5    1361.1940      0.14143      0.20453
  868.5    1361.4366      0.14135      0.20464
  869.5    1361.4742      0.14125      0.20464
  870.5    1361.3853      0.14125      0.20466
  871.5    1361.2064      0.14123      0.20462
  872.5    1361.0183      0.14107      0.20441
  873.5    1360.8453      0.14091      0.20419
  874.5    1360.6933      0.14080      0.20401
  875.5    1360.6017      0.14065      0.20373
  876.5    1360.6192      0.12883      0.19176
  877.5    1360.8056      0.12830      0.19105
  878.5    1361.0861      0.12769      0.19023
  879.5    1361.2873      0.12686      0.18920
  880.5    1361.3091      0.12598      0.18812
  881.5    1361.2180      0.12499      0.18698
  882.5    1361.0486      0.12400      0.18589
  883.5    1360.8716      0.12291      0.18471
  884.5    1360.7070      0.12177      0.18350
  885.5    1360.5595      0.12058      0.18230
  886.5    1360.4659      0.11945      0.18123
  887.5    1360.4600      0.08809      0.15004
  888.5    1360.5671      0.08726      0.14947
  889.5    1360.7333      0.08648      0.14906
  890.5    1360.8526      0.08570      0.14875
  891.5    1360.8626      0.08492      0.14852
  892.5    1360.8037      0.08408      0.14834
  893.5    1360.6968      0.08324      0.14816
  894.5    1360.5874      0.08250      0.14800
  895.5    1360.4882      0.08190      0.14788
  896.5    1360.4011      0.08141      0.14776
  897.5    1360.3486      0.08106      0.14769
  898.5    1360.3535      0.07011      0.13693
  899.5    1360.4430      0.06992      0.13687
  900.5    1360.5793      0.06982      0.13687
  901.5    1360.6818      0.06993      0.13706
  902.5    1360.7013      0.07017      0.13743
  903.5    1360.6692      0.07051      0.13795
  904.5    1360.6011      0.07095      0.13862
  905.5    1360.5314      0.07149      0.13941
  906.5    1360.4706      0.07223      0.14044
  907.5    1360.4210      0.07316      0.14172
  908.5    1360.3987      0.07424      0.14315
  909.5    1360.4455      0.10765      0.17692
  910.5    1360.6369      0.10909      0.17871
  911.5    1360.9128      0.11053      0.18049
  912.5    1361.1195      0.11187      0.18216
  913.5    1361.1685      0.11324      0.18384
  914.5    1361.1194      0.11466      0.18555
  915.5    1361.0015      0.11613      0.18726
  916.5    1360.8787      0.11764      0.18898
  917.5    1360.7676      0.11916      0.19065
  918.5    1360.6708      0.12058      0.19214
  919.5    1360.6191      0.12185      0.19344
  920.5    1360.6749      0.15703      0.22860
  921.5    1360.9446      0.15803      0.22954
  922.5    1361.3370      0.15880      0.23021
  923.5    1361.6255      0.15937      0.23061
  924.5    1361.6743      0.15967      0.23073
  925.5    1361.5719      0.15966      0.23063
  926.5    1361.3631      0.15944      0.23050
  927.5    1361.1441      0.15908      0.23042
  928.5    1360.9404      0.15857      0.23035
  929.5    1360.7595      0.15802      0.23045
  930.5    1360.6482      0.15742      0.23066
  931.5    1360.6626      0.14063      0.21482
  932.5    1360.8693      0.13995      0.21521
  933.5    1361.1817      0.13924      0.21562
  934.5    1361.4100      0.13862      0.21619
  935.5    1361.4391      0.13798      0.21669
  936.5    1361.3459      0.13749      0.21719
  937.5    1361.1653      0.13698      0.21753
  938.5    1360.9798      0.13662      0.21784
  939.5    1360.8089      0.13627      0.21797
  940.5    1360.6591      0.13601      0.21802
  941.5    1360.5693      0.13581      0.21793
  942.5    1360.5922      0.13049      0.21254
  943.5    1360.7941      0.13040      0.21217
  944.5    1361.0966      0.13037      0.21166
  945.5    1361.3208      0.13049      0.21111
  946.5    1361.3591      0.13069      0.21049
  947.5    1361.2819      0.13098      0.20983
  948.5    1361.1238      0.13136      0.20915
  949.5    1360.9586      0.13169      0.20835
  950.5    1360.8072      0.13202      0.20748
  951.5    1360.6750      0.13241      0.20660
  952.5    1360.5978      0.13274      0.20563
  953.5    1360.6324      0.14100      0.21265
  954.5    1360.8585      0.14126      0.21183
  955.5    1361.1937      0.14149      0.21108
  956.5    1361.4388      0.14155      0.21019
  957.5    1361.4771      0.14151      0.20921
  958.5    1361.3860      0.14135      0.20821
  959.5    1361.2034      0.14109      0.20724
  960.5    1361.0130      0.14078      0.20636
  961.5    1360.8370      0.14043      0.20559
  962.5    1360.6807      0.14002      0.20493
  963.5    1360.5842      0.13952      0.20438
  964.5    1360.5963      0.12491      0.18993
  965.5    1360.7762      0.12434      0.18974
  966.5    1361.0481      0.12372      0.18972
  967.5    1361.2462      0.12314      0.18995
  968.5    1361.2724      0.12265      0.19047
  969.5    1361.1911      0.12220      0.19120
  970.5    1361.0344      0.12180      0.19212
  971.5    1360.8724      0.12145      0.19321
  972.5    1360.7225      0.12104      0.19434
  973.5    1360.5904      0.12069      0.19555
  974.5    1360.5099      0.12034      0.19676
  975.5    1360.5235      0.10928      0.18724
  976.5    1360.6815      0.10905      0.18851
  977.5    1360.9189      0.10881      0.18975
  978.5    1361.0919      0.10853      0.19085
  979.5    1361.1147      0.10814      0.19174
  980.5    1361.0428      0.10759      0.19237
  981.5    1360.9035      0.10690      0.19271
  982.5    1360.7564      0.10601      0.19272
  983.5    1360.6188      0.10502      0.19244
  984.5    1360.4954      0.10398      0.19199
  985.5    1360.4155      0.10289      0.19135
  986.5    1360.4083      0.07662      0.16536
  987.5    1360.4942      0.07569      0.16454
  988.5    1360.6314      0.07496      0.16374
  989.5    1360.7309      0.07433      0.16289
  990.5    1360.7421      0.07388      0.16214
  991.5    1360.6999      0.07369      0.16156
  992.5    1360.6199      0.07363      0.16110
  993.5    1360.5386      0.07373      0.16079
  994.5    1360.4668      0.07402      0.16077
  995.5    1360.4067      0.07451      0.16114
  996.5    1360.3757      0.07515      0.16184
  997.5    1360.4084      0.09331      0.18025
  998.5    1360.5623      0.09420      0.18155
  999.5    1360.7867      0.09515      0.18304
 1000.5    1360.9550      0.09609      0.18464
 1001.5    1360.9927      0.09702      0.18633
 1002.5    1360.9482      0.09790      0.18804
 1003.5    1360.8436      0.09859      0.18957
 1004.5    1360.7324      0.09912      0.19094
 1005.5    1360.6296      0.09956      0.19218
 1006.5    1360.5376      0.09985      0.19328
 1007.5    1360.4825      0.09999      0.19420
 1008.5    1360.4998      0.10032      0.19527
 1009.5    1360.6391      0.10008      0.19572
 1010.5    1360.8467      0.09970      0.19598
 1011.5    1360.9938      0.09902      0.19589
 1012.5    1361.0066      0.09814      0.19555
 1013.5    1360.9340      0.09701      0.19490
 1014.5    1360.8030      0.09582      0.19417
 1015.5    1360.6654      0.09449      0.19326
 1016.5    1360.5368      0.09311      0.19230
 1017.5    1360.4212      0.09173      0.19133
 1018.5    1360.3455      0.09040      0.19041
 1019.5    1360.3271      0.05376      0.15424
 1020.5    1360.3666      0.05264      0.15363
 1021.5    1360.4351      0.05166      0.15321
 1022.5    1360.4840      0.05082      0.15300
 1023.5    1360.4842      0.05013      0.15297
 1024.5    1360.4561      0.04969      0.15323
 1025.5    1360.4078      0.04940      0.15369
 1026.5    1360.3598      0.04925      0.15423
 1027.5    1360.3161      0.04915      0.15467
 1028.5    1360.2782      0.04910      0.15499
 1029.5    1360.2560      0.04910      0.15521
 1030.5    1360.2619      0.04775      0.15391
 1031.5    1360.3128      0.04781      0.15385
 1032.5    1360.3884      0.04786      0.15360
 1033.5    1360.4442      0.04791      0.15313
 1034.5    1360.4537      0.04796      0.15251
 1035.5    1360.4349      0.04805      0.15179
 1036.5    1360.3952      0.04810      0.15095
 1037.5    1360.3532      0.04810      0.15006
 1038.5    1360.3132      0.04800      0.14908
 1039.5    1360.2771      0.04785      0.14810
 1040.5    1360.2542      0.04766      0.14713
 1041.5    1360.2516      0.04352      0.14230
 1042.5    1360.2784      0.04318      0.14135
 1043.5    1360.3186      0.04269      0.14035
 1044.5    1360.3470      0.04225      0.13951
 1045.5    1360.3451      0.04171      0.13869
 1046.5    1360.3251      0.04117      0.13798
 1047.5    1360.2930      0.04067      0.13743
 1048.5    1360.2613      0.04028      0.13709
 1049.5    1360.2337      0.04003      0.13701
 1050.5    1360.2117      0.03998      0.13723
 1051.5    1360.1990      0.03998      0.13762
 1052.5    1360.2057      0.04080      0.13892
 1053.5    1360.2439      0.04105      0.13973
 1054.5    1360.3005      0.04139      0.14061
 1055.5    1360.3455      0.04188      0.14156
 1056.5    1360.3596      0.04247      0.14259
 1057.5    1360.3552      0.04316      0.14371
 1058.5    1360.3373      0.04390      0.14485
 1059.5    1360.3184      0.04463      0.14589
 1060.5    1360.3018      0.04537      0.14678
 1061.5    1360.2870      0.04601      0.14737
 1062.5    1360.2797      0.04650      0.14762
 1063.5    1360.2992      0.05967      0.16035
 1064.5    1360.3794      0.06002      0.16000
 1065.5    1360.4968      0.06037      0.15940
 1066.5    1360.5843      0.06072      0.15861
 1067.5    1360.6023      0.06106      0.15771
 1068.5    1360.5768      0.06140      0.15664
 1069.5    1360.5201      0.06170      0.15536
 1070.5    1360.4624      0.06209      0.15404
 1071.5    1360.4104      0.06253      0.15274
 1072.5    1360.3674      0.06311      0.15170
 1073.5    1360.3478      0.06390      0.15094
 1074.5    1360.3828      0.08796      0.17360
 1075.5    1360.5291      0.08895      0.17330
 1076.5    1360.7414      0.08999      0.17321
 1077.5    1360.9012      0.09103      0.17329
 1078.5    1360.9386      0.09207      0.17353
 1079.5    1360.9004      0.09314      0.17403
 1080.5    1360.8085      0.09422      0.17475
 1081.5    1360.7123      0.09530      0.17567
 1082.5    1360.6244      0.09632      0.17668
 1083.5    1360.5466      0.09720      0.17758
 1084.5    1360.5012      0.09779      0.17828
 1085.5    1360.5347      0.11791      0.19858
 1086.5    1360.7210      0.11827      0.19921
 1087.5    1360.9953      0.11853      0.19982
 1088.5    1361.1971      0.11874      0.20046
 1089.5    1361.2316      0.11894      0.20116
 1090.5    1361.1603      0.11903      0.20181
 1091.5    1361.0136      0.11897      0.20234
 1092.5    1360.8604      0.11886      0.20280
 1093.5    1360.7189      0.11871      0.20319
 1094.5    1360.5953      0.11865      0.20364
 1095.5    1360.5214      0.11860      0.20404
 1096.5    1360.5433      0.11693      0.20279
 1097.5    1360.7207      0.11694      0.20319
 1098.5    1360.9847      0.11691      0.20351
 1099.5    1361.1779      0.11682      0.20377
 1100.5    1361.2076      0.11672      0.20404
 1101.5    1361.1360      0.11667      0.20436
 1102.5    1360.9933      0.11666      0.20473
 1103.5    1360.8456      0.11670      0.20517
 1104.5    1360.7100      0.11674      0.20565
 1105.5    1360.5912      0.11683      0.20619
 1106.5    1360.5210      0.11693      0.20673
 1107.5    1360.5451      0.11797      0.20819
 1108.5    1360.7262      0.11808      0.20868
 1109.5    1360.9944      0.11809      0.20906
 1110.5    1361.1909      0.11806      0.20937
 1111.5    1361.2216      0.11801      0.20963
 1112.5    1361.1484      0.11791      0.20979
 1113.5    1361.0025      0.11780      0.20989
 1114.5    1360.8495      0.11759      0.20983
 1115.5    1360.7080      0.11734      0.20965
 1116.5    1360.5829      0.11709      0.20940
 1117.5    1360.5071      0.11684      0.20911
 1118.5    1360.5224      0.10958      0.20179
 1119.5    1360.6814      0.10934      0.20147
 1120.5    1360.9202      0.10911      0.20113
 1121.5    1361.0943      0.10883      0.20073
 1122.5    1361.1193      0.10858      0.20039
 1123.5    1361.0510      0.10833      0.20008
 1124.5    1360.9177      0.10813      0.19986
 1125.5    1360.7819      0.10812      0.19989
 1126.5    1360.6585      0.10821      0.20008
 1127.5    1360.5519      0.10845      0.20047
 1128.5    1360.4919      0.10884      0.20107
 1129.5    1360.5233      0.11825      0.21074
 1130.5    1360.7146      0.11875      0.21154
 1131.5    1360.9974      0.11931      0.21245
 1132.5    1361.2073      0.11987      0.21338
 1133.5    1361.2477      0.12046      0.21441
 1134.5    1361.1813      0.12099      0.21546
 1135.5    1361.0396      0.12147      0.21650
 1136.5    1360.8906      0.12186      0.21747
 1137.5    1360.7535      0.12219      0.21840
 1138.5    1360.6312      0.12238      0.21918
 1139.5    1360.5568      0.12238      0.21974
 1140.5    1360.5748      0.11771      0.21561
 1141.5    1360.7429      0.11733      0.21572
 1142.5    1360.9937      0.11676      0.21559
 1143.5    1361.1732      0.11598      0.21521
 1144.5    1361.1894      0.11495      0.21452
 1145.5    1361.1031      0.11372      0.21359
 1146.5    1360.9460      0.11243      0.21256
 1147.5    1360.7833      0.11115      0.21151
 1148.5    1360.6331      0.10991      0.21048
 1149.5    1360.4994      0.10872      0.20948
 1150.5    1360.4139      0.10759      0.20852
 1151.5    1360.4037      0.07410      0.17521
 1152.5    1360.4833      0.07312      0.17442
 1153.5    1360.6100      0.07224      0.17375
 1154.5    1360.7013      0.07146      0.17322
 1155.5    1360.7095      0.07087      0.17292
 1156.5    1360.6669      0.07047      0.17288
 1157.5    1360.5886      0.07022      0.17303
 1158.5    1360.5088      0.07007      0.17332
 1159.5    1360.4379      0.07012      0.17386
 1160.5    1360.3769      0.07027      0.17453
 1161.5    1360.3427      0.07051      0.17538
 1162.5    1360.3628      0.07760      0.18319
 1163.5    1360.4780      0.07800      0.18441
 1164.5    1360.6493      0.07855      0.18588
 1165.5    1360.7772      0.07909      0.18743
 1166.5    1360.8045      0.07968      0.18912
 1167.5    1360.7687      0.08027      0.19088
 1168.5    1360.6878      0.08081      0.19265
 1169.5    1360.6020      0.08125      0.19442
 1170.5    1360.5224      0.08159      0.19618
 1171.5    1360.4500      0.08173      0.19780
 1172.5    1360.4051      0.08168      0.19917
 1173.5    1360.4173      0.08344      0.20216
 1174.5    1360.5285      0.08320      0.20297
 1175.5    1360.6962      0.08296      0.20360
 1176.5    1360.8193      0.08277      0.20411
 1177.5    1360.8366      0.08257      0.20444
 1178.5    1360.7874      0.08233      0.20457
 1179.5    1360.6925      0.08213      0.20463
 1180.5    1360.5932      0.08188      0.20452
 1181.5    1360.5024      0.08168      0.20433
 1182.5    1360.4227      0.08152      0.20408
 1183.5    1360.3759      0.08147      0.20395
 1184.5    1360.3912      0.08193      0.20444
 1185.5    1360.5088      0.08208      0.20473
 1186.5    1360.6841      0.08229      0.20520
 1187.5    1360.8150      0.08259      0.20589
 1188.5    1360.8400      0.08293      0.20673
 1189.5    1360.7991      0.08332      0.20771
 1190.5    1360.7135      0.08386      0.20892
 1191.5    1360.6236      0.08435      0.21015
 1192.5    1360.5414      0.08483      0.21142
 1193.5    1360.4699      0.08532      0.21268
 1194.5    1360.4293      0.08576      0.21385
 1195.5    1360.4559      0.09837      0.22715
 1196.5    1360.6072      0.09877      0.22819
 1197.5    1360.8297      0.09913      0.22914
 1198.5    1360.9931      0.09938      0.22988
 1199.5    1361.0207      0.09953      0.23041
 1200.5    1360.9630      0.09958      0.23073
 1201.5    1360.8443      0.09947      0.23079
 1202.5    1360.7196      0.09927      0.23068
 1203.5    1360.6027      0.09892      0.23028
 1204.5    1360.4971      0.09842      0.22961
 1205.5    1360.4302      0.09783      0.22875
 1206.5    1360.4309      0.08111      0.21166
 1207.5    1360.5268      0.08038      0.21052
 1208.5    1360.6757      0.07970      0.20937
 1209.5    1360.7812      0.07892      0.20807
 1210.5    1360.7883      0.07808      0.20667
 1211.5    1360.7344      0.07724      0.20523
 1212.5    1360.6369      0.07636      0.20369
 1213.5    1360.5367      0.07552      0.20218
 1214.5    1360.4444      0.07473      0.20071
 1215.5    1360.3624      0.07399      0.19930
 1216.5    1360.3095      0.07325      0.19793
 1217.5    1360.3033      0.05304      0.17724
 1218.5    1360.3535      0.05250      0.17644
 1219.5    1360.4327      0.05201      0.17587
 1220.5    1360.4911      0.05167      0.17564
 1221.5    1360.4978      0.05142      0.17568
 1222.5    1360.4741      0.05137      0.17608
 1223.5    1360.4285      0.05142      0.17665
 1224.5    1360.3823      0.05156      0.17737
 1225.5    1360.3414      0.05181      0.17825
 1226.5    1360.3058      0.05205      0.17919
 1227.5    1360.2866      0.05235      0.18026
 1228.5    1360.3024      0.06076      0.18946
 1229.5    1360.3841      0.06105      0.19056
 1230.5    1360.5048      0.06140      0.19173
 1231.5    1360.5961      0.06185      0.19301
 1232.5    1360.6151      0.06224      0.19426
 1233.5    1360.5894      0.06263      0.19551
 1234.5    1360.5330      0.06307      0.19680
 1235.5    1360.4734      0.06346      0.19806
 1236.5    1360.4198      0.06390      0.19938
 1237.5    1360.3732      0.06434      0.20070
 1238.5    1360.3480      0.06479      0.20203
 1239.5    1360.3720      0.08020      0.21837
 1240.5    1360.4929      0.08065      0.21978
 1241.5    1360.6716      0.08120      0.22135
 1242.5    1360.8056      0.08179      0.22300
 1243.5    1360.8338      0.08238      0.22471
 1244.5    1360.7967      0.08302      0.22652
 1245.5    1360.7125      0.08361      0.22833
 1246.5    1360.6232      0.08409      0.23000
 1247.5    1360.5411      0.08453      0.23150
 1248.5    1360.4674      0.08482      0.23274
 1249.5    1360.4245      0.08507      0.23381
 1250.5    1360.4419      0.08931      0.23876
 1251.5    1360.5664      0.08926      0.23928
 1252.5    1360.7504      0.08908      0.23952
 1253.5    1360.8836      0.08879      0.23950
 1254.5    1360.9001      0.08840      0.23922
 1255.5    1360.8427      0.08785      0.23871
 1256.5    1360.7346      0.08731      0.23820
 1257.5    1360.6218      0.08671      0.23764
 1258.5    1360.5175      0.08612      0.23707
 1259.5    1360.4233      0.08543      0.23640
 1260.5    1360.3641      0.08479      0.23577
 1261.5    1360.3610      0.06591      0.21690
 1262.5    1360.4328      0.06532      0.21630
 1263.5    1360.5448      0.06479      0.21572
 1264.5    1360.6251      0.06425      0.21510
 1265.5    1360.6323      0.06376      0.21450
 1266.5    1360.5936      0.06327      0.21387
 1267.5    1360.5232      0.06282      0.21327
 1268.5    1360.4495      0.06233      0.21262
 1269.5    1360.3799      0.06174      0.21186
 1270.5    1360.3170      0.06110      0.21107
 1271.5    1360.2739      0.06031      0.21014
 1272.5    1360.2620      0.04389      0.19356
 1273.5    1360.2806      0.04311      0.19254
 1274.5    1360.3150      0.04242      0.19154
 1275.5    1360.3379      0.04173      0.19048
 1276.5    1360.3335      0.04105      0.18935
 1277.5    1360.3123      0.04036      0.18816
 1278.5    1360.2799      0.03972      0.18697
 1279.5    1360.2478      0.03918      0.18584
 1280.5    1360.2185      0.03869      0.18476
 1281.5    1360.1931      0.03829      0.18382
 1282.5    1360.1759      0.03790      0.18292
 1283.5    1360.1683      0.04235      0.18690
 1284.5    1360.1629      0.04195      0.18604
 1285.5    1360.1582      0.04161      0.18521
 1286.5    1360.1535      0.04126      0.18434
 1287.5    1360.1501      0.04102      0.18353
 1288.5    1360.1474      0.04082      0.18275
 1289.5    1360.1447      0.04063      0.18193
 1290.5    1360.1433      0.04053      0.18119
 1291.5    1360.1413      0.04038      0.18037
 1292.5    1360.1393      0.04023      0.17953
 1293.5    1360.1373      0.04009      0.17867
 1294.5    1360.1352      0.03994      0.17785
 1295.5    1360.1346      0.03989      0.17716
 1296.5    1360.1339      0.03984      0.17649
 1297.5    1360.1339      0.03984      0.17588
 1298.5    1360.1346      0.03989      0.17530
 1299.5    1360.1359      0.03999      0.17481
 1300.5    1360.1373      0.04009      0.17438
 1301.5    1360.1386      0.04018      0.17400
 1302.5    1360.1406      0.04033      0.17374
 1303.5    1360.1433      0.04053      0.17354
 1304.5    1360.1460      0.04072      0.17342
 1305.5    1360.1496      0.03040      0.16281
 1306.5    1360.1538      0.03065      0.16280
 1307.5    1360.1584      0.03090      0.16282
 1308.5    1360.1607      0.03099      0.16273
 1309.5    1360.1615      0.03104      0.16268
 1310.5    1360.1605      0.03099      0.16260
 1311.5    1360.1571      0.03080      0.16246
 1312.5    1360.1537      0.03060      0.16242
 1313.5    1360.1497      0.03036      0.16242
 1314.5    1360.1451      0.03006      0.16248
 1315.5    1360.1407      0.02977      0.16263
 1316.5    1360.1352      0.03994      0.17333
 1317.5    1360.1292      0.03950      0.17348
 1318.5    1360.1237      0.03910      0.17363
 1319.5    1360.1183      0.03871      0.17368
 1320.5    1360.1143      0.03841      0.17375
 1321.5    1360.1116      0.03822      0.17378
 1322.5    1360.1102      0.03812      0.17375
 1323.5    1360.1096      0.03807      0.17361
 1324.5    1360.1109      0.03817      0.17355
 1325.5    1360.1136      0.03837      0.17355
 1326.5    1360.1177      0.03866      0.17360
 1327.5    1360.1231      0.02834      0.16300
 1328.5    1360.1306      0.02888      0.16318
 1329.5    1360.1382      0.02942      0.16334
 1330.5    1360.1464      0.03001      0.16353
 1331.5    1360.1545      0.03060      0.16369
 1332.5    1360.1626      0.03119      0.16384
 1333.5    1360.1720      0.03188      0.16403
 1334.5    1360.1814      0.03257      0.16420
 1335.5    1360.1921      0.03335      0.16443
 1336.5    1360.2035      0.03419      0.16469
 1337.5    1360.2156      0.03507      0.16496
 1338.5    1360.2418      0.05193      0.18120
 1339.5    1360.3216      0.05292      0.18156
 1340.5    1360.4340      0.05390      0.18189
 1341.5    1360.5209      0.05494      0.18226
 1342.5    1360.5454      0.05587      0.18249
 1343.5    1360.5317      0.05680      0.18271
 1344.5    1360.4898      0.05764      0.18280
 1345.5    1360.4459      0.05847      0.18287
 1346.5    1360.4071      0.05935      0.18297
 1347.5    1360.3757      0.06034      0.18320
 1348.5    1360.3631      0.06137      0.18360
 1349.5    1360.4017      0.09179      0.21351
 1350.5    1360.5543      0.09278      0.21410
 1351.5    1360.7747      0.09372      0.21476
 1352.5    1360.9394      0.09461      0.21549
 1353.5    1360.9766      0.09555      0.21639
 1354.5    1360.9338      0.09648      0.21741
 1355.5    1360.8348      0.09740      0.21855
 1356.5    1360.7306      0.09828      0.21966
 1357.5    1360.6352      0.09911      0.22065
 1358.5    1360.5511      0.09985      0.22145
 1359.5    1360.5045      0.10053      0.22211
 1360.5    1360.5439      0.12389      0.24536
 1361.5    1360.7486      0.12459      0.24586
 1362.5    1361.0480      0.12520      0.24616
 1363.5    1361.2696      0.12576      0.24630
 1364.5    1361.3112      0.12630      0.24636
 1365.5    1361.2399      0.12679      0.24630
 1366.5    1361.0883      0.12717      0.24613
 1367.5    1360.9303      0.12755      0.24595
 1368.5    1360.7823      0.12769      0.24554
 1369.5    1360.6501      0.12768      0.24498
 1370.5    1360.5673      0.12738      0.24414
 1371.5    1360.5790      0.11577      0.23201
 1372.5    1360.7359      0.11500      0.23074
 1373.5    1360.9733      0.11408      0.22939
 1374.5    1361.1424      0.11301      0.22802
 1375.5    1361.1555      0.11183      0.22668
 1376.5    1361.0702      0.11050      0.22532
 1377.5    1360.9157      0.10907      0.22399
 1378.5    1360.7559      0.10763      0.22274
 1379.5    1360.6081      0.10625      0.22161
 1380.5    1360.4762      0.10492      0.22057
 1381.5    1360.3911      0.10363      0.21958
 1382.5    1360.3730      0.06301      0.17921
 1383.5    1360.4270      0.06183      0.17821
 1384.5    1360.5156      0.06065      0.17714
 1385.5    1360.5785      0.05962      0.17613
 1386.5    1360.5766      0.05859      0.17505
 1387.5    1360.5350      0.05761      0.17394
 1388.5    1360.4670      0.05677      0.17289
 1389.5    1360.3981      0.05603      0.17185
 1390.5    1360.3360      0.05544      0.17090
 1391.5    1360.2824      0.05500      0.17006
 1392.5    1360.2487      0.05460      0.16924
 1393.5    1360.2452      0.04330      0.15750
 1394.5    1360.2732      0.04295      0.15673
 1395.5    1360.3174      0.04261      0.15598
 1396.5    1360.3494      0.04232      0.15533
 1397.5    1360.3517      0.04207      0.15478
 1398.5    1360.3352      0.04183      0.15429
 1399.5    1360.3062      0.04163      0.15391
 1400.5    1360.2767      0.04148      0.15366
 1401.5    1360.2495      0.04133      0.15348
 1402.5    1360.2245      0.04114      0.15333
 1403.5    1360.2093      0.04099      0.15325
 1404.5    1360.2073      0.03765      0.15004
 1405.5    1360.2218      0.03745      0.15004
 1406.5    1360.2441      0.03721      0.15013
 1407.5    1360.2597      0.03696      0.15037
 1408.5    1360.2593      0.03672      0.15075
 1409.5    1360.2497      0.03652      0.15130
 1410.5    1360.2331      0.03632      0.15198
 1411.5    1360.2167      0.03617      0.15283
 1412.5    1360.2028      0.03613      0.15390
 1413.5    1360.1904      0.03608      0.15498
 1414.5    1360.1821      0.03598      0.15602
 1415.5    1360.1827      0.03512      0.15631
 1416.5    1360.1953      0.03507      0.15739
 1417.5    1360.2150      0.03507      0.15852
 1418.5    1360.2309      0.03517      0.15962
 1419.5    1360.2346      0.03527      0.16053
 1420.5    1360.2299      0.03532      0.16121
 1421.5    1360.2200      0.03537      0.16166
 1422.5    1360.2096      0.03541      0.16193
 1423.5    1360.1994      0.03541      0.16200
 1424.5    1360.1898      0.03537      0.16186
 1425.5    1360.1838      0.03532      0.16154
 1426.5    1360.1823      0.03417      0.15993
 1427.5    1360.1893      0.03407      0.15918
 1428.5    1360.1996      0.03392      0.15819
 1429.5    1360.2066      0.03378      0.15711
 1430.5    1360.2061      0.03363      0.15602
 1431.5    1360.2007      0.03348      0.15494
 1432.5    1360.1907      0.03324      0.15378
 1433.5    1360.1804      0.03299      0.15265
 1434.5    1360.1693      0.03265      0.15148
 1435.5    1360.1583      0.03225      0.15031
 1436.5    1360.1495      0.03186      0.14921
 1437.5    1360.1427      0.04048      0.15719
 1438.5    1360.1366      0.04004      0.15616
 1439.5    1360.1298      0.03954      0.15513
 1440.5    1360.1224      0.03900      0.15409
 1441.5    1360.1143      0.03841      0.15299
 1442.5    1360.1062      0.03783      0.15190
 1443.5    1360.0981      0.03724      0.15083
 1444.5    1360.0907      0.03669      0.14981
 1445.5    1360.0826      0.03611      0.14876
 1446.5    1360.0758      0.03561      0.14780
 1447.5    1360.0690      0.03512      0.14687
 1448.5    1360.0636      0.03473      0.14607
 1449.5    1360.0589      0.03439      0.14534
 1450.5    1360.0555      0.03414      0.14475
 1451.5    1360.0522      0.03389      0.14420
 1452.5    1360.0501      0.03375      0.14380
 1453.5    1360.0488      0.03365      0.14350
 1454.5    1360.0481      0.03360      0.14331
 1455.5    1360.0488      0.03365      0.14327
 1456.5    1360.0501      0.03375      0.14334
 1457.5    1360.0528      0.03394      0.14356
 1458.5    1360.0569      0.03424      0.14397
 1459.5    1360.0609      0.03453      0.14447
 1460.5    1360.0657      0.03488      0.14510
 1461.5    1360.0704      0.03522      0.14582
 1462.5    1360.0751      0.03556      0.14658
 1463.5    1360.0812      0.03601      0.14746
 1464.5    1360.0873      0.03645      0.14834
 1465.5    1360.0940      0.03694      0.14926
 1466.5    1360.1001      0.03738      0.15013
 1467.5    1360.1062      0.03783      0.15094
 1468.5    1360.1109      0.03817      0.15159
 1469.5    1360.1156      0.03851      0.15218
 1470.5    1360.1197      0.03881      0.15264
 1471.5    1360.1231      0.03905      0.15298
 1472.5    1360.1265      0.03930      0.15325
 1473.5    1360.1298      0.03954      0.15348
 1474.5    1360.1325      0.03974      0.15369
 1475.5    1360.1346      0.03989      0.15387
 1476.5    1360.1359      0.03999      0.15402
 1477.5    1360.1379      0.04013      0.15424
 1478.5    1360.1400      0.04028      0.15444
 1479.5    1360.1420      0.04043      0.15468
 1480.5    1360.1433      0.04053      0.15492
 1481.5    1360.1447      0.04063      0.15520
 1482.5    1360.1460      0.04072      0.15552
 1483.5    1360.1467      0.04077      0.15579
 1484.5    1360.1481      0.04087      0.15616
 1485.5    1360.1494      0.04097      0.15656
 1486.5    1360.1501      0.04102      0.15695
 1487.5    1360.1508      0.04107      0.15739
 1488.5    1360.1514      0.04112      0.15784
 1489.5    1360.1521      0.04117      0.15833
 1490.5    1360.1535      0.04126      0.15889
 1491.5    1360.1548      0.04136      0.15944
 1492.5    1360.1563      0.03083      0.14933
 1493.5    1360.1574      0.03087      0.14976
 1494.5    1360.1588      0.03092      0.15014
 1495.5    1360.1594      0.03092      0.15042
 1496.5    1360.1594      0.03092      0.15063
 1497.5    1360.1586      0.03087      0.15068
 1498.5    1360.1582      0.03087      0.15068
 1499.5    1360.1571      0.03083      0.15054
 1500.5    1360.1561      0.03078      0.15031
 1501.5    1360.1551      0.03073      0.14999
 1502.5    1360.1542      0.03068      0.14957
 1503.5    1360.1528      0.04122      0.15963
 1504.5    1360.1514      0.04112      0.15897
 1505.5    1360.1508      0.04107      0.15827
 1506.5    1360.1501      0.04102      0.15744
 1507.5    1360.1501      0.04102      0.15651
 1508.5    1360.1501      0.04102      0.15538
 1509.5    1360.1494      0.04097      0.15404
 1510.5    1360.1494      0.04097      0.15262
 1511.5    1360.1494      0.04097      0.15108
 1512.5    1360.1494      0.04097      0.14946
 1513.5    1360.1494      0.04097      0.14777
 1514.5    1360.1494      0.04097      0.14614
 1515.5    1360.1494      0.04097      0.14458
 1516.5    1360.1487      0.04092      0.14305
 1517.5    1360.1494      0.04097      0.14169
 1518.5    1360.1494      0.04097      0.14032
 1519.5    1360.1487      0.04092      0.13905
 1520.5    1360.1487      0.04092      0.13801
 1521.5    1360.1494      0.04097      0.13721
 1522.5    1360.1494      0.04097      0.13656
 1523.5    1360.1508      0.04107      0.13614
 1524.5    1360.1514      0.04112      0.13581
 1525.5    1360.1549      0.03182      0.12628
 1526.5    1360.1633      0.03197      0.12632
 1527.5    1360.1762      0.03222      0.12660
 1528.5    1360.1866      0.03246      0.12697
 1529.5    1360.1925      0.03281      0.12749
 1530.5    1360.1960      0.03325      0.12809
 1531.5    1360.1969      0.03369      0.12862
 1532.5    1360.1983      0.03418      0.12910
 1533.5    1360.2008      0.03472      0.12950
 1534.5    1360.2046      0.03531      0.12982
 1535.5    1360.2108      0.03595      0.13007
 1536.5    1360.2302      0.04556      0.13922
 1537.5    1360.2899      0.04620      0.13934
 1538.5    1360.3745      0.04685      0.13945
 1539.5    1360.4390      0.04749      0.13957
 1540.5    1360.4554      0.04803      0.13961
 1541.5    1360.4425      0.04857      0.13970
 1542.5    1360.4083      0.04906      0.13982
 1543.5    1360.3712      0.04945      0.13988
 1544.5    1360.3369      0.04979      0.13993
 1545.5    1360.3072      0.05013      0.14002
 1546.5    1360.2914      0.05048      0.14012
 1547.5    1360.3105      0.06382      0.15321
 1548.5    1360.4007      0.06427      0.15338
 1549.5    1360.5329      0.06476      0.15360
 1550.5    1360.6318      0.06526      0.15381
 1551.5    1360.6526      0.06570      0.15398
 1552.5    1360.6251      0.06614      0.15418
 1553.5    1360.5629      0.06653      0.15437
 1554.5    1360.4966      0.06682      0.15451
 1555.5    1360.4354      0.06707      0.15460
 1556.5    1360.3811      0.06726      0.15458
 1557.5    1360.3493      0.06741      0.15444
 1558.5    1360.3633      0.07246      0.15921
 1559.5    1360.4604      0.07252      0.15897
 1560.5    1360.6043      0.07252      0.15868
 1561.5    1360.7101      0.07253      0.15840
 1562.5    1360.7277      0.07258      0.15817
 1563.5    1360.6898      0.07262      0.15801
 1564.5    1360.6136      0.07272      0.15799
 1565.5    1360.5349      0.07286      0.15810
 1566.5    1360.4648      0.07316      0.15842
 1567.5    1360.4042      0.07350      0.15884
 1568.5    1360.3721      0.07399      0.15946
 1569.5    1360.3972      0.08580      0.17144
 1570.5    1360.5291      0.08634      0.17217
 1571.5    1360.7223      0.08689      0.17293
 1572.5    1360.8656      0.08739      0.17365
 1573.5    1360.8928      0.08778      0.17428
 1574.5    1360.8471      0.08808      0.17476
 1575.5    1360.7510      0.08837      0.17516
 1576.5    1360.6495      0.08856      0.17538
 1577.5    1360.5572      0.08880      0.17558
 1578.5    1360.4756      0.08899      0.17568
 1579.5    1360.4288      0.08924      0.17580
 1580.5    1360.4527      0.09841      0.18483
 1581.5    1360.6027      0.09866      0.18492
 1582.5    1360.8262      0.09902      0.18508
 1583.5    1360.9911      0.09932      0.18517
 1584.5    1361.0228      0.09976      0.18541
 1585.5    1360.9716      0.10030      0.18576
 1586.5    1360.8624      0.10093      0.18623
 1587.5    1360.7493      0.10162      0.18677
 1588.5    1360.6461      0.10230      0.18731
 1589.5    1360.5562      0.10298      0.18786
 1590.5    1360.5066      0.10366      0.18842
 1591.5    1360.5476      0.12724      0.21188
 1592.5    1360.7616      0.12804      0.21257
 1593.5    1361.0763      0.12890      0.21333
 1594.5    1361.3107      0.12975      0.21410
 1595.5    1361.3571      0.13054      0.21480
 1596.5    1361.2866      0.13132      0.21547
 1597.5    1361.1333      0.13204      0.21606
 1598.5    1360.9721      0.13267      0.21651
 1599.5    1360.8227      0.13315      0.21683
 1600.5    1360.6898      0.13349      0.21703
 1601.5    1360.6113      0.13373      0.21717
 1602.5    1360.6377      0.13530      0.21868
 1603.5    1360.8421      0.13512      0.21845
 1604.5    1361.1450      0.13470      0.21802
 1605.5    1361.3627      0.13403      0.21739
 1606.5    1361.3875      0.13320      0.21666
 1607.5    1361.2912      0.13221      0.21589
 1608.5    1361.1090      0.13107      0.21506
 1609.5    1360.9189      0.12982      0.21426
 1610.5    1360.6671      0.12515      0.00000
 1611.5    1360.7017      0.13005      0.00000
 1612.5    1361.1988      0.19940      0.00000
 1613.5    1361.4588      0.23575      0.00000
 1614.5    1361.4374      0.23275      0.00000
 1615.5    1361.3251      0.21710      0.00000
 1616.5    1360.5513      0.10905      0.00000
 1617.5    1360.4436      0.09400      0.00000
 1618.5    1360.4129      0.08980      0.00000
 1619.5    1360.5231      0.10510      0.00000
 1620.5    1360.5314      0.10625      0.00000
 1621.5    1360.5042      0.10250      0.00000
 1622.5    1360.4592      0.09620      0.00000
 1623.5    1360.3804      0.08520      0.00000
 1624.5    1360.3388      0.07940      0.00000
 1625.5    1360.5918      0.11470      0.00000
 1626.5    1360.5184      0.10445      0.00000
 1627.5    1360.3945      0.08715      0.00000
 1628.5    1360.4676      0.09735      0.00000
 1629.5    1360.4339      0.09270      0.00000
 1630.5    1360.3146      0.07605      0.00000
 1631.5    1360.3358      0.07900      0.00000
 1632.5    1360.3163      0.07630      0.00000
 1633.5    1360.5046      0.10255      0.00000
 1634.5    1360.3781      0.08485      0.00000
 1635.5    1360.3794      0.08505      0.00000
 1636.5    1360.4671      0.09735      0.00000
 1637.5    1360.7449      0.13605      0.00000
 1638.5    1360.9160      0.15990      0.00000
 1639.5    1361.0723      0.18185      0.00000
 1640.5    1360.5865      0.11395      0.00000
 1641.5    1360.9684      0.16730      0.00000
 1642.5    1360.9329      0.16230      0.00000
 1643.5    1360.4830      0.09955      0.00000
 1644.5    1360.4228      0.09110      0.00000
 1645.5    1360.2991      0.07390      0.00000
 1646.5    1360.2803      0.07125      0.00000
 1647.5    1360.2540      0.06755      0.00000
 1648.5    1360.2206      0.06285      0.00000
 1649.5    1360.2086      0.06125      0.00000
 1650.5    1360.1528      0.05345      0.00000
 1651.5    1360.1445      0.05230      0.00000
 1652.5    1360.2017      0.06030      0.00000
 1653.5    1360.1449      0.05240      0.00000
 1654.5    1360.1436      0.05220      0.00000
 1655.5    1360.1419      0.05190      0.00000
 1656.5    1360.1422      0.05195      0.00000
 1657.5    1360.1370      0.05120      0.00000
 1658.5    1360.1384      0.05145      0.00000
 1659.5    1360.1370      0.05120      0.00000
 1660.5    1360.1554      0.05380      0.00000
 1661.5    1360.1433      0.05205      0.00000
 1662.5    1360.1357      0.05105      0.00000
 1663.5    1360.1359      0.05110      0.00000
 1664.5    1360.1357      0.05105      0.00000
 1665.5    1360.1357      0.05110      0.00000
 1666.5    1360.1357      0.05110      0.00000
 1667.5    1360.1357      0.05110      0.00000
 1668.5    1360.1370      0.05125      0.00000
 1669.5    1360.1363      0.05115      0.00000
 1670.5    1360.1362      0.05110      0.00000
 1671.5    1360.1443      0.05225      0.00000
 1672.5    1360.1400      0.05170      0.00000
 1673.5    1360.1365      0.05120      0.00000
 1674.5    1360.1381      0.05140      0.00000
 1675.5    1360.1365      0.05120      0.00000
 1676.5    1360.1505      0.05310      0.00000
 1677.5    1360.1433      0.05205      0.00000
 1678.5    1360.1396      0.05160      0.00000
 1679.5    1360.1374      0.05130      0.00000
 1680.5    1360.1441      0.05220      0.00000
 1681.5    1360.1374      0.05125      0.00000
 1682.5    1360.1370      0.05120      0.00000
 1683.5    1360.1370      0.05120      0.00000
 1684.5    1360.1500      0.05305      0.00000
 1685.5    1360.1365      0.05120      0.00000
 1686.5    1360.1409      0.05175      0.00000
 1687.5    1360.1362      0.05110      0.00000
 1688.5    1360.1404      0.05175      0.00000
 1689.5    1360.1370      0.05120      0.00000
 1690.5    1360.1353      0.05105      0.00000
 1691.5    1360.1353      0.05105      0.00000
 1692.5    1360.1354      0.05095      0.00000
 1693.5    1360.1357      0.05110      0.00000
 1694.5    1360.1357      0.05105      0.00000
 1695.5    1360.1368      0.05120      0.00000
 1696.5    1360.1365      0.05115      0.00000
 1697.5    1360.1404      0.05175      0.00000
 1698.5    1360.1413      0.05180      0.00000
 1699.5    1360.1436      0.05220      0.00000
 1700.5    1360.1471      0.05265      0.00000
 1701.5    1360.1381      0.03960      0.00000
 1702.5    1360.1602      0.06425      0.00000
 1703.5    1360.2005      0.08645      0.00000
 1704.5    1360.2658      0.13790      0.00000
 1705.5    1360.3695      0.23285      0.00000
 1706.5    1360.2309      0.11630      0.00000
 1707.5    1360.2090      0.07090      0.00000
 1708.5    1360.1690      0.04510      0.00000
 1709.5    1360.1688      0.05610      0.00000
 1710.5    1360.1573      0.04735      0.00000
 1711.5    1360.1487      0.04050      0.00000
 1712.5    1360.1589      0.03295      0.00000
 1713.5    1360.1697      0.03485      0.00000
 1714.5    1360.2042      0.06300      0.00000
 1715.5    1360.2821      0.11995      0.00000
 1716.5    1360.3965      0.18525      0.00000
 1717.5    1360.5049      0.23570      0.00000
 1718.5    1360.4884      0.26035      0.00000
 1719.5    1360.5231      0.09670      0.00000
 1720.5    1360.4775      0.09540      0.00000
 1721.5    1360.4829      0.10825      0.00000
 1722.5    1360.4391      0.13890      0.00000
 1723.5    1360.3778      0.11325      0.00000
 1724.5    1360.4544      0.11850      0.00000
 1725.5    1360.5188      0.20370      0.00000
 1726.5    1360.7577      0.28210      0.00000
 1727.5    1360.9767      0.44465      0.00000
 1728.5    1360.9963      0.27050      0.00000
 1729.5    1360.7317      0.29245      0.00000
 1730.5    1360.7553      0.07770      0.00000
 1731.5    1360.5091      0.25580      0.00000
 1732.5    1360.4210      0.15960      0.00000
 1733.5    1360.4064      0.12990      0.00000
 1734.5    1360.4557      0.16970      0.00000
 1735.5    1360.5679      0.18800      0.00000
 1736.5    1360.8162      0.20405      0.00000
 1737.5    1360.7466      0.32620      0.00000
 1738.5    1360.8360      0.48035      0.00000
 1739.5    1360.9250      0.29795      0.00000
 1740.5    1360.6362      0.34845      0.00000
 1741.5    1360.7034      0.02010      0.00000
 1742.5    1360.4792      0.10380      0.00000
 1743.5    1360.4439      0.11930      0.00000
 1744.5    1360.3690      0.10215      0.00000
 1745.5    1360.3821      0.12310      0.00000
 1746.5    1360.4371      0.13275      0.00000
 1747.5    1360.5895      0.09115      0.00000
 1748.5    1360.7435      0.07105      0.00000
 1749.5    1360.8491      0.13250      0.00000
 1750.5    1360.8659      0.14200      0.00000
 1751.5    1360.6091      0.09545      0.00000
 1752.5    1360.6115      0.11760      0.00000
 1753.5    1360.5512      0.06500      0.00000
 1754.5    1360.4164      0.05855      0.00000
 1755.5    1360.4024      0.06100      0.00000
 1756.5    1360.4147      0.05230      0.00000
 1757.5    1360.5611      0.08550      0.00000
 1758.5    1360.6517      0.09625      0.00000
 1759.5    1360.7459      0.03685      0.00000
 1760.5    1360.7489      0.12460      0.00000
 1761.5    1360.9892      0.12030      0.00000
 1762.5    1360.7949      0.12780      0.00000
 1763.5    1360.7173      0.09585      0.00000
 1764.5    1360.6930      0.07045      0.00000
 1765.5    1360.5624      0.07415      0.00000
 1766.5    1360.4753      0.07520      0.00000
 1767.5    1360.6860      0.08110      0.00000
 1768.5    1360.9704      0.06650      0.00000
 1769.5    1361.2562      0.12115      0.00000
 1770.5    1361.2439      0.12050      0.00000
 1771.5    1361.1001      0.12440      0.00000
 1772.5    1361.0163      0.09230      0.00000
 1773.5    1360.7553      0.08490      0.00000
 1774.5    1360.7151      0.09625      0.00000
 1775.5    1360.5262      0.07930      0.00000
 1776.5    1360.5975      0.10875      0.00000
 1777.5    1360.9938      0.34210      0.00000
 1778.5    1361.4062      0.47330      0.00000
 1779.5    1361.3036      0.33580      0.00000
 1780.5    1361.0597      0.23565      0.00000
 1781.5    1361.0406      0.13080      0.00000
 1782.5    1360.8030      0.13060      0.00000
 1783.5    1360.6770      0.13350      0.00000
 1784.5    1360.5627      0.16130      0.00000
 1785.5    1360.6979      0.16455      0.00000
 1786.5    1361.1075      0.25675      0.00000
 1787.5    1361.3791      0.35895      0.00000
 1788.5    1361.3661      0.30715      0.00000
 1789.5    1361.2251      0.29375      0.00000
 1790.5    1361.0254      0.20850      0.00000
 1791.5    1360.8260      0.18320      0.00000
 1792.5    1360.7955      0.15020      0.00000
 1793.5    1360.7690      0.07125      0.00000
 1794.5    1360.6704      0.12710      0.00000
 1795.5    1360.5345      0.06655      0.00000
 1796.5    1360.4540      0.05725      0.00000
 1797.5    1360.3468      0.03390      0.00000
 1798.5    1360.3012      0.01345      0.00000
 1799.5    1360.2845      0.01455      0.00000
 1800.5    1360.3069      0.03215      0.00000
 1801.5    1360.5359      0.05055      0.00000
 1802.5    1360.5161      0.04425      0.00000
 1803.5    1360.4264      0.09685      0.00000
 1804.5    1360.4479      0.10715      0.00000
 1805.5    1360.4277      0.07740      0.00000
 1806.5    1360.3339      0.04845      0.00000
 1807.5    1360.2207      0.01590      0.00000
 1808.5    1360.2177      0.02060      0.00000
 1809.5    1360.1981      0.00340      0.00000
 1810.5    1360.1744      0.00330      0.00000
 1811.5    1360.1733      0.00590      0.00000
 1812.5    1360.1913      0.00585      0.00000
 1813.5    1360.2335      0.00725      0.00000
 1814.5    1360.2340      0.00320      0.00000
 1815.5    1360.3470      0.06945      0.00000
 1816.5    1360.4455      0.06265      0.00000
 1817.5    1360.4194      0.05000      0.00000
 1818.5    1360.3644      0.03880      0.00000
 1819.5    1360.3389      0.01165      0.00000
 1820.5    1360.2942      0.01125      0.00000
 1821.5    1360.2551      0.00175      0.00000
 1822.5    1360.2619      0.00855      0.00000
 1823.5    1360.2539      0.01175      0.00000
 1824.5    1360.3018      0.00885      0.00000
 1825.5    1360.3607      0.02160      0.00000
 1826.5    1360.4860      0.05235      0.00000
 1827.5    1360.6351      0.03740      0.00000
 1828.5    1360.7845      0.07165      0.00000
 1829.5    1360.8569      0.09620      0.00000
 1830.5    1360.9196      0.09330      0.00000
 1831.5    1360.7738      0.08310      0.00000
 1832.5    1360.6176      0.07375      0.00000
 1833.5    1360.4871      0.05345      0.00000
 1834.5    1360.5077      0.06935      0.00000
 1835.5    1360.8138      0.10770      0.00000
 1836.5    1361.2920      0.18760      0.00000
 1837.5    1361.4430      0.21005      0.00000
 1838.5    1361.1663      0.16755      0.00000
 1839.5    1361.0343      0.17595      0.00000
 1840.5    1360.8942      0.15245      0.00000
 1841.5    1360.7287      0.13210      0.00000
 1842.5    1360.6591      0.11190      0.00000
 1843.5    1360.5804      0.10190      0.00000
 1844.5    1360.6139      0.11110      0.00000
 1845.5    1360.7610      0.14740      0.00000
 1846.5    1360.8755      0.17495      0.00000
 1847.5    1361.0585      0.28765      0.00000
 1848.5    1361.2512      0.28070      0.00000
 1849.5    1361.1825      0.19175      0.00000
 1850.5    1360.9239      0.16010      0.00000
 1851.5    1360.9342      0.16810      0.00000
 1852.5    1360.9056      0.14210      0.00000
 1853.5    1360.7989      0.13125      0.00000
 1854.5    1360.6376      0.11750      0.00000
 1855.5    1360.5151      0.09270      0.00000
 1856.5    1360.4775      0.08295      0.00000
 1857.5    1360.5882      0.11650      0.00000
 1858.5    1360.8262      0.16130      0.00000
 1859.5    1361.1216      0.23010      0.00000
 1860.5    1361.1627      0.19220      0.00000
 1861.5    1361.0179      0.15145      0.00000
 1862.5    1360.8892      0.14185      0.00000
 1863.5    1360.7935      0.12765      0.00000
 1864.5    1360.8287      0.17010      0.00000
 1865.5    1360.7165      0.14390      0.00000
 1866.5    1360.6183      0.10545      0.00000
 1867.5    1360.5166      0.09390      0.00000
 1868.5    1360.6987      0.12720      0.00000
 1869.5    1360.9594      0.14530      0.00000
 1870.5    1361.3574      0.28860      0.00000
 1871.5    1361.1838      0.18010      0.00000
 1872.5    1361.0988      0.16950      0.00000
 1873.5    1360.8376      0.11295      0.00000
 1874.5    1360.6797      0.09155      0.00000
 1875.5    1360.4948      0.05045      0.00000
 1876.5    1360.4669      0.05520      0.00000
 1877.5    1360.4755      0.06330      0.00000
 1878.5    1360.3933      0.04040      0.00000
 1879.5    1360.3634      0.03045      0.00000
 1880.5    1360.5170      0.05980      0.00000
 1881.5    1360.6612      0.06600      0.00000
 1882.5    1360.6785      0.06490      0.00000
 1883.5    1360.7101      0.06700      0.00000
 1884.5    1360.6516      0.00000      0.00000
 1885.5    1360.5322      0.00000      0.00000
 1886.5    1360.3662      0.00000      0.00000
 1887.5    1360.3097      0.00000      0.00000
 1888.5    1360.2631      0.00000      0.00000
 1889.5    1360.2515      0.00000      0.00000
 1890.5    1360.2816      0.00000      0.00000
 1891.5    1360.5386      0.00000      0.00000
 1892.5    1360.6478      0.00000      0.00000
 1893.5    1360.8162      0.00000      0.00000
 1894.5    1360.9304      0.00000      0.00000
 1895.5    1360.7867      0.00000      0.00000
 1896.5    1360.5797      0.00000      0.00000
 1897.5    1360.4427      0.00000      0.00000
 1898.5    1360.4139      0.00000      0.00000
 1899.5    1360.3433      0.00000      0.00000
 1900.5    1360.3202      0.00000      0.00000
 1901.5    1360.2567      0.00000      0.00000
 1902.5    1360.2842      0.00000      0.00000
 1903.5    1360.4728      0.00000      0.00000
 1904.5    1360.7462      0.00000      0.00000
 1905.5    1360.5734      0.00000      0.00000
 1906.5    1360.7678      0.00000      0.00000
 1907.5    1360.6509      0.00000      0.00000
 1908.5    1360.7117      0.00000      0.00000
 1909.5    1360.5845      0.00000      0.00000
 1910.5    1360.4545      0.00000      0.00000
 1911.5    1360.3549      0.00000      0.00000
 1912.5    1360.3066      0.00000      0.00000
 1913.5    1360.3071      0.00000      0.00000
 1914.5    1360.4119      0.00000      0.00000
 1915.5    1360.7261      0.00000      0.00000
 1916.5    1360.9590      0.00000      0.00000
 1917.5    1361.1509      0.00000      0.00000
 1918.5    1361.1011      0.00000      0.00000
 1919.5    1360.8390      0.00000      0.00000
 1920.5    1360.6461      0.00000      0.00000
 1921.5    1360.5411      0.00000      0.00000
 1922.5    1360.4413      0.00000      0.00000
 1923.5    1360.4375      0.00000      0.00000
 1924.5    1360.5037      0.00000      0.00000
 1925.5    1360.7192      0.00000      0.00000
 1926.5    1360.8359      0.00000      0.00000
 1927.5    1361.0249      0.00000      0.00000
 1928.5    1360.8993      0.00000      0.00000
 1929.5    1360.8456      0.00000      0.00000
 1930.5    1360.8109      0.00000      0.00000
 1931.5    1360.6818      0.00000      0.00000
 1932.5    1360.5667      0.00000      0.00000
 1933.5    1360.4906      0.00000      0.00000
 1934.5    1360.5598      0.00000      0.00000
 1935.5    1360.7996      0.00000      0.00000
 1936.5    1361.2286      0.00000      0.00000
 1937.5    1361.2050      0.00000      0.00000
 1938.5    1361.1284      0.00000      0.00000
 1939.5    1361.0916      0.00000      0.00000
 1940.5    1360.9985      0.00000      0.00000
 1941.5    1360.9114      0.00000      0.00000
 1942.5    1360.7910      0.00000      0.00000
 1943.5    1360.6261      0.00000      0.00000
 1944.5    1360.6730      0.00000      0.00000
 1945.5    1360.9412      0.00000      0.00000
 1946.5    1361.0884      0.00000      0.00000
 1947.5    1361.3927      0.00000      0.00000
 1948.5    1361.5063      0.00000      0.00000
 1949.5    1361.4088      0.00000      0.00000
 1950.5    1361.1179      0.00000      0.00000
 1951.5    1360.8497      0.00000      0.00000
 1952.5    1360.8224      0.00000      0.00000
 1953.5    1360.6938      0.00000      0.00000
 1954.5    1360.7009      0.00000      0.00000
 1955.5    1360.8811      0.00000      0.00000
 1956.5    1361.4214      0.00000      0.00000
 1957.5    1361.9398      0.00000      0.00000
 1958.5    1361.8610      0.00000      0.00000
 1959.5    1361.5613      0.00000      0.00000
 1960.5    1361.4275      0.00000      0.00000
 1961.5    1360.9957      0.00000      0.00000
 1962.5    1360.7981      0.00000      0.00000
 1963.5    1360.7325      0.00000      0.00000
 1964.5    1360.7277      0.00000      0.00000
 1965.5    1360.7740      0.00000      0.00000
 1966.5    1361.0021      0.00000      0.00000
 1967.5    1361.2230      0.00000      0.00000
 1968.5    1361.3037      0.00000      0.00000
 1969.5    1361.3771      0.00000      0.00000
 1970.5    1361.3759      0.00000      0.00000
 1971.5    1361.0399      0.00000      0.00000
 1972.5    1361.1002      0.00000      0.00000
 1973.5    1360.8647      0.00000      0.00000
 1974.5    1360.7710      0.00000      0.00000
 1975.5    1360.7155      0.00000      0.00000
 1976.5    1360.6946      0.00000      0.00000
 1977.5    1360.8905      0.00000      0.00000
 1978.5    1361.2162      0.00000      0.00000
 1979.5    1361.6016      0.00000      0.00000
 1980.5    1361.6398      0.00000      0.00000
 1981.5    1361.6833      0.00000      0.00000
 1982.5    1361.2311      0.00000      0.00000
 1983.5    1361.2136      0.00000      0.00000
 1984.5    1360.7904      0.00000      0.00000
 1985.5    1360.6331      0.00000      0.00000
 1986.5    1360.6417      0.00000      0.00000
 1987.5    1360.7828      0.00000      0.00000
 1988.5    1361.1195      0.00000      0.00000
 1989.5    1361.6433      0.00000      0.00000
 1990.5    1361.5521      0.00000      0.00000
 1991.5    1361.5178      0.00000      0.00000
 1992.5    1361.3082      0.00000      0.00000
 1993.5    1360.9427      0.00000      0.00000
 1994.5    1360.7419      0.00000      0.00000
 1995.5    1360.7317      0.00000      0.00000
 1996.5    1360.6761      0.00000      0.00000
 1997.5    1360.8073      0.00000      0.00000
 1998.5    1361.1759      0.00000      0.00000
 1999.5    1361.4800      0.00000      0.00000
 2000.5    1361.6603      0.00000      0.00000
 2001.5    1361.5686      0.00000      0.00000
 2002.5    1361.6332      0.00000      0.00000
 2003.5    1361.1283      0.00000      0.00000
 2004.5    1360.9180      0.00000      0.00000
 2005.5    1360.7004      0.00000      0.00000
 2006.5    1360.6796      0.00000      0.00000
 2007.5    1360.6039      0.00000      0.00000
 2008.5    1360.6097      0.00000      0.00000
 2009.5    1360.6066      0.00000      0.00000
 2010.5    1360.7854      0.00000      0.00000
 2011.5    1361.0692      0.00000      0.00000
 2012.5    1361.1925      0.00000      0.00000
 2013.5    1361.2631      0.00000      0.00000
 2014.5    1361.3862      0.00000      0.00000
 2015.5    1361.4110      0.00000      0.00000
 2016.5    1360.9019      0.00000      0.00000
