2.415203024176906865e+02
2.415456632784241435e+02
2.420440653862580973e+02
2.416908896139566139e+02
2.420325034447871531e+02
2.416925671971904421e+02
2.416830409184321127e+02
2.417298967757747334e+02
2.419984092341201460e+02
2.417411241161304076e+02
2.414186880666918285e+02
2.414130913248012291e+02
2.413670565202789078e+02
2.413800472034949109e+02
2.415050592178130273e+02
2.414622045902574712e+02
2.418422982458645549e+02
2.416344827324717528e+02
2.413285555987311000e+02
2.415700133929596802e+02
2.413043973225123580e+02
2.415326703583718597e+02
2.415087041190432444e+02
2.415077239838213927e+02
2.419297908473172640e+02
2.414742810918128271e+02
2.418889547803834432e+02
2.419081564024806141e+02
2.415711423753086535e+02
2.413074475582810976e+02
2.415569306977322128e+02
2.416248332300146728e+02
2.419572319005514203e+02
2.419969463438117430e+02
2.417340730559157294e+02
2.413804255103926835e+02
2.413199068576920183e+02
2.415338776231190252e+02
2.414132962864949548e+02
2.413822960524600774e+02
2.417302304683115892e+02
2.420227283797753728e+02
2.415689298006923025e+02
2.413758320492540861e+02
2.412774838298652185e+02
2.414089075382583758e+02
2.418154401055589915e+02
2.418806477817203415e+02
2.416290956229418043e+02
2.413952652851617984e+02
2.415064127771213407e+02
2.419032676133624875e+02
2.417032799501628233e+02
2.417788280306629929e+02
2.417004934837062535e+02
2.420272160524368701e+02
2.417273580498206513e+02
2.420418168132619883e+02
2.418723613884827728e+02
2.414692254473752371e+02
2.418087742988152797e+02
2.417657514832924335e+02
2.413220771184811611e+02
2.416792058440908022e+02
2.418936107944201979e+02
2.415266586681373440e+02
2.414617183164660617e+02
2.416533321698223915e+02
2.415358280199305057e+02
2.418753825827295714e+02
2.416685022928881210e+02
2.417544554657084745e+02
2.416189380316877475e+02
2.416526760454607654e+02
2.413562647403822155e+02
2.419400767772660572e+02
2.420646713776920649e+02
2.417127808455303182e+02
2.414861137692186333e+02
2.420988953230540517e+02
2.420230471164457811e+02
2.417696127536152915e+02
2.414433588209537049e+02
2.416937285686033476e+02
2.417006232189472996e+02
2.416739234545263173e+02
2.418320852613351519e+02
2.418856534900334339e+02
2.412514034678518726e+02
2.411442537187067785e+02
2.413980987306314034e+02
2.416015648726552172e+02
2.414905033947468382e+02
2.416696070304874695e+02
2.416799079211242827e+02
2.416238684583629492e+02
2.419685836797705463e+02
2.417995547708096922e+02
2.416781126474922132e+02
2.416090682691658742e+02
2.413051769241938018e+02
2.416298018058800778e+02
2.417167576500801260e+02
2.418882552821893341e+02
2.418716062526334554e+02
2.414702254685023490e+02
2.416699928907214883e+02
2.413657111474061310e+02
2.419804673674725848e+02
2.418688313173758218e+02
2.417477413952030076e+02
2.416913630500565375e+02
2.418352083453545163e+02
2.411181183416809972e+02
2.416056259406113043e+02
2.415795568047051063e+02
2.418683915201298760e+02
2.415352641776620430e+02
2.418427423380248911e+02
2.418004270889304337e+02
2.417101782600684601e+02
2.413262493194553997e+02
2.418793066307291326e+02
2.416816877478517824e+02
2.411158251638313175e+02
2.413674685936312301e+02
2.417477774415260399e+02
2.419569276257237789e+02
2.413216974415484231e+02
2.410006254248506536e+02
2.412244206606291073e+02
2.413058152368706999e+02
2.416363395158789444e+02
2.414805892688292488e+02
2.416638264754502359e+02
2.419265013018458603e+02
2.416266622645662210e+02
2.413869101344698436e+02
2.414959359076910914e+02
2.415150155225969399e+02
2.419065316757512392e+02
2.416305306377238651e+02
2.412298209185471762e+02
2.414744370005113581e+02
2.416726303303321117e+02
2.414899199690741227e+02
2.415297677770707594e+02
2.416326020901775848e+02
2.414469312235770246e+02
2.415761007045312283e+02
2.415403152874091859e+02
2.418375701515318781e+02
2.418630845374638056e+02
2.413107139147979581e+02
2.415522906433045875e+02
2.416219920888309218e+02
2.409137660420967393e+02
2.415492577407515000e+02
2.412190622875586996e+02
2.412972578664387413e+02
2.416613320223454195e+02
2.416923231832049908e+02
2.414496320005260941e+02
2.412047567401857293e+02
2.414510286995184458e+02
2.416330128934646098e+02
2.412432484136705568e+02
2.411782913531338011e+02
2.416199287524736121e+02
2.414413034094796160e+02
2.419417232681018675e+02
2.414563084806528366e+02
2.413320138595799165e+02
2.414189481192462665e+02
2.418671369287783648e+02
2.415967358976071182e+02
2.414691804810879319e+02
2.414221131571088392e+02
2.413665387611358994e+02
2.415041735224222919e+02
2.418715399270606383e+02
2.411398890102833548e+02
2.413869495281107902e+02
2.416194276181991825e+02
2.414634475925238348e+02
2.419281304825081236e+02
2.414484295474344719e+02
2.416802888227817618e+02
2.416993569232687378e+02
2.416011435782097294e+02
2.413912652683151521e+02
2.416407334824048405e+02
2.418151673360302709e+02
2.418322557008749527e+02
2.415250350067994134e+02
2.416122645378157756e+02
2.415489646593128725e+02
2.417227815857568203e+02
2.413349535471291745e+02
2.414858672253124041e+02
