3.403065087398298942e+02
3.403065087424844819e+02
3.403065088426722014e+02
3.403065087772725974e+02
3.403065087936685131e+02
3.403065087814402432e+02
3.403065087419460610e+02
3.403065087151339299e+02
3.403065087701127140e+02
3.403065088265043983e+02
3.403065088531996025e+02
3.403065087417506334e+02
3.403065087452062016e+02
3.403065087349797864e+02
3.403065087499948049e+02
3.403065087908343571e+02
3.403065087346219570e+02
3.403065087747729649e+02
3.403065087348346651e+02
3.403065087683707475e+02
3.403065087093373791e+02
3.403065087639385524e+02
3.403065087697211197e+02
3.403065087526672983e+02
3.403065087376590441e+02
3.403065087713464436e+02
3.403065087740840227e+02
3.403065087294551176e+02
3.403065087155769106e+02
3.403065087851175576e+02
3.403065087641510900e+02
3.403065087469781815e+02
3.403065087480104012e+02
3.403065087670953517e+02
3.403065087585017068e+02
3.403065087498437151e+02
3.403065087955500303e+02
3.403065087386476648e+02
3.403065087823232489e+02
3.403065087693530018e+02
3.403065088235911730e+02
3.403065087946553149e+02
3.403065087737610952e+02
3.403065087354029856e+02
3.403065087357651350e+02
3.403065087815741094e+02
3.403065087752409568e+02
3.403065088142968193e+02
3.403065087582151023e+02
3.403065087954843762e+02
3.403065086939491835e+02
3.403065087590760527e+02
3.403065087776314499e+02
3.403065087514617062e+02
3.403065087292897601e+02
3.403065087615310063e+02
3.403065087452365560e+02
3.403065087611539639e+02
3.403065087893118061e+02
3.403065087209222952e+02
3.403065087475052337e+02
3.403065087536664919e+02
3.403065087385523384e+02
3.403065088219022414e+02
3.403065087309556134e+02
3.403065087125382888e+02
3.403065087359930772e+02
3.403065087513229514e+02
3.403065088198749208e+02
3.403065087395867181e+02
3.403065087152237425e+02
3.403065087975912775e+02
3.403065088009528267e+02
3.403065086866740216e+02
3.403065087115771803e+02
3.403065087319311601e+02
3.403065087403123243e+02
3.403065087951158603e+02
3.403065087651778526e+02
3.403065087381849025e+02
3.403065087387610674e+02
3.403065087429699815e+02
3.403065087254033756e+02
3.403065087033769487e+02
3.403065087620989857e+02
3.403065087554486468e+02
3.403065088248703773e+02
3.403065087233862300e+02
3.403065087579707892e+02
3.403065087586119262e+02
3.403065088094255088e+02
3.403065087350120734e+02
3.403065087612005755e+02
3.403065087513381286e+02
3.403065087716172457e+02
3.403065087528740378e+02
3.403065087618935536e+02
3.403065087400141806e+02
3.403065087993278439e+02
3.403065087279254612e+02
3.403065087096804291e+02
3.403065088061993606e+02
3.403065087491941085e+02
3.403065087990721054e+02
3.403065087444899177e+02
3.403065087235088981e+02
3.403065088041774402e+02
3.403065087428789752e+02
3.403065087353397189e+02
3.403065087446477719e+02
3.403065087940900071e+02
3.403065086966213926e+02
3.403065087581318835e+02
3.403065087702167375e+02
3.403065087662029669e+02
3.403065087416104006e+02
3.403065086910194736e+02
3.403065087426146533e+02
3.403065087607744204e+02
3.403065087346636233e+02
3.403065086811441233e+02
3.403065087455080970e+02
3.403065087388536654e+02
3.403065087275950305e+02
3.403065087745604274e+02
3.403065087042936057e+02
3.403065087591165252e+02
3.403065087631352412e+02
3.403065087130414099e+02
3.403065088004138374e+02
3.403065087433846543e+02
3.403065087412638263e+02
3.403065087836893667e+02
3.403065087761042946e+02
3.403065087357936136e+02
3.403065087702968867e+02
3.403065087444943515e+02
3.403065087697115132e+02
3.403065087621341149e+02
3.403065087549236409e+02
3.403065087351103557e+02
3.403065087511318438e+02
3.403065087154407706e+02
3.403065087843602328e+02
3.403065087537943896e+02
3.403065087410290630e+02
3.403065087581293255e+02
3.403065087189920064e+02
3.403065087104877762e+02
3.403065087473053723e+02
3.403065087625766978e+02
3.403065087478155988e+02
3.403065088053173781e+02
3.403065087495981516e+02
3.403065087657100776e+02
3.403065087181249169e+02
3.403065087320293856e+02
3.403065087335004932e+02
3.403065087442034837e+02
3.403065087613352944e+02
3.403065088397304976e+02
3.403065087677253473e+02
3.403065088086846686e+02
3.403065087443850416e+02
3.403065087854525359e+02
3.403065087666620343e+02
3.403065087158743154e+02
3.403065087367488104e+02
3.403065088098252886e+02
3.403065087485376807e+02
3.403065087069235801e+02
3.403065088231273307e+02
3.403065088094608655e+02
3.403065087405003055e+02
3.403065087674347637e+02
3.403065087514615925e+02
3.403065087795072827e+02
3.403065087467537637e+02
3.403065087626789023e+02
3.403065087254510104e+02
3.403065087640028992e+02
3.403065087250807892e+02
3.403065087670004232e+02
3.403065087716587414e+02
3.403065087920035126e+02
3.403065087249236171e+02
3.403065087257323285e+02
3.403065087628942251e+02
3.403065087792338659e+02
3.403065087906639405e+02
3.403065087505328279e+02
3.403065087438712339e+02
3.403065087559268136e+02
3.403065087970621221e+02
3.403065087324579281e+02
3.403065087621092175e+02
3.403065087560348161e+02
3.403065088041664694e+02
3.403065087462660472e+02
3.403065087695438820e+02
