2.410933238721296448e+02
2.408592353946241928e+02
2.412296784606842266e+02
2.410735535195208001e+02
2.410229300520426250e+02
2.412357098529803068e+02
2.407108219499147026e+02
2.414631487009243074e+02
2.411351625500209650e+02
2.413576605199480127e+02
2.412599423788089723e+02
2.411128078282470995e+02
2.411431515086187574e+02
2.408568452941628095e+02
2.414169984098657835e+02
2.411401867653068791e+02
2.412300725668374355e+02
2.411578630813270649e+02
2.411847212085801004e+02
2.413058921533987586e+02
2.411733720062738087e+02
2.411007263246336834e+02
2.414753637793427288e+02
2.411521628172314138e+02
2.408419679817526742e+02
2.408203189186917825e+02
2.416995695780398989e+02
2.409157960906561868e+02
2.408370104794545625e+02
2.412274635550584208e+02
2.415875471115093376e+02
2.410770381039699259e+02
2.408947931836438272e+02
2.413637076443395983e+02
2.409831093930484087e+02
2.411005509873791368e+02
2.414576428523367895e+02
2.408089016040576098e+02
2.413794351823822524e+02
2.410226070256837829e+02
2.411524415094202993e+02
2.416280510336340512e+02
2.414126014401762461e+02
2.413665353401456741e+02
2.412163276385258541e+02
2.413346565051745927e+02
2.410230442461058544e+02
2.405764198672522696e+02
2.406452616309605901e+02
2.415062919772008456e+02
2.412454177468093803e+02
2.415535292380339740e+02
2.414991794926323507e+02
2.412748746432091309e+02
2.415060987982519691e+02
2.416559557214997938e+02
2.412932399935336889e+02
2.409524392665508401e+02
2.411267859632347665e+02
2.410463720407427957e+02
2.412963406657700887e+02
2.409266285772468166e+02
2.414896107131733913e+02
2.412340955726404843e+02
2.412090827912659279e+02
2.412990032581440971e+02
2.413783381801383712e+02
2.414998486171363936e+02
2.416113144056719477e+02
2.413824702095474493e+02
2.412952849464046778e+02
2.412671265373506913e+02
2.412295808558105534e+02
2.412234333762405925e+02
2.412613292322882899e+02
2.413351984577167002e+02
2.413096241389958720e+02
2.411277622369560731e+02
2.415428663111484013e+02
2.415009725124428996e+02
2.412163638528282092e+02
2.408348396900365742e+02
2.410716711236688923e+02
2.415083798085227045e+02
2.414891027695794889e+02
2.414233713373544390e+02
2.419474479278261185e+02
2.414801181309635751e+02
2.414964622967252126e+02
2.415105450514878385e+02
2.413754916600051672e+02
2.414529589077350238e+02
2.410486733130951507e+02
2.410954972445756823e+02
2.413788454878974505e+02
2.413960945850315056e+02
2.410380509608050090e+02
2.409413950252690881e+02
2.412010032646182935e+02
2.412838477475750096e+02
2.413999040466527788e+02
2.413258791812046695e+02
2.416329472383903010e+02
2.418277184766219250e+02
2.416453819966993422e+02
2.412196970068074222e+02
2.410627648334232163e+02
2.413164843298097821e+02
2.418878201103518961e+02
2.417520069465618064e+02
2.411717492722885652e+02
2.413686046773811711e+02
2.416202510080416062e+02
2.411273590096967894e+02
2.411634865832036496e+02
2.411750213168631092e+02
2.414863697487448064e+02
2.413871806529043340e+02
2.415685264776680015e+02
2.418092528539607429e+02
2.417428821463285828e+02
2.415718341760608894e+02
2.415560632528209908e+02
2.413613514335898174e+02
2.409876766738760807e+02
2.412021512014927964e+02
2.410906239793200427e+02
2.408809822509617788e+02
2.412749466668265086e+02
2.412875600936635294e+02
2.415541820798636365e+02
2.413504943772726392e+02
2.413182789836227187e+02
2.411501793500170834e+02
2.413161007487903191e+02
2.409561855053871966e+02
2.411079808869046985e+02
2.415359702876928338e+02
2.416567977407796661e+02
2.412632477601692926e+02
2.414115995054667110e+02
2.413474712073303579e+02
2.413100762531783232e+02
2.412810780271709064e+02
2.416318931479616197e+02
2.412535287196598404e+02
2.411741077355428615e+02
2.414431887667703052e+02
2.414665462843534840e+02
2.412741495681559911e+02
2.419048535531316020e+02
2.413050687967675856e+02
2.409940941828361929e+02
2.409477538264556813e+02
2.409666565411205568e+02
2.411369912744683006e+02
2.411185699708042875e+02
2.405084562476346548e+02
2.412274189841740792e+02
2.418719381286543637e+02
2.412169054502331846e+02
2.410744495033573003e+02
2.417200017884490819e+02
2.412041817681457871e+02
2.408227776339234367e+02
2.405102525519052961e+02
2.408441115520987239e+02
2.414871992520942001e+02
2.413683506191233334e+02
2.412045440075421538e+02
2.411121696052975665e+02
2.412535853960212364e+02
2.410830143254837878e+02
2.411147321552961387e+02
2.417641690053672221e+02
2.413376790532129519e+02
2.409852283541575559e+02
2.410210076140315323e+02
2.412089156725860732e+02
2.416882570968524249e+02
2.414876763075931478e+02
2.413659386188449787e+02
2.413076940093701808e+02
2.412236757512395400e+02
2.417217808264215080e+02
2.418109135640100646e+02
2.419138139931463627e+02
2.417270193541935157e+02
2.414125903981925774e+02
2.412842694809602335e+02
2.414870044909484079e+02
2.416065667725118544e+02
2.414469637299894202e+02
2.415876984301914092e+02
2.412138655780847500e+02
2.413131869219350563e+02
2.418008677071071304e+02
2.414592394507020856e+02
2.413518695014608113e+02
2.416123181961177409e+02
2.415766266608040098e+02
2.417469681694619794e+02
2.415717267665336294e+02
2.415934085551321004e+02
2.417123316578050947e+02
2.414629991615969686e+02
2.411758095339927195e+02
2.415506434939208020e+02
2.418725487697261087e+02
2.412222321166300389e+02
2.409221290451802417e+02
2.413695472640257265e+02
2.415283014683697047e+02
2.411945446254857472e+02
2.411899822325678997e+02
2.413314181250038075e+02
2.411824973244312389e+02
2.412171720865028703e+02
2.411557470021386678e+02
2.416011426344457789e+02
2.417421799556585995e+02
2.414187517065553266e+02
2.413485782048195745e+02
2.417168994323078550e+02
2.417891943773589389e+02
2.412056864561137388e+02
2.414422325214849252e+02
2.416980730905868597e+02
2.415257798274119523e+02
2.414640763996756903e+02
2.415513384208068146e+02
2.411925912204167162e+02
2.415083176583661952e+02
2.412768169086865839e+02
2.416023139455575119e+02
2.415075266368422433e+02
2.410269957984343989e+02
2.415850558964292816e+02
2.411156379881741429e+02
2.415465170774031378e+02
2.412982352237049781e+02
2.414005252155070593e+02
2.416878166666572554e+02
2.416984087641145322e+02
2.411621492788405305e+02
2.414928176440610059e+02
2.416979820163610384e+02
2.412789718779921486e+02
2.409483100749013147e+02
2.419898244088083459e+02
2.414816337397589621e+02
2.411117229295204254e+02
2.412705673468850307e+02
2.419919433041640104e+02
2.417302638839738904e+02
2.416323529612292589e+02
2.410260944511868502e+02
2.410664189007973164e+02
2.408077424436870615e+02
2.414483404024295226e+02
2.415108382387815311e+02
2.415131394686725059e+02
2.415473299481137985e+02
2.414703089070990529e+02
2.416614667023585241e+02
2.415811579187190716e+02
2.415508961195886002e+02
2.413641304374355059e+02
2.411709747093819942e+02
2.409879265033760305e+02
2.410658431044518011e+02
2.412050167261394620e+02
2.416211977629178307e+02
2.416288427756871613e+02
2.419450098224506007e+02
2.413813677607322177e+02
2.414780978015363360e+02
2.414933342274867130e+02
2.415905719051614540e+02
2.414807244566974020e+02
2.416911839060852571e+02
2.417637057405012229e+02
2.414307515783140161e+02
2.413404326439901126e+02
2.416788272712348089e+02
2.417537212018601451e+02
2.413162341640211537e+02
2.418817443683530826e+02
2.419766720527926509e+02
2.422450154395462505e+02
2.416482228778911576e+02
2.413016736419108383e+02
2.413765479497158140e+02
2.418808183215755889e+02
2.417713333635734614e+02
2.419294830795490441e+02
2.415319384413448631e+02
2.416083544671953405e+02
2.421718686192620851e+02
2.421077284102445901e+02
2.418406009406847659e+02
2.415009133977788451e+02
2.424734658261139941e+02
2.414489484929745231e+02
2.411155182044923322e+02
2.414820735104310359e+02
2.414763030614531090e+02
2.417385437262799144e+02
2.411831437094784576e+02
2.412230345793495587e+02
2.417258947087792649e+02
2.412645209380027893e+02
2.412659063342373713e+02
2.411548601580985576e+02
2.413149145052414042e+02
2.413151761594259312e+02
2.417005059895202805e+02
2.411856297201687767e+02
2.411716343206346949e+02
2.417843812664616223e+02
2.418355508552225785e+02
2.417957053125157074e+02
2.415790212753700814e+02
2.414476393120992554e+02
2.415789751255263980e+02
2.414829225136326443e+02
2.412997246291234035e+02
2.416205374748807060e+02
2.411359725355063119e+02
2.409037021567378076e+02
2.414485959254948284e+02
2.411853563058525367e+02
2.412424146202589554e+02
2.414028616298892302e+02
2.412486399981098657e+02
2.412448100590720514e+02
2.413364047638599459e+02
2.416615904019641619e+02
2.415770722147302649e+02
2.414296348641865109e+02
2.413119532337015016e+02
2.419109770912826036e+02
2.412229421144139963e+02
2.414261415632831529e+02
2.412180564121155157e+02
2.412347285981824427e+02
2.416067845703367709e+02
2.415963377959093634e+02
2.414540795588766002e+02
2.416916984832184028e+02
2.415446617488255470e+02
2.416342632862124731e+02
2.414701850426633598e+02
2.413889177464226634e+02
2.415798682731172846e+02
2.413585728351102659e+02
2.410853354575626497e+02
2.410964605898262505e+02
2.413177901945203985e+02
2.417516500040587459e+02
2.415525327566425347e+02
2.413603566474798470e+02
2.413770115425025153e+02
2.417867557529854423e+02
2.416107843760038350e+02
2.415211049781280792e+02
2.416378901939573325e+02
2.416889987393101364e+02
2.410904782053075053e+02
2.414598248792702009e+02
2.418110026697542878e+02
2.420748118773517774e+02
2.412103876471836941e+02
2.412239903482775389e+02
2.416561822063952434e+02
2.419398163542203122e+02
2.413927736561138602e+02
2.416538100062643650e+02
2.420153156691416143e+02
2.413929991387629741e+02
2.414530351028138568e+02
2.411456106030601347e+02
2.417408402024120733e+02
2.410580617785670938e+02
2.412546153835562848e+02
2.412389403146470102e+02
2.412498192182024184e+02
2.416719815790289374e+02
2.411935238725573925e+02
2.408627802936094611e+02
2.416393008289527131e+02
2.411360116065919783e+02
2.412926457367247792e+02
2.416744797633707549e+02
2.419025750604613734e+02
2.417056540565983767e+02
2.417263149821576178e+02
2.409158069799638326e+02
2.412225810991190826e+02
2.414026672305633667e+02
2.412701426723713496e+02
2.415030312178844554e+02
2.414074331108015770e+02
2.412843235805014785e+02
2.411195404003092335e+02
2.414350535542737362e+02
2.418682711916927417e+02
2.416051223688928076e+02
2.415287606517458698e+02
2.421067878648194949e+02
2.421355529282578800e+02
2.416544454138276308e+02
2.413271161235272757e+02
2.416325989497096316e+02
2.414432118456633134e+02
2.415333927635482212e+02
2.416939953214512116e+02
2.413930342354286722e+02
2.413889133758493983e+02
2.412042523732943380e+02
2.414011118390069441e+02
2.410550937497477264e+02
2.411169893872638568e+02
2.413068710463184345e+02
2.413985033892184617e+02
2.413934402388905198e+02
2.418237409125556212e+02
2.417210388314808540e+02
2.417024888081903953e+02
2.415946545291232894e+02
2.417720688408703893e+02
2.420355655681382530e+02
2.417028874276319357e+02
2.415591966218117648e+02
2.422053054961392888e+02
2.414234075829058384e+02
2.411207222035922939e+02
2.414735579608142473e+02
2.414650375883156812e+02
2.418811202767757322e+02
2.415610870877650314e+02
2.409763352549694844e+02
2.410032011560275294e+02
2.415782119183712950e+02
2.408980453666796393e+02
2.411552738886941825e+02
2.415670752955298610e+02
2.410212400862649531e+02
2.411104324922805233e+02
2.409091769269206509e+02
2.416193803697768772e+02
2.411884168449041681e+02
2.408718766693044699e+02
2.412781777337083895e+02
2.410710430448784791e+02
2.410436437794291180e+02
2.416749469068929557e+02
2.415767222310082616e+02
2.409003234974052532e+02
2.406679438597918761e+02
2.413187261271748412e+02
2.414646622788172010e+02
2.417047700133567503e+02
2.414094273093015772e+02
2.417365273460727906e+02
2.413288328955561894e+02
2.411449650086480858e+02
2.410099226685634903e+02
2.412555724475765544e+02
2.413159346898953856e+02
2.417632011630937541e+02
2.416794687811885467e+02
2.416604923586270388e+02
2.411537366523920412e+02
2.414049210523934619e+02
2.414406610738166137e+02
2.410151958020187806e+02
2.415990366896042190e+02
2.418364956080424406e+02
2.420164037418517182e+02
2.417510206071917764e+02
2.418044417366002108e+02
2.413409752982570069e+02
2.413400427152919008e+02
2.416433815632569804e+02
2.415260501295588540e+02
2.414183886592116721e+02
2.423761477389466279e+02
2.415171577693531333e+02
2.413326766337764582e+02
2.416534762344994078e+02
2.417850602659000572e+02
2.413675769424821453e+02
2.411975090634568915e+02
2.414277416765867201e+02
2.412267574429399701e+02
2.413745055280933229e+02
2.416821974573803971e+02
2.420890069880149156e+02
2.421538672912771517e+02
