2.867805805394392564e+02
2.868176026300650960e+02
2.868248538325191817e+02
2.868066246752314896e+02
2.868132512951519857e+02
2.867339118981932984e+02
2.866958914599718469e+02
2.869751390831103777e+02
2.868336857205546835e+02
2.868480629969688493e+02
2.867706699275391315e+02
2.867699009147721085e+02
2.867123554785586634e+02
2.867443088026607825e+02
2.869188895400786237e+02
2.867956173490963465e+02
2.868889358598576678e+02
2.867945011074437502e+02
2.868652919893060584e+02
2.868713350042933712e+02
2.868521586842869624e+02
2.868521545020088865e+02
2.868760637272435474e+02
2.867837927682567738e+02
2.866889555549189481e+02
2.866722020570850873e+02
2.869464470537001830e+02
2.867676939766402597e+02
2.866840722425873764e+02
2.868156695147279720e+02
2.869503091522385034e+02
2.867015314286538796e+02
2.867907518775591029e+02
2.868116020885379953e+02
2.867718768494456185e+02
2.868486584596512330e+02
2.868603511325456452e+02
2.868048674077052169e+02
2.869025887926741802e+02
2.867698167785800365e+02
2.869070700341973748e+02
2.869938284244096849e+02
2.869112990157483978e+02
2.868193781092585368e+02
2.868420103802822041e+02
2.868566738288470219e+02
2.867168209231123797e+02
2.866145464102660299e+02
2.866873945850620657e+02
2.868720166229400093e+02
2.868857720380045748e+02
2.869209977313104787e+02
2.869363316453732295e+02
2.869219468054556614e+02
2.869162006705594195e+02
2.868802264298814748e+02
2.867835227314848794e+02
2.867056130378932153e+02
2.867894221943965931e+02
2.867559499798980482e+02
2.867751840656468403e+02
2.868147046623428764e+02
2.870547175782145928e+02
2.868582387644373739e+02
2.868710621489568098e+02
2.868039568009141362e+02
2.868850854534697987e+02
2.870053962748028766e+02
2.869080304275910862e+02
2.869490527788627787e+02
2.868933682939574510e+02
2.868849127554872211e+02
2.869347998698218021e+02
2.868781450545616281e+02
2.869420798732847402e+02
2.868610239383374392e+02
2.867890415286319694e+02
2.868863764567751105e+02
2.869352954364507582e+02
2.869375146553482523e+02
2.867706414237873105e+02
2.866752619904445964e+02
2.868234563821561096e+02
2.868790234025909740e+02
2.868998031569653904e+02
2.869626552633639562e+02
2.869980098730575833e+02
2.868893334246163249e+02
2.869019758756747933e+02
2.869610012325938442e+02
2.869152944015291382e+02
2.867867532946258393e+02
2.867580281240053637e+02
2.868372759288274665e+02
2.868499226159266300e+02
2.868800123147274803e+02
2.867957336805264390e+02
2.867443866243956450e+02
2.868457832851390208e+02
2.869232507627518771e+02
2.868937857413839652e+02
2.869227426094292355e+02
2.871649343419118736e+02
2.870450876472611981e+02
2.869500404193785243e+02
2.868181404433306625e+02
2.868085725431482729e+02
2.868435675645870901e+02
2.870400426816120785e+02
2.870008819696548130e+02
2.868271552317331725e+02
2.869608386757487892e+02
2.869373612873736761e+02
2.868970556934304454e+02
2.868692643026525957e+02
2.868903168666477654e+02
2.869798444691877535e+02
2.869379184466704942e+02
2.869885833052366593e+02
2.870294003410650703e+02
2.870035144279363521e+02
2.869993376704356365e+02
2.869251694267398989e+02
2.868571033358898603e+02
2.867399643351005238e+02
2.867391849456122941e+02
2.866683039680452225e+02
2.867684444525941672e+02
2.867542943241200533e+02
2.867881607955164895e+02
2.869377752603544991e+02
2.868363069016040754e+02
2.868003985274432921e+02
2.868006545751262024e+02
2.868245511184824181e+02
2.867987320366887616e+02
2.868312387448224285e+02
2.869916398543077207e+02
2.869576565832013557e+02
2.868777158547302975e+02
2.868819962561264560e+02
2.868875304735591953e+02
2.867682069232500339e+02
2.869018720608932540e+02
2.869458229526238711e+02
2.868583481425653758e+02
2.868129554104567660e+02
2.869239224944735156e+02
2.869557955449344604e+02
2.869112393209468905e+02
2.870351496313197117e+02
2.867864422541444469e+02
2.867203456301492110e+02
2.867101547682460136e+02
2.867339257614053736e+02
2.867265290653011789e+02
2.866929115811860811e+02
2.866457356728898276e+02
2.868640834784720823e+02
2.870568048354593316e+02
2.868612254977053908e+02
2.869372781772298708e+02
2.870392740478935707e+02
2.868062748111065616e+02
2.865717848384782087e+02
2.866156347055336369e+02
2.867169989154836571e+02
2.869456860781447745e+02
2.868303479520637893e+02
2.867150494646832612e+02
2.867150714274832239e+02
2.867527579743260162e+02
2.867313949707444749e+02
2.868127139048595495e+02
2.870179589764463230e+02
2.868322173435724380e+02
2.867533945075576867e+02
2.867886553055801642e+02
2.868763924713807683e+02
2.870388140168755058e+02
2.870015623200433765e+02
2.869603627732084874e+02
2.868977049906864636e+02
2.868930367939576058e+02
2.871057611114748056e+02
2.871411076813228647e+02
2.870911017086910419e+02
2.870185471293279420e+02
2.869395924052816440e+02
2.868850472900488171e+02
2.869624162681805046e+02
2.869136527877436720e+02
2.869152593314583441e+02
2.869198676989020100e+02
2.868675048410897830e+02
2.868906469347899701e+02
2.870309213893301603e+02
2.869174916005613909e+02
2.869172129769416415e+02
2.869737705595135253e+02
2.869665245458008371e+02
2.870497157960730306e+02
2.869633618683834015e+02
2.870109062443861490e+02
2.870247919366053679e+02
2.869828991100952749e+02
2.868483456762679111e+02
2.870059077036727899e+02
2.869818850661369538e+02
2.867592374713461254e+02
2.867623832935107657e+02
2.868468346222346099e+02
2.868702243922141975e+02
2.868946440468951664e+02
2.868614350357213425e+02
2.869711138214202606e+02
2.868305760834273883e+02
2.868285598687376137e+02
2.868916621930340511e+02
2.870597570367623348e+02
2.871117079880900178e+02
2.869887728988940694e+02
2.869592370072768972e+02
2.870813352059368526e+02
2.871188548855356544e+02
2.868515175553596919e+02
2.869909532042626665e+02
2.869623203973908403e+02
2.870032872449799015e+02
2.868546859801767255e+02
2.869463319833648711e+02
2.869057103989494522e+02
2.869110179828397804e+02
2.869148993620196961e+02
2.870323998544166102e+02
2.868460150322345612e+02
2.867912020103021291e+02
2.868452944599955003e+02
2.868082336861406247e+02
2.869844909706152976e+02
2.869148501649173681e+02
2.868646024755984740e+02
2.870197596045545083e+02
2.869848219531213545e+02
2.868760261391570339e+02
2.870319830586217904e+02
2.870153165501502031e+02
2.867804924691704969e+02
2.867876445779367600e+02
2.870003777664383620e+02
2.868674485823330542e+02
2.868130099358464236e+02
2.869373273388569032e+02
2.870924912017350152e+02
2.870268134578198556e+02
2.869680316373551250e+02
2.867885553589471215e+02
2.866948731356866347e+02
2.866843283654911261e+02
2.869255031391816146e+02
2.869032333055110939e+02
2.869927039586725073e+02
2.870083217241404441e+02
2.869693071827067001e+02
2.869832401622903149e+02
2.870004847661835470e+02
2.869647552110114930e+02
2.868313119760893528e+02
2.868048736033486534e+02
2.867958850933023314e+02
2.868145843562670620e+02
2.868054628217142294e+02
2.869616861582107390e+02
2.870625155461550548e+02
2.870439979554064962e+02
2.870244836368823940e+02
2.869162429727136328e+02
2.870492934454076135e+02
2.869833076904721452e+02
2.869436764763606220e+02
2.870428621109626306e+02
2.870070762546826586e+02
2.869168245669148405e+02
2.869644167011974218e+02
2.870160743628206319e+02
2.869998097189800887e+02
2.869511183425618128e+02
2.871413230058765862e+02
2.871937134807905636e+02
2.871843814217797899e+02
2.870010425036126094e+02
2.869357505837593294e+02
2.869654813805432241e+02
2.871146901093184738e+02
2.871067870344817834e+02
2.871257392968079785e+02
2.869831848580815290e+02
2.870648520375739281e+02
2.871721109941348118e+02
2.871499994967326188e+02
2.870421205058399323e+02
2.870628277406248117e+02
2.871719532869427098e+02
2.868990192435820745e+02
2.868122270422575752e+02
2.869444935207320100e+02
2.869003654770769458e+02
2.868998008763540497e+02
2.868218865615554023e+02
2.869105209249425457e+02
2.869725246598937929e+02
2.867967712722660849e+02
2.868523721467680048e+02
2.868140579995351800e+02
2.868949531212097099e+02
2.868826741519563370e+02
2.869512309361040820e+02
2.867459691048824197e+02
2.868526750801337926e+02
2.870592968547869077e+02
2.870804696697111353e+02
2.870748349591567035e+02
2.869870087010610291e+02
2.869006536053215655e+02
2.869547495102436301e+02
2.869070218439559881e+02
2.868602283986202792e+02
2.869387914231691070e+02
2.867726420934928342e+02
2.867681250739904044e+02
2.869296248523584723e+02
2.867612397999276368e+02
2.868730750908028995e+02
2.868838553364017798e+02
2.868454259831792115e+02
2.869319914363164230e+02
2.869344783297631238e+02
2.869891306162191995e+02
2.869497911435774427e+02
2.869409085291200086e+02
2.870393125994207821e+02
2.870702545452874688e+02
2.868059617684769478e+02
2.868972074326978827e+02
2.867728167757558708e+02
2.869093493061504319e+02
2.869342891679941090e+02
2.870072457742580241e+02
2.869415119188435028e+02
2.869664453084446905e+02
2.870358170371635538e+02
2.869932220956124524e+02
2.869491975655767533e+02
2.869231775414935441e+02
2.869117740598950377e+02
2.868742241659817296e+02
2.867833939347192995e+02
2.867960007305786689e+02
2.869318043490156924e+02
2.870215418467981863e+02
2.869844487986939043e+02
2.868397271209520909e+02
2.869606890289586545e+02
2.870162464328694796e+02
2.868804310573556222e+02
2.869791350073547846e+02
2.870682870845300840e+02
2.869288451419899388e+02
2.867975152497355680e+02
2.869138862953416833e+02
2.870843529986187264e+02
2.870707183104186697e+02
2.868364511116424751e+02
2.869036533361942816e+02
2.870233423860808557e+02
2.870487995821897016e+02
2.869245222007563711e+02
2.870060079063254648e+02
2.870872310434410792e+02
2.868918677393851908e+02
2.868885313865123976e+02
2.869261712483648807e+02
2.869589221365734488e+02
2.868241677213409275e+02
2.868904210975957199e+02
2.868603074309839940e+02
2.869084342929745048e+02
2.869048314340552110e+02
2.867529474207869384e+02
2.867455050872646893e+02
2.869065968805444413e+02
2.867591779634998375e+02
2.868628329680045681e+02
2.870563266744446196e+02
2.870829466441650197e+02
2.870591668804893857e+02
2.869387733620918084e+02
2.868244557336136609e+02
2.868997089414143602e+02
2.868847486423849773e+02
2.868827524136764282e+02
2.870222243792165955e+02
2.868504254880912185e+02
2.868687943776128577e+02
2.868565535587557065e+02
2.869609635057625496e+02
2.871120061017591070e+02
2.870244523004040502e+02
2.870171125657067250e+02
2.871955492048471683e+02
2.871484292779546763e+02
2.869248048665996293e+02
2.869522173930570261e+02
2.869985229088724168e+02
2.869564622828350480e+02
2.869510608964997687e+02
2.869704679359242618e+02
2.868962438790389911e+02
2.868465155358953211e+02
2.868506841042865858e+02
2.869266813620536141e+02
2.867363328942599310e+02
2.868357504855158027e+02
2.868484617556777607e+02
2.869747396517932998e+02
2.870076473177637695e+02
2.870628356278706406e+02
2.870118781389634819e+02
2.870961183493668045e+02
2.870440357526658204e+02
2.871795773441940014e+02
2.871486071760904792e+02
2.870662623775872930e+02
2.870234779078656970e+02
2.871500559613897394e+02
2.869428961815261232e+02
2.869414140356796565e+02
2.870159202466025476e+02
2.869754648612156984e+02
2.870203661416184673e+02
2.869240455266737513e+02
2.867295370960426339e+02
2.867680962334044921e+02
2.869328525616695629e+02
2.866454696661463117e+02
2.868081223602069940e+02
2.868721685487717536e+02
2.867755677094343127e+02
2.867455831595847826e+02
2.867299708492329273e+02
2.869460388871582950e+02
2.868089423798048756e+02
2.866747436857727394e+02
2.867847960933211766e+02
2.867173656960215453e+02
2.868825931550803148e+02
2.870003339527331150e+02
2.868608375482812107e+02
2.866834922022687238e+02
2.867372305206584429e+02
2.868756339789842968e+02
2.869700185985147982e+02
2.870387168192760896e+02
2.869487175015064508e+02
2.869999252647201615e+02
2.868754609851796999e+02
2.868077820299385507e+02
2.868174745200986422e+02
2.868972117063543124e+02
2.869478699352749800e+02
2.870369953679609694e+02
2.870148602800056210e+02
2.869367454563790147e+02
2.868072954245134270e+02
2.868900545093040364e+02
2.868279780114764321e+02
2.868435455319456082e+02
2.870211999772479885e+02
2.871761524321480010e+02
2.871747896801658158e+02
2.870290242335861990e+02
2.870443107904271756e+02
2.868605559098759272e+02
2.869535292097269235e+02
2.870120616475534803e+02
2.870216180371185715e+02
2.871046569181513064e+02
2.871956240415812545e+02
2.870265833209743391e+02
2.869834505112617649e+02
2.869980315002894713e+02
2.870050967707076097e+02
2.869622772086268583e+02
2.868858704172276930e+02
2.869013838049535821e+02
2.868913600594538593e+02
2.870248609992888760e+02
2.871300961004783971e+02
2.871996801122713805e+02
2.872886470689631437e+02
