2.867918745401937031e+02
2.867950026589199410e+02
2.869964510964521764e+02
2.871447236169888697e+02
2.871610516575564702e+02
2.868501236336689431e+02
2.867409481125649222e+02
2.869192009678949375e+02
2.870054172002357404e+02
2.868416966042407807e+02
2.867355545165057720e+02
2.869434363013403413e+02
2.871067756288373403e+02
2.869056765851840396e+02
2.868783689058540745e+02
2.867892305780624724e+02
2.869399760709321185e+02
2.871254043342371460e+02
2.866909830924558378e+02
2.868305897174943198e+02
2.870031166599919175e+02
2.868499587727139328e+02
2.869289213708191255e+02
2.870827182433479265e+02
2.870066600661002099e+02
2.868062797308539302e+02
2.866527533966764736e+02
2.869133669105135596e+02
2.871398535280858937e+02
2.869226747536063158e+02
2.868145538709408129e+02
2.869615944147544724e+02
2.871330971751273182e+02
2.871358184031954011e+02
2.865736230058741967e+02
2.865611649122448625e+02
2.868796946119666700e+02
2.871519424949496511e+02
2.870079988081629381e+02
2.867298262297537121e+02
2.868328682736665769e+02
2.868887131563564026e+02
2.869113400817383877e+02
2.868920181244868672e+02
2.868371877655195590e+02
2.870475059047866466e+02
2.869815950617204976e+02
2.869691040975740748e+02
2.870747945095271234e+02
2.871745583342337795e+02
2.869476692085730178e+02
2.868060058183947376e+02
2.869166667007763749e+02
2.869615443232688108e+02
2.869109125805784970e+02
2.866934178319910416e+02
2.869671711867390513e+02
2.870972069329794749e+02
2.868830656646920829e+02
2.868844003665822129e+02
2.869955287139662232e+02
2.867974152464081499e+02
2.866522221836052609e+02
2.869088850677472919e+02
2.869423786664083309e+02
2.867568852404137374e+02
2.866702899648552716e+02
2.868987676063202912e+02
2.872535199317586034e+02
2.873466349456036255e+02
2.872301863477429720e+02
2.869095246672948747e+02
2.868260970634860882e+02
2.869696428418847063e+02
2.872569184349278544e+02
2.869230276784509215e+02
2.868352782671447017e+02
2.870065365276072953e+02
2.872340423744199711e+02
2.870829204746190157e+02
2.871032750453924223e+02
2.872007321928063561e+02
2.871540138625027225e+02
2.869077268520175039e+02
2.869659637001213923e+02
2.870110605730566817e+02
2.873171867139692495e+02
2.873085346082071396e+02
2.872667560629737977e+02
2.870828134775886156e+02
2.871401938921872556e+02
2.873243360803519408e+02
2.872716664597732006e+02
2.870125565405652992e+02
2.869381234162880787e+02
2.871865940828387238e+02
2.872123182707110800e+02
2.868739281758661832e+02
2.870206516645947659e+02
2.871596418020362762e+02
2.871632689644740708e+02
2.870809774375114216e+02
2.870590687514834940e+02
2.872572511531138275e+02
2.872186870080625454e+02
2.869953007713702391e+02
2.870202795454454190e+02
2.872032755430649900e+02
2.871516193327367432e+02
2.870680848214095136e+02
2.873351500489645218e+02
2.872923123607103548e+02
2.869296304645655482e+02
2.868745804115628744e+02
2.870048627223382027e+02
2.870233404846430858e+02
2.868298964285198167e+02
2.869188429152765138e+02
2.871133856042868615e+02
2.872498300662588235e+02
2.870619693175307248e+02
2.867179505075592374e+02
2.869426156810898192e+02
2.871462310166842258e+02
2.871896779470026786e+02
2.872523111043414588e+02
2.869991731572442859e+02
2.869485328905558958e+02
2.871919336405067611e+02
2.871449513044759101e+02
2.871883266625206375e+02
2.870393686873470074e+02
2.872857193669328240e+02
2.873548416255366647e+02
2.871861262753465667e+02
2.871565363983014549e+02
2.872045231500584919e+02
2.873969312259370668e+02
2.872077328573615773e+02
2.871659869003505037e+02
2.874112915434401998e+02
2.875503736653272426e+02
2.873429458243663248e+02
2.871646658511543251e+02
2.872049563748321930e+02
2.874394708870676141e+02
2.875630626449910778e+02
2.876985085589257665e+02
2.876354149291633462e+02
2.874908510498339069e+02
2.871518707955570449e+02
2.873186756521022858e+02
2.875936385325429683e+02
2.876447939412954042e+02
2.876894111556269422e+02
2.877259350096594517e+02
2.874185229918322193e+02
2.875469609757640796e+02
2.878362547607567876e+02
2.878575660347000849e+02
2.874525252647841853e+02
2.874936032506632273e+02
2.879109893721110893e+02
2.878943233214686757e+02
2.877692033250003192e+02
