2.398870218543268891e+02
2.398225114835418879e+02
2.399479118314427808e+02
2.396879343402614211e+02
2.398284131466695044e+02
2.395270091610154850e+02
2.395889102447949881e+02
2.399021119007447851e+02
2.395905963298165773e+02
2.392837265528786190e+02
2.394765618750416536e+02
2.394510298856972383e+02
2.394755339108499754e+02
2.391637475671965092e+02
2.392896597600966118e+02
2.396727539190902974e+02
2.394867640460589939e+02
2.392504732466296957e+02
2.395096247628649735e+02
2.392974973828718532e+02
2.392708933513729050e+02
2.392890451548316548e+02
2.396953652938790356e+02
2.395073426740868854e+02
2.393384751108752653e+02
2.392774466792692749e+02
2.394642690843874391e+02
2.389740424076914849e+02
2.391119426006613367e+02
2.394810883885328110e+02
2.390364303929952996e+02
2.392434949890804319e+02
2.392890570681383053e+02
2.395025164639993420e+02
2.390232440629305302e+02
2.389708735641963528e+02
2.395873620774707149e+02
2.392797378212639217e+02
2.394082188315497888e+02
2.392621460315247077e+02
2.395087921699746403e+02
2.392117431983631093e+02
2.393124071030265725e+02
2.391073168713750476e+02
2.395920468706292752e+02
2.394182816133180438e+02
2.393657489340869233e+02
2.394886159485087376e+02
2.392956121955190838e+02
2.397050261938379379e+02
2.393372476159715916e+02
2.390315537866670184e+02
2.395546451573895865e+02
2.396122380867641652e+02
2.396239310083450675e+02
2.391000044228878494e+02
2.393483358835911758e+02
2.395380106615510840e+02
2.392062271380980008e+02
2.396306483173762842e+02
2.397181646260046648e+02
2.394141688570885833e+02
2.394015904283557177e+02
2.395316632902292042e+02
2.393991194437559500e+02
2.397791326059431185e+02
2.396005811171325206e+02
2.394480733896895401e+02
2.395932657735612565e+02
2.392782145720635469e+02
2.398902757017123406e+02
2.393601191805713881e+02
2.396396928545729850e+02
2.391548029954288097e+02
2.390910493376109400e+02
2.399136460635892263e+02
2.393223828095681256e+02
2.398278097250175449e+02
2.391290596921335236e+02
2.398341058024328447e+02
2.392486346728816216e+02
2.395124781992336978e+02
2.397442654700869298e+02
2.399923117483599810e+02
2.394635075764905139e+02
2.399460490153713579e+02
2.397411235733032129e+02
2.399315855635050241e+02
2.402570557799229789e+02
2.399473614359533542e+02
2.397617556692316612e+02
2.400996967261231418e+02
2.397893706556063478e+02
2.400165698034599302e+02
2.399702066493710788e+02
2.402384245728977703e+02
2.399252239559349391e+02
2.400581441388039821e+02
2.400576541384528753e+02
2.400652767814830213e+02
2.404104531474509940e+02
2.400596438403680679e+02
2.402229040163234970e+02
2.401649676182562700e+02
2.401598561830009828e+02
2.404057206158420286e+02
2.405120227232268917e+02
2.404146593547382338e+02
2.400747982910634448e+02
2.405527817175887151e+02
2.406222415242268653e+02
2.403430229479997706e+02
2.403855391095476079e+02
2.404744952221996925e+02
2.409648123170404403e+02
2.403280189636327862e+02
2.405259179735990074e+02
2.406385723556527125e+02
2.406429389725551573e+02
2.403824019274973125e+02
2.405999269763135828e+02
2.405685853554202538e+02
2.409945439030906584e+02
2.408259632644908379e+02
2.405763445652951305e+02
2.404457174759820646e+02
2.406398784152632970e+02
2.407655425732634740e+02
2.410735843846843807e+02
2.404799734433762808e+02
2.408540041794540230e+02
2.406696199549847677e+02
2.413119519984387296e+02
2.407806496629872584e+02
2.413225239577306809e+02
2.407382179659183521e+02
2.412037636858906353e+02
2.410120671104861856e+02
2.408941264517770549e+02
2.412396445514816889e+02
2.411148425331023475e+02
2.411380816748739733e+02
2.417105601614972841e+02
2.411522845600752305e+02
2.415845546663530286e+02
2.412733600521862343e+02
2.411417917589837145e+02
2.415419661671613767e+02
2.411745407315665091e+02
2.413446590756358603e+02
