9.889782192768359437e+01
9.910470831411841175e+01
9.895738246617084144e+01
9.900498584183266360e+01
9.920357353777706066e+01
9.929244143232716624e+01
9.915364633930302318e+01
9.932355944736355013e+01
9.932849418177990231e+01
9.956030572665567036e+01
9.942323526207606221e+01
9.951766203127924371e+01
9.971095326729881947e+01
9.892901509529424686e+01
9.920421231652665028e+01
9.936889836061432391e+01
9.913567707470149060e+01
9.925064360285263376e+01
9.926542176650262661e+01
9.919145927387211259e+01
9.907428988743909315e+01
9.921047798440200438e+01
9.901469215875194152e+01
9.888474519457925282e+01
9.892325076880631229e+01
9.903210441405337860e+01
9.932933454551339025e+01
9.901631720969493244e+01
9.893737128409105708e+01
9.925070288142234176e+01
9.878700426181704586e+01
9.907409056830120164e+01
9.886046398243244937e+01
9.916202450670505186e+01
9.862081824999511070e+01
9.891072338929483010e+01
9.899577489245037043e+01
9.862223080527810737e+01
9.868565225876649549e+01
9.876804159365319435e+01
9.892176536508765139e+01
9.847078174145570983e+01
9.898310278701517007e+01
9.845074725933756099e+01
9.877957187699325914e+01
9.859986925822808246e+01
9.835735971951136491e+01
9.831352996861807014e+01
9.883721775686073840e+01
9.853449894393473585e+01
9.844672838367485213e+01
9.854855056552815995e+01
9.846574653828120915e+01
9.829335722592013269e+01
9.839938458471733895e+01
9.825788471045161998e+01
9.845924140892952892e+01
9.867823612272896128e+01
9.828595296869070808e+01
9.799521841371586106e+01
9.826252079099849368e+01
9.831143108677285625e+01
9.819443887462601595e+01
9.807216197522528489e+01
9.816914845216378183e+01
9.820830179925916070e+01
9.768384549384965965e+01
9.811309535866543285e+01
9.808116989719904666e+01
9.790447798694907533e+01
9.801451788527656106e+01
9.788588916389458916e+01
9.825931852823431711e+01
9.822201428866164008e+01
9.794694403951012873e+01
9.799295798106612665e+01
9.781366038095093529e+01
9.807371277374545571e+01
9.773948957114335201e+01
9.804531678651402160e+01
9.794254308959615685e+01
9.741241366242621780e+01
9.746790979522182852e+01
9.760791661226350868e+01
9.731101620684707143e+01
9.753278192560755144e+01
9.722973917518474707e+01
9.710453920873219147e+01
9.708063223609302383e+01
9.699531285843499973e+01
9.735988447340552909e+01
9.756054523875290840e+01
9.707771274151558316e+01
9.713014422898601197e+01
9.701041886454082430e+01
9.723401786472599895e+01
9.683278808283898798e+01
9.715920333891227756e+01
9.680023910222143968e+01
9.703750861598656741e+01
9.703988650791329462e+01
9.661854375424809405e+01
9.683554158560612279e+01
9.666765073165420574e+01
9.641599769583410762e+01
9.635661740545687337e+01
9.666480940847327474e+01
9.661235329315316278e+01
9.625161501351392701e+01
9.651956109418172503e+01
9.619415438851257250e+01
9.628259530013558276e+01
9.604606883933813322e+01
9.612857411169323996e+01
9.624870713949529488e+01
9.618570956143223327e+01
9.608784258672967837e+01
9.586728843064635441e+01
9.627860259442648783e+01
9.620452674839434337e+01
9.588637641120656951e+01
9.568966686504337815e+01
9.577877343784193442e+01
9.573154808093734403e+01
9.607015024726513275e+01
9.607281256577722672e+01
9.577911370957467341e+01
9.580996361130071648e+01
9.575994744393466362e+01
9.558574091765957803e+01
9.589793626265232263e+01
9.547902459902286409e+01
9.563996417053992616e+01
9.526692698789658209e+01
9.553649660407263866e+01
9.555727434820671817e+01
9.541126349922888039e+01
9.512909010397682152e+01
9.481896401729606794e+01
9.528982195047251480e+01
9.506673877718850463e+01
9.497399500750087498e+01
9.475292815022176285e+01
9.472609801761036863e+01
9.498205417578407150e+01
9.473110880819335478e+01
9.485059984900402696e+01
9.482845676233144161e+01
9.454803256026487190e+01
9.477601318527371177e+01
