2.869252778364773349e+02
2.870671730957174077e+02
2.869576731797811817e+02
2.868869563358479695e+02
2.870551717289058047e+02
2.868429158035438036e+02
2.868965485272459546e+02
2.870155046497483795e+02
2.869256749134298730e+02
2.869184513494047906e+02
2.870532492538633846e+02
2.869883612899510013e+02
2.868868003602851786e+02
2.868493759824327753e+02
2.869027636347318548e+02
2.871198724584052115e+02
2.870721004130493839e+02
2.870681142349010315e+02
2.871411411282361428e+02
2.871191044525946268e+02
2.870811059718409979e+02
2.871632732634409990e+02
2.872408945515068694e+02
2.871824084268728825e+02
2.871792048567243114e+02
2.872344978919695677e+02
2.872911079210141452e+02
2.870519519863159985e+02
2.872582903306962976e+02
2.873732032296762213e+02
2.871614532231753287e+02
2.873649442239001814e+02
2.874875214770451635e+02
2.874650136749963849e+02
2.872778731318846326e+02
2.875086659898907442e+02
2.876754948694946279e+02
2.875825401071702458e+02
2.876063985686042770e+02
2.876325289164541914e+02
2.876287995740985366e+02
2.876431999222936611e+02
2.877204250446181959e+02
2.876117742373627379e+02
2.878696266642080559e+02
2.878331538797376083e+02
2.879266304165521433e+02
2.879200124287887093e+02
2.879760254451164201e+02
2.880083084859809333e+02
2.879086971056512425e+02
2.878698600152403628e+02
2.880976707348440300e+02
2.881867344952812573e+02
2.881888775349655702e+02
2.879087621863323534e+02
2.881693135804111421e+02
2.882694734785766286e+02
2.882345293154904198e+02
2.883975805989289825e+02
2.884592954422476510e+02
2.882994469025944113e+02
2.883028108378566117e+02
2.884708391327380355e+02
2.885097208515206262e+02
2.885323647444142807e+02
2.884049328046452843e+02
2.886419593436471018e+02
2.885704587425498744e+02
2.885574023273410944e+02
2.888098766370978296e+02
2.886955552276902495e+02
2.887009238667884006e+02
2.884030466943697775e+02
2.886110189619902258e+02
2.889453738221345134e+02
2.887857510956837928e+02
2.889353400194178789e+02
2.888246923551432133e+02
2.890516198578617946e+02
2.888480485018313288e+02
2.890182997012764190e+02
2.891495362549999868e+02
2.892495751963938346e+02
2.891418734104087775e+02
2.893316793009273624e+02
2.893178634007607002e+02
2.894679022802819759e+02
2.895250960635523256e+02
2.894011801859280695e+02
2.894762882243200579e+02
2.895923998695030832e+02
2.895083152310837136e+02
2.897117028391350573e+02
2.896347423328920172e+02
2.897827983717775737e+02
2.898359631418518916e+02
2.898848987890418130e+02
2.898203913741065776e+02
2.899156812463169786e+02
2.899653935382955865e+02
2.898940611945744763e+02
2.900643347952076851e+02
2.900953628566233533e+02
2.901978519223133048e+02
2.904279702207267633e+02
2.904159250310326570e+02
2.902282777599394308e+02
2.902655753629778133e+02
2.905087929803436850e+02
2.905365985198357066e+02
2.904229617979686395e+02
2.904790744229390498e+02
2.906267104485720552e+02
2.908462848178464242e+02
2.906335410996308610e+02
2.907332810965218073e+02
2.909492096851218434e+02
2.909445710852145908e+02
2.908346253484895101e+02
2.908982396879944190e+02
2.910613743461736362e+02
2.912154167361637178e+02
2.911159897211182965e+02
2.911667443592496625e+02
2.911043146606769483e+02
2.912915411486991957e+02
2.914689369553029223e+02
2.915146692772789834e+02
2.913006586799057800e+02
2.915387852153274935e+02
2.915872136462976414e+02
2.916758053610237198e+02
2.916251888240655603e+02
2.917845270924157717e+02
2.917149680563654783e+02
2.918375113941561381e+02
2.917411794395295601e+02
2.918973367157440748e+02
2.920155527549371186e+02
2.920696698596730698e+02
2.921520701730718770e+02
2.923795201993639239e+02
2.922583466571155100e+02
2.922930266760661198e+02
2.922167303498935667e+02
2.923016202346338446e+02
2.924603292958489078e+02
2.924516554093598302e+02
2.926515284948403064e+02
