2.417020377944221536e+02
2.414639256191802303e+02
2.415132972937954037e+02
2.416219765079218575e+02
2.416738334677563955e+02
2.414016579018095570e+02
2.416635856045395485e+02
2.417690884476901374e+02
2.415092933585222852e+02
2.413071684337235467e+02
2.415628157462475940e+02
2.414168842787804579e+02
2.414006752647607073e+02
2.413384796392192868e+02
2.413627517932452804e+02
2.417933311172515687e+02
2.421975052524880709e+02
2.420045883940009617e+02
2.420224954706906146e+02
2.416798691464032061e+02
2.416574599889470676e+02
2.417125284459410466e+02
2.414895723808931507e+02
2.415162038592589795e+02
2.414675404811891042e+02
2.415071590612370471e+02
2.415709465955088717e+02
2.414140117748989667e+02
2.413144385180020208e+02
2.419447378592967652e+02
2.415008824744567448e+02
2.417341539696396637e+02
2.420449479998012237e+02
2.417373063718634114e+02
2.413379588455760825e+02
2.416589941943595647e+02
2.417854991537340084e+02
2.414724617131006710e+02
2.416566161571669227e+02
2.419660032325284647e+02
2.416678928618575526e+02
2.416779315268121593e+02
2.415888822062965744e+02
2.417280100690776123e+02
2.411300026875918832e+02
2.409468193828892879e+02
2.416399745821388194e+02
2.414213861730499104e+02
2.414240387761880413e+02
2.413375151957253877e+02
2.413481615087646333e+02
2.412916557835033302e+02
2.415393993126120620e+02
2.418762976090980885e+02
2.415283530907823888e+02
2.415786894439955859e+02
2.416536107002796996e+02
2.415817261869429160e+02
2.412487499280846350e+02
2.414372686717057661e+02
2.415345779647034590e+02
2.412792049987477583e+02
2.413321892568489204e+02
2.416220340230476324e+02
2.414830016162019604e+02
2.414025379900690211e+02
2.416135482154815293e+02
2.416665788133260548e+02
2.414806895779577474e+02
2.412379964099033316e+02
2.416565167396460936e+02
2.419756357729747833e+02
2.414804755295469079e+02
2.416061330376911940e+02
2.413221302134466271e+02
2.413908058560500933e+02
2.415017397941869604e+02
2.415802797714778478e+02
2.413859926786966810e+02
2.412289123119847716e+02
2.413925188421331711e+02
2.413494936316066912e+02
2.413410643667791362e+02
2.415790466206138660e+02
2.415712190029849751e+02
2.414713344579180330e+02
2.415270384778191044e+02
2.413259177513437805e+02
2.412113307045150350e+02
2.410509060686182750e+02
2.413037404741847922e+02
2.415623778981187115e+02
2.413462999406498000e+02
2.414880480627635961e+02
2.420220456163430356e+02
2.414604354013914644e+02
2.414377966413039758e+02
2.415354586151909189e+02
2.420108970564232038e+02
2.420622391232472239e+02
2.414861312359305714e+02
2.415620289025485192e+02
2.417779007756663532e+02
2.417880979498383738e+02
2.416362761056252282e+02
2.413978490295491213e+02
2.415160233686554250e+02
2.416559423479999111e+02
2.414756077462691337e+02
2.415341642638586563e+02
2.412444441266675312e+02
2.415890034847742527e+02
2.418899598718416826e+02
2.414055673173251932e+02
2.415714596167692889e+02
2.414439305142482510e+02
2.416957180045684481e+02
2.417348977266651389e+02
2.413714054320900857e+02
2.416413288950060405e+02
2.419151188173353830e+02
2.413811775249465370e+02
2.413698005480704580e+02
2.415607628476666378e+02
2.414391869805206170e+02
2.414010122526750877e+02
2.416665266819242390e+02
2.417913555450928413e+02
2.413074575929696550e+02
2.414372120365275407e+02
2.419625345450801603e+02
2.418265024558591847e+02
2.415793473955933734e+02
2.416857519201234084e+02
2.414370604593286487e+02
2.417854697900272924e+02
2.418909957801889448e+02
2.419348553614802313e+02
2.421783974875543493e+02
2.417523876163310206e+02
2.417538232879446412e+02
2.416115005403295584e+02
2.413601211310542283e+02
2.416007071485671247e+02
2.416086890097029993e+02
2.416099915497468373e+02
2.416649488988798282e+02
2.417752674143273168e+02
2.417039932087718910e+02
2.415060394161886279e+02
2.417780445225755273e+02
2.421445177379624454e+02
2.413713814333073344e+02
2.414016528668160788e+02
2.419834458017737688e+02
2.421698870124191956e+02
2.417384307846119782e+02
2.420668882220134890e+02
2.417997165269711104e+02
2.418132248484230615e+02
2.414977046535043144e+02
2.418491672061889801e+02
2.414797931578407315e+02
2.416868291229532986e+02
2.414916143800700468e+02
2.419316323801347437e+02
2.415655011731043942e+02
2.415243648679346506e+02
2.418752057686943147e+02
2.417000038514852065e+02
2.417603678581644147e+02
2.419116207214500776e+02
2.416947972291428925e+02
2.415012239727845724e+02
2.417477170712089674e+02
2.415357625554865706e+02
2.415171655056402642e+02
2.415269234835724035e+02
2.413570800015398561e+02
2.416553789878258840e+02
2.417357182661367858e+02
2.418007769225849017e+02
2.418816224186432464e+02
2.417361243699053546e+02
2.415867969095016576e+02
2.414546617346011317e+02
2.413701031645112209e+02
2.416743891683657921e+02
2.418302252345350780e+02
2.416417679188851082e+02
2.417819117471322841e+02
2.412974967823827228e+02
2.416402516712760473e+02
2.417701918666932670e+02
2.416573426850084161e+02
2.413798408379791738e+02
2.414123815545183618e+02
2.421171568320854419e+02
2.415428843758101323e+02
2.415861363043348717e+02
2.417593853817959655e+02
2.416962474706936348e+02
2.416312837497650889e+02
2.419771639245531958e+02
2.416761650173260421e+02
2.415397990839758222e+02
2.413648255603279722e+02
2.416012347520270680e+02
2.418512310073106448e+02
2.414715086378113540e+02
2.419569828354643732e+02
2.416950866805102294e+02
2.413933122379546319e+02
2.417275063638267909e+02
2.417959377988587164e+02
2.414120356926175930e+02
2.415917388235121734e+02
2.422453632171644813e+02
2.416325799944274593e+02
2.413801839772684446e+02
2.415175786236943338e+02
2.415990171757905216e+02
2.416827718305328005e+02
2.409652856184332279e+02
2.412687979874862378e+02
2.416880891212871632e+02
2.410280388800514402e+02
2.413335082471931230e+02
2.415261934822820820e+02
2.417093379362908365e+02
2.413994521834971749e+02
2.413719011929370311e+02
2.419007038527443854e+02
2.417550421203554549e+02
2.415979835605489541e+02
2.414830664358185004e+02
2.417558504426280308e+02
2.419886271558509918e+02
2.417539819794544655e+02
2.419893678747437491e+02
2.415110479530162593e+02
2.416339309991190021e+02
2.419922005959270734e+02
2.413991821274217671e+02
2.412453877415607906e+02
2.416525465492377691e+02
2.416535357289563137e+02
2.416829168414986952e+02
2.419349410172350190e+02
2.419684713531500222e+02
2.417752765433740478e+02
2.415539368769446753e+02
2.418324030335860471e+02
2.415396071890115479e+02
2.415137738733725143e+02
2.415280373299212613e+02
2.418657629240550193e+02
2.414523104621444816e+02
2.417600478174409773e+02
2.416131794668833948e+02
2.415412033025750986e+02
2.413018857384101068e+02
2.415318984470789303e+02
2.417292705530455521e+02
2.413359418739698583e+02
2.411752622739968501e+02
2.414235578837555920e+02
2.417561713535098704e+02
2.418738048300211005e+02
2.416267719070013129e+02
2.418819303510032626e+02
2.420148374988649778e+02
2.416677910157600024e+02
2.418367880773472791e+02
2.417613571364391873e+02
2.414835812667675725e+02
2.417835787511505714e+02
2.419242977479487990e+02
2.421088308639321269e+02
2.418878659433025859e+02
2.417359962026950768e+02
2.416135510899166832e+02
2.419464274936113668e+02
2.420341654425035358e+02
2.417485159424703340e+02
2.414823419652617815e+02
2.416471068482515818e+02
2.420114359624896281e+02
2.412787071081365582e+02
2.413445210522600064e+02
2.418059422958291123e+02
2.414863556545494703e+02
2.415537938289830606e+02
2.417093235196574597e+02
2.414741443317300025e+02
2.421989617913177710e+02
2.421358346813776450e+02
2.418096830667774668e+02
2.417455492845720926e+02
2.415291186575542781e+02
2.416686113461846617e+02
2.416777291066022997e+02
2.419850176888288331e+02
2.417383974497395229e+02
2.418484315684421517e+02
2.419893578992912637e+02
2.417274608938419362e+02
2.416151583654899753e+02
2.418028566728165458e+02
2.422050145590669672e+02
2.417473165043752772e+02
2.416500680466531321e+02
2.417719518364260409e+02
2.417760077657186457e+02
2.417977643117463060e+02
2.414883365664352084e+02
2.416249209069632116e+02
2.417730841376463502e+02
2.415323715236343958e+02
2.415971788325641683e+02
2.417400733460177946e+02
2.413926986304405773e+02
2.414644726834684434e+02
2.419142123757176535e+02
2.417662549560065202e+02
2.416482275265239252e+02
2.417947328408814656e+02
2.416470440778516604e+02
2.412321573110108375e+02
2.413705842309787784e+02
2.416690951254525714e+02
2.416861626396764393e+02
2.414057385204945092e+02
2.415988278500983313e+02
2.415039004780761331e+02
2.418547951135830942e+02
2.417730870713957074e+02
2.419591434287864047e+02
2.416139502810719648e+02
2.413378948108076827e+02
2.418456697087026441e+02
2.416966143195235475e+02
2.420681203466582474e+02
2.418201381855134571e+02
2.418626970714793458e+02
2.419616468754611276e+02
2.417617205844419743e+02
2.417032226376621793e+02
2.418123072845159243e+02
2.414254338719118493e+02
2.416279924254492641e+02
2.418549006584632934e+02
2.414425202837742006e+02
2.423467834320583449e+02
2.422149670523156999e+02
2.417574356336907329e+02
2.414214976482973327e+02
2.419524502700782023e+02
2.412723825035263019e+02
2.411889048416417154e+02
2.417295890894318688e+02
2.417436932809058590e+02
2.420688098041915737e+02
2.417410935611937077e+02
2.415871869288203868e+02
2.417019003704544104e+02
2.421316646952851954e+02
2.415240494342859847e+02
2.415937481933704021e+02
2.416477430156462560e+02
2.416113020060559791e+02
2.416291564293271392e+02
2.415877378317817374e+02
2.414304884887288836e+02
2.413370775744071750e+02
2.413723263024146490e+02
2.416357332759810106e+02
2.417484113074962124e+02
2.412993857776376387e+02
2.415505051948434811e+02
2.415675774931921751e+02
2.411552317680394708e+02
2.413325607627904503e+02
2.418215938749004579e+02
2.417126389918078075e+02
2.420878519434357656e+02
2.418529155226913474e+02
2.422659800200136431e+02
2.417156136510382396e+02
2.414581758187825926e+02
2.418476482769222287e+02
2.416430894496989765e+02
2.416366516927704708e+02
2.416663808736230123e+02
2.417706863047437764e+02
2.417662971467608486e+02
2.418029356011339530e+02
2.419757060188377125e+02
2.417023868692063786e+02
2.418308356713844489e+02
2.419722887626318482e+02
2.421504433637080922e+02
2.415709031660674100e+02
2.418847510311233009e+02
2.418649177048810941e+02
2.414297908871858169e+02
2.414928533245932840e+02
2.417111732940212221e+02
2.416860404809640386e+02
2.417701240329014638e+02
2.421147725721337736e+02
2.416234972253569140e+02
2.415559229111725870e+02
2.416021075719904445e+02
2.418183343486760180e+02
2.419907513783122113e+02
2.417031878230607447e+02
2.417872967061336738e+02
2.418757192663539115e+02
2.418252665351097903e+02
2.422070704612222869e+02
2.416101216761298929e+02
2.413222452107411584e+02
2.415542301927874007e+02
2.417432274784230231e+02
2.418939871293258363e+02
2.416544573697951535e+02
2.415822147893516103e+02
2.418573263308327057e+02
2.419121132445569629e+02
2.415734116355268100e+02
2.416397522839834835e+02
2.416573029806039870e+02
2.415844473495730256e+02
2.421372722324967128e+02
2.418653063181240839e+02
2.416182303363707717e+02
2.418707105194721123e+02
2.414672689275605819e+02
2.420220604979552661e+02
2.420710769057036487e+02
2.426247293868036365e+02
2.414215281420818826e+02
2.417099850240715853e+02
2.421430776279398742e+02
2.420413977229007685e+02
2.416765381169308000e+02
2.415903704636639588e+02
2.415174848681986077e+02
2.417867221093759724e+02
2.417750647007381133e+02
2.415843347672065136e+02
2.416212425627086589e+02
2.414408447061295817e+02
2.414553291746599371e+02
2.417337959320286416e+02
2.418760729052250724e+02
2.415412061484364870e+02
2.415267944723211713e+02
2.416939984276441749e+02
2.414804007220865572e+02
2.420931606102166995e+02
2.413099698502154808e+02
2.413480199055991591e+02
2.416618126207936257e+02
2.418516722933315748e+02
2.418177766444938470e+02
2.415835433399677470e+02
2.416974611844111678e+02
2.420838708962072587e+02
2.414644656879410434e+02
2.414357539512140249e+02
2.416024764345747542e+02
2.416053680361578415e+02
2.420164989252409384e+02
2.415010370605521928e+02
2.413813780733538294e+02
2.416152030040226748e+02
2.415062213470961296e+02
2.417780296929427948e+02
2.417088159384384198e+02
2.415360142742642040e+02
2.414205852144199582e+02
2.414694677022218059e+02
2.416734520564597517e+02
2.417761134138753221e+02
2.414220771547803679e+02
2.418051689579823176e+02
2.414560116480975012e+02
2.414860447073588148e+02
2.417560218881683340e+02
2.414769906428252000e+02
2.416646770259875723e+02
2.418492275680486046e+02
2.416802333436395145e+02
2.416838113130326349e+02
2.414605795504985792e+02
2.418493759575486308e+02
2.415170408247559237e+02
2.419435913669038598e+02
2.417617378162339037e+02
2.415564994858127363e+02
2.418508835933638181e+02
2.417153208685798234e+02
2.416557169506384923e+02
2.417238029990315908e+02
2.417402438512622496e+02
2.419168769036340620e+02
2.420467084991055629e+02
2.417497528371876570e+02
2.415258753809749805e+02
2.414981630675773374e+02
2.417643269465266087e+02
2.416280969102423626e+02
2.418529592594843791e+02
2.418785286104748309e+02
2.417017283880653906e+02
2.417131757395880243e+02
2.416400253024284268e+02
2.421011132730670852e+02
2.415455394608841289e+02
2.415624963620311121e+02
2.416534709779078014e+02
2.421653470476112204e+02
2.417974031679205211e+02
2.422558196638708239e+02
2.418030992892677489e+02
2.415089786142575292e+02
2.418278826646332789e+02
2.419920102063907450e+02
2.417263712861924603e+02
2.419519935783325479e+02
2.417577965202563917e+02
2.416761046799529140e+02
2.418113497998572541e+02
2.418179261966250806e+02
2.419338388572739120e+02
2.417192610819015783e+02
2.414535733293936062e+02
2.419826909685071996e+02
2.420365094290435763e+02
2.418785144074110747e+02
2.417800135699807527e+02
2.416456540379092814e+02
2.420522067578721988e+02
2.418902119204929875e+02
2.416705405936008049e+02
2.416610298931522038e+02
2.417859197230092150e+02
2.418206486879142574e+02
2.415635801295568399e+02
2.418621417765862986e+02
2.417490002334648409e+02
2.413909534681853586e+02
2.415881683305788385e+02
2.415159021060894702e+02
2.413993271523662827e+02
2.414326830658803544e+02
2.416508747566981867e+02
2.418098879712955807e+02
2.415462826141303765e+02
2.412838053060536367e+02
2.416173828131885557e+02
2.419102872013675096e+02
2.415282487211246973e+02
2.416602450854447568e+02
2.414916152129823104e+02
2.416914779667727373e+02
2.417077478595441278e+02
2.419450713520489842e+02
2.417590988914208481e+02
2.418252146162257077e+02
2.415342287298805388e+02
2.416074937004241008e+02
2.419867727927717169e+02
2.417392000498854543e+02
2.415682146264934715e+02
2.416655358450625215e+02
2.417893446883486774e+02
2.419562712146680212e+02
2.418223566812681327e+02
2.420093159725151963e+02
2.417653710097611111e+02
2.418112015347635406e+02
2.420814848956977983e+02
2.419331775476805433e+02
2.418082600314324679e+02
2.421152061396725514e+02
2.421216671205659168e+02
2.419963881204960217e+02
2.416310447274567252e+02
2.414437405982759799e+02
2.416286647517756307e+02
2.419563326896481783e+02
2.418346132316596311e+02
2.417216764771958140e+02
2.416548169288530516e+02
2.415916525852433949e+02
2.418142821838862346e+02
2.419078641074220286e+02
2.417675945280510348e+02
2.418300527079904612e+02
2.418166072565581715e+02
2.419651981538606549e+02
2.416408159793240031e+02
2.416564234262684465e+02
2.416313527295969550e+02
2.416768089845729719e+02
2.416144078652438623e+02
2.417033094700088895e+02
2.419199032878146056e+02
2.419952407971952368e+02
2.419586500305779566e+02
2.419833094404044687e+02
2.419574257122186509e+02
2.419682509186334585e+02
2.418110845296969273e+02
2.420237524475114981e+02
2.421371866187779176e+02
2.419942459053200707e+02
2.420126039630456489e+02
2.415075580640993564e+02
2.419369291610180710e+02
2.418334333497236912e+02
2.419725696411761362e+02
2.418104822258962656e+02
2.414069100718614038e+02
2.416228961264015709e+02
2.418950655923999875e+02
2.418114146124449917e+02
2.416832388573920696e+02
2.417556830956017393e+02
2.418308858553487823e+02
2.417580415661410314e+02
2.417942501432482914e+02
2.415358689836603787e+02
2.420573856826031260e+02
2.415356381420506011e+02
2.416792737912985558e+02
2.416750625277900326e+02
2.418048846060811456e+02
2.416290995729460747e+02
2.414260690520019352e+02
2.419306558752594754e+02
2.418749308852719651e+02
2.418942668468758939e+02
2.416511512887742583e+02
2.421177829619649629e+02
2.421911001748652552e+02
2.412056186507721520e+02
2.415490511642005629e+02
2.417340054261562727e+02
2.414086289058718364e+02
2.416229255992440130e+02
2.418348082173773435e+02
2.416242315459813028e+02
2.413266979980246845e+02
2.418997824821275628e+02
2.417590818181493830e+02
2.418889405995325035e+02
2.418513011416555685e+02
2.420297324352367525e+02
2.419003400163032609e+02
2.417045973691544702e+02
2.419468473225130367e+02
2.418452877158424599e+02
2.418114560189472115e+02
2.414547370043165131e+02
2.416802659985343951e+02
2.418838376525826277e+02
2.415791921704577589e+02
2.413626662613965266e+02
2.416486315629732360e+02
2.420944963223833213e+02
2.421744279595151284e+02
2.413972704352864014e+02
2.415763073931260294e+02
2.419293710148509433e+02
2.414301467298556929e+02
2.414336687109814932e+02
2.415111751068267552e+02
2.417811866514393557e+02
2.417048323407661030e+02
2.419289681649480883e+02
2.417904456235043256e+02
2.417538437599214092e+02
2.420706151891160118e+02
2.414722963010684396e+02
2.418329522684322512e+02
2.417955181793349482e+02
2.419059494662743361e+02
2.416801616056000341e+02
2.418136715968094279e+02
2.421608036736846259e+02
2.421070786173914087e+02
2.413699029491459669e+02
2.418513180217437366e+02
2.416700590316125670e+02
2.417130232493849178e+02
2.417781616060763383e+02
2.418699211392776078e+02
