9.800642976299786824e+01
9.799295487033863594e+01
9.813116707495549917e+01
9.789867600369341005e+01
9.814157442410856902e+01
9.748011553767891257e+01
9.746343080100223233e+01
9.784997176568849397e+01
9.771962418276359585e+01
9.765702655019727274e+01
9.793908752733220524e+01
9.772705132811158535e+01
9.787328092144132086e+01
9.774949366418768193e+01
9.744974726835079082e+01
9.706372479351826144e+01
9.712937021995395526e+01
9.674460157681509997e+01
9.775286093881045701e+01
9.765152633491679524e+01
9.763355765226909000e+01
9.793152389047217810e+01
9.763772338630593595e+01
9.786612755066364855e+01
9.767517612553190531e+01
9.759601746536770861e+01
9.769687208751281560e+01
9.811316934769864417e+01
9.751319913554038976e+01
9.729744850854247318e+01
9.782950795321164605e+01
9.769423897196399764e+01
9.720582247638365914e+01
9.760054770003860369e+01
9.811708798263434517e+01
9.760660844491746957e+01
9.773183791490045280e+01
9.735386475863617761e+01
9.736941587520617247e+01
9.769652252240939561e+01
9.793198149674732633e+01
9.752054234845216740e+01
9.767874953934408211e+01
9.822710264663572843e+01
9.812041966345985600e+01
9.763605088352765904e+01
9.814871540241465198e+01
9.809194964718416543e+01
9.786783618078651159e+01
9.781396197616622601e+01
9.795260009859966033e+01
9.778437601934371060e+01
9.745760440076058728e+01
9.743908228214327494e+01
9.774299533176741761e+01
9.765467071736792093e+01
9.739281435219295702e+01
9.784837108238343717e+01
9.827982390768811172e+01
9.766587302546935234e+01
9.807700194416787554e+01
9.780449252978034735e+01
9.774366742013073406e+01
9.786207137787864951e+01
9.781460172630097816e+01
9.770823959134132508e+01
9.784032076228902497e+01
9.751228291131992876e+01
9.794346195331227989e+01
9.775991256800220697e+01
9.729389047995839235e+01
9.771899704497798211e+01
9.783237818130719177e+01
9.798193757422967565e+01
9.781597592645933048e+01
9.792784529793823367e+01
9.750605069681664361e+01
9.820703113429499354e+01
9.812018663981278621e+01
9.811292331703513980e+01
9.795329538521929180e+01
9.798475140516315207e+01
9.752921846363517488e+01
9.782083283062438284e+01
9.784748177043998396e+01
9.779890869457717884e+01
9.802999283955089993e+01
9.796210354154324307e+01
9.825768892716222069e+01
9.768748504879265226e+01
9.779603754611856914e+01
9.777140637439045179e+01
9.778460192193882961e+01
9.759735557742648382e+01
9.763550900914314923e+01
9.769313774854867916e+01
9.776020340717435886e+01
9.761041231864766132e+01
9.689828808547161998e+01
9.772967906678069028e+01
9.768186275504525895e+01
9.743433288975177220e+01
9.761073347029650904e+01
9.761332859677258966e+01
9.783556891415918244e+01
9.766662915922337618e+01
9.801267368610734820e+01
9.788065450330624628e+01
9.754380953869694793e+01
9.797613967990172057e+01
9.815157927237861202e+01
9.767325630184524243e+01
9.778689701088968889e+01
9.784371192158499753e+01
9.750697686958780253e+01
9.804701790964286090e+01
9.738372102087710402e+01
9.724575003400987327e+01
9.784238389117690815e+01
9.682451049176859215e+01
9.756423539107889553e+01
9.814150688841040449e+01
9.758476087711358105e+01
9.807024499431499009e+01
9.781530413687933390e+01
9.810957313538655455e+01
9.747413069091585669e+01
9.775339984731617449e+01
9.793866669699509941e+01
9.759954600570866035e+01
9.743499651765620229e+01
9.806849935950846486e+01
9.761423263964830710e+01
9.786012378023404779e+01
9.737843264969751544e+01
9.728478726201585403e+01
9.732014457858089429e+01
9.790136170884964883e+01
9.747693392543625635e+01
9.728087610646370820e+01
9.777886679385257196e+01
9.784907448354728388e+01
9.777970217995419944e+01
9.743588366384882704e+01
9.784772397775965658e+01
9.807237706272793787e+01
9.745507880808277434e+01
9.751094179508019977e+01
9.775262108954052565e+01
9.771700720460556511e+01
9.738128045941977007e+01
9.766601634437022028e+01
9.782644817491676292e+01
9.738654328991334808e+01
9.694690084934988761e+01
9.752949645193102413e+01
9.732827318503193226e+01
9.715977735752510114e+01
9.773325772663366706e+01
9.806449802536552340e+01
9.739340054480673814e+01
9.807214694589151804e+01
9.751027015153107413e+01
9.775459323725674210e+01
9.753849933373614078e+01
9.763554913407303104e+01
9.798666943602488288e+01
9.747695268221457354e+01
9.733843453986781924e+01
9.773909240493658501e+01
9.758871817174218677e+01
9.775550281542996345e+01
9.756705208667936802e+01
9.735542829442886159e+01
9.769646803278133973e+01
9.812647314933867904e+01
9.721756446301634469e+01
9.835458177547222647e+01
9.755314304273044002e+01
9.763629943956442503e+01
9.784516742508439791e+01
9.738119254102979028e+01
9.710432919413466379e+01
9.805052503152951715e+01
9.787502248122802939e+01
9.798340437670314884e+01
9.737608938341702469e+01
9.770223516829928201e+01
9.793397749062337709e+01
9.730819914511094737e+01
9.822891053287953866e+01
9.812386397441400732e+01
9.774387568377376567e+01
9.769905539514275006e+01
9.800594436110604590e+01
9.709401328920988306e+01
9.765114786656987178e+01
9.774228976801272495e+01
9.736754573953764691e+01
9.764115489221877908e+01
9.771421514226959459e+01
9.739882997815350052e+01
9.740295524089263779e+01
9.762202816232496616e+01
9.805211999944140189e+01
9.803850537541894994e+01
9.761252249198632569e+01
9.752406194921707083e+01
9.770587930898341256e+01
9.749725742547089169e+01
9.761269468543144967e+01
9.765313751587700608e+01
9.779175765834526146e+01
9.707102721214249641e+01
9.759578791900567296e+01
9.785004726220073223e+01
9.739918985259127737e+01
9.766894957508884545e+01
9.777752785438639194e+01
9.748512612159936452e+01
9.824133291053681205e+01
9.758555948051190398e+01
9.849367463114661803e+01
9.782544288298277024e+01
9.760901010849714510e+01
9.852999063650004530e+01
9.827726281268873265e+01
9.725494913379488082e+01
9.743509761550758697e+01
9.792532837414692892e+01
9.817373108515596414e+01
9.779594057540514029e+01
9.725937883725724475e+01
9.749451202080614109e+01
9.760331840989378804e+01
9.727684122807720257e+01
9.734622335865765308e+01
9.749058364791882525e+01
9.745218464262235614e+01
9.764922693308336932e+01
9.735397828304968471e+01
9.741611150322033552e+01
9.790292282520431399e+01
9.820106368180994139e+01
9.796158310652094769e+01
9.725342540809178615e+01
9.773158646297900987e+01
9.725270090288115910e+01
9.722942894662789115e+01
9.733302995650599598e+01
9.807247042037927542e+01
9.764533429075244442e+01
9.777565598528447310e+01
9.790630307841803415e+01
9.739584634837507338e+01
9.739778053287905379e+01
9.799346402459229921e+01
9.778469042238084796e+01
9.776083431000755297e+01
9.798398938120145374e+01
9.784308606127012808e+01
9.782492791402381727e+01
9.775737190472290195e+01
9.845666261401690633e+01
9.795247263317958186e+01
9.785824778222139742e+01
9.719720241513651615e+01
9.771428488187244454e+01
9.735352635527705445e+01
9.724954717658069114e+01
9.741092103361633292e+01
9.725988761029117313e+01
9.777094666070526330e+01
9.748441046478990302e+01
9.800278128841823388e+01
9.705240003830247986e+01
9.759615570093593817e+01
9.782205800854991651e+01
9.725179850752745381e+01
9.803981248901469314e+01
9.755621027201682693e+01
9.723412664077773115e+01
9.735837712238605945e+01
9.758271843825959024e+01
9.806627489078321958e+01
9.800805298983310365e+01
9.711427039977837694e+01
9.812818066246457249e+01
9.792181124058845398e+01
9.743783417374237388e+01
9.772190743095997334e+01
9.762768602234355342e+01
9.744046293410316650e+01
9.743543917374449848e+01
9.735642269386865166e+01
9.723736099533510924e+01
9.749764410140512894e+01
9.735342723867540826e+01
9.805836686583171513e+01
9.760864095607105639e+01
9.743289785711340301e+01
9.722422411650781271e+01
9.764959499433894052e+01
9.781067832507433479e+01
9.746191251000118427e+01
9.739628280314197184e+01
9.759749179521189433e+01
9.762992651042952730e+01
9.701233901323969633e+01
9.763230512725085930e+01
9.738663453554691785e+01
9.758488142328822335e+01
9.782036195045775173e+01
9.795069483427948853e+01
9.761677382742838915e+01
9.773284782913098923e+01
9.746220071393226192e+01
9.788207663376732626e+01
9.750174456908460741e+01
9.775179514056283381e+01
9.809499478618100454e+01
9.779198056060629085e+01
9.739345341212911933e+01
9.769032996894340215e+01
9.741155328756615006e+01
9.753926792630623765e+01
9.800310618431969090e+01
9.807132581227598678e+01
9.803450558186032993e+01
9.794916258820173027e+01
9.751004516835287461e+01
9.803841662729057305e+01
9.763811165884197862e+01
9.729532689120971156e+01
9.749285816631834223e+01
9.731201543936209930e+01
9.754083661861928078e+01
9.776438182632323048e+01
9.823177477730233420e+01
9.780821381070194320e+01
9.768791308379155680e+01
9.716994284008569593e+01
9.751377597297539523e+01
9.740040571097223676e+01
9.694976478001171927e+01
9.793412740741604239e+01
9.740362368908542123e+01
9.762452762746589485e+01
9.765960889476622242e+01
9.797679359469577776e+01
9.745454144948212161e+01
9.777729495631014345e+01
9.718096643217188557e+01
9.748298174820500606e+01
9.748534025455946050e+01
9.732199990801545653e+01
9.778295509216793846e+01
9.785084283963662699e+01
9.821281920018982703e+01
9.743004030605131049e+01
9.766254007388316438e+01
9.707724117538644748e+01
9.785776274052858525e+01
9.777497631939566247e+01
9.793976305961545847e+01
9.716273970253787695e+01
9.734344122912990827e+01
9.778491393281528588e+01
9.755741770823891557e+01
9.819592177352416229e+01
9.759591845027402712e+01
9.778424075587764719e+01
9.796049794161167767e+01
9.810299417036111436e+01
9.785282778330389419e+01
9.769237248743625912e+01
9.751404728796931920e+01
9.794322999903317850e+01
9.786960180513210616e+01
9.764726859659099034e+01
9.844736967629940239e+01
9.799420686472160469e+01
9.753376028128332109e+01
9.731540233040543342e+01
9.735036993853276499e+01
9.744730839464146754e+01
9.693600456288687894e+01
9.764755350031681758e+01
9.803493927936671071e+01
9.770324701855128069e+01
9.779039210758196532e+01
9.766406400975471058e+01
9.738016069167578337e+01
9.777151628148074280e+01
9.769478859131322679e+01
9.713390992720388795e+01
9.731178668585175728e+01
9.743230093930135638e+01
9.743585657515671983e+01
9.732977162572295526e+01
9.742472904158832137e+01
9.749499129638815020e+01
9.755675504642375984e+01
9.755512617623277549e+01
9.784389105320151714e+01
9.793754137040487251e+01
9.746249109910483810e+01
9.766887251645476908e+01
9.780163146940496688e+01
9.717544236157688431e+01
9.758379042417431037e+01
9.753838408619907341e+01
9.769150101219429416e+01
9.767619947038200223e+01
9.681356331754567179e+01
9.745929442123373576e+01
9.775454006430051379e+01
9.743212554390994740e+01
9.773427895885690475e+01
9.767128968890479257e+01
9.758065716317322824e+01
9.790123298608966707e+01
9.813265411073702182e+01
9.755062261039829252e+01
9.716835340376725583e+01
9.786973847169092267e+01
9.728162555072761108e+01
9.753215139626722419e+01
9.751632856215013589e+01
9.814848760232439417e+01
9.719684486252731404e+01
9.748953021931883711e+01
9.796603655980199221e+01
9.697738408036605051e+01
9.737572432450831172e+01
9.773547908181517130e+01
9.754893115718097363e+01
9.807134892280380711e+01
9.691117317029227252e+01
9.718502494517262846e+01
9.722268142312999828e+01
9.755645024296654810e+01
9.761415100421720581e+01
9.740731866079120493e+01
9.741647693786670459e+01
9.785076724637217183e+01
9.786410678718179668e+01
9.734563782378894814e+01
9.793655984392262326e+01
9.772527516958798799e+01
9.790143486689412100e+01
9.784002166244719945e+01
9.759112896842225382e+01
9.785325621445262811e+01
9.770917020165582301e+01
9.724560016479178159e+01
9.790831087361239327e+01
9.764527578669601837e+01
9.743297586656957776e+01
9.762862673822030501e+01
9.758608817613016129e+01
9.819193135036250908e+01
9.765165956984287732e+01
9.771510801925289513e+01
9.815909626765699159e+01
9.724733328936657983e+01
9.782285785206642004e+01
9.782921670813823312e+01
9.688261675342126011e+01
9.789700918640710370e+01
9.820605564848267477e+01
9.754683387900736591e+01
9.742212085888530737e+01
9.704122271098033536e+01
9.810794613607519921e+01
9.752400761694714504e+01
9.767278886476917421e+01
9.806628365587077667e+01
9.778025182532479676e+01
9.799705174986462453e+01
9.770114265510714802e+01
9.772666662311299035e+01
9.785104302444345592e+01
9.742077928247270791e+01
9.756616395228498106e+01
9.821149601188345457e+01
9.745841082648666998e+01
9.766683767791728599e+01
9.775541012467742519e+01
9.751847751443158074e+01
9.820406378391614055e+01
9.727966655953429154e+01
9.766481644783090132e+01
9.765474124542863876e+01
9.774397520658460792e+01
9.788811955163907896e+01
9.716335229968497345e+01
9.781873814336047701e+01
9.796506580328473035e+01
9.714335647314076994e+01
9.761988392335358355e+01
9.750123543673214499e+01
9.761008802719562993e+01
9.807959189556855506e+01
9.758104834350484680e+01
9.717392204470314709e+01
9.750702124662443282e+01
9.740878917236047130e+01
9.787194717011846024e+01
9.781612653613761665e+01
9.737719488942769885e+01
9.742608292411848936e+01
9.804145168410269662e+01
9.732825836288975552e+01
9.745208081626098817e+01
9.739880098621982540e+01
9.759363703051052141e+01
9.779605081607083150e+01
9.700236689481067742e+01
9.789939961352615683e+01
9.802796130998814306e+01
9.716858259020983724e+01
9.726287879956667837e+01
9.716720222132978790e+01
9.722703592400121408e+01
9.783897249300950705e+01
9.781173066669401805e+01
9.736863797646303453e+01
9.731542182174054290e+01
9.755492335312673902e+01
9.749174299539517108e+01
9.790530493234024334e+01
9.749250120381863383e+01
9.717128616790665774e+01
9.754112601837287855e+01
9.764434817876234263e+01
9.748968917835946968e+01
9.774599909567827183e+01
9.715092954386746271e+01
9.727345557623262096e+01
9.750102264091280801e+01
9.754574596662183694e+01
9.785561978092751190e+01
9.704702406131478654e+01
9.767598253371846795e+01
9.756367463299953613e+01
9.777088384725890080e+01
9.734541828199236591e+01
9.781004316580998648e+01
9.787138990273588490e+01
9.765890242688345779e+01
9.752236791410280148e+01
9.783735004760093545e+01
9.780342611831092370e+01
9.776722201039694937e+01
9.815059379880477763e+01
9.795722403955711854e+01
9.759192061904279569e+01
9.726934668502134684e+01
9.775878409466550067e+01
9.784910746761578082e+01
9.761345998398429913e+01
9.745048270651273015e+01
9.761127618724549393e+01
9.773315818589735215e+01
9.793768655173134619e+01
9.732313622355938776e+01
9.790274907697907736e+01
9.717967908469772453e+01
9.746428050613332061e+01
9.791091621217863405e+01
9.788205009258621203e+01
9.768643076160645933e+01
9.717929267237001056e+01
9.762235757629372301e+01
9.766591665999862926e+01
9.785506606216047487e+01
9.756410862585448740e+01
9.740783968604561949e+01
9.742075256802154115e+01
9.733296611981575097e+01
9.738437645889312932e+01
9.774330968302534473e+01
9.741530649700682432e+01
9.702283239229700484e+01
9.768331005193282124e+01
9.747662501155510029e+01
9.740469971965062257e+01
9.747059750723131799e+01
9.737773743881820110e+01
9.804268223475678212e+01
9.762012169998098443e+01
9.727198843926883853e+01
9.817010434764030435e+01
9.734809269842213553e+01
9.722891583701114371e+01
9.793208231252425833e+01
9.732659596660981549e+01
9.784284481159801317e+01
9.705887137291951205e+01
9.765338406339759558e+01
9.751682703733763447e+01
9.734277014356463553e+01
9.767970726906234802e+01
9.740172973984859084e+01
9.785657492066705743e+01
9.784037437995851860e+01
9.764466276460353811e+01
9.743230831751252197e+01
9.764380690256115258e+01
9.719613140174891441e+01
9.784168883286127993e+01
9.696638820664941250e+01
9.724840195326127912e+01
9.724595474747088986e+01
9.752297771304910157e+01
9.733814990549952029e+01
9.722258960548423090e+01
9.749850861299354676e+01
9.744144290818955767e+01
9.761846559686360081e+01
9.748035930848767805e+01
9.756602932587618682e+01
9.693320343781120130e+01
9.767041892474281894e+01
9.816908503633591465e+01
9.759737748008525671e+01
9.747338156883036220e+01
9.725323809650073770e+01
9.831985420289191779e+01
9.755460898522493096e+01
9.741245650219070740e+01
9.777043293514098821e+01
9.772196475656323855e+01
9.779587519521847128e+01
9.745751892153521112e+01
9.767922317681313871e+01
9.782424747484242289e+01
9.778054055106633768e+01
9.723460391160448069e+01
9.809010912118741032e+01
9.754730131389176506e+01
9.713733654362549430e+01
9.749110436487673326e+01
9.740391606789329160e+01
9.765449335170802669e+01
9.723917857953819066e+01
9.730185772721671356e+01
9.773163000049288485e+01
9.783407361169624039e+01
9.781396780663611423e+01
9.764676413278304778e+01
9.787621140841697809e+01
9.765631608958197774e+01
9.801614429343970869e+01
9.766676047704760322e+01
9.723944895303134217e+01
9.787562194461195020e+01
9.735968846239514107e+01
9.706750300185228753e+01
9.712422933745561693e+01
9.719595603795124816e+01
9.759220460529660102e+01
9.731324033103085469e+01
9.756065937788770270e+01
9.766428121709215304e+01
9.753177436731193950e+01
9.779688195728903111e+01
9.762222466664657361e+01
9.774284835254663051e+01
9.820174076406283348e+01
9.787150517283855322e+01
9.695379791646011824e+01
9.763940703415256905e+01
9.739545000569528099e+01
9.811078349285814681e+01
9.734822453954761556e+01
9.874243139243100131e+01
9.770298578251042443e+01
9.732940944781223891e+01
9.778707765151263231e+01
9.767768507243890497e+01
9.751401996320352339e+01
9.733966347268970765e+01
9.786477454642177065e+01
9.745875707785141628e+01
9.763569106926979657e+01
9.723754199463837722e+01
9.758187905153016573e+01
9.769452198063500248e+01
9.747660510633620845e+01
9.765377578395703040e+01
9.700077447925580998e+01
9.715289970416337439e+01
9.792937303884779965e+01
9.775264766357162216e+01
9.742683115159790930e+01
9.785311859033889448e+01
9.727590448907092480e+01
9.760541338190711258e+01
9.776714215760607374e+01
