2.869014262820635963e+02
2.868754732736433084e+02
2.868398958174097402e+02
2.868510450196056922e+02
2.869061278819996801e+02
2.868857628430100135e+02
2.869639766891605177e+02
2.869106199995077873e+02
2.868626079271498384e+02
2.868411023545617695e+02
2.868865632440811737e+02
2.868587931094178316e+02
2.868454168010349008e+02
2.868007676191883206e+02
2.868310745853290200e+02
2.870168795366152494e+02
2.872809260706134182e+02
2.871791466450005146e+02
2.871409216933024027e+02
2.869580011975577349e+02
2.869433007055447433e+02
2.869078979573507695e+02
2.868490273563220967e+02
2.868515586382710012e+02
2.867932003170612347e+02
2.869115109593532793e+02
2.869337844750876911e+02
2.868643819095243543e+02
2.869067152660025499e+02
2.871733884406012862e+02
2.869822848357419502e+02
2.870525248151166693e+02
2.871521563500143088e+02
2.870259429530340753e+02
2.868522279867768248e+02
2.869262781673780296e+02
2.870680249495002840e+02
2.869489918758900444e+02
2.870273103845379410e+02
2.871045812215805881e+02
2.868804244697574291e+02
2.868861118436917081e+02
2.868942013718505564e+02
2.868910918383052717e+02
2.866090356833211104e+02
2.867924761908402616e+02
2.868343733161119076e+02
2.867930830477609447e+02
2.868742115316856598e+02
2.867508738007958868e+02
2.868200525214285221e+02
2.867958482644548326e+02
2.868438364714448312e+02
2.869482080231725263e+02
2.868568173993016899e+02
2.868521620413054620e+02
2.869583794566814845e+02
2.868555513423767707e+02
2.868148037217366095e+02
2.868389245713158289e+02
2.867978936385215434e+02
2.867791277030407855e+02
2.868839481151036921e+02
2.869386974303265561e+02
2.868348443230029261e+02
2.868559430366811398e+02
2.868197014183808164e+02
2.868986211019299049e+02
2.868613519233744569e+02
2.867947346855324895e+02
2.869332463920216014e+02
2.869433523724882775e+02
2.868631100575250343e+02
2.868874986020428537e+02
2.868077981893056290e+02
2.867858547594167362e+02
2.868759254147295792e+02
2.868166259640290718e+02
2.867589180040281462e+02
2.867648251406089344e+02
2.868045609026731313e+02
2.868055571388529188e+02
2.868054615550889253e+02
2.868559748843342732e+02
2.868474301514051490e+02
2.868696651617975704e+02
2.868718717888771153e+02
2.867347352194327641e+02
2.867045401515021581e+02
2.866953967092943572e+02
2.868294722807381163e+02
2.868676761342026680e+02
2.868359523525503505e+02
2.868973014629241334e+02
2.870618484909461472e+02
2.869005772393709890e+02
2.869474892944995190e+02
2.870081727635750894e+02
2.871618498682396421e+02
2.871546873322866418e+02
2.869798718551280103e+02
2.869518165049072422e+02
2.870022793655069222e+02
2.869139163899794198e+02
2.869500827062743156e+02
2.869765421105656742e+02
2.868744464910276406e+02
2.869099990688111461e+02
2.869196868052044920e+02
2.869170627158420643e+02
2.867834222745753436e+02
2.868842698655556092e+02
2.869876967295405166e+02
2.869448703142964519e+02
2.868563780081242385e+02
2.868102863328198850e+02
2.868950822284845685e+02
2.870164346651981191e+02
2.869011846083890873e+02
2.869101114076438535e+02
2.871166991274967017e+02
2.868230916171852982e+02
2.868838579539507805e+02
2.869327814384050157e+02
2.867514327286813227e+02
2.867945403080130404e+02
2.869362852649027786e+02
2.869384068262214100e+02
2.868182408522164337e+02
2.868772257883734937e+02
2.871186058919556103e+02
2.870666774185360168e+02
2.869514600069731500e+02
2.869649037910724587e+02
2.870656246320540390e+02
2.870515463816647639e+02
2.871080025586014131e+02
2.870251606952054431e+02
2.870750349725661295e+02
2.870352677661845178e+02
2.869433331196939321e+02
2.868770241063737672e+02
2.868474013329415016e+02
2.868984351463358848e+02
2.869279339435115048e+02
2.869063910284143617e+02
2.869843122163264866e+02
2.870494122388751634e+02
2.869557690062809456e+02
2.869573018908762947e+02
2.870906576206357954e+02
2.870901052025428726e+02
2.868823226458466138e+02
2.869245355348321596e+02
2.871180467273905492e+02
2.872663123669019001e+02
2.870081490402844224e+02
2.872150956521312537e+02
2.870907252093857096e+02
2.869937736719518284e+02
2.869312096667376863e+02
2.869852596139766661e+02
2.868677512902974627e+02
2.869692654465114856e+02
2.869031354238732092e+02
2.870093433859551624e+02
2.868760742357712274e+02
2.868933754942421501e+02
2.870454614062668384e+02
2.870215091683380706e+02
2.870338283100734884e+02
2.870188054880141522e+02
2.869458047715473299e+02
2.869225346855549788e+02
2.870500091801823714e+02
2.869145332921637532e+02
2.868939833749005288e+02
2.869052868117129833e+02
2.869333677852408186e+02
2.870312469879831383e+02
2.869551139497947929e+02
2.869569965997966960e+02
2.870647770934508571e+02
2.868871891166925820e+02
2.868697627637985192e+02
2.868256352111624210e+02
2.869168336265371408e+02
2.870085966026475148e+02
2.870696960540730629e+02
2.869388497701793881e+02
2.869734557405665214e+02
2.867593196290770265e+02
2.869512640717169916e+02
2.870133787378458692e+02
2.869161150226080963e+02
2.868762376488496102e+02
2.869919912778544244e+02
2.870802690190555495e+02
2.869482278479442243e+02
2.869940198850762840e+02
2.870145313842940027e+02
2.869969700725081907e+02
2.869915799016217193e+02
2.870778192235952702e+02
2.869596498476907982e+02
2.868604043992443735e+02
2.868281711069084281e+02
2.869855432240948403e+02
2.869713398757942855e+02
2.868612251885307955e+02
2.869830247130213934e+02
2.869228794546239101e+02
2.868552736752876058e+02
2.870301073645616725e+02
2.869785375573594024e+02
2.868668051904577396e+02
2.869662486823369818e+02
2.872033914562528025e+02
2.869065875023587182e+02
2.868915374857297138e+02
2.868348558985122168e+02
2.869207227565506173e+02
2.868437233079644102e+02
2.866636338762332912e+02
2.868255494400966086e+02
2.868882979767991515e+02
2.866922859563813404e+02
2.867719483517799404e+02
2.869908559324618977e+02
2.869789365943242387e+02
2.868036868769408443e+02
2.868044220507591149e+02
2.870726120327066724e+02
2.870414863398790999e+02
2.869278514411668084e+02
2.869259060048528340e+02
2.869798877551104397e+02
2.870343708300202366e+02
2.870323727291156501e+02
2.870105855580256389e+02
2.869637671893835318e+02
2.869748094841651778e+02
2.870118123480199301e+02
2.867677605405849022e+02
2.867609803370233408e+02
2.869327819802868476e+02
2.869736696906751376e+02
2.870197666899298952e+02
2.870199112308569056e+02
2.870960134857313619e+02
2.870568699594124951e+02
2.869471996390646495e+02
2.869482185926817124e+02
2.868489456433687224e+02
2.868594780542089779e+02
2.869376023843435064e+02
2.870480430828553722e+02
2.868822357940130132e+02
2.869453993410713224e+02
2.869114354990328479e+02
2.868732711691475856e+02
2.867901161921470248e+02
2.869548027257067133e+02
2.870016480633518654e+02
2.868520735751856705e+02
2.868150317623990304e+02
2.869453931549113008e+02
2.870138507700474406e+02
2.869891909858981762e+02
2.870995061042140151e+02
2.871428469091711690e+02
2.870994057389199838e+02
2.870636752269905401e+02
2.870328209893087319e+02
2.869696658227634884e+02
2.869474571387400488e+02
2.870286926957680294e+02
2.870337434509635841e+02
2.871268473805862982e+02
2.870759195044336138e+02
2.870191261561064380e+02
2.869983470925508868e+02
2.870664087508311582e+02
2.871130560209803093e+02
2.869086036149748224e+02
2.868092324689820884e+02
2.869972687446088457e+02
2.870192322415403510e+02
2.867535516829900644e+02
2.868992203445782252e+02
2.869967972762134991e+02
2.868815077580877073e+02
2.868712220456578166e+02
2.869198765858754996e+02
2.869726555465255160e+02
2.871616703380399258e+02
2.870875728175512336e+02
2.871198251782422517e+02
2.869694121219985163e+02
2.869502713321120950e+02
2.870561426104664520e+02
2.870407551895191318e+02
2.870993455521356168e+02
2.870784756455160505e+02
2.870439075069612045e+02
2.871023357914505709e+02
2.870061611825876184e+02
2.869559054200810237e+02
2.871426607135245490e+02
2.872081705635329740e+02
2.870326930206178417e+02
2.869657163538772124e+02
2.869375807073905094e+02
2.869298506719599118e+02
2.870080623820587107e+02
2.869163625130394735e+02
2.869752214031191215e+02
2.869955872029631792e+02
2.868813543768060867e+02
2.869277657934113677e+02
2.868792649150747138e+02
2.868820742993142403e+02
2.869870127130750461e+02
2.869884356187796470e+02
2.869876094675678360e+02
2.870565292871122551e+02
2.870151756832806882e+02
2.868647103853971885e+02
2.866602022433650632e+02
2.867989635174632213e+02
2.869918396403303973e+02
2.869719004947281178e+02
2.868477938175947202e+02
2.869279931352080553e+02
2.868932530913063488e+02
2.870604870382487661e+02
2.869848967638929480e+02
2.870647925212126665e+02
2.868699126475108301e+02
2.868796243378206441e+02
2.868981831845569559e+02
2.870221747307180067e+02
2.870913401287137390e+02
2.870534163656553233e+02
2.870977145665700050e+02
2.871279034976025173e+02
2.869923033384907285e+02
2.870648079833692918e+02
2.870205360389797420e+02
2.869237621330462389e+02
2.869756520285567944e+02
2.870220944255164568e+02
2.870261287617817629e+02
2.872764369560057389e+02
2.871156283732458974e+02
2.870197925076149659e+02
2.869184019502603178e+02
2.870349607451757947e+02
2.867204656661244258e+02
2.868675078751014667e+02
2.869278269007035647e+02
2.870343162560234873e+02
2.871111548938307578e+02
2.869861082281374820e+02
2.869614232591553105e+02
2.870179594388771420e+02
2.871385113757644945e+02
2.869018087709798124e+02
2.869729071859944156e+02
2.870214476403008916e+02
2.868345725256810397e+02
2.870014808810597629e+02
2.869262358385463472e+02
2.868306859286167310e+02
2.868304836960421085e+02
2.868346783227042920e+02
2.869205956140233980e+02
2.869143506102786887e+02
2.867568713061733092e+02
2.869546451207003770e+02
2.869024051005748674e+02
2.867152991800671202e+02
2.867923625044816731e+02
2.870411884441206780e+02
2.870514565854444413e+02
2.871692410542832476e+02
2.871638999160981029e+02
2.872630744690480356e+02
2.870215774953094297e+02
2.868875591200251165e+02
2.869226176313413248e+02
2.869537267124190407e+02
2.870145753405058144e+02
2.869598097544297275e+02
2.869166358819723541e+02
2.870014545554835763e+02
2.869864822529875141e+02
2.871129501205786596e+02
2.870390481700813439e+02
2.870675284162289245e+02
2.871555019617915150e+02
2.871348729008261103e+02
2.869854154827193611e+02
2.870813272721890144e+02
2.870395867950131787e+02
2.868983863589483576e+02
2.869171381054021026e+02
2.870573772895652951e+02
2.869520978771852810e+02
2.869479249003657060e+02
2.870995917870104677e+02
2.869643995237917693e+02
2.869173910959587488e+02
2.869591241026571424e+02
2.870300109502037458e+02
2.870990387238921926e+02
2.869752053196131669e+02
2.870715154325502567e+02
2.870611549397345357e+02
2.870618176816365690e+02
2.870568293173000711e+02
2.868891654184054119e+02
2.867858908884177822e+02
2.869049957538324520e+02
2.869846208942770431e+02
2.870483693989352219e+02
2.870133408568163418e+02
2.869982367416453712e+02
2.871085375477285311e+02
2.869453304104043241e+02
2.869309249846148191e+02
2.869867677301915592e+02
2.869232344182228758e+02
2.870199565159995245e+02
2.873020626012927323e+02
2.870181804185683063e+02
2.869859562316094639e+02
2.869617773025713063e+02
2.869428986334469869e+02
2.871798028804752221e+02
2.871857162958194181e+02
2.872409860987817183e+02
2.868794085442116852e+02
2.869240049843013480e+02
2.871202818531730827e+02
2.871199903246319423e+02
2.869708238417319421e+02
2.868627669246066603e+02
2.869270041092093493e+02
2.870647033637048935e+02
2.869779152440955841e+02
2.869744857250509540e+02
2.869838141965689715e+02
2.869281479099226999e+02
2.868510761038118630e+02
2.870252851703504575e+02
2.870237647662821132e+02
2.868607626253034937e+02
2.869692563750260774e+02
2.869486988795010234e+02
2.870269324646374685e+02
2.869771508454066407e+02
2.867780436798921073e+02
2.868837941806877438e+02
2.869280686842013210e+02
2.869827404087412219e+02
2.868883016331308227e+02
2.868585817787829342e+02
2.870150638750500889e+02
2.869774089271706430e+02
2.868523618956529049e+02
2.868590635145951069e+02
2.870065265374160504e+02
2.869758857336412348e+02
2.870031640347999087e+02
2.869582286741645589e+02
2.868616338605109490e+02
2.868990884971094033e+02
2.868884339508795733e+02
2.869685664210250593e+02
2.869138388304551768e+02
2.869037095420466699e+02
2.868508347143173864e+02
2.868579764395381630e+02
2.869738907170512334e+02
2.869684958549357248e+02
2.868750932993292508e+02
2.869385828616987624e+02
2.868967982968002275e+02
2.870016595214676158e+02
2.869799872217728876e+02
2.869032095261051722e+02
2.870154054005693069e+02
2.869381143329169390e+02
2.869518921232701700e+02
2.869295850173069766e+02
2.869712306407220694e+02
2.870453053882178551e+02
2.869219284350796215e+02
2.869786563348706636e+02
2.869515662258896214e+02
2.869188378585424175e+02
2.870952018292263688e+02
2.869699665807126507e+02
2.869578040521816433e+02
2.870169902654268412e+02
2.869393080177187585e+02
2.870600648960658532e+02
2.870452116705777712e+02
2.869290060744211246e+02
2.869631890381028825e+02
2.869805441253441245e+02
2.869963613796452933e+02
2.869807342847299765e+02
2.870636315054806573e+02
2.870782995421607779e+02
2.870167048860041632e+02
2.870082217958025126e+02
2.870408875303589298e+02
2.870566487647420217e+02
2.869590126110237520e+02
2.869281083626386817e+02
2.870531093561291414e+02
2.872518962461102205e+02
2.871555630730889561e+02
2.870929568122056139e+02
2.870392796282405357e+02
2.869449997575099474e+02
2.871091218411356181e+02
2.871322498324508956e+02
2.871586612610165048e+02
2.871330886669723554e+02
2.869891041158379608e+02
2.870210736211636799e+02
2.870817337906794364e+02
2.870255166717744828e+02
2.870558522554006231e+02
2.870146921018833268e+02
2.869597591385112878e+02
2.872139725473878116e+02
2.872156794936011579e+02
2.871073913071157335e+02
2.870359129798939080e+02
2.871470974258980959e+02
2.871183349841161885e+02
2.870371720543184324e+02
2.870023026950685789e+02
2.869679741426311352e+02
2.870375824622215646e+02
2.870324556053254241e+02
2.869458688582601553e+02
2.869753873307400340e+02
2.869838395272631715e+02
2.868865510393153500e+02
2.869778300339289103e+02
2.868775846155892282e+02
2.869162265853036615e+02
2.868550499845346735e+02
2.869520143525433014e+02
2.871054391337597167e+02
2.868985220576369670e+02
2.869307860025327273e+02
2.870214724297375710e+02
2.870103394218378412e+02
2.869924726069342569e+02
2.869785380922639888e+02
2.869783108609502165e+02
2.869684736660157114e+02
2.870287007847493896e+02
2.870585375897865674e+02
2.869295755128126757e+02
2.869675667237376615e+02
2.868664367818750520e+02
2.869364772842351954e+02
2.871212542635446994e+02
2.870659564055131909e+02
2.869803628578673624e+02
2.870147978567460996e+02
2.871321621900249852e+02
2.870729099129074484e+02
2.870202857042439177e+02
2.871376690104310683e+02
2.869578521085105081e+02
2.870371364897818580e+02
2.870034831342912298e+02
2.870444006532798653e+02
2.870391590189860267e+02
2.870803891397251846e+02
2.871887060072063491e+02
2.871163134788336606e+02
2.870085710006347313e+02
2.868978667324288381e+02
2.869648396849696041e+02
2.869989414182208520e+02
2.869241723053647775e+02
2.869511230983844712e+02
2.869137338616955617e+02
2.869470140809112308e+02
2.870076197413545174e+02
2.870773182781887840e+02
2.869968396462742817e+02
2.870906177472345462e+02
2.870064195385600101e+02
2.870142545148459590e+02
2.869760191661140993e+02
2.869263047712078674e+02
2.869237474007890683e+02
2.868965793303989926e+02
2.868795365089566189e+02
2.870271859761078872e+02
2.871269923865369833e+02
2.871079909375065995e+02
2.871221228560927443e+02
2.870844395659736392e+02
2.871516234058055375e+02
2.870987422423692124e+02
2.871479699091778457e+02
2.872511543945045673e+02
2.872595036353584419e+02
2.871827766443501559e+02
2.870744056712629799e+02
2.869459890077347950e+02
2.870047840530968983e+02
2.869996963813949264e+02
2.871300734497680764e+02
2.869443995793427007e+02
2.868400493353720435e+02
2.869558056150804646e+02
2.870912358845421295e+02
2.870770220234662133e+02
2.869160229188123026e+02
2.869646534446893043e+02
2.870275450538447330e+02
2.870119314369656536e+02
2.869635409474395829e+02
2.870005891763067325e+02
2.870420957988789610e+02
2.869281800990899569e+02
2.869980041075630766e+02
2.870686235858552777e+02
2.869950296146956816e+02
2.868729994492751416e+02
2.869799539477920689e+02
2.871367967921257787e+02
2.870990210060760432e+02
2.870890266321337094e+02
2.869790483364176907e+02
2.871197227312573546e+02
2.871029991299103585e+02
2.868660359107562954e+02
2.868677764453717600e+02
2.869220078025157932e+02
2.868408942571119269e+02
2.869535644801179046e+02
2.869706536961419374e+02
2.869315919023230208e+02
2.869042001665396242e+02
2.870397978325189570e+02
2.870697087202451598e+02
2.871347828379400653e+02
2.870346937074201037e+02
2.871201203539205267e+02
2.870764938269423965e+02
2.869801393312761206e+02
2.870781582294783334e+02
2.870321688077679596e+02
2.869941588800995191e+02
2.869300898890327858e+02
2.869464277338641409e+02
2.870474787602678930e+02
2.868252567769482653e+02
2.868398402952412312e+02
2.871114862657825029e+02
2.871556625450828619e+02
2.871245675738209115e+02
2.868833630781722945e+02
2.870114466043174843e+02
2.870354044047526827e+02
2.868372494413684990e+02
2.868919274375396071e+02
2.868954457269372824e+02
2.869433495622090504e+02
2.869644974366222527e+02
2.871172388849449248e+02
2.869532471121478352e+02
2.870699818387476512e+02
2.870507911136824077e+02
2.869586793395367295e+02
2.870920876552281129e+02
2.870734753778244226e+02
2.871230180917277153e+02
2.869592907594554845e+02
2.871326242228898877e+02
2.872409565541824463e+02
2.871321234768888644e+02
2.868308369280885586e+02
2.870419922705737577e+02
2.870127548861434548e+02
2.869251144223570691e+02
2.869769378733880671e+02
2.870473457015070267e+02
