1.000033997219446746e+02
9.961190622890659085e+01
1.005425462022475926e+02
1.001764381605743637e+02
9.946945622879830751e+01
9.981180456071523110e+01
1.001861717999187675e+02
9.997952874203838292e+01
9.972242083972399485e+01
1.001002157466978844e+02
1.000307399993355233e+02
1.004689100898502687e+02
1.010461704595509786e+02
1.000967022867422855e+02
1.004571353223205534e+02
1.000628489925069147e+02
9.982299135188232242e+01
9.965932979037599182e+01
9.983327433986163157e+01
9.997988948744598758e+01
9.999416400363816138e+01
9.977890228919068250e+01
1.001563149819611596e+02
1.001736051759220913e+02
1.002640431749448595e+02
1.001746134404121875e+02
1.003042914027360126e+02
9.987641241175448670e+01
9.943007211489471331e+01
1.000296017455195141e+02
1.003679002999159167e+02
9.989520129129614645e+01
1.000545801556134649e+02
1.014338673515365059e+02
1.033007751662629659e+02
1.014227499664132637e+02
1.001802688167503703e+02
1.001159056454440162e+02
1.006219204429515770e+02
1.007059123330352151e+02
1.003252695420262626e+02
1.005588938700731774e+02
1.009569043482477468e+02
1.002014353309240704e+02
1.000003687689711711e+02
1.002598337708482319e+02
1.005161562253064176e+02
1.002785386610304244e+02
1.000453769357093279e+02
1.002407508233221591e+02
1.003736150101659490e+02
1.002417816714696528e+02
1.005494143151313864e+02
1.022284967199608303e+02
1.010162046901257469e+02
1.004988895126927559e+02
1.006121092120709477e+02
1.006811016416236129e+02
1.001640845564014199e+02
1.002734656859935995e+02
1.005755041652078603e+02
1.000332493113463670e+02
1.010551936259844439e+02
1.005548625524666448e+02
1.002795356993533886e+02
1.006979307784470876e+02
1.003709210508744007e+02
9.983339143510011127e+01
9.990179384799340312e+01
1.009037315377006649e+02
1.000837017347026432e+02
1.001283244175282334e+02
1.003254643052035249e+02
1.006861788589122426e+02
1.004651396640314260e+02
1.000686612746789024e+02
1.003937517691079080e+02
1.005707832096039169e+02
1.003338743784699858e+02
1.006454177844610740e+02
1.002598282492583763e+02
1.002475056609593906e+02
1.002635067139779181e+02
9.987682469788246920e+01
9.991575757850314687e+01
1.007189621243600754e+02
9.999930433114433015e+01
1.000117989487135759e+02
1.000393562867852211e+02
1.002947109976834668e+02
1.001505788416940135e+02
1.007106443106614364e+02
1.005733214223985073e+02
9.989100605737974092e+01
9.994925400152696682e+01
9.995579207885623418e+01
1.001438733424101457e+02
1.002758205700041430e+02
1.000545588046376935e+02
1.001094962685385070e+02
1.001870482067511148e+02
9.986089237269403895e+01
9.993831470483159762e+01
9.994382546784400745e+01
1.001304786268214571e+02
1.005434099067100675e+02
1.002286819845199517e+02
1.003432015324872708e+02
1.003969794355847398e+02
1.002558727846269448e+02
1.003462164860250709e+02
9.999103287229246462e+01
1.001904858182889058e+02
1.021902009263220066e+02
1.013819165595290883e+02
1.012227119530006547e+02
1.007657160119723159e+02
1.007461114656461945e+02
1.011910645036609822e+02
1.005232298106367779e+02
1.007110264003427034e+02
1.007810375738638839e+02
1.008604778990264066e+02
1.006655879521524639e+02
1.005265964048216887e+02
1.011688621530289964e+02
1.008860873740866708e+02
1.008036444004444405e+02
1.006868587322916682e+02
1.001619033373617640e+02
1.005326696849458159e+02
1.002532157819427283e+02
1.011714563589060702e+02
1.011977150078906362e+02
1.008007468811488820e+02
1.004299810813295011e+02
1.005703085474734877e+02
1.004407264756564473e+02
1.005422334117558165e+02
9.969197801761809785e+01
1.002452726371632679e+02
1.015419506042151880e+02
1.028004079847723489e+02
1.011717246155841394e+02
1.008315923134174028e+02
1.000032222061877292e+02
9.988495763262073979e+01
9.998797089167196361e+01
9.957589635523454774e+01
1.001610163831522442e+02
9.943640943651615771e+01
9.959306540245529504e+01
9.933900537415355814e+01
9.903513120400930347e+01
9.963592442319718145e+01
9.970486648156058607e+01
9.938755348308397686e+01
9.961381515435670053e+01
9.941823783798979264e+01
9.930443744793386429e+01
9.936211244621445360e+01
9.920793467295482060e+01
9.882529882742755944e+01
9.856009089502680354e+01
9.898959145698445639e+01
