2.864284871097102609e+02
2.866493436795940966e+02
2.866307309418388627e+02
2.865348905607633583e+02
2.865358592401916553e+02
2.867811335371383734e+02
2.865968407439831367e+02
2.865963468888826924e+02
2.865420345484301379e+02
2.865215021283522674e+02
2.864913643496685154e+02
2.864980887952421540e+02
2.863684332697224590e+02
2.864633269291137481e+02
2.864513111469180444e+02
2.864453941646215753e+02
2.866144085102533268e+02
2.867617069765945530e+02
2.867277913990633920e+02
2.865544004375813643e+02
2.866405262783688954e+02
2.866857389283835005e+02
2.866273461510363063e+02
2.866461657295163832e+02
2.865676919230718909e+02
2.865856480216078239e+02
2.864645535049978662e+02
2.865261978476954141e+02
2.867636550368547432e+02
2.868382138179944150e+02
2.866170068091175835e+02
2.866614739831464362e+02
2.866144740763728009e+02
2.865127971009173393e+02
2.862282524245891295e+02
2.861388229465828204e+02
2.862679676599938148e+02
2.865565647955804138e+02
2.864385486609596114e+02
2.862902992319367854e+02
2.863603715352796257e+02
2.864887500464365075e+02
2.862989200833752079e+02
2.863186087580607477e+02
2.864335643741953845e+02
2.865435634260770144e+02
2.865286373094208443e+02
2.864765027130906105e+02
2.864899081253201985e+02
2.864751639387121713e+02
2.863975490273381865e+02
2.864339903899365254e+02
2.866301958179829512e+02
2.862037216710869529e+02
2.861614871498866819e+02
2.864304451029350957e+02
2.864924299995182082e+02
2.864005621632803127e+02
2.864656643738916841e+02
2.865272415857822352e+02
2.864928381779989763e+02
2.864860230177870903e+02
2.865319861968443433e+02
2.866065643172723298e+02
2.867335111368690264e+02
2.865888385555727496e+02
2.866768432854917705e+02
2.868243959785388597e+02
2.868921119003157401e+02
2.865763348145932810e+02
2.865979088298421402e+02
2.866387878446852824e+02
2.866554418527506982e+02
2.865651805076055894e+02
2.865130090114030850e+02
2.866644466379026426e+02
2.867174761596071448e+02
2.865833099153113039e+02
2.866330760298922087e+02
2.865967812338062117e+02
2.867226238557809666e+02
2.867584898883705478e+02
2.867375088344589926e+02
2.868465171731874648e+02
2.869764337426528300e+02
2.867538667284476901e+02
2.866785257519832726e+02
2.867971553748823226e+02
2.870019791063876369e+02
2.868859691853139111e+02
2.868112300866717419e+02
2.865476656079783311e+02
2.864403994668862765e+02
2.865521718058050737e+02
2.868820750938250512e+02
2.871125302196366533e+02
2.870560870694476421e+02
2.869286167412938653e+02
2.868287293017864954e+02
2.868184007660709085e+02
2.867757134695013406e+02
2.869767705971857481e+02
2.870181676277662177e+02
2.870400337452745703e+02
2.870247168120167203e+02
2.868458661370263485e+02
2.868180557583006589e+02
2.869470310188697226e+02
2.869492343390026576e+02
2.869203435610342581e+02
2.869344547853956442e+02
2.869730402177887072e+02
2.870936900314370632e+02
2.868605482655240166e+02
2.866944286341588963e+02
2.866990841509984875e+02
2.866846781668851349e+02
2.868699907826016897e+02
2.867483453076056321e+02
2.868950551138430001e+02
2.869759998097110270e+02
2.869349991621923550e+02
2.869763154115149746e+02
2.869184234163815859e+02
2.870073384755692132e+02
2.870094040585486823e+02
2.869232738098597224e+02
2.869886755763624251e+02
2.868872120113456390e+02
2.871606471304405659e+02
2.870291173407543397e+02
2.872584609227291708e+02
2.871271895023213574e+02
2.870568216204581518e+02
2.871103257910208981e+02
2.871902897756248194e+02
2.872099960442881752e+02
2.870824641076555395e+02
2.870241765290037961e+02
2.873631846769380331e+02
2.874213825632847374e+02
2.872812487746318766e+02
2.871282408352083735e+02
2.873285873691294796e+02
2.871946938086232421e+02
2.872092188239864754e+02
2.874415840781560973e+02
2.874467251517831414e+02
2.875979990407964806e+02
2.876188394573010214e+02
2.876658501216814443e+02
2.878957988684902034e+02
2.879953380856011904e+02
2.880526435052089482e+02
2.878437432215642957e+02
2.877759920580078301e+02
2.879249253102547641e+02
2.879268705488798332e+02
2.878515491284184122e+02
2.879145273701569181e+02
2.879147072689548281e+02
2.881189354307951476e+02
2.882639685703631471e+02
2.883772515596854760e+02
2.884627875106805845e+02
