2.378414914106093647e+02
2.403724266551757864e+02
2.412120226010675026e+02
2.424509211895573060e+02
2.422986566116683207e+02
2.432374337035007272e+02
2.437810907575864121e+02
2.445844639788562915e+02
2.443068529199580610e+02
2.449078267237033799e+02
2.448469375115984121e+02
2.454950380155653704e+02
2.451861109515604937e+02
2.456955567027002019e+02
2.451443687431710714e+02
2.462501435841425916e+02
2.460948688324715476e+02
2.465171859938390071e+02
2.462108765978533995e+02
2.465332819075536008e+02
2.466809289708376411e+02
2.466904562291198317e+02
2.470419418867669776e+02
2.477049604996196592e+02
2.469494979349269670e+02
2.471750223697385138e+02
2.476705512431948080e+02
2.474267971011783231e+02
2.478114368731120010e+02
2.472850026053889962e+02
2.480006611309677282e+02
2.474376737818917320e+02
2.477471373138849060e+02
2.483821251428770438e+02
2.478523559729445935e+02
2.480095886518726047e+02
2.482981572185594814e+02
2.477430722768978910e+02
2.486009788228567743e+02
2.480895228410352047e+02
2.484493468414247275e+02
2.487615542669605020e+02
2.481352641073013672e+02
2.486258864338497006e+02
2.482581930558568217e+02
2.486077970983874650e+02
2.489669442198592151e+02
2.484870898858047497e+02
2.488528941933817293e+02
2.489282749742523038e+02
2.490272358749838588e+02
2.487054526315704095e+02
2.493465389624982151e+02
2.486141400585421763e+02
2.492186056212400160e+02
2.493179697796554137e+02
2.495963489388585970e+02
2.492215604877152089e+02
2.495649021144260189e+02
2.500118323609362108e+02
2.494667735777454993e+02
2.502373040010716068e+02
2.497041742337198684e+02
2.499383565060909405e+02
2.492199916993599800e+02
2.505645421243616227e+02
2.497535172675056856e+02
2.495971589521363683e+02
2.503327609591594012e+02
2.496693706199974088e+02
2.500450000114489058e+02
2.501319027862868154e+02
2.502688498464264910e+02
2.500231480059619287e+02
2.501236513658226102e+02
2.501744235209188503e+02
2.503941240347213579e+02
2.501390991250192712e+02
2.506168376755556153e+02
2.502695499654894036e+02
2.502979909229916586e+02
2.502096122833895322e+02
2.503898714526193601e+02
2.505307056833481738e+02
2.508467586552078501e+02
2.503937356627301654e+02
2.508065041584618768e+02
2.507666320314324082e+02
2.506827316826456524e+02
2.506581607993061596e+02
2.509492881708968923e+02
2.504277297835367051e+02
2.508115998900591705e+02
2.505287512579642168e+02
2.507835391754475438e+02
2.507166331007252609e+02
2.504956695469742556e+02
2.506705484032903541e+02
2.505953105249970179e+02
2.504061882223843156e+02
2.507959564162281083e+02
2.508235135397652869e+02
2.507700465403639782e+02
2.505931364873064240e+02
2.508889803283153981e+02
2.506604988097737703e+02
2.502057094580608236e+02
2.507327983517692758e+02
2.507259437052490796e+02
2.508681729094433024e+02
2.509317949611990741e+02
2.508510989690794588e+02
2.509127504566285722e+02
2.508644805700679115e+02
2.507009683462905798e+02
2.507875161201931178e+02
2.508826685860130965e+02
2.508628983662479470e+02
2.510589356737158084e+02
2.509294683564428681e+02
2.508659156014609835e+02
2.507747736623745425e+02
2.513999818765429382e+02
2.507048186402494139e+02
2.510600298878661931e+02
2.508226892737683329e+02
2.510275063322074232e+02
2.511142973565193870e+02
2.514668360775605152e+02
2.512473151995260139e+02
2.509968892469713353e+02
2.512405800488631087e+02
2.511352460123215451e+02
2.513334453422096431e+02
2.510267945436246464e+02
2.510583555061412255e+02
2.513864532178215825e+02
2.509942459819347675e+02
2.517009130224230375e+02
2.512923749560840179e+02
2.512137838755463690e+02
2.515232170715900963e+02
2.513282933533863854e+02
2.515669470426899750e+02
2.511665929949384974e+02
2.514119309630129635e+02
2.512014791750284530e+02
2.511328912263553264e+02
2.516812072130758224e+02
2.514710941297227009e+02
