9.471758800542700385e+01
9.355442598430437329e+01
9.346030248783000616e+01
9.309904490960097689e+01
9.255396845766415481e+01
9.208288679353985628e+01
9.175360612727162390e+01
9.150735702890841594e+01
9.163145340815162854e+01
9.112113922443840863e+01
9.098954823950856508e+01
9.077570887210815442e+01
9.066760637905723286e+01
9.078682231060209062e+01
9.083190758477392990e+01
9.046444312629397189e+01
9.042206578649894766e+01
9.008069174088639386e+01
9.058122362502052738e+01
9.007975835993944713e+01
9.005172809774408904e+01
9.003857135887596996e+01
8.972613611852212046e+01
8.973953610758321986e+01
8.992895017551821013e+01
8.959800677580720674e+01
8.923005348509168755e+01
8.971022700603155897e+01
8.972054465798159129e+01
8.959979957506561732e+01
8.930718330156781803e+01
8.921245707999345598e+01
8.920189977821360117e+01
8.876413392556615634e+01
8.948139109585143558e+01
8.912163693893749894e+01
8.917932339248243068e+01
8.920159000905555047e+01
8.871442236121310998e+01
8.907656349115092098e+01
8.902036855074665311e+01
8.871138126133455160e+01
8.891447037116206786e+01
8.870487323736654162e+01
8.872701832245792275e+01
8.868932533254633199e+01
8.861437469800216604e+01
8.868896243805988888e+01
8.857297904493957219e+01
8.839063833568640405e+01
8.853323919000918352e+01
8.819752825817271003e+01
8.835365133640448221e+01
8.854874287096562568e+01
8.793940054689646502e+01
8.801039086515983456e+01
8.795812822843777212e+01
8.789541159666312353e+01
8.789377594036177754e+01
8.749576094581816221e+01
8.779208519488976492e+01
8.713991935380379061e+01
8.764005986910188994e+01
8.799914057403573509e+01
8.798563994202523020e+01
8.756329474271439040e+01
8.753863784838630124e+01
8.750497103850955227e+01
8.738162318454665467e+01
8.769229416385466891e+01
8.746982226750169787e+01
8.758012667634750414e+01
8.744282186001260015e+01
8.744065639752373897e+01
8.731365351003621811e+01
8.724688158215913347e+01
8.728067840347743811e+01
8.744481727811698590e+01
8.714885880935135276e+01
8.733248144816415959e+01
8.740351792752450422e+01
8.722383333497960223e+01
8.717642929208983560e+01
8.699946245570684766e+01
8.730528678270657394e+01
8.716751449485643377e+01
8.696506871769135216e+01
8.713446699099016257e+01
8.697823563844680450e+01
8.703838197717841751e+01
8.691134517492105260e+01
8.721420762710295094e+01
8.696011015876506178e+01
8.704426593853214911e+01
8.699689540417659828e+01
8.692093625842892379e+01
8.727110132092353467e+01
8.703854903830824696e+01
8.735334137661114084e+01
8.722500587282821982e+01
8.697307543091811510e+01
8.708628400279353343e+01
8.713912789442117912e+01
8.705351503067778651e+01
8.692938543176551036e+01
8.717584549983659770e+01
8.759240990921496461e+01
8.716557838643257128e+01
8.699364271068459686e+01
8.689171150791416665e+01
8.699838657646408535e+01
8.723908929426430348e+01
8.712054843942648574e+01
8.718712804444690789e+01
8.696522044464701651e+01
8.687941286050897816e+01
8.688411355890848142e+01
8.690291165600699230e+01
8.695495122514614650e+01
8.698562996348375975e+01
8.648015785814517642e+01
8.664360762184064413e+01
8.655289677548233840e+01
8.691272445558985282e+01
8.696896485265709487e+01
8.685181646502259412e+01
8.686730489612055806e+01
8.643548401206125220e+01
8.647160936791033237e+01
8.691248337758226228e+01
8.687964924409440926e+01
8.681222305877729184e+01
8.666322006076082118e+01
8.703601824408885079e+01
8.673443691629130115e+01
8.683409511718399187e+01
8.690186429482292851e+01
8.682106934195559234e+01
8.623870517194599472e+01
8.649712783004416394e+01
8.668121579686673783e+01
8.653042067554945049e+01
8.664422659325845189e+01
8.641498519591463889e+01
8.664971103675826214e+01
8.635816696701026274e+01
8.673102943344224514e+01
8.672435128334429066e+01
8.635639482170826398e+01
8.637963447471800293e+01
