2.866712259996425018e+02
2.866745901407273323e+02
2.866546213787470379e+02
2.867483053364005059e+02
2.867326105553299840e+02
2.866792972659904422e+02
2.867154695639216584e+02
2.867997262566262862e+02
2.868069739404623988e+02
2.867888445429936723e+02
2.867554948597919520e+02
2.866915146650110842e+02
2.866002271609350487e+02
2.866329414214444000e+02
2.865461716673183332e+02
2.866375818147973291e+02
2.865451309620270308e+02
2.866798847944212980e+02
2.866112001313719588e+02
2.864149393621877948e+02
2.866135660994668228e+02
2.867503020094799808e+02
2.867267965470610420e+02
2.866027904794923415e+02
2.867369993645533555e+02
2.869590700645504171e+02
2.868200811253501001e+02
2.867581764785067548e+02
2.866492304005861342e+02
2.867977160997425585e+02
2.868467969341157300e+02
2.867647817965785748e+02
2.869128051733302414e+02
2.866978939225301701e+02
2.864889414937992456e+02
2.864757366760675836e+02
2.865578192824264647e+02
2.865495927628095956e+02
2.866604447300557581e+02
2.866293358088601622e+02
2.867337641010507241e+02
2.866289278340635178e+02
2.866117432278679189e+02
2.866405222951572682e+02
2.867718174168880410e+02
2.867463478763107219e+02
2.867728151906166545e+02
2.866621182987798875e+02
2.867223181918820387e+02
2.867418995014977554e+02
2.867067880750029758e+02
2.866066333031806153e+02
2.865167449190320781e+02
2.864732985295469234e+02
2.865279934025990087e+02
2.865011620913141428e+02
2.866657906903006392e+02
2.866948572453719066e+02
2.867708657863176995e+02
2.867277319513718226e+02
2.867578525261309892e+02
2.866514199776182750e+02
2.865176718747631526e+02
2.864936087658517749e+02
2.867245817427551060e+02
2.867083901792702250e+02
2.867019850552377420e+02
2.866206199787491755e+02
2.867502540973025020e+02
2.867019689100018809e+02
2.866992223994638493e+02
2.868306815896151534e+02
2.867552878248352499e+02
2.867908399029955149e+02
2.869269758436651045e+02
2.870685154326097859e+02
2.869510976824072372e+02
2.869495183444239501e+02
2.866420593721911132e+02
2.866127413375693891e+02
2.868657684441251945e+02
2.869158380447689183e+02
2.867335603148213750e+02
2.868318281689262790e+02
2.870184922000530037e+02
2.868557238449748183e+02
2.867702616435519758e+02
2.868417030955679365e+02
2.868894911091194899e+02
2.868377382740126791e+02
2.867575658511191250e+02
2.868305941118382520e+02
2.869347547323012009e+02
2.868932827360811757e+02
2.869201026576840263e+02
2.867800449139056695e+02
2.869588587160023394e+02
2.868659395239356513e+02
2.869211986737661277e+02
2.869081426145198179e+02
2.869691434605213658e+02
2.866416057813298153e+02
2.868106700708152061e+02
2.867912565411172636e+02
2.869020438208499968e+02
2.868750759193441127e+02
2.868937855232264269e+02
2.868757797628941830e+02
2.869313109283510812e+02
2.869367578749979657e+02
2.868485162407680491e+02
2.868384927155860282e+02
2.868287333266103474e+02
2.868566022480936795e+02
2.866678621279541517e+02
2.867834911695051119e+02
2.868096203794611938e+02
2.867429148516705482e+02
2.868711295305338354e+02
2.867671815174965673e+02
2.869055966579697952e+02
2.869430717723942621e+02
2.869622877167340107e+02
2.868625973786295731e+02
2.869355312770758815e+02
2.868120402321611095e+02
2.867995578375607693e+02
2.869593557443718055e+02
2.871514170113225077e+02
2.870208666384761500e+02
2.869607557562950433e+02
2.870175569369458231e+02
2.868666642347346851e+02
2.869257539482181301e+02
2.871225071046188759e+02
2.871826881121969564e+02
2.873201702682355290e+02
2.873058690053556461e+02
2.874678940712912549e+02
2.873694948101171462e+02
2.874420253077153689e+02
2.874560710742459264e+02
2.873886112474430661e+02
2.872516047785134674e+02
2.873797751072367532e+02
2.875168810368836603e+02
2.875776379968005472e+02
2.877409341395907063e+02
2.879676377121717792e+02
2.878697677763712477e+02
2.879874950121093775e+02
2.880614630328410044e+02
2.878782826415783234e+02
2.880191924115160873e+02
2.881344771119566985e+02
2.879448880638557853e+02
2.879060359936150348e+02
2.882290118282639924e+02
2.883615127712757271e+02
2.880813707509992696e+02
2.881428663356367679e+02
2.882553905045108422e+02
2.883489496777398813e+02
2.883784288244598315e+02
2.883605528346377582e+02
