2.401333696283152506e+02
2.400750255068890340e+02
2.406345384971862416e+02
2.405294269432222336e+02
2.402248372476665566e+02
2.406054217012748779e+02
2.403705223334619347e+02
2.408813432916472266e+02
2.410014814515476189e+02
2.405528680326559368e+02
2.408004267533196696e+02
2.405720548972017241e+02
2.404192722345692061e+02
2.405112502444142990e+02
2.404437373955841792e+02
2.401772624718915097e+02
2.404188399501772153e+02
2.409431495221259638e+02
2.411913787762080403e+02
2.407356332726780295e+02
2.408104006537992348e+02
2.410797855465741861e+02
2.407596418907861562e+02
2.406784224611650416e+02
2.410773935468399429e+02
2.411883844441047415e+02
2.408799438594150217e+02
2.411924643833030757e+02
2.418453038990336665e+02
2.419974384199728092e+02
2.416505095983755211e+02
2.415866718215238507e+02
2.410414408274499749e+02
2.409239708959235031e+02
2.419996767364306436e+02
2.423582278212680023e+02
2.421917688645702640e+02
2.421966658168526010e+02
2.417734789373242847e+02
2.420626915626152140e+02
2.423843536650821591e+02
2.424325417180141642e+02
2.425620576441009462e+02
2.424008120883185313e+02
2.426598645203317517e+02
2.425533708138989653e+02
2.421259690791778212e+02
2.427329687150170230e+02
2.422735815310200280e+02
2.422952630461669514e+02
2.425271428316339097e+02
2.435157740704902096e+02
2.426290555800852360e+02
2.424201207377958838e+02
2.423948063767276153e+02
2.430143592217391699e+02
2.429608964167125862e+02
2.430182435123765288e+02
2.435370887038964440e+02
2.436977811781659113e+02
2.435256402271768366e+02
2.430762233298394506e+02
2.433484794912805853e+02
2.433643090043972279e+02
2.436005274995112870e+02
2.438388324883852363e+02
2.435279794179756720e+02
2.434611147720568169e+02
2.435391019356618187e+02
2.444809724013826724e+02
2.439208177533489277e+02
2.443308966194797733e+02
2.441991768685081468e+02
2.435621341389464476e+02
2.443902576470313477e+02
2.448292938260054825e+02
2.447698017194903741e+02
2.446747665786794812e+02
2.446384154349364337e+02
2.446011196836027750e+02
2.445419422672310077e+02
2.449181603586533527e+02
2.449132274670691913e+02
2.452888968960344300e+02
2.451445570398395546e+02
2.450496052470928419e+02
2.452604848329439449e+02
2.453614776781149374e+02
2.457484045748925325e+02
2.456068667903203959e+02
2.455603676299629967e+02
2.460329793175062605e+02
2.457823838454743282e+02
2.457500382246703055e+02
2.460582578445176694e+02
2.456083584417264944e+02
2.458079117756580843e+02
2.456857735199887145e+02
2.455480874276204588e+02
2.463605693092421234e+02
2.463503064355513459e+02
2.462853153374480542e+02
2.463049778013912317e+02
2.462987966732076472e+02
2.464019636241552860e+02
2.469796119407980939e+02
2.469179433377031785e+02
2.470084933561629157e+02
2.470468409809055572e+02
2.469423103983338308e+02
2.463925168262938996e+02
2.472236008908771225e+02
2.477153920039416164e+02
2.470683694853704253e+02
2.475075615637636020e+02
2.477774355505609947e+02
2.470985004210411944e+02
2.474127838787395604e+02
2.476352965970414459e+02
2.475129255211788575e+02
2.477087361127038605e+02
2.484734361237618998e+02
2.483580807425397836e+02
2.479130913563355136e+02
2.479310976984545789e+02
2.482534996764270829e+02
2.490782620461526164e+02
2.484890010273819883e+02
2.486691995975607767e+02
2.488337227331346639e+02
2.485417367338230576e+02
2.483614482660923102e+02
2.490113265994753817e+02
2.490420807839732049e+02
2.487721171024020350e+02
2.487101714875491041e+02
2.494190152009979613e+02
2.488055238946693635e+02
2.490854250678615642e+02
2.496311237572190294e+02
2.492500505600800409e+02
2.493308532160374398e+02
2.496343304524658890e+02
2.493841203919280360e+02
2.495191716907892499e+02
2.496699313333732277e+02
2.496893690266417991e+02
2.502082779525768501e+02
2.501423996219366188e+02
2.497185522471729371e+02
