1.000697385007364346e+02
9.982694501891042194e+01
9.935023834814620614e+01
9.960566671859106691e+01
9.952761713424895618e+01
9.932148845850015562e+01
9.944578815908256786e+01
9.948169746216269971e+01
9.942940659092231215e+01
9.919237752446274214e+01
9.942232232902891553e+01
9.959478179543400245e+01
9.939657950400464870e+01
9.944768500601776395e+01
9.937512421886020775e+01
9.933543274441866799e+01
9.899978445438375729e+01
9.862548329546621062e+01
9.872191163212380616e+01
9.865233112871959520e+01
9.882111742147533562e+01
9.868579243927915456e+01
9.902360410503185051e+01
9.870206370529091089e+01
9.845442054558492373e+01
9.840359092456638734e+01
9.849978790873980472e+01
9.790011284459581020e+01
9.763730419169353070e+01
9.775215485948706373e+01
9.791425939630074993e+01
9.805430500832926555e+01
9.786323007203888835e+01
9.783974105206159777e+01
9.728736578059239548e+01
9.719757817563676383e+01
9.708394401334807355e+01
9.724347783688790514e+01
9.709222802236376992e+01
9.688167529004607559e+01
9.676620697922682268e+01
9.682204636814081766e+01
9.656713096303322175e+01
9.651578661130997716e+01
9.695196682920088449e+01
9.669407765349659201e+01
9.631668820437342049e+01
9.662028990331971556e+01
9.669047825734268997e+01
9.653776408353178340e+01
9.636326381374844630e+01
9.581056580641829612e+01
9.596512915970208724e+01
9.664871551732774435e+01
9.593459817794540356e+01
9.583569878716220103e+01
9.594981633196027815e+01
9.523139752135568870e+01
9.522851797541734697e+01
9.542910238577054827e+01
9.533062145385247277e+01
9.517059763150130891e+01
9.541664063806503293e+01
9.515865969455232687e+01
9.496317077124633954e+01
9.475278578871744628e+01
9.494478502099866546e+01
9.475107853083000009e+01
9.488438945005692915e+01
9.443232061818345358e+01
9.447054855588775979e+01
9.429863295176835436e+01
9.428452906671991229e+01
9.446803553708042500e+01
9.411035350949983069e+01
9.371523493536632543e+01
9.340597680260431446e+01
9.392177868381952521e+01
9.366639541600430618e+01
9.398340342784426582e+01
9.343870010480254962e+01
9.314624492546180079e+01
9.317902298912109416e+01
9.297887387344239585e+01
9.332919326270069860e+01
9.332609740311217195e+01
9.304621224627186393e+01
9.274700888014125155e+01
9.253910490832770108e+01
9.257792959548426381e+01
9.285668516186778731e+01
9.226782936871148877e+01
9.250468327854066786e+01
9.255760546205975459e+01
9.219579533737520194e+01
9.258234397542493355e+01
9.209843373798837263e+01
9.261723803995595006e+01
9.208064785250014950e+01
9.149410095739114013e+01
9.186608794463609229e+01
9.169652564211240531e+01
9.149210229972811703e+01
9.147988126980099821e+01
9.148313603104848823e+01
9.098054589339555775e+01
9.117841234824618368e+01
9.106689095773032250e+01
9.104078830210524131e+01
9.108605514969629269e+01
9.108846832532982774e+01
9.069938816913914081e+01
9.054540824993692638e+01
9.055654239827855179e+01
9.029869323994063279e+01
9.026864183513818318e+01
9.031101061772893956e+01
9.043944446646639790e+01
9.015707572256695812e+01
9.002744479650260701e+01
8.991270482429496269e+01
8.954545222552188477e+01
8.949255015821870529e+01
8.977938248391147624e+01
8.972258128906007357e+01
8.918550369078313622e+01
8.902486740410675736e+01
8.896139744581292064e+01
8.909029603314503731e+01
8.927966360939153390e+01
8.910136662942348096e+01
8.886307121382522212e+01
8.864065395703909189e+01
8.860831730273879714e+01
8.848225515171220934e+01
8.864901681900573749e+01
8.838717500217016720e+01
8.853693744413597244e+01
8.791256478036682154e+01
8.800786819318341259e+01
8.802218137044367552e+01
8.792095641261829542e+01
8.779723236416498366e+01
8.793312155795383944e+01
8.782990609620553357e+01
8.790370681078830728e+01
8.754200998891916186e+01
8.710732883309350427e+01
8.723263699436633090e+01
8.773228720574263662e+01
