2.369014244298371921e+02
2.368869692284318091e+02
2.373191705899077135e+02
2.369678615907143069e+02
2.372431916827539169e+02
2.375545445376714326e+02
2.367169100288247137e+02
2.369141852295792035e+02
2.373267906390887845e+02
2.368279024805926554e+02
2.371190668275943096e+02
2.368644800414353142e+02
2.368318519911812530e+02
2.370669285664179426e+02
2.367966907002698917e+02
2.370038463328052103e+02
2.368169279364596207e+02
2.369246140384386763e+02
2.369209151038256778e+02
2.367537903428636525e+02
2.369336304887764300e+02
2.366386310652081590e+02
2.369039016049675581e+02
2.369242480164229789e+02
2.368335964083612168e+02
2.367597183256730204e+02
2.372315537863638895e+02
2.367656382982585228e+02
2.367107881128523559e+02
2.370097135620245297e+02
2.368207473712959938e+02
2.366955869717453709e+02
2.371769918520984959e+02
2.367600210352922829e+02
2.366424931513384706e+02
2.369524170090902828e+02
2.371115282264948974e+02
2.367041288716198153e+02
2.366461026175308007e+02
2.365572424013925001e+02
2.370098457952798015e+02
2.366169737644983400e+02
2.367175540079260543e+02
2.370822373102433005e+02
2.362527814124387078e+02
2.369840014787570510e+02
2.367412596452983280e+02
2.370904182986808735e+02
2.361474896394145162e+02
2.367599325700189183e+02
2.371025630741002317e+02
2.364663579001374956e+02
2.368943897091620840e+02
2.368020826707230242e+02
2.366085852670157692e+02
2.368696041097985301e+02
2.367238225439083692e+02
2.372387580437038821e+02
2.365938970134546935e+02
2.366722092224553933e+02
2.367439234240122516e+02
2.372549124738694957e+02
2.364909078858630664e+02
2.365907676030676328e+02
2.371676598426072360e+02
2.368174652334048744e+02
2.367609521911534500e+02
2.363313453987819059e+02
2.366590796044542913e+02
2.369015295195337387e+02
2.365912575729320224e+02
2.367834793865621066e+02
2.363076867406011843e+02
2.366217342081163224e+02
2.370036065356074175e+02
2.363048366587139810e+02
2.366529659447338929e+02
2.365916777230871446e+02
2.368260150449623040e+02
2.367190914243230964e+02
2.369658691887999851e+02
2.367112503926600766e+02
2.365128028774652478e+02
2.371785414626324098e+02
2.368687374014067188e+02
2.370685892555391945e+02
2.368563607784467138e+02
2.368081044019171486e+02
2.366759359651175600e+02
2.367527674633210779e+02
2.365963443075593204e+02
2.367401730000849511e+02
2.363609222061646733e+02
2.364973641374075157e+02
2.370248336311944968e+02
2.365293765540800734e+02
2.366532733287426424e+02
2.366837331866052239e+02
2.362275899941103887e+02
2.369379404888435374e+02
2.368950295026920685e+02
2.366029342020435990e+02
2.370358655943909980e+02
2.366005060785892056e+02
2.368872405606018674e+02
2.368725510581315348e+02
2.368015910538325954e+02
2.365848829930507407e+02
2.366588736461372946e+02
2.368206096595163217e+02
2.366279292447650278e+02
2.366298743308334736e+02
2.363830167189983342e+02
2.364110940316858205e+02
2.362935144426317038e+02
2.365505283959173255e+02
2.365367971548429011e+02
2.367106288603648636e+02
2.364664145994571527e+02
2.367035289431395313e+02
2.362854173843080616e+02
2.366965989898282885e+02
2.365406775832735775e+02
2.365375036212334408e+02
2.361467656698031590e+02
2.367036608545110994e+02
2.364023305539064665e+02
2.364575557931952972e+02
2.363584732103926456e+02
2.366773315794162897e+02
2.364243841824872163e+02
2.366470664239136852e+02
2.364100508009673547e+02
2.364683027433078450e+02
2.361706932684239746e+02
2.364099906193629010e+02
2.364555377989146336e+02
2.363498818494390434e+02
2.367784570061992326e+02
2.362263387863015112e+02
2.366799252732605510e+02
2.364732891479358443e+02
2.363935150537093079e+02
2.367630692827357564e+02
2.364866804989859759e+02
2.363426071858398529e+02
2.366132981086301186e+02
2.360262389908037903e+02
2.364404790226441264e+02
2.362183133634006538e+02
