2.870231125234934666e+02
2.871830528040939612e+02
2.872223745744753955e+02
2.871178654661748055e+02
2.873648671218134609e+02
2.873388658310468600e+02
2.871316833979894909e+02
2.872801737001639140e+02
2.874189975088225424e+02
2.872505409275090642e+02
2.872820523536888118e+02
2.872445430102380897e+02
2.873255668592188385e+02
2.873076673338247815e+02
2.873906310153193431e+02
2.875004535936490697e+02
2.874328079985057798e+02
2.874557113233169616e+02
2.875148234752509779e+02
2.875590448721517873e+02
2.875289045771787073e+02
2.874575949072444132e+02
2.875248734312431225e+02
2.877308020822999310e+02
2.876118624658403746e+02
2.876745775350752865e+02
2.878090450739860557e+02
2.877386708791986507e+02
2.877735166299572711e+02
2.879013870238073878e+02
2.878210555027924897e+02
2.879127933390702765e+02
2.880077898402296910e+02
2.878069141995094924e+02
2.879593672817023275e+02
2.881202222609466048e+02
2.880616983828882098e+02
2.879834279823465977e+02
2.877907368852935974e+02
2.880274161769065699e+02
2.882076562004181142e+02
2.879693968305377894e+02
2.881405628181435645e+02
2.881952028816255051e+02
2.880493610717999218e+02
2.882454693497663243e+02
2.882890625837978291e+02
2.883488322435418922e+02
2.880561111327731396e+02
2.883145065371481905e+02
2.883385850950315330e+02
2.884103951920418467e+02
2.885438232901260562e+02
2.884439689347681792e+02
2.884207041459679317e+02
2.885159442751619849e+02
2.886218227621484402e+02
2.887037891677906032e+02
2.886033259869507219e+02
2.886653034010050192e+02
2.887584947493292589e+02
2.888013838889250451e+02
2.886057269221004162e+02
2.888104773216571175e+02
2.889159678618958083e+02
2.888458170733943575e+02
2.888377008459837612e+02
2.887681641510892518e+02
2.888930301070791415e+02
2.889650693333755953e+02
2.889350016688053415e+02
2.889218013724685079e+02
2.888302621971809572e+02
2.889969824337168234e+02
2.891090367548829931e+02
2.889532953289251509e+02
2.890891926583838654e+02
2.890712958160698918e+02
2.892200790678618318e+02
2.892811319616301944e+02
2.894495173958182477e+02
2.893073011416853433e+02
2.893856977482715820e+02
2.895865222549812188e+02
2.894948947541958546e+02
2.895148199607523907e+02
2.894630017230396106e+02
2.894942057846581633e+02
2.895173873028037974e+02
2.895247447066787458e+02
2.894930432114346672e+02
2.894988359235662188e+02
2.894985210708901491e+02
2.895834636648294236e+02
2.897523181110066730e+02
2.895911103403976199e+02
2.897543822208411370e+02
2.896605702951583226e+02
2.896663857497072172e+02
2.899344844776599643e+02
2.899709957441042434e+02
2.898298622293133917e+02
2.900244734187971858e+02
2.899253691107523991e+02
2.900187451955061988e+02
2.900469518127607103e+02
2.900885083974155236e+02
2.900243136583092678e+02
2.899838148129003912e+02
2.900956368774581051e+02
2.900230844358789568e+02
2.900611411070972281e+02
2.900107176378692202e+02
2.901365315250040453e+02
2.901601085416273804e+02
2.902488587446546831e+02
2.902884118914434453e+02
2.901965889799212732e+02
2.903000189760703620e+02
2.904218110963725508e+02
2.903564996471129120e+02
2.904273181625631537e+02
2.903473704621498541e+02
2.905182533706210393e+02
2.903814357600294329e+02
2.905842069279587463e+02
2.905669995840014508e+02
2.905101103531933404e+02
2.905720139094649994e+02
2.907418702453671244e+02
2.906422021871949255e+02
2.907636069173203737e+02
2.908444417347187709e+02
2.908500689889609134e+02
2.906371444005928311e+02
2.908088651189280540e+02
2.908955668399283354e+02
2.908959781805847911e+02
2.909995719401729275e+02
2.909881959745447944e+02
2.911230679992494856e+02
2.910100354575463939e+02
2.910983585920391761e+02
2.911474379969714619e+02
2.910654898098840704e+02
2.911857878702232370e+02
2.911606545342791037e+02
2.910541208690419808e+02
2.912706790529796876e+02
2.911878176436231342e+02
