2.305192673663989638e+02
2.310158317377769208e+02
2.308851056930839150e+02
2.309738000297526526e+02
2.302747014934663241e+02
2.309205204539133831e+02
2.311646562852526756e+02
2.298845554120472059e+02
2.305482913898441666e+02
2.305335995064777705e+02
2.304416510561619305e+02
2.305062368492436917e+02
2.308546902063039852e+02
2.308484689300392176e+02
2.312086359263657585e+02
2.306450509024968767e+02
2.304402641049472606e+02
2.308940454796744177e+02
2.307860968778777249e+02
2.310518747028843336e+02
2.305256733227194843e+02
2.310137194546765897e+02
2.310793056337412281e+02
2.308050779502335672e+02
2.308193217615566937e+02
2.306656987384076558e+02
2.311516265663846355e+02
2.311525730269901260e+02
2.310029375984335900e+02
2.315828945714611962e+02
2.311539171182589314e+02
2.307693743081987066e+02
2.309617815573060398e+02
2.312847640100396802e+02
2.315291129914946566e+02
2.310760423933055279e+02
2.311052759673118260e+02
2.310850742425374165e+02
2.306838852953068510e+02
2.310550053805376649e+02
2.313402275531183250e+02
2.311151270205333219e+02
2.308392087051417150e+02
2.309614563798775464e+02
2.310389298324032552e+02
2.312951805850301525e+02
2.314349963052521559e+02
2.313063800835071504e+02
2.306891145764336386e+02
2.310153537145502014e+02
2.310719425421811763e+02
2.311721293711152612e+02
2.312599416711269953e+02
2.313479481547288970e+02
2.309905431991954856e+02
2.311772851024543627e+02
2.313045914664486702e+02
2.309125700057831807e+02
2.301868441329276891e+02
2.307381498892605975e+02
2.309181463757496147e+02
2.309313233394447025e+02
2.311172006338047424e+02
2.306210193841082230e+02
2.311716758309500221e+02
2.307117980745376542e+02
2.305923411523728248e+02
2.312063481549172650e+02
2.310715725554801168e+02
2.308428088188821903e+02
2.310292431507439517e+02
2.306657688773829875e+02
2.309177165065017050e+02
2.313587621295080510e+02
2.303083849119558408e+02
2.310540510174399742e+02
2.310745929111604653e+02
2.310178863141399290e+02
2.308283186733232242e+02
2.309439062309924395e+02
2.309806523592990288e+02
2.308583615656285417e+02
2.305163404261524818e+02
2.310495304429616397e+02
2.311364982278005584e+02
2.311381505606526332e+02
2.303990954866688128e+02
2.307813168846219298e+02
2.310232574535176866e+02
2.313064099879020716e+02
2.305662324797160352e+02
2.306429129782334542e+02
2.314983879027575995e+02
2.314136124713577090e+02
2.310560206984863498e+02
2.304973510703520390e+02
2.313352701120067252e+02
2.309102096142717926e+02
2.310509526382538752e+02
2.310478817080160354e+02
2.315003363956604119e+02
2.306575062677214021e+02
2.309333621193381134e+02
2.312836825742888323e+02
2.308496998178312367e+02
2.311568628588983927e+02
2.309832792556007064e+02
2.309412548785840329e+02
2.312046487782722295e+02
2.314295212772823618e+02
2.307708207782827401e+02
2.310660836167085108e+02
2.312948637834823842e+02
2.307170224503549605e+02
2.308137586331250475e+02
2.313471001842683563e+02
2.309459042709590051e+02
2.313538137712587002e+02
2.308689959180682933e+02
2.314997505197778480e+02
2.309925981185674857e+02
2.309034447494775577e+02
2.311577304579351164e+02
2.309060052840826529e+02
2.307556575429832435e+02
2.311034842129240872e+02
2.311393641250338078e+02
2.303427651479350118e+02
2.308240481760517184e+02
2.306241631096338836e+02
2.304577728243256445e+02
2.310675829878566674e+02
2.302476766622505693e+02
2.304297745447770751e+02
2.307255545969933053e+02
2.307075611531746802e+02
2.304976335840068771e+02
2.308643577574514438e+02
2.310072972111082379e+02
2.307426508084758723e+02
2.305893815359578412e+02
2.303040333335369780e+02
2.306658542007762378e+02
2.303722868356092874e+02
2.304678954911961455e+02
2.304795551799399789e+02
2.300301600028660971e+02
2.306267694570531148e+02
2.307385589054290733e+02
2.297795576071765993e+02
2.301839475124911303e+02
2.308604755381850282e+02
2.306743617132737256e+02
2.307131444458835574e+02
2.309459434668870301e+02
2.301079418785439259e+02
2.304755434846684636e+02
2.305203181232142242e+02
2.303108283356653772e+02
2.306255021005018762e+02
2.308315058379825757e+02
2.310708980420943135e+02
2.304126979909530917e+02
2.304323257036847110e+02
2.305984981303788288e+02
2.303885078714070289e+02
2.308263114607633781e+02
2.306458772257635701e+02
2.310379877027057773e+02
2.308814198298300369e+02
2.312296291601807923e+02
2.311357857204494621e+02
2.308698245256537973e+02
2.304419505490991185e+02
2.308950494505751010e+02
2.310447583027863345e+02
2.305168334570102786e+02
2.300236976993406017e+02
2.306189159579311081e+02
2.305900202557197360e+02
2.304091462523524285e+02
2.306191202315936835e+02
2.299349187048208876e+02
2.303738967009916507e+02
2.311558548189473186e+02
2.304666328981404604e+02
2.308512903200306425e+02
2.311479449411100688e+02
2.303038258436633896e+02
2.306295798703920639e+02
2.307303105600797437e+02
2.302934273120744422e+02
2.308508959041340916e+02
2.306659210368576680e+02
2.302908827729022789e+02
2.304315149310946254e+02
2.306507034568168137e+02
2.305126000637102663e+02
2.312402577404492092e+02
2.306865436921112575e+02
2.303824961900099026e+02
2.312077490429082047e+02
2.314406666390770226e+02
2.305783220046658641e+02
2.307862049112524119e+02
2.311684005495444580e+02
2.310802309043524474e+02
2.309024589564886298e+02
2.307541514882070999e+02
2.304258579606124613e+02
2.307695382344087420e+02
2.313122063700433273e+02
2.305110601901583323e+02
2.308772019013263161e+02
2.312171880280985761e+02
2.313569351348380962e+02
2.312142379592925181e+02
2.308461616570735941e+02
2.307209021322231308e+02
2.311395080848529915e+02
2.309786484523521892e+02
2.310734261300873413e+02
2.314064422982363851e+02
2.305854080352012261e+02
2.311170058045484268e+02
2.310356706186667282e+02
2.309475573679410445e+02
2.312290945786735392e+02
2.307691806398852350e+02
2.310038950672837075e+02
2.309178329598989876e+02
2.311068948561269281e+02
2.316592308250039594e+02
2.311889943670633158e+02
2.308724354826225920e+02
2.310834411574507214e+02
2.308009443551497952e+02
2.308822334859440559e+02
2.309972795346071734e+02
2.309323730380586142e+02
2.308795116000133874e+02
2.309928713605988548e+02
2.301155569250861106e+02
2.304467742942349844e+02
2.307414984323164333e+02
2.305035914696052544e+02
2.306444727852843926e+02
2.303624392755184260e+02
2.307503362461322922e+02
2.308675240672453128e+02
2.309332910200830611e+02
2.305644428243835193e+02
2.307598054321715608e+02
2.310013148798950340e+02
2.302622817465522473e+02
2.309432062693161072e+02
2.303696607338076490e+02
2.302844608716669654e+02
2.308028791027959414e+02
2.306137298731978262e+02
2.302876171833148931e+02
2.308609723205287594e+02
2.305752837100393720e+02
2.311000846377742448e+02
2.309266646291110590e+02
2.305008824690333142e+02
2.306325592514099299e+02
2.305818857067321233e+02
2.303265632455900516e+02
2.308402068022353717e+02
2.308301556146585654e+02
2.303838214193043825e+02
2.306429614953525515e+02
2.304406915964470102e+02
2.300924982330645037e+02
2.303328333170697135e+02
2.307928306564173511e+02
2.303605686220224413e+02
2.305626103333664503e+02
2.305645117648535916e+02
2.302183793099250977e+02
2.306467770889107385e+02
2.303915562010499798e+02
2.306938064853695778e+02
2.309817193984735866e+02
2.300589281031705298e+02
2.300973549268911427e+02
2.303383240517211163e+02
2.304810394726822835e+02
2.309068653753811020e+02
2.299094982265192186e+02
2.308198957972049357e+02
2.305971116010514663e+02
2.301285600135792038e+02
2.300669020122154791e+02
2.310438966864757049e+02
2.307352795015601714e+02
2.304337299339170215e+02
2.309175379838651452e+02
2.301841574275510993e+02
2.303485986555008083e+02
2.307270775698415264e+02
2.302555983032343647e+02
2.307891291141454531e+02
2.307634411551534015e+02
2.299842336439306507e+02
2.300437003413534001e+02
2.307101568389776105e+02
2.306277610331334529e+02
2.302756368104871001e+02
2.302523183400168136e+02
2.301841791401917590e+02
2.301544788069031711e+02
2.297671773763802321e+02
2.302857693805139263e+02
2.305142746145086221e+02
2.298990188796525160e+02
2.299302377988547050e+02
2.301780459265654883e+02
2.299514402675351050e+02
2.300555596320421898e+02
2.299672253139589202e+02
2.303736374190773120e+02
2.302446770213293519e+02
2.298999524077324565e+02
2.299542017192071626e+02
2.306624963454651152e+02
2.302482984877365482e+02
2.305979502988234344e+02
2.304902516157736727e+02
2.301812461139577692e+02
2.306580114586629406e+02
2.300792969232564928e+02
2.304515581716851500e+02
2.299716774571130600e+02
2.303637265291839924e+02
2.301055951112495279e+02
2.298085337118780274e+02
2.301997954101630910e+02
2.297803853778233645e+02
2.300651572756923713e+02
2.307180368253873439e+02
2.305143878718249368e+02
2.297588848943895528e+02
2.300064441241461282e+02
2.301768266424732872e+02
2.296231689317461360e+02
2.300053506350503767e+02
2.302274343639034271e+02
2.298505879184854166e+02
2.300054883818824010e+02
2.300312046986965413e+02
2.301229030933280626e+02
2.306728067422701827e+02
2.296915184676798560e+02
2.300767817791487175e+02
2.304358712002649554e+02
2.300233251128944403e+02
2.300937644257069223e+02
2.304439318507299674e+02
2.303394803683445673e+02
2.301687260625701867e+02
2.303591055613952676e+02
2.308909777609591458e+02
2.299889491779237005e+02
2.300919019482765862e+02
2.302412934671782239e+02
2.304332893066443546e+02
2.307112486972793874e+02
2.301568644165862452e+02
2.299966809976099285e+02
2.298828878186972133e+02
2.302221479341571069e+02
2.306672301587327922e+02
2.297517400135701848e+02
2.297941010623580098e+02
2.306251514631555040e+02
2.304223139990116351e+02
2.298123635544702381e+02
2.303142195812268653e+02
2.299804739867790602e+02
2.308472919953610187e+02
2.305187400727656097e+02
2.305871145327151055e+02
2.300198359752223212e+02
2.298962973681638289e+02
2.304647599799955060e+02
2.305028767656123989e+02
2.299667331641500425e+02
2.302559540550597603e+02
2.303359215215724305e+02
2.304510376255585413e+02
2.305316174747573825e+02
2.304813569301876726e+02
2.302792793661652979e+02
2.305970304256899226e+02
2.295664433018803265e+02
2.302092000985321363e+02
2.303683743209288366e+02
2.298626642993105236e+02
2.300956926815853194e+02
2.306096806984747900e+02
2.304982720324218519e+02
2.296271599019176222e+02
2.298683962023135336e+02
2.306691777230200557e+02
2.306669134194429773e+02
2.298313057421394205e+02
2.302005863250976745e+02
2.304134223525913683e+02
2.299042001282083731e+02
2.297048483788956617e+02
2.300674143068647481e+02
2.303573677476236981e+02
2.302941088442038051e+02
2.302075395262573636e+02
2.303547713345193415e+02
2.307389605041334733e+02
2.297106796568743619e+02
2.301393836838301468e+02
2.305018750017935361e+02
2.303792880471206672e+02
2.299996820485732485e+02
2.302246407434363675e+02
2.307519837378834779e+02
2.301285759880701960e+02
2.304764525084161733e+02
2.307607958277300497e+02
2.296641219367055555e+02
2.301514869961130501e+02
2.307835354491880082e+02
2.308336418103989445e+02
2.304832126656795310e+02
2.302100649886144481e+02
2.306662443303562213e+02
2.310318482270070035e+02
2.306173564454499854e+02
2.300849244473599526e+02
2.306050756849739400e+02
2.312568342426066010e+02
2.301470870959286401e+02
2.303160022887526281e+02
2.307345104518147991e+02
2.306958607645357233e+02
2.301760405825269515e+02
2.299608256636310841e+02
2.305612982263088213e+02
2.303001392123851474e+02
2.301243731014110665e+02
2.305497201746591998e+02
2.302697579258162648e+02
2.304834628648616501e+02
2.304290647718215723e+02
2.298515385790477694e+02
2.303301634692566040e+02
2.300451565699375749e+02
2.301764049753172401e+02
2.298969260465677564e+02
2.302676569793143244e+02
2.300800505445349984e+02
2.298924061762869542e+02
2.302538970112184700e+02
2.300452425975811650e+02
2.303055742386745521e+02
2.305770044658949871e+02
2.301692703592834732e+02
2.300228309113864213e+02
2.300342272352956172e+02
2.305168301544136682e+02
2.299411127978304705e+02
2.301464136842041910e+02
2.304816435590783783e+02
2.301054786636694587e+02
2.302388896392108393e+02
2.303727322497950354e+02
2.303169548743014730e+02
2.302374716134323762e+02
2.303834494671724542e+02
2.304654935365745416e+02
2.296983745230330953e+02
2.303078555810354544e+02
2.302051226193860032e+02
2.301579882072922771e+02
2.307576241636831185e+02
2.303110984368188667e+02
2.299752851464604362e+02
2.303166530862847878e+02
2.305345561618907197e+02
2.301488799220438466e+02
2.307561026520507141e+02
2.305126319190228799e+02
2.302734141879566323e+02
2.303427050581851461e+02
2.302965391116388503e+02
2.304755707300680854e+02
2.302594307581166220e+02
2.303925592922978467e+02
2.304597493778444175e+02
2.303214188922020469e+02
2.299625963160847277e+02
