1.094742468647879861e+02
1.097647097693952816e+02
1.090677910223018330e+02
1.099270811652660882e+02
1.101902774297602718e+02
1.090999300716866429e+02
1.100862987573897414e+02
1.105058097140465208e+02
1.090788768691547261e+02
1.100538374081374258e+02
1.097304868215030069e+02
1.098841409902037185e+02
1.097628039821073003e+02
1.088733309625589953e+02
1.092571066639251427e+02
1.103114912349506227e+02
1.092972500684979735e+02
1.094477890517905507e+02
1.093395174977080160e+02
1.100024469621551901e+02
1.096396800988532050e+02
1.094796272749190393e+02
1.093262164995810934e+02
1.090613621773458277e+02
1.097718632784025203e+02
1.092656908114515915e+02
1.092108733378394874e+02
1.091423881882243876e+02
1.091074995085115660e+02
1.093282222238943859e+02
1.091336252286000814e+02
1.096130158850699985e+02
1.091611794402008968e+02
1.089516684321062456e+02
1.093322440705106118e+02
1.097603358513934637e+02
1.090652366383538521e+02
1.097919587816148095e+02
1.095136719637360869e+02
1.087200217808792644e+02
1.091804052289982678e+02
1.094390099337715156e+02
1.098075204009045365e+02
1.094891546170685643e+02
1.093535174773601995e+02
1.093438255264901926e+02
1.090424063619452255e+02
1.094775709865493667e+02
1.094970891874857699e+02
1.101642155332288411e+02
1.091844549077066091e+02
1.092290288570998342e+02
1.092588555790702429e+02
1.093273713568706142e+02
1.099379162317751337e+02
1.092646129292238584e+02
1.097037002192143262e+02
1.099315052492921296e+02
1.095168402053939332e+02
1.094793485000350870e+02
1.100290206359640734e+02
1.091317307331002979e+02
1.098071599163265120e+02
1.097741955042795752e+02
1.089341070842031201e+02
1.099574837820852480e+02
1.095134268287001618e+02
1.089856494753822034e+02
1.096580894190613691e+02
1.094510824940547451e+02
1.096456685682716028e+02
1.094031857864830641e+02
1.090538982843933553e+02
1.099859038428454028e+02
1.098772214438938022e+02
1.095040130409337849e+02
1.096238587035059737e+02
1.096420499292699446e+02
1.103015013177233499e+02
1.094915632813482489e+02
1.093084398575435330e+02
1.101721842421481909e+02
1.094095182417070617e+02
1.089794558542206460e+02
1.092913486480715477e+02
1.098018490518378627e+02
1.099988360867557162e+02
1.090581121816610022e+02
1.092319308438566026e+02
1.096344938613502933e+02
1.098786436169571488e+02
1.085146387238813048e+02
1.090761984652049392e+02
1.091753677178921293e+02
1.098074716376683000e+02
1.098299169391759591e+02
1.088079151056331142e+02
1.095357282166917940e+02
1.098199449561514598e+02
1.092186401258305608e+02
1.094305527161701121e+02
1.099134989276081029e+02
1.090312246286361955e+02
1.100562263899111457e+02
1.092046707178335936e+02
1.092025802152066518e+02
1.098023463589235007e+02
1.090351215590844589e+02
1.090385187539176286e+02
1.094861172231269535e+02
1.094982699729011273e+02
1.089047359288587842e+02
1.096815466521952089e+02
1.098716991434769739e+02
1.089067734580539053e+02
1.097668860775705184e+02
1.093067102972896123e+02
1.090702428773007426e+02
1.097648004749808450e+02
1.083951602765652638e+02
1.098046908419651686e+02
1.092717439042410916e+02
1.097753166660838389e+02
1.092667762691985871e+02
1.095983504824993702e+02
1.088772251969201079e+02
1.102038663209286824e+02
1.106278107921742304e+02
1.094413236791542232e+02
1.101944975391213148e+02
1.102243215657314295e+02
1.099922618645537540e+02
1.101258917061953611e+02
1.096253781189143410e+02
1.101636196200887383e+02
1.098546900050299655e+02
1.095552842029815110e+02
1.098299547493661521e+02
1.095901539426041751e+02
1.101539166324876220e+02
1.100656779957443661e+02
1.102375533013894113e+02
1.102058856067627630e+02
1.101690599047258843e+02
1.098523876098139596e+02
1.099701131163705696e+02
1.104374810252380001e+02
1.090716267157871897e+02
1.101104563947245794e+02
1.105237414595060130e+02
1.093093513559678058e+02
1.092634476107158861e+02
1.097075453977260509e+02
1.091130382693201142e+02
1.103512953903804004e+02
1.100062924023309705e+02
1.098832125449872592e+02
1.102962219453819017e+02
1.099729945387051089e+02
1.095814513356694846e+02
1.093264211351313833e+02
1.099748369694663523e+02
1.102238660709462152e+02
1.095202691906495147e+02
1.096715688164870812e+02
1.100068617584103663e+02
1.090105297755829383e+02
1.096311545033727413e+02
1.093299728806758111e+02
1.099675374664456484e+02
1.093719226540457754e+02
1.091874946647788960e+02
1.095491882354350395e+02
1.099156906460136867e+02
1.093178327875323390e+02
1.096062508530928881e+02
1.102076534882613146e+02
1.098263314872231149e+02
1.098308118407488081e+02
1.102211812412154046e+02
1.098781224065593420e+02
1.096515160468314747e+02
1.101240599940445435e+02
1.092613409151766319e+02
1.096800525628231497e+02
1.099758666193281869e+02
1.091418867642534565e+02
1.095694416341460737e+02
1.100808850107824384e+02
1.094257039814835224e+02
1.102307841913398505e+02
1.097046554077278842e+02
1.093223738417565301e+02
1.107133389953325349e+02
1.095275728860863182e+02
1.096332772897067542e+02
1.095373354201467890e+02
1.093460349859816318e+02
1.093572444107499422e+02
1.098883538724074924e+02
1.094426579020478130e+02
1.090603845033661941e+02
1.094270619388455685e+02
1.094886069312963173e+02
1.089441730386986364e+02
1.089072572368560969e+02
1.096216130724258875e+02
1.097625182682716201e+02
1.100734334639579259e+02
1.097416844767838029e+02
1.090023501540859030e+02
1.093502060486279106e+02
1.097286818750959583e+02
1.093254417872688435e+02
1.089725092132701434e+02
1.089283528549006377e+02
1.095004300200341305e+02
1.095493149512277711e+02
1.094106403098498959e+02
1.093073462545432477e+02
1.092631407552431142e+02
1.093601859137138632e+02
1.095655919719613536e+02
1.096741893339694087e+02
1.087831630574083164e+02
1.100545180802612464e+02
1.090863387648988834e+02
1.092250621861151814e+02
1.092122381098230193e+02
1.094814445275240047e+02
1.095906433256398742e+02
1.091004349259175825e+02
1.088607555099492146e+02
1.097754783854332459e+02
1.094422435325928973e+02
1.101521793906602511e+02
1.089109194003020633e+02
1.098251333785293156e+02
1.094498182529707293e+02
1.099111703261594926e+02
1.097347906460923923e+02
1.102812748387634230e+02
1.103060686049554562e+02
1.093513383312804308e+02
1.100597371608921975e+02
1.096196380729878541e+02
1.102432438260912164e+02
1.097735072836648413e+02
1.094275720119745330e+02
1.093576390991816112e+02
1.097692278045045811e+02
1.096954830648335957e+02
1.097399068804891158e+02
1.100969837180975475e+02
1.101901194564519102e+02
1.091735466566108101e+02
1.104555775564095939e+02
1.098366404408638459e+02
1.092451635510958425e+02
1.100713551354035502e+02
1.091451834797827019e+02
1.095252103789449762e+02
1.096783143250147958e+02
1.089818970477426348e+02
1.098926741807257912e+02
1.098528864805478662e+02
1.095561591762335780e+02
1.104588757830855030e+02
1.102358403638168198e+02
1.093519869619175324e+02
1.098847266523321622e+02
1.097790576015342054e+02
1.091973024317729823e+02
1.107568977376656534e+02
1.102484150480282210e+02
1.098719233889191997e+02
1.099525213175367071e+02
1.101141872688915413e+02
1.101422300376945174e+02
1.102430685472979661e+02
1.104329916532729499e+02
1.097949911199392687e+02
1.101466942216462002e+02
1.091531194448938322e+02
1.100937868309351728e+02
1.101149858718777637e+02
1.098355543303222674e+02
1.100961920198271713e+02
1.096096985887929947e+02
1.102320007873202741e+02
1.101260907013537462e+02
1.092053591561511467e+02
1.100971213538715716e+02
1.101691109378533611e+02
1.094956475730515280e+02
1.094447727847340843e+02
1.098612179657805115e+02
1.096543000066286595e+02
1.101639467945782513e+02
1.096768746173359119e+02
1.099785340712088413e+02
1.099258389578867536e+02
1.098202998101412078e+02
1.093228105162234982e+02
1.105234696872919926e+02
1.100076523689796062e+02
1.097327690612508491e+02
1.100943737155953528e+02
1.103464783952076118e+02
1.106574174712535523e+02
1.098849317793684008e+02
1.099141705649287388e+02
1.107089552061182189e+02
1.106719512987646539e+02
1.097129964044668782e+02
1.102280062217007668e+02
1.106569137375694396e+02
1.098113381525949563e+02
1.103158793048232127e+02
1.108340450513582169e+02
1.104588146839732445e+02
1.102352459402825957e+02
1.100320121176514476e+02
1.103784679268677138e+02
1.104591099128332274e+02
1.102867043140170864e+02
1.095639977924352166e+02
1.101351422984590585e+02
1.095280392024982348e+02
1.104329192929885579e+02
1.097240471959466817e+02
1.097432459411772356e+02
1.101089285879671280e+02
1.096360738952899823e+02
1.101326282345949181e+02
1.102893021924263763e+02
1.105994026034222202e+02
1.104813870216194545e+02
1.099171579734138362e+02
1.111026380990868461e+02
1.097723451142043558e+02
1.101419845093961527e+02
1.108117211024991633e+02
1.106870003458607243e+02
1.099988727662505426e+02
1.103149128680132094e+02
1.102063557353219494e+02
1.100595602692154529e+02
1.102966403991522810e+02
1.104938930841772731e+02
1.103157443251832746e+02
1.102408490559350156e+02
1.097581397966934560e+02
1.102433003508111113e+02
1.106206588623792868e+02
1.095960741004805783e+02
1.104001181377474126e+02
1.102268214358179961e+02
1.095672000290638834e+02
1.095755401414138959e+02
1.098070813883167602e+02
1.103732451752665469e+02
1.097055964620229673e+02
1.100185840260535741e+02
1.104758927480022095e+02
1.098690719530657702e+02
1.105546010301012672e+02
1.090543238079480233e+02
1.099641968347324905e+02
1.101695743835766592e+02
1.099098570406681006e+02
1.106308439307283180e+02
1.096306611341967283e+02
1.097688690356321786e+02
1.105352430005844582e+02
1.101057082100401772e+02
1.096754767952396605e+02
1.103776793096371733e+02
1.101487712430384249e+02
1.100679887873828449e+02
1.098353350829695501e+02
1.094366651281612235e+02
1.103983298909584931e+02
1.100283375537936621e+02
1.102845740725809378e+02
1.102658658940326717e+02
1.097179517750032147e+02
1.102144629374503921e+02
1.102048847338647164e+02
1.097897395316114313e+02
1.098957624049853621e+02
1.096906415432102335e+02
1.100895299193156234e+02
1.101433131413100597e+02
1.102066117042613342e+02
1.099910813665373297e+02
1.109034714144578828e+02
1.096473741498374039e+02
1.104294714525508851e+02
1.100797330878259430e+02
1.099486533961435271e+02
1.094204698861527305e+02
1.102572335154249004e+02
1.102361521056494098e+02
1.094701200253365414e+02
1.098635897893392581e+02
1.102668403100463053e+02
1.109998490367984374e+02
1.094854999419320478e+02
1.102548742567269784e+02
1.112009367158457707e+02
1.102207969598984931e+02
1.101416591406928518e+02
1.097898659219183486e+02
1.102721518490618422e+02
1.101795042537107179e+02
1.093678562362293150e+02
1.096775959340621540e+02
1.104020125554309715e+02
1.097567483446795649e+02
1.095070014707517174e+02
1.101641793493175925e+02
1.098129180540602619e+02
1.094421773791689816e+02
1.097947340811467285e+02
1.102082919324786445e+02
1.093441623364845867e+02
1.104033680247603257e+02
1.104246238779730191e+02
1.093541972473496600e+02
1.094637482046807548e+02
1.095174848919799047e+02
1.097504083702615389e+02
1.096420072950515845e+02
1.096569469770971779e+02
1.096941056018431624e+02
1.101057047364104164e+02
1.093279269735985082e+02
1.089146296729222172e+02
1.101066140530773936e+02
1.099932646707508894e+02
1.096465537859053256e+02
1.094124093017973820e+02
1.105360288073560326e+02
1.104444461451024182e+02
1.100370326657525197e+02
1.098304706632287520e+02
1.102349258552259101e+02
1.097256044394859629e+02
1.098461382590794528e+02
1.100471218426723112e+02
1.101263763483827489e+02
1.100181984300891571e+02
1.106708936303111983e+02
1.100949082200415177e+02
1.102380616564390721e+02
1.102268082298057266e+02
1.100497775177386899e+02
1.100452951215938242e+02
1.111038070716609241e+02
1.097151343724108443e+02
1.099987226116415258e+02
1.101538120692703728e+02
1.097246772208300030e+02
1.101308553677714457e+02
1.101096508545350190e+02
1.104856402598255727e+02
1.101745322444265298e+02
1.107565733260765910e+02
1.101481898637035357e+02
1.095935387133922490e+02
1.099828817723576577e+02
1.104117402950980562e+02
1.098198929960736905e+02
1.103889387371161774e+02
1.094800198639824913e+02
1.097000460400975470e+02
1.100579051636588588e+02
1.100999952929078063e+02
1.106409833438155630e+02
1.097602309311987341e+02
1.101356141927011976e+02
1.097939639670531733e+02
1.096886656968022038e+02
1.109397050544196617e+02
1.099066114469394648e+02
1.098722153287138212e+02
1.101263559326628894e+02
1.095763176048026679e+02
1.093894649518418873e+02
1.102830167287742569e+02
1.094710422828954393e+02
1.098037362502178667e+02
1.101054483064862097e+02
1.099547839111780405e+02
1.098747549414417790e+02
1.100632863819972158e+02
1.101864224293585011e+02
1.095974987175481630e+02
1.104995426553042392e+02
