2.365596308244755619e+02
2.379649446883044277e+02
2.390092764820650189e+02
2.395648933816843282e+02
2.402478278295845087e+02
2.404596566791905445e+02
2.408615363342580338e+02
2.409596161724982721e+02
2.413489700304296832e+02
2.418842413515798171e+02
2.414722738526451451e+02
2.417256227071494834e+02
2.423434789366341136e+02
2.425069561702094632e+02
2.420516385674846731e+02
2.422774098315790070e+02
2.424670079562284002e+02
2.428359291720498732e+02
2.428385990689992866e+02
2.428361274685805995e+02
2.428593561745134366e+02
2.430175775467089352e+02
2.434482572129106757e+02
2.432188329458926717e+02
2.431228303264159649e+02
2.433645086063828558e+02
2.437913036985446524e+02
2.434185110939804702e+02
2.438704634993011098e+02
2.441248413715088361e+02
2.437832704369711792e+02
2.435779610131849324e+02
2.441656594663220119e+02
2.438590993690488631e+02
2.440401796819191986e+02
2.438687684406046401e+02
2.439467978049987096e+02
2.439572795129896292e+02
2.440041978540927232e+02
2.446173239398940780e+02
2.447310796951236398e+02
2.440232697186549728e+02
2.441261218288043153e+02
2.446067022639390700e+02
2.443382717328540821e+02
2.449198488874430097e+02
2.450056361347285190e+02
2.446070787990702513e+02
2.448157120819915633e+02
2.449769364417807083e+02
2.445517398930378192e+02
2.447658094604155394e+02
2.450701860733662159e+02
2.446597830182582811e+02
2.449860324612867259e+02
2.451535905758624949e+02
2.453756727623854204e+02
2.451746644466358305e+02
2.450914983592776935e+02
2.447634735406533366e+02
2.450495820217169296e+02
2.455589788967429001e+02
2.447472901613670899e+02
2.447684665190341775e+02
2.454367050678178259e+02
2.457061658664210597e+02
2.453403095020001956e+02
2.455365452115891287e+02
2.458886762362165825e+02
2.455630123281524675e+02
2.453427511427134107e+02
2.454499110485953963e+02
2.457012912073031714e+02
2.455460538396402228e+02
2.459231979686141187e+02
2.460343802201502683e+02
2.456112049121383052e+02
2.456772134530236826e+02
2.461090230819634996e+02
2.459190319441628105e+02
2.455803245120328029e+02
2.460024906247051319e+02
2.460197016381256390e+02
2.462032645703479830e+02
2.453621718650482819e+02
2.455606841984752293e+02
2.458084030443774282e+02
2.462403329104427314e+02
2.457635131632409582e+02
2.459176632984575974e+02
2.463858979225082919e+02
2.460951500228588031e+02
2.462775492477901196e+02
2.461509099284893693e+02
2.461116770561784790e+02
2.461446882105596217e+02
2.458967621115959616e+02
2.462870506099220336e+02
2.458725054598378676e+02
2.459961235370074917e+02
2.464627470858476670e+02
2.463779027695199204e+02
2.458424550887245630e+02
2.460013159556906146e+02
2.465187471353523563e+02
2.464986691731046164e+02
2.459154839714171885e+02
2.457340459223947846e+02
2.461671704563134710e+02
2.465712573458752956e+02
2.463586942542322049e+02
2.462031915671538798e+02
2.465804774148845127e+02
2.461844980749111755e+02
2.462569260414551024e+02
2.465009912976480280e+02
2.467155592705528591e+02
2.463226355496476856e+02
2.462122853765513071e+02
2.467841399949280401e+02
2.463840868868639120e+02
2.462891572612236644e+02
2.463095219006481784e+02
2.465502270572151247e+02
2.464966997174455798e+02
2.468382603910732769e+02
2.468105635950132637e+02
2.464451018402504587e+02
2.466047888669729389e+02
2.465726349576808900e+02
2.466946202429083144e+02
2.464745126115120968e+02
2.466343590878615544e+02
2.467896759196926268e+02
2.467375629416101503e+02
2.466452692095860755e+02
2.467248833742964109e+02
2.470047955260149308e+02
2.467464769514122054e+02
2.464167177470097556e+02
2.466533253777817265e+02
2.469834620776891825e+02
2.467266526741910866e+02
2.466304689997976993e+02
2.468770546720529921e+02
2.467937410961411331e+02
2.467760925563369199e+02
2.468120774779706892e+02
2.473274069010858796e+02
2.467437149474685896e+02
2.469010700951712636e+02
