2.880195238327465290e+02
2.888542914092116121e+02
2.892963385637855822e+02
2.896900411741333983e+02
2.899065805145938839e+02
2.902526099526100438e+02
2.905301500708685012e+02
2.904552831185937407e+02
2.907156635440741752e+02
2.909141410810019579e+02
2.908230644173905830e+02
2.909617814879243269e+02
2.912320270767256716e+02
2.914140571663559172e+02
2.912352096995069246e+02
2.911661915960881402e+02
2.913805667472823302e+02
2.916075188116579966e+02
2.916057858662449576e+02
2.915900532514930887e+02
2.916851208178159709e+02
2.917131905049725447e+02
2.918697256336758414e+02
2.917508747749999998e+02
2.918080991843294214e+02
2.920547568965911296e+02
2.922396743126358274e+02
2.920594988084105239e+02
2.922548337235454596e+02
2.923063754372067820e+02
2.921402976939176597e+02
2.921479307209615968e+02
2.924701835246535211e+02
2.922834008185830612e+02
2.922815426453822170e+02
2.922642666083499989e+02
2.923565929238592958e+02
2.923236772265858576e+02
2.923989495505011860e+02
2.926542630831834231e+02
2.926966890161284027e+02
2.923325417360779284e+02
2.924644772462087872e+02
2.925845792735874511e+02
2.925567477052632626e+02
2.929030223679839651e+02
2.929082250799708618e+02
2.927276243004938010e+02
2.929283079517599049e+02
2.929552127566185504e+02
2.927527354997280895e+02
2.928790864841940902e+02
2.930465450630471764e+02
2.928065311266236108e+02
2.929999751542668491e+02
2.930451059752170977e+02
2.931860663484839620e+02
2.931636178420445162e+02
2.930051526863198319e+02
2.928917587371489617e+02
2.931112427225459669e+02
2.932369327554390566e+02
2.928441814772631346e+02
2.929509061681701496e+02
2.932840491908173135e+02
2.934487291538721934e+02
2.932296988551339609e+02
2.932014625328668558e+02
2.934924398846284816e+02
2.934681299119458231e+02
2.931995122422952704e+02
2.933172091737297933e+02
2.934820503798200093e+02
2.934968966616253851e+02
2.935910584005404189e+02
2.935816995414385815e+02
2.933680371865692109e+02
2.934006557888389466e+02
2.937060332192995133e+02
2.937145982070515515e+02
2.934555801231243208e+02
2.935141400710243715e+02
2.937004899124075905e+02
2.937483404318480211e+02
2.932621855598244451e+02
2.933126686703372457e+02
2.935051209139984962e+02
2.938207484980238746e+02
2.935487714719782844e+02
2.936017054108958177e+02
2.939057797026158028e+02
2.937614124383948138e+02
2.936915624587284697e+02
2.937525781932251903e+02
2.936443359477565878e+02
2.935456331968884456e+02
2.936415078397171783e+02
2.938502719350686334e+02
2.936083659518076843e+02
2.936328089971353847e+02
2.938470331840617291e+02
2.938079511044731476e+02
2.935034141838474966e+02
2.935830060249462576e+02
2.939310134850823601e+02
2.938997506891416833e+02
2.935969697963345766e+02
2.936214773163387122e+02
2.937143492324432259e+02
2.939392177811789679e+02
2.937986656642102048e+02
2.938407929744269609e+02
2.939827068239094388e+02
2.938330483746715913e+02
2.938000882585070599e+02
2.940672502396856203e+02
2.941881352260621156e+02
2.938132759959394775e+02
2.937096811286501747e+02
2.940280287633951843e+02
2.940259542150201924e+02
2.937471425138134578e+02
2.938110096993970615e+02
2.939416001158945733e+02
2.940160917704644135e+02
2.941183770891062750e+02
2.940556668138316923e+02
2.938616230703281076e+02
2.939207717577862127e+02
2.940686718218104261e+02
2.941551268318368670e+02
2.939589672788834491e+02
2.940314326361604458e+02
2.941750461670939671e+02
2.940375540115749686e+02
2.940389757780631044e+02
2.940870828854021966e+02
2.942486260336526698e+02
2.939162619463622264e+02
2.938264389037466913e+02
2.941170972069762115e+02
2.941836200731016220e+02
2.940334058298467426e+02
2.939981335450062829e+02
2.941769266684436275e+02
2.942528603751969172e+02
2.941310638875933705e+02
2.941946674369181096e+02
2.944279182367953922e+02
2.941826162458316389e+02
2.941822574306715410e+02
