0.000000000000000000e+00
-3.364254864724929364e-04
-1.926592143602069934e-04
5.787164621494145017e-05
7.233732518178118565e-04
9.502970526663744207e-04
3.808869705320781915e-04
2.203669513477359704e-03
1.861487104590819723e-03
1.558693286914272606e-03
1.577582649798190198e-03
2.023485082427094010e-03
1.229601061062774716e-03
1.702119378931346355e-03
1.392573367908380658e-03
2.484494142663673261e-03
2.507886788255462174e-03
2.736645420022118004e-03
4.334974735948397828e-03
3.476609412416229068e-03
3.702664082376375294e-03
3.038773864939947611e-03
2.986220004658055992e-03
3.142432425318405186e-03
4.365772036405056455e-03
4.422249153751695895e-03
3.613184413952986659e-03
4.992470587708384283e-03
5.684384160299284922e-03
4.651779404584216807e-03
5.100263669065599643e-03
5.351119303209635018e-03
4.683009313923339710e-03
4.634600777932895189e-03
4.690175502815864018e-03
5.080223876786258211e-03
5.022085457545719979e-03
5.578152218986266904e-03
7.102403402837111079e-03
6.184483644091990848e-03
6.497690451633206070e-03
5.736804958885055421e-03
5.734823280135205835e-03
5.520344069761678150e-03
6.820229830482212215e-03
6.794897199914802857e-03
5.729153972181088086e-03
7.247562481263397985e-03
7.986232568207190727e-03
7.327760070714684111e-03
7.556936282274923262e-03
7.902179007991000717e-03
7.516973309732076503e-03
7.282842346183171847e-03
7.967802485790155889e-03
8.360513022765466568e-03
8.735973420520825802e-03
9.287392427308747631e-03
1.102950641289281164e-02
1.029815321014344170e-02
1.080797322181397020e-02
1.061358869257742615e-02
1.044284662648179395e-02
1.067097536208700716e-02
1.204581837673755242e-02
1.227202082353979692e-02
1.178189922489021428e-02
1.288323069064603241e-02
1.413461882326400021e-02
1.339306263420608246e-02
1.378931020453085833e-02
1.433912778626231579e-02
1.366583563738876447e-02
1.354088339175258011e-02
1.440400346009323290e-02
1.464648390115194827e-02
1.470838196560179598e-02
1.532553590187200367e-02
1.700601727283264711e-02
1.627927108066759901e-02
1.679686380058980841e-02
1.607086259037921946e-02
1.604462348923407777e-02
1.597751297268486942e-02
1.701222066066664443e-02
1.686881436618924146e-02
1.641408666434799810e-02
1.715027680372255628e-02
1.794155729611892833e-02
1.712229524811496525e-02
1.670808308825165109e-02
1.784439955153734741e-02
1.695272656839464515e-02
1.648534581102986327e-02
1.769339666996111796e-02
1.841355343647381806e-02
1.870796682580735948e-02
1.977170906930589972e-02
2.101687184659135552e-02
2.055255442313582565e-02
2.083422043142280078e-02
2.002472325602488654e-02
1.976291114561997200e-02
2.035468157418488314e-02
2.205473361632265261e-02
2.214236172045312701e-02
2.182518996078391602e-02
2.382486039420085924e-02
2.494368596245882808e-02
2.485745544652130656e-02
2.518794197700290408e-02
2.635103123650047591e-02
2.641846964108790843e-02
2.661071095715540971e-02
2.822175355362050927e-02
2.996957579090147455e-02
3.060360390650309140e-02
3.243119040292666289e-02
3.454436528929117484e-02
3.434035426898884164e-02
3.576811384106533959e-02
3.559366896618838816e-02
3.522521097533694301e-02
3.687851146504371458e-02
3.806349702912963096e-02
3.782613574331857020e-02
3.828245740619584669e-02
3.963656632152819798e-02
4.079147487534738603e-02
4.133436151925178048e-02
4.154557567571605381e-02
4.300845439917411889e-02
4.280750757438026022e-02
4.268870272960730017e-02
4.455773287820559425e-02
4.532561449968403045e-02
4.619042850223026297e-02
4.767439604431322059e-02
4.952095582673789881e-02
5.005305046666650576e-02
5.151417757575528500e-02
5.146290692354823365e-02
5.192761522104510225e-02
5.315504144874950293e-02
5.555670703607454297e-02
5.625536349070763692e-02
5.534164157836176517e-02
5.779838290906964132e-02
5.883944368767048128e-02
6.003090396277283025e-02
6.072515693860253139e-02
6.196581364294505984e-02
6.283340000254629409e-02
6.377480873120147664e-02
6.688988921680681654e-02
6.937241312126393722e-02
7.100112614458743698e-02
7.484740299916316231e-02
7.661304896082171689e-02
7.831000258463609309e-02
8.131732147302812852e-02
8.213514057163388837e-02
8.315522681356843360e-02
8.573427618835555153e-02
8.714620143160596577e-02
8.739215024918138564e-02
8.959591838739379421e-02
9.331725350676800534e-02
9.559089249472488281e-02
9.606541643538123176e-02
9.991986742958511303e-02
1.000788893048284722e-01
1.020598184060771824e-01
1.086921095708056617e-01
1.078897857674215865e-01
1.095283087421937002e-01
1.098932040755483952e-01
1.132835262193571529e-01
1.147196030005234735e-01
1.180908378316367080e-01
1.195961683333760517e-01
1.161856975751078824e-01
1.171603237108998635e-01
1.178555543218675061e-01
1.222815067556882046e-01
1.242064022364874065e-01
1.289260141934104043e-01
1.308387576137732267e-01
1.289826023984258496e-01
1.335868951281249384e-01
1.354242328691341035e-01
1.371855197150414485e-01
1.392572653573543040e-01
1.417595147285046764e-01
1.440853970141995899e-01
1.433707821684114259e-01
1.436245103052812000e-01
1.480127965818585634e-01
1.533555428869289861e-01
1.526207428750917527e-01
1.604238467962353920e-01
1.596134027474483130e-01
1.628332885350039505e-01
1.680989657429591000e-01
1.717663686742965656e-01
1.791598807023944973e-01
1.884646328067217935e-01
1.960145299157564081e-01
1.953414902635118855e-01
1.992246763359666328e-01
2.030130049946294313e-01
2.079961341656560436e-01
2.114279022312430811e-01
2.234107655100257550e-01
2.261956773841027613e-01
2.329632265217952414e-01
2.377049814165873576e-01
2.470511571351559077e-01
2.543539082257351147e-01
2.598240206338879865e-01
2.724432929097270195e-01
2.794423337813766728e-01
2.928757137749675166e-01
2.954600297176164236e-01
2.952253334231568216e-01
2.945889939367830612e-01
3.046703824973079344e-01
3.099782594228723265e-01
3.182007939909601291e-01
3.230048674552529198e-01
3.232078829929457831e-01
3.214433846795081151e-01
3.287586692076874817e-01
3.199063242250618222e-01
3.264507474686506594e-01
3.302114917353982104e-01
3.330594925693296515e-01
3.412546336496059540e-01
3.464213617844179582e-01
3.470576727100908032e-01
3.489415420755226371e-01
3.667363444267044970e-01
3.515331874177284877e-01
3.585674477826370499e-01
3.703320211433670517e-01
3.676157287953087938e-01
3.693172525745993529e-01
3.945659937566130537e-01
3.927273973746663316e-01
3.822182625631596053e-01
3.829862307308565805e-01
3.854748455939283058e-01
3.950743843814130685e-01
3.993777467349621801e-01
4.092914883487155375e-01
4.155685367999319979e-01
4.239084638599528443e-01
4.304817979957945573e-01
4.319884518183775279e-01
4.284096591728929759e-01
4.371882035235427622e-01
4.422027989453176655e-01
4.454530375845385803e-01
4.430321664234132539e-01
4.501536174870660600e-01
4.521318544300351183e-01
4.526045152822220086e-01
4.571456001625910925e-01
4.590095189095919626e-01
4.607205322687704108e-01
