yr	CERES	CESM2	CanESM5	EC-Earth3	ECHAM	GFDL	HadGEM3	IPSL	multimodel
2000.625	-0.018598084	-0.069211727	0.068708286	0.654166658	0.460961488	0.176278382	0.006410976	0.399831237	0.242449328
2000.708333	0.103487626	-0.032908326	-0.010538091	0.518454268	0.455944095	0.090699897	0.133724585	0.339603403	0.213568547
2000.791667	0.011795147	0.121459622	-0.134950762	0.414129509	0.390174854	0.096735634	0.11507125	0.371777271	0.196342483
2000.875	-0.005507137	0.132978935	-0.094481055	0.433843065	0.457157983	0.065874933	0.092390004	0.33160464	0.202766929
2000.958333	0.081927404	0.201848564	-0.182397064	0.345754499	0.486503982	0.093168638	0.160946512	0.258875521	0.194957236
2001.041667	0.08899487	0.214479305	-0.22352669	0.287116383	0.496858548	0.251496089	0.108165863	0.257043366	0.198804695
2001.125	0.001918614	0.234227653	-0.199001192	0.160934721	0.405623875	0.253575474	0.041238834	0.277675542	0.167753558
2001.208333	0.075083045	0.256252285	-0.265876209	0.302725811	0.32737823	0.217056679	0.073364187	0.340021181	0.178703166
2001.291667	0.024093982	0.152064065	-0.258038682	0.291757365	0.251376825	0.214613471	0.037299664	0.353442091	0.148930686
2001.375	-0.029335259	0.119391464	-0.280801828	0.228109245	0.183315738	0.130329471	0.04120239	0.337944056	0.108498648
2001.458333	-0.107755624	0.134000103	-0.232145498	0.278451844	0.141631072	0.004352913	-0.035488428	0.361353125	0.093165019
2001.541667	-0.282893029	-0.089721569	-0.274622525	0.244399909	0.076388868	-0.011937842	-0.020724871	0.407056238	0.047262601
2001.625	-0.372570182	-0.267633398	-0.442444479	0.334677118	-0.080569198	-0.084634527	-0.058023921	0.327489713	-0.038734099
2001.708333	-0.43140083	-0.303059423	-0.431247597	0.36858766	-0.123669188	-0.122779171	-0.062626358	0.354449924	-0.04576345
2001.791667	-0.462362895	-0.391835108	-0.357550747	0.371940054	-0.101893227	-0.220269994	-0.063571151	0.338421847	-0.060679761
2001.875	-0.418888326	-0.433846751	-0.409444615	0.363602604	-0.288463738	-0.272739892	0.004785748	0.309935589	-0.103738722
2001.958333	-0.500464718	-0.607320103	-0.329564949	0.365687248	-0.394038629	-0.454589483	-0.025567771	0.257180471	-0.169744745
2002.041667	-0.632755305	-0.586063578	-0.301581577	0.209824012	-0.490260786	-0.626082611	-0.006012719	0.202778036	-0.228199889
2002.125	-0.672035576	-0.556219121	-0.253950719	0.214454916	-0.668579183	-0.477791045	0.015343653	0.248707973	-0.211147647
2002.208333	-0.757101608	-0.414354938	-0.195882585	0.243198898	-0.714820501	-0.386601276	-0.027824085	0.191772089	-0.186358914
2002.291667	-0.633003879	-0.223583994	-0.240387279	0.283710891	-0.650717048	-0.349030943	0.002164442	0.117027307	-0.151545232
2002.375	-0.64617838	-0.155508609	-0.127212785	0.281464451	-0.598144371	-0.32315897	-0.018766506	0.079573268	-0.123107646
2002.458333	-0.568401426	-0.176255767	-0.21001769	0.14831831	-0.573444156	-0.281472935	0.029816459	0.054706605	-0.144049882
2002.541667	-0.582995574	-0.112530325	-0.260860665	-0.082342248	-0.625614852	-0.360589172	-0.091703042	0.041539179	-0.213157304
2002.625	-0.508238513	-0.012223789	-0.172169031	-0.239552127	-0.468504347	-0.42249872	-0.042711857	0.023734182	-0.190560813
2002.708333	-0.540160988	-0.132643306	-0.310893968	-0.303524977	-0.379224494	-0.42033827	-0.140555986	-0.071601644	-0.251254664
2002.791667	-0.482955832	-0.12260906	-0.324476528	-0.230810097	-0.442221721	-0.465914003	-0.157679125	-0.121718311	-0.266489835
2002.875	-0.508293449	-0.098042678	-0.306324014	-0.332910308	-0.39676888	-0.486695011	-0.214412863	-0.2180298	-0.293311936
2002.958333	-0.447853456	0.038994266	-0.286346422	-0.43819289	-0.433026733	-0.270931368	-0.259052092	-0.184088571	-0.261806259
2003.041667	-0.344451212	0.122002741	-0.224919855	-0.319509182	-0.384477985	-0.117572029	-0.207525278	-0.089746771	-0.17453548
2003.125	-0.184877411	0.173093465	-0.197705193	-0.282514582	-0.18803711	-0.291245222	-0.140762277	-0.125010191	-0.150311587
2003.208333	-0.136820546	0.037776216	-0.106403704	-0.409026399	-0.062194032	-0.281976312	-0.101953832	-0.145481821	-0.152751412
2003.291667	-0.221504826	-0.089703456	-0.007982861	-0.432548627	-0.198598323	-0.453145365	-0.128993453	-0.167141311	-0.211159056
2003.375	-0.205184719	-0.113711914	-0.114870817	-0.501948673	-0.275382615	-0.39563377	-0.178465282	-0.159373951	-0.24848386
2003.458333	-0.211654404	-0.186725949	-0.092736109	-0.515088174	-0.383931977	-0.368612476	-0.192134505	-0.133877669	-0.267586694
2003.541667	-0.12653077	-0.137216215	0.014327319	-0.424790326	-0.419013507	-0.329246583	-0.11144538	-0.233429188	-0.234401983
2003.625	-0.106254101	-0.1915948	0.043589544	-0.321044478	-0.38627465	-0.318247095	-0.094227542	-0.275776635	-0.220510808
2003.708333	-0.175141459	-0.220717624	0.197778495	-0.155496764	-0.443068472	-0.398304656	-0.054061461	-0.250815985	-0.189240924
2003.791667	-0.08487693	-0.207725607	0.223316323	-0.075365651	-0.313554345	-0.266433134	-0.02762978	-0.159899903	-0.118184585
2003.875	-0.123273551	-0.106220551	0.19128669	0.002155583	-0.344226491	-0.2473204	-0.010318626	-0.103844779	-0.088355511
2003.958333	-0.211469922	-0.023300934	0.275028159	0.131657813	-0.379824312	-0.240522784	-0.049352381	-0.104690449	-0.055857841
2004.041667	-0.12445373	-0.130190688	0.245020608	0.09045912	-0.437702574	-0.389485356	-0.06461125	-0.119949064	-0.115208458
2004.125	-0.164774502	-0.136384356	0.184281138	0.110086155	-0.516878284	-0.389057345	-0.079372658	-0.167202754	-0.142075443
2004.208333	-0.119162382	-0.008845742	0.08900394	0.129139992	-0.561027208	-0.495582689	-0.126305894	-0.129478622	-0.157585175
2004.291667	-0.097054545	-0.002880134	0.072201095	0.167763693	-0.55762123	-0.248728821	-0.096175874	-0.083510902	-0.106993168
2004.375	-0.059005895	-0.031770528	0.083433876	0.183512937	-0.584974119	-0.198324389	-0.03142334	-0.105384097	-0.097847094
2004.458333	0.041301453	0.0387804	0.077555952	0.360022774	-0.502593016	-0.132676873	-0.022288165	-0.102978016	-0.040596706
2004.541667	-0.008297681	0.112423729	0.01005143	0.478790135	-0.420760672	-0.130476903	0.028900104	-0.081808313	-0.000411498
2004.625	-0.113403404	0.079638731	-0.03323887	0.375214101	-0.535502941	-0.106376244	-0.012662014	-0.157577399	-0.055786377
2004.708333	-0.027915731	0.145839221	-0.151887796	0.23240832	-0.496604726	0.01394511	-0.022453773	-0.224879236	-0.071947554
2004.791667	-0.132064228	0.114071411	-0.189790239	0.180365461	-0.518705106	0.021512911	-0.032205125	-0.301097664	-0.103692622
2004.875	0.047998304	0.106267856	-0.193982621	0.225506489	-0.552238044	0.053386761	-0.043295112	-0.292375692	-0.099532909
2004.958333	0.097288266	-0.030384559	-0.327588231	0.20547168	-0.592439469	-0.134526607	-0.024497729	-0.3303086	-0.176324788
2005.041667	-0.068331818	-0.050321632	-0.356924204	0.155841594	-0.570235221	-0.089903511	-0.01304806	-0.439458076	-0.194864159
2005.125	-0.129284133	-0.151220305	-0.331449392	0.134456115	-0.445101851	-0.049632353	-0.083738389	-0.422503473	-0.192741378
2005.208333	-0.181940178	-0.285221509	-0.327736875	0.228336897	-0.359545912	-0.045100979	-0.084806313	-0.51806309	-0.198876826
2005.291667	-0.21270588	-0.327543154	-0.361759871	0.125617161	-0.231540964	-0.179528895	-0.095989409	-0.563621122	-0.233480893
2005.375	-0.263734376	-0.417529744	-0.374101649	0.095911376	-0.200567388	-0.269616675	-0.109696265	-0.633107854	-0.2726726
2005.458333	-0.280460021	-0.473828287	-0.337583596	-0.100743028	-0.159118528	-0.304722316	-0.117518904	-0.750686688	-0.320600193
2005.541667	-0.203224632	-0.368761593	-0.316457731	-0.188596853	0.078313043	-0.298535801	-0.155673823	-0.714055446	-0.280538315
2005.625	-0.089309355	-0.178963203	-0.174738985	-0.037140323	0.218824958	-0.236699117	-0.060850435	-0.550935363	-0.145786067
2005.708333	-0.088682104	-0.217602798	-0.110205974	0.084045609	0.252389888	-0.184970819	-0.029770069	-0.40077513	-0.08669847
2005.791667	0.017311554	-0.175954736	-0.051721464	0.064618849	0.250480466	-0.191439718	-0.045080394	-0.346328187	-0.070775026
2005.875	0.022890787	-0.138580736	0.01570191	0.068170081	0.352368992	-0.241765117	0.019429526	-0.300950257	-0.032232229
2005.958333	0.07971508	-0.117669748	0.05119578	0.13429999	0.51938969	-0.141660468	0.079150147	-0.32241491	0.02889864
2006.041667	0.122524522	0.027444301	0.004200771	0.188450597	0.495202321	-0.203324503	0.04860479	-0.276593075	0.040569315
2006.125	0.13259494	0.154864448	0.062093923	0.149965421	0.409536462	-0.195235258	0.066158442	-0.244829424	0.057507716
2006.208333	0.145299547	0.143672525	0.097540685	0.024018666	0.173882495	-0.121596661	0.110330963	-0.17022784	0.036802976
2006.291667	0.122922031	0.256841728	0.095313042	0.075383972	0.105018379	-0.163547989	0.024194147	-0.113051836	0.040021635
2006.375	0.185420914	0.324379518	0.186705294	0.113890874	0.182147547	-0.137531558	0.006508263	0.07633329	0.107490461
2006.458333	0.109957581	0.428084626	0.11377566	0.191199929	0.153502169	-0.122650106	-0.009274467	0.143647488	0.128326471
2006.541667	-0.062053203	0.200165484	0.14208889	0.243072202	-0.139536904	-0.13860508	-0.022738691	0.122335687	0.058111656
2006.625	-0.11582847	0.214854041	0.002654128	0.234967491	-0.183316893	-0.264232488	-0.060955724	0.0774437	0.003059179
2006.708333	-0.177590506	0.158390044	0.042841092	0.245522016	-0.21288933	-0.385117552	-0.108622492	0.015036385	-0.03497712
2006.791667	-0.219086784	0.148676541	0.049403713	0.202727285	-0.175309118	-0.334463198	-0.062696743	-0.050398478	-0.031722857
2006.875	-0.333526371	0.091384351	0.031269171	0.143584537	-0.188383282	-0.37328794	-0.11400844	-0.105555578	-0.073571026
2006.958333	-0.291461638	0.073241284	0.082758432	-0.041056238	-0.134720058	-0.336234487	-0.093634452	-0.132768208	-0.083201961
2007.041667	-0.252539429	-0.071319167	0.143705616	0.015240026	-0.04356892	-0.210125952	-0.089227431	-0.09356815	-0.049837711
2007.125	-0.244854026	-0.261829797	0.076139606	0.033267804	0.009603465	-0.249075353	-0.042615773	-0.124316036	-0.079832298
2007.208333	-0.349426168	-0.225832903	0.023936384	0.113496247	0.107518061	-0.234013064	-0.042660084	-0.110666616	-0.052603139
2007.291667	-0.314037311	-0.247007264	0.008283872	0.004915456	0.107428285	-0.146439181	0.014516278	-0.177809066	-0.06230166
2007.375	-0.421029521	-0.203841258	-0.091988501	-0.090019425	0.035993807	-0.130394957	-0.014117731	-0.336031453	-0.118628502
2007.458333	-0.507598091	-0.212548766	-0.109447434	-0.185990922	-0.03005512	-0.181771198	-0.057769863	-0.41066743	-0.169750105
2007.541667	-0.369967023	-0.157141461	-0.169416407	-0.304638035	0.026259736	-0.181326637	-0.082641385	-0.418312812	-0.183888143
2007.625	-0.382425775	-0.177315323	-0.141357863	-0.314556676	0.070833013	-0.052216981	-0.02491516	-0.373954344	-0.144783333
2007.708333	-0.241762102	-0.074273677	-0.119377726	-0.303404353	0.016103983	0.134938743	0.048201681	-0.350633073	-0.092634918
2007.791667	-0.250935137	0.013671646	-0.082895906	-0.262602599	0.039123034	0.14945078	0.073104281	-0.27583128	-0.049425721
2007.875	-0.130628864	0.067644413	-0.008011589	-0.29931338	0.079039634	0.276767501	0.117956927	-0.108334743	0.017964109
2007.958333	-0.123580845	0.203319243	0.040015478	-0.083787117	0.130604427	0.288433147	0.141736883	0.078437076	0.114108448
2008.041667	-0.060113019	0.449240105	0.136725122	-0.059904093	0.198970101	0.307303732	0.18097438	0.156747258	0.195722372
2008.125	0.093218048	0.637251582	0.190074006	-0.010059386	0.262168456	0.308589583	0.149858104	0.267816902	0.257957035
2008.208333	0.181486854	0.623871906	0.289503375	-0.033156826	0.385687022	0.245218481	0.106487756	0.290201385	0.272544728
2008.291667	0.266510004	0.561301376	0.283519827	0.044102397	0.489124601	0.181113457	0.105335263	0.372967466	0.291066341
2008.375	0.305035327	0.498393616	0.330807049	0.072346043	0.589808747	0.188887296	0.130839493	0.423500258	0.319226072
2008.458333	0.495667233	0.488767173	0.408521337	0.162628116	0.715878412	0.246169488	0.189242609	0.526317138	0.391074896
2008.541667	0.505665743	0.574343459	0.404404492	0.20102141	0.758632735	0.252351572	0.15700482	0.46130029	0.401294111
2008.625	0.580457681	0.588750453	0.395303246	0.162504709	0.668653001	0.194447228	0.084504297	0.449708844	0.363410254
2008.708333	0.569485221	0.486037018	0.335391547	0.081487049	0.631587067	0.153361811	0.038350244	0.435388549	0.308800469
2008.791667	0.577701438	0.509257056	0.240015478	0.150956569	0.616311284	0.118589758	-0.008450005	0.385275266	0.287422201
2008.875	0.557845894	0.607997544	0.220570863	0.323368428	0.596312266	0.055808297	0.002207832	0.327771402	0.304862376
2008.958333	0.64871089	0.638448152	0.252051588	0.256417899	0.52906078	0.155046464	-0.003044723	0.353624977	0.311657877
2009.041667	0.587876114	0.47670884	0.218931581	0.214594335	0.436508316	0.137820921	0.021550234	0.338351163	0.263495056
2009.125	0.490865069	0.351822736	0.191968038	0.104500568	0.44019226	0.207112466	0.032491491	0.293114702	0.231600323
2009.208333	0.433832028	0.358487492	0.142395055	0.099110112	0.396575151	0.144054974	0.018160975	0.298947652	0.208247344
2009.291667	0.341225972	0.400603506	0.204242905	0.123618716	0.310813342	0.165758787	0.014338761	0.249949851	0.209903696
2009.375	0.292650651	0.468388615	0.243056133	0.127284484	0.168814619	0.149971897	0.043947697	0.260922525	0.208912281
2009.458333	0.203213211	0.402458368	0.286020633	0.090187593	0.054898465	0.088265829	0.004606728	0.191913037	0.159764379
2009.541667	0.035376356	0.280082298	0.227284017	0.079441879	-0.031348563	0.184415169	0.026719006	0.269993889	0.148083956
2009.625	-0.066707481	0.34109393	0.195229698	-0.023004329	-0.058562567	0.076955371	0.012366324	0.193452417	0.105361549
2009.708333	-0.216477383	0.435950326	0.114688178	-0.051429245	-0.042690292	-0.040796441	-0.076568438	0.148369337	0.069646204
2009.791667	-0.20072916	0.233612912	0.025630374	-0.146356822	-0.106859677	-0.135785045	-0.099059929	0.081297092	-0.021074442
2009.875	-0.328456962	0.032103788	-0.092365707	-0.33140733	-0.07674438	-0.157409357	-0.099399122	-0.084157003	-0.115625587
2009.958333	-0.510786244	-0.137921471	-0.236940891	-0.484950832	-0.097552324	-0.360415381	-0.154550106	-0.345217003	-0.259649716
2010.041667	-0.554325817	-0.342732367	-0.399272065	-0.607526505	-0.128021674	-0.445386769	-0.242824367	-0.515506296	-0.383038577
2010.125	-0.637763459	-0.49525685	-0.471587043	-0.60599321	-0.220175729	-0.508905903	-0.267457344	-0.677610299	-0.463855197
2010.208333	-0.599419232	-0.615736924	-0.508752796	-0.676753584	-0.322457369	-0.352805709	-0.177717614	-0.776742487	-0.490138069
2010.291667	-0.600732347	-0.839223859	-0.594356025	-0.801440163	-0.440021626	-0.390667231	-0.168733141	-0.924284774	-0.594103831
2010.375	-0.622203947	-1.013095957	-0.661174674	-0.891733374	-0.365038377	-0.502583089	-0.225969474	-0.997341093	-0.665276577
2010.458333	-0.67050365	-0.990488446	-0.816304836	-0.931387879	-0.239111599	-0.464849601	-0.242925118	-1.037305555	-0.674624719
2010.541667	-0.510353087	-0.867095889	-0.704340802	-0.696216825	-0.119053882	-0.461788193	-0.149433423	-1.080146393	-0.582582201
2010.625	-0.473375856	-0.897020381	-0.586831948	-0.659972241	-0.051232034	-0.314473001	-0.085018625	-1.044279112	-0.519832477
2010.708333	-0.369163143	-0.899125428	-0.470141673	-0.590085255	0.09127674	-0.224602478	0.047139121	-0.98918818	-0.43353245
2010.791667	-0.340972847	-0.760026793	-0.257998271	-0.428324928	0.140111694	-0.078012767	0.082908506	-0.866557974	-0.309700076
2010.875	-0.19983711	-0.644582928	-0.172033044	-0.337714042	0.225474863	0.008768638	-0.022992341	-0.693389528	-0.233781197
2010.958333	-0.179079124	-0.434759399	-0.106677458	-0.343353933	0.246066509	0.056637968	0.013026129	-0.607403413	-0.168066228
2011.041667	-0.147060629	-0.151138654	0.025173806	-0.230501779	0.295600763	0.161805302	0.087984433	-0.402481313	-0.030508206
2011.125	-0.09041041	0.030042807	0.099997559	-0.250441674	0.346912285	0.266419535	0.083228636	-0.251346789	0.046401765
2011.208333	-0.124371952	0.168221623	0.140237569	-0.178922381	0.490128612	0.300417816	0.083722098	-0.224019083	0.111398036
2011.291667	0.008210581	0.422618126	0.222548785	-0.124847582	0.667962824	0.357146991	0.028059313	-0.084811081	0.212668197
2011.375	0.119871673	0.509818715	0.262995445	-0.052325751	0.764506341	0.514381506	0.044645568	-0.091286758	0.278962152
2011.458333	0.048280084	0.427230519	0.338214335	-0.046059565	0.667222538	0.424040544	0.067985974	-0.187412361	0.241603141
2011.541667	0.063173765	0.484121583	0.312799378	-0.227354285	0.55376302	0.449549002	-0.024257727	-0.203007946	0.192230432
2011.625	0.244288388	0.421862214	0.321674618	-0.13594528	0.469655797	0.393896154	-0.001739102	-0.121428944	0.192567923
2011.708333	0.231936178	0.569844152	0.306580837	-0.038451044	0.423540628	0.422226713	0.01303722	-0.090120991	0.229522502
2011.791667	0.24759026	0.522254069	0.237853652	-0.110331171	0.479059281	0.362752588	-0.031379934	-0.109500185	0.192958328
2011.875	0.25391319	0.386999487	0.266379326	-0.116411758	0.306331568	0.376895103	0.05377148	-0.170250157	0.157673578
2011.958333	0.317386313	0.294559784	0.255086925	0.066100804	0.319958948	0.437746762	0.037900599	-0.08015154	0.190171755
2012.041667	0.384273401	0.228118715	0.331097511	-0.022984202	0.388815714	0.409593198	0.049877813	-0.10425988	0.182894124
2012.125	0.456439767	0.282537541	0.384973995	0.095151842	0.402111662	0.40544467	0.107866732	-0.067655836	0.230061515
2012.208333	0.516178889	0.413630765	0.349659923	0.180814562	0.384835197	0.453688699	0.092716207	0.008788432	0.269161969
2012.291667	0.477828431	0.518346425	0.274920002	0.311017521	0.300839852	0.473233537	0.157879106	0.024268974	0.294357917
2012.375	0.524774733	0.544291932	0.240897398	0.381843481	0.207474005	0.289964101	0.178376253	0.119245755	0.280298989
2012.458333	0.7162794	0.61484911	0.253876343	0.365121219	0.271713542	0.373930567	0.210472308	0.235028894	0.332141712
2012.541667	0.552523571	0.479822951	0.277860816	0.337985717	0.356540787	0.329323454	0.277159952	0.260644614	0.331334042
2012.625	0.372312529	0.401676051	0.17430778	0.318353867	0.373075754	0.349095593	0.145419114	0.191657876	0.279083719
2012.708333	0.427026425	0.39850132	0.203842924	0.191994956	0.3012827	0.380783672	0.153229378	0.214613313	0.263464038
2012.791667	0.323145679	0.463552816	0.14899706	0.149149972	0.210811032	0.412777136	0.178575233	0.215490932	0.254193454
2012.875	0.274812941	0.50169328	0.129948254	0.10438348	0.189823651	0.389802796	0.072770651	0.218441557	0.229551953
2012.958333	0.205629127	0.621446514	0.134172266	-0.020690773	0.170488987	0.337977695	0.022921678	0.103666108	0.195711782
2013.041667	0.189524371	0.608571223	0.120830134	0.051388866	0.090940472	0.330263207	0.004104725	0.036379568	0.177496885
2013.125	0.153248142	0.57328497	0.101831203	-0.098199749	0.106410813	0.325954586	0.040127612	-0.077447408	0.138851718
2013.208333	0.138060529	0.42131613	0.188814688	-0.232691843	0.112098045	0.2793563	-0.005343891	-0.104604785	0.094134949
2013.291667	0.044718868	0.29662141	0.269298288	-0.326795743	0.104052152	0.259996717	-0.102952042	-0.114217634	0.055143307
2013.375	-0.015114101	0.28775457	0.25287665	-0.369083733	0.086231285	0.393395162	-0.130098039	-0.165081489	0.050856344
2013.458333	-0.095390366	0.223041398	0.278359403	-0.317597704	-0.043624703	0.423969745	-0.211662127	-0.186959026	0.023646712
2013.541667	-0.011444153	0.311541021	0.171061193	-0.317247415	-0.081608279	0.330650994	-0.364141229	-0.169319301	-0.017009002
2013.625	-0.023738522	0.510959851	0.169781682	-0.380028388	-0.036566719	0.343135615	-0.321609543	-0.197259237	0.012630466
2013.708333	-0.056228304	0.397491459	0.081253126	-0.299059	0.046687693	0.184726387	-0.377834559	-0.27913878	-0.035124811
2013.791667	0.026903901	0.352666567	0.074432631	-0.343829405	0.106744227	0.140153941	-0.305132666	-0.268779772	-0.034820639
2013.875	0.061443181	0.333849438	-0.040601785	-0.297172391	0.201333461	0.179692923	-0.162702569	-0.265556044	-0.007308138
2013.958333	0.055895821	0.082062967	-0.074275215	-0.255704079	0.231634644	0.185993538	-0.104486983	-0.276670617	-0.030206535
2014.041667	-0.030943365	0.020355445	-0.158533729	-0.284883143	0.265044872	0.207164169	-0.147446268	-0.346833142	-0.063590257
2014.125	0.027072675	0.033115397	-0.204451809	-0.209939516	0.180345277	0.127075837	-0.185682121	-0.241594918	-0.071590265
2014.208333	0.07777208	-0.032370296	-0.269597054	-0.19761858	0.115579339	0.029388451	-0.164818213	-0.227923126	-0.10676564
2014.291667	0.129246115	-0.181464356	-0.272534785	-0.204958681	0.18034043	0.068306688	-0.088334805	-0.143697149	-0.091763237
2014.375	0.149893086	-0.148379644	-0.218560048	-0.1526092	0.149424429	0.078378066	-0.071964346	-0.093564398	-0.06532502
2014.458333	0.124843265	-0.092112378	-0.256755673	-0.063480784	0.291011736	-0.05113793	-0.001317996	-0.072016022	-0.035115578
2014.541667	0.091993481	-0.182693219	-0.169168074	-0.023415041	0.359386528	0.031523542	0.096245959	-0.025527744	0.012335993
2014.625	0.162652709	-0.479224201	-0.100779609	0.051006931	0.290291486	-0.018784381	0.066066043	0.033343876	-0.022582836
2014.708333	0.17244833	-0.555742266	-0.088457934	0.005456197	0.263758811	0.109557641	0.123497398	0.085281723	-0.008092633
2014.791667	0.170260161	-0.591490287	0.000984717	-0.003152875	0.244840327	0.072830713	0.057525538	0.057394174	-0.02300967
2014.875	0.174183776	-0.447673538	0.172440264	0.095909434	0.159425515	0.037129935	0.030430091	0.059880487	0.01536317
2014.958333	0.234023479	-0.370257701	0.259298057	0.229436539	0.150919495	0.135977884	0.049588161	0.193150051	0.092587498
2015.041667	0.346463742	-0.272491304	0.373319664	0.302972304	0.01323507	0.18771372	0.121117381	0.356198666	0.154580786
2015.125	0.348535486	-0.298780131	0.479235218	0.47610464	-0.083433919	0.297429966	0.127988309	0.385579603	0.197731955
2015.208333	0.3831581	-0.200699963	0.58207897	0.638802213	-0.09778826	0.261031449	0.125611245	0.490235708	0.257038766
2015.291667	0.395917301	0.080600483	0.606920863	0.746618904	-0.249793104	0.309983805	0.08984339	0.57415887	0.308333316
2015.375	0.380075838	0.132998646	0.578719379	0.724002796	-0.224245209	0.244918788	0.040315898	0.736276803	0.318998157
2015.458333	0.401603943	0.265682474	0.584357155	0.543672028	-0.428957272	0.327801454	0.027647355	0.858543379	0.311249511
2015.541667	0.449941878	0.215072429	0.532708736	0.440484042	-0.54658079	0.314488783	0.013731265	0.818624679	0.255504163
2015.625	0.29132679	0.209859824	0.358724675	0.129085183	-0.504183082	0.318321878	0.075353058	0.724318561	0.1873543
2015.708333	0.226470996	0.271059305	0.217503884	0.07632047	-0.608068127	0.192884092	-0.056154428	0.639318972	0.104694881
2015.791667	0.157292852	0.185759292	0.11767806	0.036541008	-0.598055907	0.08557324	-0.037921015	0.600948011	0.055788955
2015.875	0.109078933	-0.006554448	0.028234064	-0.152765574	-0.665688905	-0.014767087	-0.026677865	0.509629316	-0.0469415
2015.958333	0.224986433	0.046492185	0.022215877	-0.34587604	-0.778337879	-0.160347274	-0.038623245	0.388943693	-0.123647526
2016.041667	0.215454001	-0.089660494	-0.04558941	-0.33517995	-0.660103501	-0.231338037	-0.050180886	0.186328968	-0.17510333
2016.125	0.18107667	-0.133727046	-0.11019488	-0.507967924	-0.548539361	-0.333032038	-0.075613994	0.095482094	-0.230513307
2016.208333	0.144078579	-0.186012076	-0.234764036	-0.53429461	-0.589273795	-0.281099207	-0.085956243	-0.032252542	-0.277664644
2016.291667	0.12364458	-0.310816303	-0.36984643	-0.620124432	-0.544326156	-0.383205706	-0.00187023	-0.239966896	-0.35287945
2016.375	0.19940444	-0.431420107	-0.329002839	-0.603835229	-0.468466313	-0.328728145	0.113081366	-0.321649369	-0.338574377
2016.458333	0.261320652	-0.474547153	-0.306277356	-0.439759343	-0.181146395	-0.294007967	0.234353025	-0.262131077	-0.246216609
2016.541667	0.355138945	-0.344368949	-0.257621108	-0.354935492	0.075170381	-0.270064979	0.348658483	-0.138939333	-0.134585857
2016.625	0.550903636	-0.231883824	-0.008050341	-0.156568194	0.096828333	-0.166455482	0.322759833	0.106029294	-0.00533434
2016.708333	0.625292875	-0.263690625	0.191934275	-0.18820621	0.124300675	-0.168662339	0.406049795	0.164119627	0.037977885
2016.791667	0.660794787	-0.054534838	0.274180375	-0.190632094	0.061805674	-0.002227362	0.364974866	0.273115323	0.103811706
2016.875	0.631456091	0.074737531	0.340788058	-0.059225822	0.13023873	0.160453696	0.327396954	0.466768296	0.205879635
2016.958333	0.55414669	0.110816324	0.350840187	0.060990915	0.232582103	0.211959571	0.292511166	0.543928533	0.257661257
2017.041667	0.558609419	0.084352592	0.310237199	0.023374461	0.149965285	0.228501393	0.236235364	0.632796798	0.237923299
2017.125	0.520073	0.008545433	0.190072963	0.114150542	0.06106446	0.261284832	0.23933461	0.628545316	0.214714022
2017.208333	0.450920191	-0.063801011	0.135446918	0.004658526	-0.068565097	0.250225731	0.242178069	0.608796988	0.158420018
2017.291667	0.393236085	-0.178314758	0.153979398	-0.062203836	-0.036343313	0.203212093	0.188168828	0.675252986	0.134821628
2017.375	0.326015856	-0.194294292	0.039394463	-0.062367024	-0.083122728	0.227254057	0.150951027	0.603554495	0.097338571
2017.458333	0.228444319	-0.237117387	0.056091739	-0.059692554	-0.147478112	0.246728909	0.124858184	0.48088195	0.066324676