2.420399600721188165e+02
2.419617750815725685e+02
2.418602427761157116e+02
2.415256811530490211e+02
2.417193943188685523e+02
2.417340133833902200e+02
2.415124107099929915e+02
2.416838078314829374e+02
2.418264737720764117e+02
2.417823375860604074e+02
2.417491195449231043e+02
2.414298837687650519e+02
2.413498606505889654e+02
2.417661908945733273e+02
2.416966689750510966e+02
2.416154294976145422e+02
2.414918991568501667e+02
2.417805210255953909e+02
2.417772795187730424e+02
2.414027896429238069e+02
2.416735659691251215e+02
2.416194418305524323e+02
2.412873085628373531e+02
2.415554349436883115e+02
2.419060835593062393e+02
2.415298464231516391e+02
2.415423077562096807e+02
2.417805956837067924e+02
2.417087127269565201e+02
2.415540472022294125e+02
2.414352362745355265e+02
2.417325138495289423e+02
2.416513784316665578e+02
2.411916418137911649e+02
2.401816127358306403e+02
2.404864393493470516e+02
2.407350888860722478e+02
2.411554706417964553e+02
2.413248333831968466e+02
2.414171791098133042e+02
2.414510387602080925e+02
2.409492423722445835e+02
2.409976788331597106e+02
2.415833296502925123e+02
2.412416955756874302e+02
2.415865527658880012e+02
2.416081444709202515e+02
2.412293398425437090e+02
2.414221262706444406e+02
2.412563656936306415e+02
2.414044673814490807e+02
2.416571721337269025e+02
2.414585400338780516e+02
2.408507581268030719e+02
2.410804875731842287e+02
2.412047363818046506e+02
2.412031606420795526e+02
2.410084064333323397e+02
2.417195221761131734e+02
2.408133336097243955e+02
2.412960526414613867e+02
2.408794400257833104e+02
2.407000316414319911e+02
2.407469030625631774e+02
2.411288181396789412e+02
2.409926129223136968e+02
2.404781926202392413e+02
2.409889995512840812e+02
2.410555841337337597e+02
2.408029120581645657e+02
2.411281011037156077e+02
2.410240515390183873e+02
2.410667514491643431e+02
2.415620524579533424e+02
2.414056240949444145e+02
2.411502003226902673e+02
2.409789268565006921e+02
2.413990208128767279e+02
2.410908586486953311e+02
2.408329970716102082e+02
2.410946407885934093e+02
2.412054603491133378e+02
2.413538435966858060e+02
2.408634554374749541e+02
2.409903350128138015e+02
2.408747218658688780e+02
2.406640004924809375e+02
2.411972434153132951e+02
2.413234604043079514e+02
2.409529761745689029e+02
2.406170194949943095e+02
2.407485515764186346e+02
2.406209149542283683e+02
2.405788793704652733e+02
2.406689876101022492e+02
2.406872769328559514e+02
2.407253349365896611e+02
2.411524301852731753e+02
2.410155838206840997e+02
2.406742586521268947e+02
2.408974492255131281e+02
2.411982708421225823e+02
2.410680940856761936e+02
2.406626135869958318e+02
2.408140350751470748e+02
2.405423416032780608e+02
2.406015872835904190e+02
2.403225327575131871e+02
2.407426960807314060e+02
2.408181796564260537e+02
2.406585567101934373e+02
2.405255681716814706e+02
2.397887555001306907e+02
2.397056102257437544e+02
2.396511798920390390e+02
2.392613017729219393e+02
2.395162530783216823e+02
2.397347583298083293e+02
2.399042096164602356e+02
2.396221459999207752e+02
2.399561954682377518e+02
2.400853655498880244e+02
2.395231758508334394e+02
2.400093239952500426e+02
2.395474466034908403e+02
2.396428778688451473e+02
2.395163296920303821e+02
2.392283796687419510e+02
2.395118608311294963e+02
2.401437722587732253e+02
2.397331926576664216e+02
2.395434625000738436e+02
2.394291474213993354e+02
2.389024837671514376e+02
2.395043289364216434e+02
2.395062671957698797e+02
2.389811622015346018e+02
2.394275419540998939e+02
2.395281161844467022e+02
2.389931860386702738e+02
2.392179088544504566e+02
2.394537183266293994e+02
2.378451968380837798e+02
2.380785448654783352e+02
2.387481635251812975e+02
2.393871246960734140e+02
2.392225513347383696e+02
2.391291118780147826e+02
2.394007798668256157e+02
2.394394771558598904e+02
2.395494180400388302e+02
2.397691033207336488e+02
2.390945205525744086e+02
2.393036098393945679e+02
2.397715353629912727e+02
2.394236259869021524e+02
2.389521780440912551e+02
2.391657343145061247e+02
2.392867865722487295e+02
2.388989920678127419e+02
2.392595189140389209e+02
2.396768200913896862e+02
2.392230535407644254e+02
2.393915298332051407e+02
2.393077407551171802e+02
