9.747828429339442380e+01
9.754144246069550661e+01
9.752374647841560318e+01
9.752706336599321446e+01
9.805001508048457026e+01
9.763477425267321053e+01
9.774894834898900342e+01
9.720770776758233467e+01
9.761830730400231459e+01
9.762914557119724179e+01
9.749587454278490384e+01
9.794324776189939996e+01
9.752674574048904788e+01
9.774226162987753241e+01
9.758860918636203508e+01
9.768523578015874875e+01
9.731201586158196903e+01
9.736884327513223525e+01
9.797809873280220927e+01
9.768912617937098730e+01
9.768922086193651921e+01
9.772139299000826895e+01
9.751132329979260760e+01
9.713664092045803500e+01
9.761565129048860001e+01
9.762717215123485914e+01
9.739719625534922898e+01
9.814009303095758696e+01
9.775619781869401947e+01
9.713416956914164757e+01
9.725233564075126935e+01
9.802344050203042514e+01
9.754711186183789096e+01
9.857543812257542015e+01
1.005318690690597663e+02
9.935209128734965134e+01
9.794137517296063322e+01
9.732958630085347806e+01
9.770478581566435139e+01
9.826977769255590545e+01
9.803636783987225556e+01
9.831451502318446956e+01
9.789543925697891780e+01
9.791694745400978661e+01
9.754978373236643563e+01
9.737963222739331570e+01
9.817007752468553861e+01
9.806965466107924101e+01
9.792185097111952530e+01
9.795030420122928660e+01
9.752290828149517665e+01
9.742389275338113919e+01
9.841703489093204382e+01
9.864029945109331265e+01
9.821275693624028236e+01
9.803314992459883115e+01
9.806935528765122001e+01
9.808492669982706502e+01
9.843120112102661778e+01
9.779578191075499660e+01
9.828473141688063208e+01
9.808312254867978197e+01
9.894475062980966129e+01
9.860029103590522936e+01
9.842688094033233881e+01
9.826106300712730501e+01
9.849563950833424997e+01
9.821773484016527789e+01
9.889622389018127535e+01
9.838431783698219135e+01
9.766825317880885393e+01
9.783888498287267055e+01
9.769542412606115533e+01
9.761228499848969875e+01
9.814439220346815773e+01
9.782396591571705358e+01
9.801258841301937252e+01
9.838334969810637176e+01
9.855182350798635582e+01
9.769206627447800884e+01
9.868392670503409647e+01
9.763711151077372108e+01
9.861083803164848405e+01
9.818549265296012152e+01
9.800012379612324764e+01
9.862911972289801099e+01
9.797339980777131530e+01
9.783068576016516715e+01
9.838310151980498119e+01
9.865209188830158382e+01
9.821909559261263212e+01
9.866538608384361453e+01
9.846524251619779022e+01
9.889385823617767812e+01
9.849293640067365629e+01
9.830210019826621703e+01
9.796380926215471163e+01
9.803473067452198109e+01
9.897513277546975985e+01
9.815032086887801199e+01
9.820499038648490853e+01
9.821617503628880286e+01
9.852955184728268989e+01
9.835178812395321302e+01
9.916942042675314894e+01
9.848892832369460848e+01
9.935247359133011003e+01
9.905602262259709789e+01
9.890319463643571396e+01
9.868501133599238528e+01
9.880830872931117881e+01
9.963605219936704316e+01
9.904886606434382657e+01
1.005079530721315564e+02
1.003311705662404165e+02
1.003097840310561111e+02
9.958198790256325594e+01
9.943402070321536712e+01
1.000119949933155823e+02
9.945615698070584187e+01
9.912768393953983548e+01
9.949617590322513649e+01
9.943379943708293922e+01
9.974637338507420736e+01
9.974010677200590180e+01
9.959563826269248921e+01
1.000449084391582204e+02
9.974920814787856216e+01
9.944514814699179794e+01
9.947573933768747168e+01
9.992148925882470678e+01
9.900304861674463552e+01
1.003119195445495535e+02
1.002141809758180244e+02
1.000265036981747784e+02
1.000972595572607133e+02
9.937123804593166199e+01
9.966508499371066421e+01
1.006845817475634846e+02
9.958626405127741066e+01
9.955787358402442067e+01
1.012067196474248618e+02
1.025695047401112561e+02
1.009394364772538353e+02
9.962895709533864874e+01
9.952488311052427150e+01
9.973975797257914166e+01
9.965291570025870271e+01
9.963234603004787004e+01
9.944212197571921763e+01
9.918799004336038649e+01
9.946550265591868367e+01
9.947984491224936221e+01
9.935190710375360368e+01
9.953721892506410995e+01
9.979644565372898057e+01
9.937379170718418209e+01
9.972207152123060325e+01
9.985057378901080938e+01
9.912005504441566472e+01
9.913860982268512601e+01
9.939547822113479469e+01
9.928745069605146512e+01
9.880336278302196718e+01
9.944529859889341594e+01
