2.870733034065185052e+02
2.870093770584753088e+02
2.870253673969999113e+02
2.870025330333073725e+02
2.869682234913370280e+02
2.868866551093595945e+02
2.868833148030793723e+02
2.869533580830973847e+02
2.869825684546681828e+02
2.869748743405298796e+02
2.869782042421732058e+02
2.869913067374652087e+02
2.870444554001978190e+02
2.870558780386330113e+02
2.870139788966831134e+02
2.869988230223725623e+02
2.869350916337255626e+02
2.871266618963915107e+02
2.869285527769215491e+02
2.868715985097741736e+02
2.869450583044362020e+02
2.869421766685049420e+02
2.869297162098014837e+02
2.870280514002652126e+02
2.870989748236625019e+02
2.870557105174557933e+02
2.870538744948875660e+02
2.870303558850850436e+02
2.869336258163688171e+02
2.870387454421140205e+02
2.870619721377896099e+02
2.870225288635292031e+02
2.869922799622593743e+02
2.870259404961508949e+02
2.867566438087751521e+02
2.866171619509391917e+02
2.866983113387622097e+02
2.869324109602055728e+02
2.869871373697233707e+02
2.869592751194576863e+02
2.869622997770223378e+02
2.868940802217400687e+02
2.868948639987796128e+02
2.869559951244688705e+02
2.869241206393191419e+02
2.870463591222471109e+02
2.869918635735708108e+02
2.868883562729429286e+02
2.869546505412930060e+02
2.869249542680074683e+02
2.870576088426211641e+02
2.871254949716702072e+02
2.870421753773351270e+02
2.869490431882796884e+02
2.870068083231340665e+02
2.870237689722964660e+02
2.869436335006536751e+02
2.869662971303150130e+02
2.870183447151711675e+02
2.868860892081113434e+02
2.869909012469494769e+02
2.867953304455205057e+02
2.868071293901082868e+02
2.868638820300052998e+02
2.870137960180412620e+02
2.869160317984877793e+02
2.869060110990457702e+02
2.869704021149308915e+02
2.869602235066670914e+02
2.868892941059417012e+02
2.870246016211265783e+02
2.870183584735751765e+02
2.871090859592294464e+02
2.872606743235792237e+02
2.872044924626284796e+02
2.871151329887481438e+02
2.870766329756672235e+02
2.871578653040443783e+02
2.869146091210484428e+02
2.870139278307472637e+02
2.871192583389614015e+02
2.872480899084626458e+02
2.872027228892233097e+02
2.869927028769247954e+02
2.871221916527385360e+02
2.869817334691639985e+02
2.869984225398647482e+02
2.872436480911202921e+02
2.872361696104764519e+02
2.870824022022640634e+02
2.869978579069987745e+02
2.870719507047352295e+02
2.869569601113440172e+02
2.869576199067046218e+02
2.869694501574707033e+02
2.869568632930811987e+02
2.870673626967424639e+02
2.872518886259803708e+02
2.870937966989567940e+02
2.871215072854787422e+02
2.872724326431840041e+02
2.872324865297419478e+02
2.871744900560682936e+02
2.871251032239474057e+02
2.871391942999563867e+02
2.871380249902115338e+02
2.870538308725023739e+02
2.870035685771792373e+02
2.872157854822352760e+02
2.872122604207465315e+02
2.872033118256141506e+02
2.870448090912106522e+02
2.869601085019525613e+02
2.870580615503239983e+02
2.869743181799338458e+02
2.867848945716329467e+02
2.868168766896602051e+02
2.869417557607574167e+02
2.869534165139139077e+02
2.869151684151190693e+02
2.870911197844607159e+02
2.871897763238384300e+02
2.870757391830241545e+02
2.871645975036911977e+02
2.870991299996987891e+02
2.871587178465948114e+02
2.871319073732665288e+02
2.870288830264082094e+02
2.871849458433451900e+02
2.873650938417492853e+02
2.872745191901780686e+02
2.873188944611443389e+02
2.873917392792151873e+02
2.872466051229504274e+02
2.873958397931043010e+02
2.873615135523531876e+02
2.873035217789646936e+02
2.874072535834572477e+02
2.873510794849048580e+02
2.872293053301019086e+02
2.874858744844622720e+02
2.875837884947632119e+02
2.871783437563638017e+02
2.872771914287641835e+02
2.874135980836928752e+02
2.875583253073485253e+02
2.875678357661229825e+02
2.875701424852304058e+02
2.876754162310982679e+02
2.876898772568329719e+02
2.877015125511541100e+02
2.878291569305274038e+02
2.875270519418035633e+02
2.876885754456976656e+02
2.878800175234837866e+02
2.876956334195680824e+02
2.876094180324623721e+02
2.877352726245353551e+02
2.877127811234847172e+02
2.876193091808423219e+02
2.877765111942051135e+02
2.878521217467940119e+02
2.878409870240288910e+02
2.878693167308068155e+02
2.878721554104095048e+02
