2.398636072697019870e+02
2.393843460049127998e+02
2.395778493609371935e+02
2.396277831844716673e+02
2.399307031618696158e+02
2.398270827616205167e+02
2.396584281771681617e+02
2.395830204487722597e+02
2.396022467309867352e+02
2.396142834367266232e+02
2.401558020489708554e+02
2.400766215852962659e+02
2.397688405845605075e+02
2.395668944617960108e+02
2.398473027145010121e+02
2.395398345895397370e+02
2.397919725757839160e+02
2.400647688274927987e+02
2.401912039857026002e+02
2.401714382994871642e+02
2.401568314370982478e+02
2.398910985777231701e+02
2.397460014492586424e+02
2.396598548686657750e+02
2.399229866772022035e+02
2.399057160354167024e+02
2.396021804798493804e+02
2.397994230804772826e+02
2.397758001288160870e+02
2.398584709954108121e+02
2.395986229739070268e+02
2.397336782634436929e+02
2.397676024777003931e+02
2.389804326884383556e+02
2.382426593218129938e+02
2.391184738604220854e+02
2.389219140340068179e+02
2.391339062591169693e+02
2.393141014330516043e+02
2.394744315188644066e+02
2.395333969841795181e+02
2.392688899098056936e+02
2.395588377261949233e+02
2.396769042925933775e+02
2.397805845787820829e+02
2.397295198613731770e+02
2.400324651086380925e+02
2.397638377745638536e+02
2.399936876605318048e+02
2.397399805306284861e+02
2.396270157256333562e+02
2.395253923536017453e+02
2.395382370073079983e+02
2.390292418242578094e+02
2.395269475207364565e+02
2.392919231913630256e+02
2.391075785219672696e+02
2.392252347656731217e+02
2.392872268022616993e+02
2.393714781270279843e+02
2.398188059784656332e+02
2.396103116162811091e+02
2.389992560857945989e+02
2.391272592111140227e+02
2.389687781330750624e+02
2.393987098637568636e+02
2.393253969887543917e+02
2.396852714412324303e+02
2.396257331998172901e+02
2.393157390395228674e+02
2.397820576379282613e+02
2.397838009449024810e+02
2.394155470771686396e+02
2.390474597394210434e+02
2.391646111082326058e+02
2.391615744158637824e+02
2.394916011809332304e+02
2.395842395431695593e+02
2.398046699445087597e+02
2.392904186624334670e+02
2.394729153035227682e+02
2.395183490886311972e+02
2.393996419230861648e+02
2.398635670553296961e+02
2.396893346381162928e+02
2.396390382506054095e+02
2.398184011756527809e+02
2.400158524723470919e+02
2.399398131360559319e+02
2.397569498924502795e+02
2.395051529151478462e+02
2.399800185968091739e+02
2.398432430039202927e+02
2.395724000713767055e+02
2.396400001475300314e+02
2.395704005762846407e+02
2.393816139336395281e+02
2.396234605788258705e+02
2.396346225772745981e+02
2.397568505486634649e+02
2.396418502054474402e+02
2.395599728755974809e+02
2.395624315877110746e+02
2.396996684962938104e+02
2.396521754026948656e+02
2.399131916397029443e+02
2.396492092762880191e+02
2.399294413728285065e+02
2.399228966119084987e+02
2.397615885117355390e+02
2.398022617908968641e+02
2.396132516011921325e+02
2.392125604914440089e+02
2.386798505075381343e+02
2.391046652774327015e+02
2.388794840884778239e+02
2.388014684755979999e+02
2.387478949313483554e+02
2.394232666259557618e+02
2.389803876428028673e+02
2.392224821991702584e+02
2.390500261323944358e+02
2.390800809698607452e+02
2.390383098830321558e+02
2.394503112501698467e+02
2.392420995702427433e+02
2.387477290623755835e+02
2.389153335803341633e+02
2.392594565790061836e+02
2.392524985967826581e+02
2.394779012032252297e+02
2.394508708436557356e+02
2.391351765815852843e+02
2.390394117294628415e+02
2.388832664485273654e+02
2.385790405182784468e+02
2.388383964403813877e+02
2.389855786335183438e+02
2.391066065514673085e+02
2.393691410216430029e+02
2.392802407624020873e+02
2.388221756907867075e+02
2.379960616798208832e+02
2.383660089537720523e+02
2.386849558242930982e+02
2.392131347054465778e+02
2.390126686911783054e+02
2.391376611720405378e+02
2.394214815543118959e+02
2.393617680291792169e+02
2.395190290992188409e+02
2.392312969476109572e+02
2.394582668693878134e+02
2.396446920403822958e+02
2.397230160454154486e+02
2.397182421686561611e+02
2.398824652599973035e+02
2.399207749216456307e+02
2.396496863087490965e+02
2.393720552261211196e+02
2.397975240784164441e+02
2.395512175791689060e+02
2.400104265875877729e+02
2.397097899469512186e+02
2.399338996409627782e+02
