2.863723308092430102e+02
2.862294393175788514e+02
2.862090709231255801e+02
2.864068413945734051e+02
2.865437301422936685e+02
2.864873541294771826e+02
2.864234184025195304e+02
2.863152471588745129e+02
2.863857017671616063e+02
2.864837861809209016e+02
2.866684992047851210e+02
2.867491696933768139e+02
2.865334885284699453e+02
2.863854071747755370e+02
2.864721962809605316e+02
2.864506992180197358e+02
2.864624598955879264e+02
2.866260455929280511e+02
2.866551033272303357e+02
2.865916391618196144e+02
2.866421299963013212e+02
2.864842618431413825e+02
2.864842225653569585e+02
2.864622178717589804e+02
2.865868614408615827e+02
2.865188507948428196e+02
2.864661376629281335e+02
2.865343290088291042e+02
2.865282666990924554e+02
2.865496255675098496e+02
2.864684338546930462e+02
2.864463019517750695e+02
2.864365402714058177e+02
2.863822626640049407e+02
2.860989478295533104e+02
2.862051286343019001e+02
2.861246527381412079e+02
2.861853627601072390e+02
2.862678815835139403e+02
2.863941195238970181e+02
2.863687029208000467e+02
2.862969405190194152e+02
2.863835245171265456e+02
2.864283526318542386e+02
2.865488856316248416e+02
2.865722760831986875e+02
2.866180207063633816e+02
2.865342259875603190e+02
2.866531010082707667e+02
2.865083506152707855e+02
2.864332387934511530e+02
2.863922212727385954e+02
2.864831877679984586e+02
2.864519207958811080e+02
2.864992532883674698e+02
2.863317739168130629e+02
2.862515505408303511e+02
2.864264432613315421e+02
2.864451002119455438e+02
2.863679393752957481e+02
2.866066268628666194e+02
2.865497565360635122e+02
2.863736811763050127e+02
2.863212839848181943e+02
2.862813028050474600e+02
2.864513667782222228e+02
2.864229045233904003e+02
2.866177237066955286e+02
2.865790784319570434e+02
2.864516681360453845e+02
2.867820613018624272e+02
2.866823048685255344e+02
2.864696842912028956e+02
2.864005994694607580e+02
2.864154745049103781e+02
2.864368948600412637e+02
2.865743741597270287e+02
2.866108062239580931e+02
2.865929726582228909e+02
2.864634972506846680e+02
2.865304787255574297e+02
2.865815355132864397e+02
2.866524971498947139e+02
2.867965973394225330e+02
2.867643609556220667e+02
2.867266708930262098e+02
2.869071048927476681e+02
2.869660434122811807e+02
2.869032035776880889e+02
2.866991733488322893e+02
2.865997833879075074e+02
2.869178141681927627e+02
2.869842622627640480e+02
2.867674842580651102e+02
2.867980366152793863e+02
2.867703071458315662e+02
2.867207198758159166e+02
2.867167427341074131e+02
2.867169091240191392e+02
2.868259142165273943e+02
2.868180892645221434e+02
2.867748621682115413e+02
2.868513306880469713e+02
2.868773596903211001e+02
2.868642306786069867e+02
2.869378792531584281e+02
2.868734690657125839e+02
2.870002297568129848e+02
2.869530008620291142e+02
2.869654328824869367e+02
2.869467741714764202e+02
2.868690746429688261e+02
2.866601445942109763e+02
2.867170836725423442e+02
2.868046889304760612e+02
2.865877305346270987e+02
2.865403734022522144e+02
2.866440207851517812e+02
2.868389197837552160e+02
2.867037439425633352e+02
2.868643252050209753e+02
2.867922765617033747e+02
2.868328879764716817e+02
2.868643212805303051e+02
2.871244795411236623e+02
2.869014339018919486e+02
2.867065973889376096e+02
2.868705182755855390e+02
2.869794119372132855e+02
2.869323388955034488e+02
2.871294565677196147e+02
2.872745282561381259e+02
2.871688821021743934e+02
2.871510379585224655e+02
2.870350051344411781e+02
2.869204232040492002e+02
2.870343169783493522e+02
2.870585351214132288e+02
2.872247757917627951e+02
2.872008503875489396e+02
2.872023792021349777e+02
2.871931521192431092e+02
2.871531921407079722e+02
2.870981585724674687e+02
2.872825148760546199e+02
2.874788263829647690e+02
2.872416485988835007e+02
2.874049186271594749e+02
2.874927486759252702e+02
2.875332992105563790e+02
2.875650792353073371e+02
2.874593014617175868e+02
2.876060631954627524e+02
2.877484184610490843e+02
2.877743900391740226e+02
2.878652179972930867e+02
2.880249419561693571e+02
2.880657795816256908e+02
2.879172807182821998e+02
2.877940132081446336e+02
2.880134880740146741e+02
2.879413924745648501e+02
2.881265377396777581e+02
2.879627969234048805e+02
2.880791091980403280e+02
