2.870915124313585807e+02
2.869654073186390519e+02
2.870953600855663694e+02
2.871865472365665823e+02
2.871873481043681409e+02
2.869845077950116661e+02
2.871510474636187951e+02
2.871521499414965319e+02
2.870162490895190786e+02
2.873694374185581069e+02
2.872248038337549474e+02
2.872261106639854233e+02
2.873208510566279870e+02
2.873354519194004411e+02
2.872394477155805248e+02
2.873109706951171916e+02
2.873750739969342476e+02
2.872536849615431152e+02
2.872374828618272318e+02
2.872502089496926487e+02
2.872537871366001241e+02
2.871963520078671763e+02
2.871854197101163777e+02
2.872360955453166298e+02
2.874185917189399220e+02
2.874274578848195461e+02
2.873136504773455613e+02
2.872639559785310439e+02
2.872184382082010075e+02
2.873891974374299139e+02
2.872560603029292565e+02
2.871591135030768669e+02
2.872401674792379822e+02
2.872617584721311346e+02
2.871570773003808767e+02
2.870837082154201312e+02
2.871094760338828564e+02
2.870948024977864748e+02
2.871580685422275678e+02
2.870124446151543225e+02
2.869981842577573730e+02
2.871348093117784970e+02
2.872529005163984834e+02
2.872562563309357415e+02
2.874243136237224121e+02
2.873188032791699698e+02
2.871801573305343709e+02
2.872631876417030412e+02
2.872783115043367275e+02
2.870492379893623820e+02
2.871358988900485087e+02
2.873319120491845524e+02
2.873559158321488667e+02
2.870986105798594394e+02
2.871491230955340939e+02
2.872667324605989734e+02
2.872477064247975136e+02
2.870280386958231134e+02
2.873636151855087633e+02
2.872792482784254275e+02
2.871554188682881090e+02
2.872240093516447246e+02
2.872215166488101090e+02
2.871614586029502902e+02
2.871083111232767351e+02
2.870972284687326805e+02
2.871162461127879055e+02
2.871718474937374594e+02
2.873731123933210370e+02
2.873957885226727740e+02
2.871349981515408558e+02
2.874825969843187181e+02
2.876366398445047139e+02
2.873140332155940087e+02
2.873931584828310974e+02
2.874902949238942824e+02
2.872741948598001613e+02
2.874030015426738487e+02
2.874538373534350626e+02
2.872201303744090524e+02
2.873702952511266062e+02
2.874233732323081085e+02
2.871659069510536710e+02
2.873105752395287595e+02
2.873487076397905753e+02
2.873290765620327534e+02
2.874899056258211658e+02
2.873863852122314597e+02
2.871274420132068030e+02
2.872987926048003260e+02
2.873757895411789036e+02
2.873340081726014432e+02
2.873375731484115363e+02
2.874703917135468032e+02
2.872938430678679538e+02
2.873905643497281517e+02
2.875688447144630686e+02
2.873160960123052519e+02
2.875742491354192794e+02
2.876380974783930924e+02
2.873781112121473598e+02
2.875667976420598393e+02
2.873911107256254240e+02
2.870961835152631920e+02
2.871855000459291318e+02
2.873550959356289241e+02
2.874951387072285911e+02
2.873999040119908273e+02
2.872021955810757845e+02
2.873037956198032248e+02
2.872797285023741551e+02
2.871735334677894684e+02
2.874062327068940590e+02
2.873313105330012718e+02
2.869758496877270204e+02
2.869425960569134872e+02
2.872142470134415930e+02
2.871997528573392060e+02
2.872086215510267380e+02
2.872247754523945105e+02
2.873206812448283927e+02
2.874048792746654613e+02
2.872217702473463419e+02
2.872063462732783137e+02
2.875590873051381777e+02
2.873185156946200891e+02
2.870823101142297560e+02
2.873396182405054446e+02
2.872151891794943595e+02
2.871827092674159871e+02
2.874069208011007390e+02
2.874661290775976568e+02
2.871875380510884952e+02
2.874836031209461567e+02
2.874656849427568091e+02
2.873604973838032492e+02
2.874391921044340847e+02
2.876364717018204260e+02
2.874273006813480720e+02
2.872420760524859702e+02
2.875095726688798550e+02
2.875242234397358629e+02
2.872569967155966992e+02
2.876466209686427078e+02
2.874605262396271428e+02
2.873011575652736838e+02
2.875595017072378710e+02
2.875433986290556163e+02
2.875064589152494250e+02
2.877502780371428912e+02
2.879088662512467067e+02
2.877736041844274268e+02
2.877020158442181241e+02
2.878104438456423395e+02
2.879027366968315960e+02
2.879437823602424373e+02
2.882363746161949507e+02
2.881304834890492543e+02
2.879888513463196773e+02
2.881029043972578734e+02
2.881022641457940381e+02
2.881593193611642505e+02
2.882516113691131068e+02
2.882854124127102295e+02
2.882578463984282848e+02
