2.396553922582508278e+02
2.398928752140682263e+02
2.396127191929923583e+02
2.395063948935036535e+02
2.395787573560194517e+02
2.397093404952211984e+02
2.398295977052124215e+02
2.397571489149404442e+02
2.397366385942863189e+02
2.400484394268383710e+02
2.398551322729695983e+02
2.398285042682211667e+02
2.391907505401528624e+02
2.393486819628899127e+02
2.394292161323695609e+02
2.393371923462519533e+02
2.393208940814763821e+02
2.394766596497471483e+02
2.396769144968450576e+02
2.396188948334879854e+02
2.394332513645059350e+02
2.395423013437382735e+02
2.398008169470798236e+02
2.390548783897246778e+02
2.393534367743008318e+02
2.393835745206077092e+02
2.397111590340032024e+02
2.395904302973454776e+02
2.396232438666407916e+02
2.398386066489276516e+02
2.398058909327631056e+02
2.399073776448795172e+02
2.396910870720521700e+02
2.392473548074762846e+02
2.384000194194784399e+02
2.391090194782857168e+02
2.393916842818647126e+02
2.394822960627430746e+02
2.392388364002501930e+02
2.395491128846286983e+02
2.393205919188652331e+02
2.392055207930416998e+02
2.392592373353105302e+02
2.394523160003158466e+02
2.397896661860434051e+02
2.396633264262030423e+02
2.398475621026742317e+02
2.399536625108259216e+02
2.398589708549754960e+02
2.395809720709330861e+02
2.396258384491719369e+02
2.399663227099509868e+02
2.396173378943839509e+02
2.388644736106005837e+02
2.395626694919661475e+02
2.392795920874848150e+02
2.394820650441363341e+02
2.394301640843658561e+02
2.394757743794753821e+02
2.395937488615100790e+02
2.394892253671171147e+02
2.399943090662592624e+02
2.393987534984036927e+02
2.389892118204062115e+02
2.394214642199601712e+02
2.396755094848146257e+02
2.399347098073039888e+02
2.395934144920512665e+02
2.399059034278764955e+02
2.397205344554098190e+02
2.397465765530889996e+02
2.395947170826513286e+02
2.395252390181854025e+02
2.398233047500262956e+02
2.397184166977872621e+02
2.398763473155321151e+02
2.397881689325314483e+02
2.396936165646967254e+02
2.396375212083464703e+02
2.395515458163799849e+02
2.392811620243929553e+02
2.394580165343768670e+02
2.396645283032161444e+02
2.394545147906887905e+02
2.395682418322631975e+02
2.397849692543577191e+02
2.397780215783012636e+02
2.394790723668975261e+02
2.398895088627989196e+02
2.399175661047069354e+02
2.397727018666686263e+02
2.400201413830072568e+02
2.397969990655266201e+02
2.394633638402311817e+02
2.399015972370591498e+02
2.399348003417173629e+02
2.396386116458055255e+02
2.400555209702999093e+02
2.396174374258478963e+02
2.395364720614314820e+02
2.393807276070065484e+02
2.399710229641161447e+02
2.399529980602138721e+02
2.395430362727804265e+02
2.397064865166777565e+02
2.396869815444302105e+02
2.396828570131109188e+02
2.399636442605178388e+02
2.399947012755156948e+02
2.396884929222621849e+02
2.396251325039082474e+02
2.394695824372792003e+02
2.394067256335411855e+02
2.389022191399696737e+02
2.387030855379994989e+02
2.388943183294071559e+02
2.389571616496639592e+02
2.388630876325645147e+02
2.392281954861130941e+02
2.388472625982286957e+02
2.390509964684396493e+02
2.394523726140182873e+02
2.391971340446323211e+02
2.392737022673016725e+02
2.393213886203068341e+02
2.386576287336465896e+02
2.389781740831363379e+02
2.388263183928966384e+02
2.390462447881699575e+02
2.390588099202198862e+02
2.391645352736119605e+02
2.392048279426813622e+02
2.389286228892740382e+02
2.389192459188714395e+02
2.388084404839088108e+02
2.393181188326024937e+02
2.390591099215251916e+02
2.392132597717429690e+02
2.389040850432465675e+02
2.389022756893058101e+02
2.391156443817753541e+02
2.388486380966954812e+02
2.380680547872791806e+02
2.384196451566199073e+02
2.390519785854683334e+02
2.388458065768271297e+02
2.388406960469214653e+02
2.393063775344011503e+02
2.393885217043480509e+02
2.392939634184295699e+02
2.397064180457883822e+02
2.393258590432382960e+02
2.394995934974193403e+02
2.394361694978361754e+02
2.394764201184109425e+02
2.398457405494647219e+02
2.392313082733554381e+02
2.394193035296620167e+02
2.394125833713609381e+02
2.396283728827989705e+02
2.400831577794493512e+02
2.399332731346224534e+02
2.399122480119176259e+02
2.399281430303991272e+02
2.397163916779620649e+02
