1.002121217900830032e+02
1.001725284366730904e+02
1.003031662103203274e+02
1.003910297665553344e+02
1.001022015371280958e+02
9.997952414842377777e+01
1.002971834429179125e+02
9.997056565838958875e+01
9.998662816269576581e+01
9.985415857718504640e+01
1.000997247134327495e+02
1.008335424174344013e+02
1.011568867639371092e+02
1.003620265323161078e+02
1.012370127100639507e+02
1.004180526693584738e+02
1.004558692287654225e+02
1.001129590429816290e+02
1.004422898461112368e+02
1.008020514789405269e+02
1.006757050474282522e+02
1.002178958879542279e+02
1.003142279041888969e+02
1.010485303408291742e+02
1.001719055901168076e+02
1.004195368030189002e+02
1.001526157532143912e+02
1.002773117244381638e+02
9.967930727911709710e+01
1.000342176472940423e+02
9.992485329021853602e+01
1.002865370650386723e+02
9.998473273099449443e+01
1.013727954791246617e+02
1.031139712447188685e+02
1.011745581257986117e+02
1.006152461443418957e+02
1.005427527000511674e+02
1.003872367873341460e+02
1.003273330199188962e+02
1.005540522004542225e+02
1.005130383857471799e+02
1.007110661513298027e+02
1.004962484747828029e+02
1.000555089385086234e+02
1.001962007017943392e+02
9.986699725772571412e+01
1.000724580763650806e+02
1.001382299336709565e+02
1.001531838429339132e+02
1.004544402139423056e+02
1.002934966067805362e+02
1.006178614538381311e+02
1.017351748790263315e+02
1.007457249776575026e+02
1.004931790195535513e+02
1.003811684217193374e+02
1.007645683656436404e+02
1.005827489276688311e+02
1.000349971071357089e+02
1.004887724452696460e+02
9.973071708043868000e+01
1.014430842962027981e+02
1.012163389584296738e+02
1.006581988725282599e+02
9.984343755629703310e+01
1.002731833594568940e+02
1.001240352404942229e+02
1.004474152453779112e+02
1.001781649990703613e+02
1.001574643620409546e+02
1.005401683740306567e+02
1.002159799411365810e+02
1.004182238915000767e+02
9.977554977994374497e+01
1.003799224605724731e+02
1.005382058676892711e+02
1.002316057657701123e+02
1.003313947590949624e+02
1.010563094769635342e+02
1.009747285913443875e+02
1.003300763713963875e+02
1.004573849376190537e+02
1.001779454452877758e+02
1.002594301432763899e+02
1.000697866860302128e+02
1.005897177863196248e+02
1.003106968428397892e+02
9.976361507468584477e+01
1.001642295973346819e+02
1.002187230345563904e+02
1.002135356440775382e+02
1.004202187790204306e+02
1.002177491587964937e+02
1.000677149993950223e+02
1.003101971567169386e+02
1.001091218018975013e+02
9.989960981992976485e+01
1.009045407028934278e+02
1.002515855127996360e+02
1.000556089884900501e+02
9.975653734329978306e+01
1.004858676211594002e+02
1.002136674213797960e+02
1.000915962250423377e+02
1.002982117907131965e+02
1.003210357612536114e+02
1.001297801126306553e+02
1.005323831116898674e+02
1.004865533723829571e+02
1.005803435960872747e+02
1.008168234475659659e+02
1.006089962139069911e+02
1.022923490232628865e+02
1.017661033540623663e+02
1.017603470869989195e+02
1.005942584240451225e+02
1.010563220464546390e+02
1.012508995269353704e+02
1.008305637031265718e+02
1.004205276121212620e+02
1.008576070976416190e+02
1.009238665908501389e+02
1.003626742846563502e+02
1.009668125036254622e+02
1.016871914333967624e+02
1.008909848736930144e+02
1.009997523945494464e+02
1.005541209508108267e+02
1.009652642599085510e+02
1.004016204107708177e+02
1.003422123249948328e+02
1.012509799170167213e+02
1.010805384899232280e+02
1.008839038814124933e+02
1.002194493599215406e+02
1.006585251149006837e+02
1.002334295008857481e+02
1.004964561553584446e+02
1.004501830504399180e+02
1.002085103419148169e+02
1.012409391340109011e+02
1.029497003513528313e+02
1.014879090665678376e+02
1.001859674998943746e+02
1.005470594007494043e+02
1.001208598303721118e+02
9.986304201604293951e+01
9.986223218259975454e+01
9.961771742331853829e+01
1.001918527878392950e+02
1.003551472625776597e+02
9.948274906979985133e+01
1.000383333181397205e+02
9.931762787497939371e+01
9.979413573867617515e+01
1.003055331553867831e+02
9.958187528206657646e+01
9.930208548743159724e+01
9.947189904295795770e+01
9.869547195241632664e+01
9.956140066305607661e+01
9.924410245948742215e+01
9.928682907830064153e+01
9.907352705703085860e+01
