2.863786939909561511e+02
2.864141934530144340e+02
2.863193296160816885e+02
2.862509800361224848e+02
2.862715171006997821e+02
2.863705038929844591e+02
2.863606657979234456e+02
2.864312251075927520e+02
2.864284118517606430e+02
2.865527527060635862e+02
2.865112953182712090e+02
2.863689557063752886e+02
2.861291802431464362e+02
2.862867895991549290e+02
2.861979997326280341e+02
2.861908856087207482e+02
2.861719853506845652e+02
2.863861650726301491e+02
2.864534464362449739e+02
2.864257427988613927e+02
2.863214184221070013e+02
2.863181553216211910e+02
2.863305003077669539e+02
2.861247625529917400e+02
2.862851075704564323e+02
2.863203706449284596e+02
2.864187730756411270e+02
2.863465532574259100e+02
2.863860226200740158e+02
2.865382278796759010e+02
2.865551142033549468e+02
2.865137789987007295e+02
2.865346350789579901e+02
2.865329818702375064e+02
2.862704981437028096e+02
2.863101114932823634e+02
2.863803069957919547e+02
2.864263208068417157e+02
2.863302337437134497e+02
2.863786414392579331e+02
2.863960354142433289e+02
2.863196966141971984e+02
2.862600136300137024e+02
2.864058425381152233e+02
2.864939052004969540e+02
2.864951479784913886e+02
2.865734443521329240e+02
2.867011711048173197e+02
2.867042810427487893e+02
2.866073768705670091e+02
2.865302992577719010e+02
2.866743704764984955e+02
2.865584270987677655e+02
2.863268526014336999e+02
2.864100830228136942e+02
2.863944926817717374e+02
2.865913526451780058e+02
2.864821019428663931e+02
2.864128160252271300e+02
2.865468939760059470e+02
2.865119424279733380e+02
2.867344581199267282e+02
2.865426491161556442e+02
2.863862720825935071e+02
2.864154318820415597e+02
2.866321587532809758e+02
2.866886503278748251e+02
2.865303808343257401e+02
2.867257484213409384e+02
2.866942665575067508e+02
2.866931962003305898e+02
2.866197209858586916e+02
2.866596898073851776e+02
2.866217522197386529e+02
2.866975841472523712e+02
2.867724463588185131e+02
2.867068356412971184e+02
2.866164035638453242e+02
2.866541179807620097e+02
2.866111829390612229e+02
2.864426545778468949e+02
2.865308104486317688e+02
2.867125831546331938e+02
2.866030039258140505e+02
2.867165692479931636e+02
2.868290951992942723e+02
2.868002238312715804e+02
2.866385343106643973e+02
2.868698414775513470e+02
2.868951948711445539e+02
2.868745323542352139e+02
2.869147158255721592e+02
2.868142617655020103e+02
2.868244028219095867e+02
2.868729327615843090e+02
2.868776844101740835e+02
2.868171385686957251e+02
2.869498510767522816e+02
2.867462526639540101e+02
2.866573153944775072e+02
2.866203344445443690e+02
2.869964548999655563e+02
2.869357345842851146e+02
2.867255560391300264e+02
2.868475776200738210e+02
2.868695526079574734e+02
2.868059438841247015e+02
2.869289499378872961e+02
2.869625451215258636e+02
2.869123423219264168e+02
2.868742506929672231e+02
2.867944473800560559e+02
2.868381713360085996e+02
2.868073592876150428e+02
2.866289710452643362e+02
2.865435713722079640e+02
2.865892147412218947e+02
2.867076632165906744e+02
2.867654894832721197e+02
2.865890106766331087e+02
2.867199426499623769e+02
2.870277261932357078e+02
2.868964060723755551e+02
2.869163866299421670e+02
2.869783718211893984e+02
2.867313298685589871e+02
2.866874780944376653e+02
2.867862500813139377e+02
2.868736118713060250e+02
2.868313493367194269e+02
2.869368208781759790e+02
2.870079581422601223e+02
2.870120244818374999e+02
2.870276903987299875e+02
2.870433582433163338e+02
2.872369100398252044e+02
2.871573974594887204e+02
2.871270313956294444e+02
2.871078745412589228e+02
2.870220804844841496e+02
2.872230735936217343e+02
2.873860453193897229e+02
2.871412911652282105e+02
2.871588491742352289e+02
2.873410562719239465e+02
2.872249768796369835e+02
2.872428687686160629e+02
2.874402604220695707e+02
2.875151855680475705e+02
2.875679668277317091e+02
2.876259955613149373e+02
2.874489982151458776e+02
2.876139609039245784e+02
2.876019484438990617e+02
2.876773051343713519e+02
2.878967231659595996e+02
2.876229904581301753e+02
2.876954909968599736e+02
2.877991702946649752e+02
2.879238563069010866e+02
2.881551195879086436e+02
2.882061657229900220e+02
2.880556016743126975e+02
2.880820298348045867e+02
2.880645638974997951e+02
