2.301667005992221675e+02
2.303252781598188506e+02
2.304077856783692084e+02
2.301398288791383209e+02
2.305178162519438274e+02
2.311286604235318975e+02
2.300447847578062408e+02
2.295737978102398813e+02
2.298048190728668203e+02
2.297201852718901307e+02
2.302533764207914828e+02
2.308858932819119900e+02
2.303289268488956623e+02
2.299837763657310745e+02
2.297980461043896412e+02
2.302006391994576404e+02
2.297827691161020311e+02
2.297856482631646315e+02
2.302453633407590132e+02
2.305336902364427658e+02
2.301627330981111470e+02
2.302018739822058535e+02
2.303717956419419295e+02
2.301639098831554975e+02
2.304041216907561136e+02
2.305316549462144167e+02
2.304552524948457233e+02
2.299125721038541599e+02
2.298699491305193590e+02
2.302390638111143915e+02
2.305039164401081564e+02
2.303528630557894132e+02
2.303187737767337637e+02
2.300797998501062409e+02
2.302703457756946079e+02
2.306106417162970956e+02
2.304740431249008736e+02
2.300703203769887466e+02
2.299075597987404080e+02
2.300313144382384678e+02
2.305662615368958086e+02
2.302708339685863450e+02
2.301981174529216787e+02
2.305353572698567177e+02
2.308458803767001370e+02
2.304380379280221405e+02
2.299478410076178818e+02
2.299521004978150813e+02
2.301415394840743431e+02
2.301128906854067679e+02
2.303579003247531034e+02
2.300725233526613067e+02
2.302472716719203447e+02
2.306619848083488762e+02
2.300382287228485438e+02
2.299309598134427404e+02
2.303236923781481948e+02
2.303776541727920915e+02
2.300117981248751846e+02
2.300106233241820064e+02
2.299154425965963640e+02
2.297886781354532104e+02
2.296662049740998839e+02
2.300571465195995131e+02
2.304368354835463606e+02
2.301859903205244962e+02
2.299902867504105473e+02
2.296995455167564444e+02
2.303528469486729762e+02
2.301280506103511527e+02
2.302131516939442406e+02
2.299913919523210382e+02
2.300975318483398269e+02
2.300504959178271349e+02
2.299932341025549931e+02
2.301481136782916792e+02
2.305907625382318145e+02
2.304057308344854107e+02
2.300598886552281783e+02
2.301945566736895614e+02
2.301464554196647612e+02
2.302856006892838252e+02
2.305615912237175280e+02
2.299819502834202183e+02
2.299196956480497249e+02
2.300788038264347506e+02
2.299998865103341643e+02
2.302212827359316236e+02
2.300605073153271576e+02
2.298874466307104285e+02
2.302780058506852185e+02
2.311297251593402109e+02
2.302555123324329145e+02
2.300579196479992277e+02
2.299861462909362047e+02
2.302345065695525648e+02
2.305560173899843051e+02
2.299272890927086621e+02
2.297021575304627277e+02
2.301182912664268940e+02
2.303395507305948513e+02
2.301139118258629139e+02
2.300250960427804046e+02
2.299243335983865393e+02
2.301078016487460616e+02
2.303079382546378611e+02
2.302161229772231081e+02
2.301697654019049821e+02
2.299379266114729887e+02
2.303814608559808619e+02
2.301848338456060219e+02
2.299736756922492020e+02
2.299735573905213926e+02
2.303975663472179747e+02
2.305614878010091786e+02
2.307733787342945391e+02
2.303134479695455639e+02
2.297079192732004174e+02
2.300757063151838793e+02
2.303142534543931106e+02
2.299812665250368298e+02
2.300259007273660075e+02
2.298929198890015186e+02
2.302194071750766113e+02
2.301285222513444921e+02
2.303448552371146434e+02
2.303076818101463630e+02
2.299462538727824494e+02
2.303794004226195966e+02
2.304143032784731986e+02
2.300729636298125627e+02
2.299504126774760380e+02
2.305755714342620593e+02
2.306190406311423260e+02
2.297384975591926093e+02
2.297737667421378092e+02
2.298996687874331712e+02
2.299871125999913772e+02
2.301417730251506839e+02
2.302799675171444278e+02
2.301294615431350223e+02
2.301021185320424820e+02
2.302363520496614910e+02
2.299415067353237703e+02
2.299377513011891949e+02
2.300266006049425584e+02
2.299650763725998388e+02
2.300042831924705808e+02
2.303536371907455020e+02
2.306882773813145207e+02
2.301706159662811899e+02
2.296498421854554408e+02
2.297417399410733196e+02
2.303057029796979975e+02
2.300010579400358210e+02
2.303993693989857547e+02
2.299688927368970326e+02
2.302505132501267724e+02
2.305082211357005519e+02
2.307952998215221498e+02
2.300018093398935264e+02
2.297828523108490799e+02
2.300451054090830496e+02
2.302071715329942379e+02
2.301363343397373740e+02
2.301371983813064332e+02
2.301611258325564506e+02
2.299817836606790706e+02
2.299185309810936531e+02
2.301889289915385746e+02
2.304424817785622963e+02
2.300116777300952720e+02
2.306080461078857979e+02
2.303367621601970257e+02
2.298624510011946711e+02
2.299927908912009968e+02
2.300962192296377680e+02
2.302255976043036583e+02
2.302140774903164413e+02
2.302085493708355841e+02
2.296708520159166653e+02
2.297458506303133561e+02
2.300267389464240750e+02
2.300534630235800932e+02
2.301384291361704015e+02
2.307962690050736967e+02
2.301338514220340983e+02
2.302453344736030374e+02
2.305659434851361311e+02
2.302227302877675754e+02
2.300733083755780797e+02
2.300121553986581375e+02
2.303547839111362521e+02
2.307471812272806346e+02
2.307664435833702328e+02
2.304044655843372027e+02
2.302377889323715578e+02
2.301424300298749301e+02
2.303321750625489130e+02
2.302424739245971068e+02
2.301507150180162569e+02
2.301941146036200792e+02
2.300696907669020845e+02
2.305435539774142910e+02
2.306846363125443702e+02
2.302816252751238437e+02
2.299201012815886713e+02
2.297473684133699408e+02
2.297367176132535178e+02
2.299917161560443901e+02
2.302963357737311298e+02
2.299520165432701617e+02
2.300799137038337676e+02
2.300775208926701225e+02
2.302391091298241008e+02
2.303413034175400753e+02
2.305780105063969643e+02
2.309528930396789690e+02
2.300970535635585463e+02
2.297725786495963121e+02
2.296322663484948805e+02
2.298354292056141333e+02
2.300700734168781310e+02
2.304043113046767246e+02
2.307585636178634161e+02
2.303648129978122370e+02
2.297444207565978331e+02
2.303123601218358374e+02
2.303790935216952960e+02
2.303342021342855332e+02
2.305159412277273532e+02
2.298657577056501395e+02
2.297036014569060569e+02
2.298425181052241157e+02
2.302661423437141082e+02
2.302861361154710664e+02
2.300321652738532237e+02
2.304164118945504072e+02
2.303243716459375321e+02
2.305496395437967294e+02
2.302195812410280666e+02
2.300266805340643543e+02
2.303221243986129139e+02
2.303246173209338679e+02
2.303846943901515658e+02
2.302617699559068285e+02
2.304412969671697908e+02
2.302844696245285832e+02
2.302823357605395529e+02
2.303577027286827104e+02
2.309718409229086262e+02
2.298647920216296825e+02
2.297780031485116297e+02
2.303523557168214495e+02
2.304764074111764103e+02
2.302614336302488027e+02
2.304933221807469010e+02
2.307270185037283170e+02
2.303388917477536495e+02
2.302828942894658724e+02
2.302828584204313245e+02
2.299831320247012911e+02
2.301204985633355591e+02
2.300993170332961029e+02
2.309590644785799611e+02
2.302346463449004261e+02
2.297402987015796327e+02
2.300965957146516132e+02
2.302345759080039045e+02
2.300701967820351967e+02
2.300203200938107955e+02
2.303869367491996627e+02
2.311100506218437829e+02
2.304658159312492387e+02
2.297158103140920105e+02
2.296384145131549985e+02
2.301611600746284978e+02
2.301930290925459133e+02
2.303960886821721488e+02
2.305785332598833293e+02
2.307890703642239316e+02
2.308340046559227687e+02
2.303201049834168828e+02
2.300132656208303104e+02
2.300847968162726147e+02
2.304965341289439493e+02
2.302715250153383124e+02
2.303195513681816635e+02
2.305415960726865876e+02
2.307139480182285354e+02
2.299548593035327428e+02
2.297683402731118747e+02
2.296217408462173069e+02
2.298454425609735381e+02
2.299036020435857779e+02
2.298840547341046374e+02
2.301833372584905248e+02
2.299165670826526764e+02
2.302903838189386931e+02
2.307008993352398818e+02
2.307204752868971127e+02
2.301375065835181033e+02
2.295385785316934744e+02
2.297786783264064923e+02
2.300131823681485628e+02
2.301878215929912130e+02
2.305895790030659498e+02
2.305602120156304409e+02
2.301659263993367688e+02
2.300034242402358302e+02
2.303080420528361003e+02
2.305341077814500750e+02
2.302810874921757716e+02
2.302204460794580143e+02
2.302010968890101310e+02
2.300989869074820717e+02
2.300266244540271998e+02
2.302097693610281794e+02
2.301827024514275024e+02
2.301105236203412403e+02
2.305480757676245958e+02
2.302698735692464709e+02
2.302581229571851793e+02
2.304568023615803156e+02
2.303873098725116506e+02
2.301175966970932052e+02
2.300936207325173370e+02
2.301071363170332518e+02
2.304156752549652083e+02
2.305403185705733904e+02
2.299889415633187753e+02
2.302429361517616826e+02
2.304164365317928116e+02
2.307652576711898291e+02
2.300265531292888284e+02
2.298780299957759325e+02
2.298073533742034158e+02
2.301455455873814628e+02
2.302522366424722406e+02
2.303988115592401016e+02
2.302608688016502185e+02
2.302807804774946590e+02
2.306663679173049957e+02
2.302637062697332055e+02
2.299243660786360124e+02
2.299205224056400709e+02
2.296966572628215317e+02
2.304391167872555855e+02
2.302127104701179121e+02
2.301097803265200810e+02
2.300509968131759422e+02
2.302150062043522212e+02
2.299465035427693067e+02
2.299771119186443684e+02
2.301054325779322483e+02
2.301456092030704212e+02
2.297084596139042105e+02
2.298459798386001012e+02
2.303757779386336040e+02
2.304113265354443172e+02
2.303504378852821048e+02
2.301610083095946493e+02
2.300860290716251768e+02
2.300138570224884234e+02
2.305012624056126640e+02
2.300078235214086817e+02
2.301961681472288319e+02
2.300527594935140030e+02
2.303278991711393928e+02
2.307191295831608784e+02
2.300379858389125332e+02
2.297637234145094283e+02
2.301190183389499850e+02
2.300863902877610201e+02
2.300815487631921314e+02
2.299601295480510714e+02
2.305088363888174854e+02
2.304780042027394984e+02
2.305081596587511683e+02
2.302506349603957005e+02
2.300317020293944950e+02
2.302935303828670897e+02
2.307413690223931724e+02
2.303445017173255280e+02
2.303460973311052840e+02
2.304992522307338447e+02
2.303855321354922410e+02
2.303308806645850098e+02
2.301876824481831534e+02
2.303481773413012661e+02
2.301577613940246181e+02
2.301408737455709286e+02
2.302775056911659419e+02
2.300282396930894038e+02
2.299648751071035520e+02
2.297367624482525628e+02
2.302022070274778116e+02
2.300371543238514107e+02
2.303745602746362238e+02
2.302314988406548082e+02
2.305521920702468890e+02
2.306399290526081813e+02
2.300858465440499003e+02
2.300789023375876923e+02
2.302305909823131458e+02
2.300247657506454004e+02
2.301917074900805176e+02
2.299874088487106292e+02
2.300431824441563151e+02
2.305631701988808970e+02
2.306263782939448674e+02
2.305472870764966444e+02
2.299320889239522501e+02
2.299822976355179946e+02
2.302676715461076355e+02
2.304599406941631514e+02
2.306718658356853950e+02
2.303584397493456493e+02
2.301179183725999167e+02
2.300356931299234020e+02
2.304853508454447422e+02
2.302738140300131988e+02
2.299365693282015570e+02
2.300467269233758714e+02
2.303038158683319523e+02
2.306117169542876866e+02
2.302831131828544073e+02
2.299029687396896406e+02
2.299660167212696535e+02
2.300372483436176196e+02
2.301730708689240998e+02
2.303022306063279245e+02
2.301486714163566774e+02
2.301812585435498022e+02
2.302209525020934109e+02
2.304373820255572980e+02
2.305154045563581064e+02
2.305894629504675493e+02
2.298368417773970975e+02
2.294236912090176475e+02
2.297147396921609470e+02
2.297366649182188212e+02
2.296423226974742704e+02
2.302233987546004528e+02
2.302505698584912182e+02
2.299231692723809601e+02
2.302009142236630623e+02
2.297352255581207601e+02
2.300495428986779132e+02
2.299161311247264621e+02
2.302920410736236363e+02
2.302622198666921349e+02
2.297990049725765687e+02
2.300524208787091140e+02
2.299243835198929276e+02
2.301001274024173142e+02
2.300402932706610670e+02
2.299879538344557943e+02
2.300681593658443660e+02
2.302276035937552479e+02
2.299960288961775916e+02
2.299179633371267926e+02
2.303435365911280144e+02
2.309472146832214321e+02
2.300086031693343784e+02
2.296747201119584361e+02
2.296597081696270664e+02
2.297941705042566127e+02
2.302512252728222109e+02
2.303964261627695578e+02
2.302996775644428737e+02
2.304228158507314390e+02
2.303312545007871677e+02
2.299759700986161022e+02
2.302499627093672245e+02
2.302757708893558686e+02
2.300084408923977151e+02
2.299747100961861861e+02
2.305456779819283213e+02
2.304527893608478735e+02
2.298651669260680137e+02
2.300150554437118444e+02
2.298284974664871640e+02
2.300652834378497289e+02
2.300140156333839059e+02
2.304574157498967395e+02
2.307676554580586981e+02
2.303300653944344560e+02
2.301911355647714288e+02
2.298696278874573693e+02
2.304924257503930392e+02
2.300105716013098061e+02
2.302682594077790270e+02
2.307149693228650449e+02
2.302718339419793949e+02
2.300823248346107732e+02
2.299859713240981591e+02
2.303490364171903764e+02
2.301443201786938744e+02
2.301783374484942897e+02
2.303366074219357813e+02
2.306480430064819984e+02
2.307864922097185172e+02
2.305288254521798024e+02
2.301944544837784008e+02
2.299926984082195531e+02
2.301061169690092356e+02
2.302200398099315635e+02
2.304089832151893233e+02
2.302224748650805566e+02
2.301921668982830624e+02
2.299039863376162600e+02
2.300428619914675608e+02
2.302446899745464179e+02
2.302194844843264718e+02
2.304347842161430719e+02
2.301135315951097766e+02
2.299783798471707996e+02
2.301266762536741624e+02
2.303252071980452911e+02
2.305488277428104027e+02
2.303211135552922713e+02
2.300700752525594055e+02
2.301501161090648964e+02
2.302708498723934838e+02
2.303637496364282242e+02
2.302199588899049161e+02
2.301458774821317377e+02
2.304843612451298611e+02
2.302763185877838907e+02
2.301241496554697790e+02
2.301081006073873141e+02
2.299896042684489146e+02
2.301227136298972482e+02
2.302139201030121569e+02
2.302285730077686310e+02
2.303787261897583676e+02
2.302771770070444575e+02
2.303608155779461697e+02
2.304696538709013396e+02
2.305431571130272062e+02
2.301218667430759979e+02
2.300447044287562903e+02
2.304341223294734675e+02
2.308672485712035325e+02
2.305737150597034315e+02
2.297891359560547926e+02
2.301294006946134232e+02
2.305937047463701504e+02
2.309592041035890873e+02
2.302080934290683842e+02
2.298939906660133659e+02
2.302477907477995416e+02
2.300089433383760422e+02
2.301974286931221059e+02
2.301802146834754410e+02
2.301684959160860444e+02
2.305420768236841695e+02
2.307666198310023731e+02
2.302055916618626554e+02
2.298514542039045239e+02
2.301144267549800588e+02
2.303975581711054303e+02
2.306595319629512062e+02
2.302404048788321518e+02
2.300649586438234735e+02
2.298286694864292770e+02
2.302633327817863744e+02
2.301168747328053996e+02
2.301868700083514341e+02
2.303122332295108379e+02
2.303002740039330547e+02
2.304962060151315484e+02
2.303973761348991331e+02
2.303874637420239821e+02
2.303823332242217248e+02
2.303715753942980484e+02
2.307108229672402047e+02
2.301471510548373089e+02
2.301814989140603132e+02
2.302870761951230918e+02
2.305568012014950057e+02
2.302780430425310669e+02
2.300174845561703023e+02
2.300950354781241174e+02
2.299342830746016944e+02
2.302567239450830527e+02
2.304218234561649012e+02
2.308011449796812258e+02
2.299614970391096449e+02
2.298512710994837960e+02
2.299469783092614819e+02
2.301555941195640287e+02
2.303371578997016229e+02
2.310142824106237640e+02
2.302595144804446647e+02
2.299833694791235814e+02
2.299167660694199640e+02
2.299542242773248972e+02
2.299701790737820204e+02
2.303670241688984390e+02
2.302306260675156011e+02
2.304103904941804331e+02
2.304311422635960582e+02
2.303471731514473788e+02
2.300095304027528584e+02
2.302711769699851914e+02
2.301660557439241472e+02
2.303566467260338015e+02
2.302626563981021093e+02
2.302613605866164050e+02
2.302329135959465987e+02
2.305101503530461002e+02
2.304365830870108027e+02
2.302472191219054309e+02
2.304637794368027244e+02
2.299541984324736177e+02
2.299442291876631828e+02
2.300369042687129877e+02
2.304428046846664699e+02
2.303595100263712823e+02
2.301309922428313541e+02
2.304856243112767231e+02
2.303449930220739645e+02
2.304568180376309101e+02
2.305500066047411849e+02
2.305780004137168646e+02
2.306020966523215066e+02
2.304159449764387944e+02
2.301133577426751629e+02
2.304536568401747161e+02
2.308089040798487588e+02
2.307778443836412237e+02
2.301875416670952745e+02
2.303227245353568549e+02
2.303000986457364263e+02
2.304588685213037706e+02
2.304341019327703464e+02
2.303229087965622455e+02
2.305104134983141648e+02
2.298673190960474528e+02
2.301666022475875195e+02
2.303008505978708342e+02
2.304338644916679186e+02
2.300983311805318863e+02
2.300979307521851922e+02
2.301333245394427252e+02
2.307300422669640341e+02
2.307626711404901698e+02
2.304413167526947746e+02
2.306237433444694318e+02
2.304302297235748540e+02
2.298568167436208114e+02
2.297735037405309413e+02
2.299518467991526904e+02
2.301838556972582239e+02
2.304612837710578788e+02
2.305421557809861497e+02
2.304264902738117655e+02
2.303537534356047729e+02
2.307371829927577949e+02
2.300481644976920563e+02
2.300675727854016657e+02
2.300695681099757621e+02
2.300485568501377713e+02
2.299762882636516679e+02
2.306076776378648958e+02
2.310204678798623945e+02
2.306588476825163809e+02
2.300534993766313221e+02
2.299857435719584657e+02
2.300793943072315813e+02
2.302393558850544935e+02
2.310086988136505681e+02
2.308745916146603747e+02
2.305750131030463308e+02
2.299693886282325366e+02
2.300713809717495621e+02
2.303848920717445310e+02
2.303007130941207379e+02
2.303504883044537621e+02
2.310003036823647733e+02
2.308608539140036555e+02
2.298087599211484928e+02
2.298190316053465949e+02
2.301339715249393123e+02
2.302959168534622734e+02
2.307314970196071044e+02
2.306383301780320778e+02
2.303350555394320907e+02
2.299550165867982230e+02
2.301419845393650121e+02
2.306600363787834738e+02
2.305970915952284201e+02
2.300991578420444910e+02
2.300165966519106462e+02
2.302537120643960122e+02
2.301457035190363740e+02
2.304278443934072982e+02
2.303732619411499627e+02
2.302521980766682930e+02
2.304965310808985350e+02
2.302876206426334136e+02
2.303168343528109290e+02
2.306704451871988795e+02
2.303768073234070926e+02
2.303084199413660826e+02
2.302027270466003017e+02
2.302991795120037466e+02
2.304008225976610618e+02
2.299421432252941884e+02
2.299446214391484489e+02
2.309103904011125223e+02
2.309000258561347039e+02
2.299607934304284527e+02
2.301405749912257477e+02
2.304954184689379133e+02
2.306629149162565682e+02
2.311111683786764388e+02
2.304513513183381122e+02
2.297911158975855130e+02
2.300318841643369012e+02
2.303066854862052821e+02
2.303273398904136968e+02
2.301328061350658061e+02
2.302245144912171497e+02
2.307650868239053352e+02
2.306367998815547082e+02
2.300643255543737098e+02
2.299799881085650384e+02
2.302094806612045943e+02
2.302318720411965671e+02
2.300205978769559181e+02
2.300391727974554215e+02
2.298950999312999954e+02
2.303736173092862600e+02
2.305452998514988110e+02
2.305939336456303010e+02
2.303937232688322467e+02
2.300123499628919035e+02
2.299592212219128271e+02
2.303218125989351392e+02
2.306100074173132555e+02
2.300631309660878969e+02
2.301958280694773578e+02
2.305468829668919000e+02
2.303313111331945890e+02
2.304175801601909086e+02
2.303702414022262985e+02
2.302955936162526314e+02
2.299371505953266706e+02
2.300572075431319945e+02
2.302493164614439536e+02
2.306221344942663620e+02
2.304189507912714134e+02
2.303228254692718338e+02
2.306112604436185336e+02
2.306109794617139244e+02
2.308166532642415802e+02
2.301039782933828235e+02
2.297578376003065443e+02
2.299042935784127906e+02
2.304199201495458453e+02
2.308929746965774257e+02
2.300718935066807092e+02
2.300345011792441881e+02
2.303127910486727217e+02
2.302197835014599150e+02
2.302019108386643040e+02
2.300716130311645031e+02
2.306543987742469710e+02
2.307649601343647419e+02
2.304482541606688528e+02
2.299573268420500938e+02
2.302946262650486062e+02
2.310678834428381379e+02
2.310437730802006797e+02
2.302510154521666266e+02
2.296942369201676399e+02
2.300704894939647431e+02
2.298896462037232595e+02
2.304642039672932015e+02
2.301194191332516823e+02
2.300263591209488823e+02
2.302843575509758978e+02
2.304100742425103761e+02
2.301070472571654761e+02
2.301744228394951790e+02
2.303557640998635918e+02
2.301051631029766611e+02
2.302295135364293799e+02
2.301403798468668640e+02
2.306646925262268724e+02
2.305413201236654288e+02
2.304148772352000094e+02
2.301637315682755514e+02
2.301898378167923056e+02
2.299471861007403959e+02
2.305908793623643760e+02
2.303477966161370887e+02
