3.402287688063564701e+02
3.402512788952478218e+02
3.402512746743488492e+02
3.402512781473677137e+02
3.402287651903913570e+02
3.402512766454900088e+02
3.402512765324980251e+02
3.402512804047569830e+02
3.402287695675647683e+02
3.402512810749570917e+02
3.402512747970545774e+02
3.402512798033242802e+02
3.402287713148430157e+02
3.402512772286586937e+02
3.402512813211014873e+02
3.402512740859389737e+02
3.402287713480068874e+02
3.402512805528688205e+02
3.402512787026313390e+02
3.402512818629959952e+02
3.402287685585603185e+02
3.402512758467012759e+02
3.402512778758057834e+02
3.402512782919129108e+02
3.402287603887295404e+02
3.402512783270635168e+02
3.402512810272087904e+02
3.402512802183944700e+02
3.402287618999006895e+02
3.402512844127096514e+02
3.402512825160937950e+02
3.402512777483414652e+02
3.402287654556357097e+02
3.402512819510107533e+02
3.402512778878555650e+02
3.402512781600721610e+02
3.402287622453239351e+02
3.402512795838804323e+02
3.402512755075132418e+02
3.402512810223921633e+02
3.402287621433784466e+02
3.402512825009188759e+02
3.402512788478941843e+02
3.402512765482276222e+02
3.402287652829027707e+02
3.402512789204155865e+02
3.402512750481645867e+02
3.402512817245768133e+02
3.402287626100594480e+02
3.402512779735782829e+02
3.402512781167174012e+02
3.402512785214286737e+02
3.402287595314701889e+02
3.402512804384813876e+02
3.402512808051221782e+02
3.402512848298796939e+02
3.402287733753453836e+02
3.402512884290711099e+02
3.402512838642366546e+02
3.402512812723192610e+02
3.402287651857876085e+02
3.402512788050120207e+02
3.402512786661185942e+02
3.402512769318108781e+02
3.402287633909494957e+02
3.402512856263006711e+02
3.402512774751845654e+02
3.402512720226940814e+02
3.402287677517928728e+02
3.402512787400294201e+02
3.402512831716348387e+02
3.402512827926373120e+02
3.402287703213472128e+02
3.402512822542032040e+02
3.402512805692390998e+02
3.402512826271976678e+02
3.402287712731341003e+02
3.402512824073531306e+02
3.402512775052140910e+02
3.402512805407193923e+02
3.402287694907100217e+02
3.402512738938782491e+02
3.402512880466508136e+02
3.402512851166383143e+02
3.402287641181216600e+02
3.402512724218564699e+02
3.402512822680523641e+02
3.402512739612550945e+02
3.402287663377248919e+02
3.402512807069892347e+02
3.402512829883870040e+02
3.402512839534735463e+02
3.402287669637473186e+02
3.402512823653166265e+02
3.402512780805513444e+02
3.402512794613053302e+02
3.402287586576703120e+02
3.402512819268022781e+02
3.402512752451604570e+02
3.402512720303164997e+02
3.402512860583084944e+02
3.402512827367222030e+02
3.402512835553011996e+02
3.402512759011607386e+02
3.402287655718361634e+02
3.402512745413193329e+02
3.402512780049930825e+02
3.402512801621398353e+02
3.402287652761241361e+02
3.402512791925855140e+02
3.402512771812860706e+02
3.402512829893300363e+02
3.402287641354605512e+02
3.402512757527617850e+02
3.402512811944858981e+02
3.402512819944111584e+02
3.402287647791834502e+02
3.402512752335858863e+02
3.402512804523141199e+02
3.402512810530074603e+02
3.402287648523785606e+02
3.402512832003425274e+02
3.402512819661498042e+02
3.402512805466386681e+02
3.402287724746004187e+02
3.402512774427353293e+02
3.402512873273014975e+02
3.402512800362968619e+02
3.402287676048210301e+02
3.402512762872455028e+02
3.402512816436738490e+02
3.402512851871663315e+02
3.402287650292540206e+02
3.402512787917353876e+02
3.402512777686666823e+02
3.402512820275401850e+02
3.402287659577144154e+02
3.402512817276898431e+02
3.402512812783137974e+02
3.402512791550701650e+02
3.402287632073072814e+02
3.402512749822941487e+02
3.402512811510076745e+02
3.402512792869397913e+02
3.402287685990164050e+02
3.402512813130268228e+02
3.402512714256902768e+02
3.402512734574597744e+02
3.402287624630540677e+02
3.402512816875271824e+02
3.402512794804131886e+02
3.402512795506088423e+02
3.402287660169457126e+02
3.402512815650800917e+02
3.402512819818988987e+02
3.402512767413924166e+02
3.402287686985323489e+02
3.402512788983327141e+02
3.402512744017309956e+02
3.402512785076119144e+02
3.402287620391215910e+02
3.402512880296529261e+02
3.402512736097093011e+02
3.402512820112290228e+02
3.402287792740347641e+02
3.402512692168609760e+02
3.402512692905979179e+02
3.402512782777555458e+02
3.402287678032376448e+02
3.402512753444652276e+02
3.402512786275577810e+02
3.402512799977535565e+02
3.402287701797339992e+02
3.402512801336823713e+02
3.402512828174600941e+02
3.402512807395465302e+02
3.402287678190456290e+02
3.402512852916296993e+02
3.402512767554433708e+02
3.402512761143907483e+02
3.402287705580562829e+02
3.402512755657474486e+02
3.402512718099705467e+02
3.402512704721555679e+02
3.402287679787980323e+02
3.402512775680759205e+02
3.402512756579608890e+02
3.402512782119988515e+02
3.402287718091542388e+02
3.402512727519037412e+02
3.402512846626118517e+02
3.402512769110909971e+02
3.402287636918023850e+02
3.402512814554452234e+02
3.402512713074777366e+02
3.402512800457566868e+02
3.402287582374817703e+02
3.402512838943278553e+02
3.402512825556094640e+02
3.402512813028667438e+02
3.402512807485585995e+02
3.402512789545809255e+02
3.402512735861007513e+02
3.402512829771789598e+02
3.402287665477875862e+02
3.402512744292534421e+02
3.402512811675649687e+02
3.402512819874509660e+02
3.402287684182537078e+02
3.402512775734981005e+02
3.402512776158755514e+02
3.402512783126413751e+02
3.402287680599119426e+02
3.402512820618882756e+02
3.402512848836606167e+02
3.402512794838813193e+02
3.402287557694122029e+02
3.402512796563591451e+02
3.402512868320076791e+02
3.402512752649808476e+02
3.402287623564700993e+02
3.402512835995406135e+02
3.402512790251582828e+02
3.402512782858196374e+02
3.402287718793287468e+02
3.402512743211951829e+02
3.402512818983676084e+02
3.402512743017456387e+02
3.402287679895252381e+02
3.402512741110876959e+02
3.402512728705274299e+02
3.402512803504064891e+02
3.402287682318073507e+02
3.402512790845159998e+02
3.402512805642373337e+02
3.402512767491060117e+02
3.402287692513788784e+02
3.402512797562361584e+02
3.402512795208138527e+02
3.402512797226106045e+02
3.402287642866339752e+02
3.402512728258388393e+02
3.402512869017404000e+02
3.402512774705242578e+02
3.402287566884593275e+02
3.402512721031841920e+02
3.402512750603870586e+02
3.402512802123638949e+02
3.402287723923139424e+02
3.402512789432190630e+02
3.402512717144184649e+02
3.402512761987650833e+02
3.402287639392775418e+02
3.402512804663376187e+02
3.402512754389338738e+02
3.402512767680008210e+02
3.402287655532769577e+02
3.402512799864036310e+02
3.402512797608561641e+02
3.402512808889481448e+02
3.402287623500283757e+02
3.402512832559824005e+02
3.402512759895766976e+02
3.402512770375552122e+02
3.402287613874214571e+02
3.402512863032264363e+02
3.402512811336317782e+02
3.402512849063500084e+02
3.402287644699775342e+02
3.402512786064675652e+02
3.402512899523324563e+02
3.402512750362146221e+02
3.402287719526447631e+02
3.402512821843083657e+02
3.402512838861117075e+02
3.402512808498096888e+02
3.402287641521570549e+02
3.402512795133977761e+02
3.402512815938208064e+02
3.402512843910606648e+02
3.402287655650498550e+02
3.402512784240536803e+02
3.402512809529444553e+02
3.402512793517524301e+02
3.402287674189975633e+02
3.402512760409224484e+02
3.402512739871277176e+02
3.402512792842166505e+02
3.402287688756725288e+02
3.402512743128424972e+02
3.402512802138779193e+02
3.402512831613966569e+02
3.402287664450706757e+02
3.402512861747506463e+02
3.402512832628097499e+02
3.402512769203285643e+02
3.402287631449346463e+02
3.402512796219868392e+02
3.402512795706881548e+02
3.402512763306582428e+02
3.402512731277910234e+02
3.402512850558767354e+02
3.402512746418229312e+02
3.402512803065361027e+02
3.402287720753044482e+02
3.402512825507754997e+02
3.402512842081028452e+02
3.402512799639434888e+02
3.402287694585982649e+02
3.402512823861129618e+02
3.402512803885535391e+02
3.402512759920624035e+02
3.402287689911930215e+02
3.402512793139952123e+02
3.402512798866221146e+02
3.402512800985271042e+02
3.402287703136724986e+02
3.402512827150471253e+02
3.402512831556964557e+02
3.402512715172645130e+02
3.402287689776288175e+02
3.402512766173588830e+02
3.402512745505645171e+02
3.402512847847976900e+02
3.402287741889546737e+02
3.402512815652834774e+02
3.402512821727025880e+02
3.402512814220825135e+02
3.402287664069758080e+02
3.402512853835573310e+02
3.402512739013774876e+02
3.402512764302894084e+02
3.402287612967824657e+02
3.402512818356648268e+02
3.402512791032614246e+02
3.402512768180922649e+02
3.402287622613275744e+02
3.402512824038265649e+02
3.402512782117767074e+02
3.402512821116498003e+02
3.402287692400622063e+02
3.402512708491278204e+02
3.402512750356994502e+02
3.402512744124198889e+02
3.402287626024171345e+02
3.402512836636309999e+02
3.402512852175396461e+02
3.402512811833667570e+02
3.402287665135172574e+02
3.402512764874068694e+02
3.402512873352105771e+02
3.402512768408608395e+02
3.402287673764031410e+02
3.402512741628223125e+02
3.402512868108337329e+02
3.402512866881731952e+02
3.402287697801771174e+02
3.402512743508438007e+02
3.402512763293344165e+02
3.402512688773677496e+02
3.402287653987450540e+02
3.402512860734421452e+02
3.402512826454671426e+02
3.402512900135280347e+02
3.402287658318412582e+02
3.402512837952749578e+02
3.402512833917103308e+02
3.402512948803719723e+02
3.402287577582872586e+02
3.402512767508767979e+02
3.402512818276609892e+02
3.402512770249268215e+02
3.402287662856137445e+02
3.402512818149172631e+02
3.402512841033832274e+02
3.402512870839845505e+02
3.402287650550024978e+02
3.402512757866730340e+02
3.402512782142179617e+02
3.402512807069960559e+02
3.402287671954194934e+02
3.402512791275165114e+02
3.402512761875526053e+02
3.402512774463230585e+02
3.402287616998842168e+02
3.402512766948224225e+02
3.402512740351431262e+02
3.402512698741758754e+02
3.402287653009179849e+02
3.402512790460272640e+02
3.402512775586053522e+02
3.402512808585589141e+02
3.402287669582101444e+02
3.402512788175764058e+02
3.402512733617763274e+02
3.402512802789081547e+02
3.402287649740088682e+02
3.402512794371659197e+02
3.402512761647672619e+02
3.402512855425803195e+02
3.402287653457053125e+02
3.402512808610497927e+02
3.402512777815229015e+02
3.402512828732689059e+02
3.402287717445774433e+02
3.402512794970112964e+02
3.402512849069779577e+02
3.402512855316406899e+02
3.402287716818597687e+02
3.402512889345575786e+02
3.402512797288744082e+02
3.402512816391409274e+02
3.402287685589161015e+02
3.402512774644357592e+02
3.402512740080384788e+02
3.402512792739555039e+02
3.402287610056512790e+02
3.402512804301675260e+02
3.402512789350255389e+02
3.402512811042819862e+02
3.402287619226922288e+02
3.402512833620756965e+02
3.402512778878871700e+02
3.402512788367943699e+02
3.402287586378319588e+02
3.402512827324454179e+02
3.402512745873124800e+02
3.402512819847655123e+02
3.402287701390262669e+02
3.402512813433452266e+02
3.402512786840582635e+02
3.402512829790849764e+02
3.402287659774797817e+02
3.402512760546075015e+02
3.402512786241788376e+02
3.402512864641269630e+02
3.402287552207283170e+02
3.402512859098163744e+02
3.402512850440047032e+02
3.402512746346998824e+02
3.402287661075900473e+02
3.402512772968740933e+02
3.402512770655835652e+02
3.402512808847341717e+02
3.402287705430556457e+02
3.402512751495036696e+02
3.402512861198014775e+02
3.402512787746541676e+02
3.402287651193552733e+02
3.402512791777534744e+02
3.402512805163219127e+02
3.402512828593958716e+02
3.402287631749049410e+02
3.402512804570458798e+02
3.402512777865820794e+02
3.402512749108279309e+02
3.402287647630570859e+02
3.402512772326073218e+02
3.402512837832516652e+02
3.402512764623278940e+02
3.402287638928464730e+02
3.402512764517046548e+02
3.402512779239892780e+02
3.402512839791932606e+02
3.402287646972824291e+02
3.402512816723854030e+02
3.402512802019919604e+02
3.402512745211790275e+02
3.402287674367947261e+02
3.402512825335323896e+02
3.402512824660920501e+02
3.402512835835192391e+02
3.402287693450207371e+02
3.402512868454220438e+02
3.402512769565782378e+02
3.402512929962361454e+02
3.402287628859737083e+02
3.402512790261934583e+02
3.402512809949453754e+02
3.402512816331357612e+02
3.402287686244232532e+02
3.402512794051960441e+02
3.402512721494359766e+02
3.402512776205208525e+02
3.402287710894837574e+02
3.402512778971004082e+02
3.402512790030663723e+02
3.402512805258177764e+02
3.402287645019114279e+02
3.402512836472921549e+02
3.402512800050058672e+02
3.402512806820027436e+02
3.402287698723425819e+02
3.402512819782430142e+02
3.402512838402890338e+02
3.402512769970509794e+02
3.402287655646788380e+02
3.402512820425212112e+02
3.402512770745276498e+02
3.402512796422951737e+02
3.402512860529290606e+02
3.402512799956022036e+02
3.402512836883710747e+02
3.402512813517280961e+02
3.402287677250258753e+02
3.402512818279861335e+02
3.402512808717881967e+02
3.402512794805758745e+02
3.402287638061205257e+02
3.402512775121894606e+02
3.402512807121597120e+02
3.402512710338830288e+02
3.402287676634330182e+02
3.402512834587481052e+02
3.402512756866910877e+02
3.402512770761300089e+02
3.402287649197075439e+02
3.402512841121383644e+02
3.402512786182417699e+02
3.402512814226581668e+02
3.402287694052660072e+02
3.402512827625787395e+02
3.402512808349410420e+02
3.402512819657104046e+02
3.402287669618467021e+02
3.402512720677380003e+02
3.402512882938443681e+02
3.402512803867469415e+02
3.402287640108379492e+02
3.402512819119773440e+02
3.402512805396896738e+02
3.402512846147427013e+02
3.402287652417726918e+02
3.402512847982461039e+02
3.402512772300435131e+02
3.402512806536616949e+02
3.402287655047707631e+02
3.402512784961556918e+02
3.402512823358256924e+02
3.402512763804476208e+02
3.402287633856573166e+02
3.402512822206995224e+02
3.402512825979875970e+02
3.402512803279836930e+02
3.402287686932828592e+02
3.402512774279657037e+02
3.402512825415346924e+02
3.402512809835704388e+02
3.402287611402430798e+02
3.402512804410756075e+02
3.402512834098766348e+02
3.402512873673223908e+02
3.402287668312773690e+02
3.402512878377312973e+02
3.402512748890937928e+02
3.402512871363641125e+02
3.402287594711272618e+02
3.402512803541767425e+02
3.402512844614487335e+02
3.402512766091466005e+02
3.402287700519522105e+02
3.402512793962618503e+02
3.402512854872566095e+02
3.402512797859662896e+02
3.402287621907296398e+02
3.402512817815836002e+02
3.402512760222241468e+02
3.402512805798410227e+02
3.402287667724437483e+02
3.402512840154673199e+02
3.402512753906942748e+02
3.402512839318456486e+02
3.402287584552271369e+02
3.402512858124287618e+02
3.402512799956828076e+02
3.402512780131069690e+02
3.402287621396368422e+02
3.402512807631716782e+02
3.402512839759929761e+02
3.402512806647852130e+02
3.402287617060405864e+02
3.402512799540222090e+02
3.402512782276852477e+02
3.402512690144477574e+02
3.402287648958244404e+02
3.402512891628900320e+02
3.402512757597950781e+02
3.402512838720911645e+02
3.402287623270866561e+02
3.402512800998831608e+02
3.402512791191050496e+02
3.402512842895537801e+02
3.402287628393601722e+02
3.402512761701074737e+02
3.402512755872840557e+02
3.402512815119251286e+02
3.402287609727600284e+02
3.402512791579735563e+02
3.402512769827038142e+02
3.402512829910760388e+02
3.402512815470524288e+02
3.402512836334225881e+02
3.402512722559253575e+02
3.402512757967939478e+02
3.402287729286671834e+02
3.402512736559299924e+02
3.402512788185082968e+02
3.402512786678756243e+02
3.402287703524705194e+02
3.402512790558157008e+02
3.402512778839774228e+02
3.402512791132288044e+02
3.402287627051314871e+02
3.402512814935534493e+02
3.402512803190922455e+02
3.402512702609913049e+02
3.402287619670883032e+02
3.402512772799749996e+02
3.402512794273196732e+02
3.402512769144919389e+02
3.402287630953894109e+02
3.402512767943780432e+02
3.402512752383303791e+02
3.402512820859639078e+02
3.402287728188758820e+02
3.402512815228989211e+02
3.402512884170143366e+02
3.402512853097039169e+02
3.402287636547750935e+02
3.402512763412852905e+02
3.402512835435119882e+02
3.402512821103991314e+02
3.402287661702101218e+02
3.402512809032510290e+02
3.402512887006996607e+02
3.402512829594653567e+02
3.402287659012491758e+02
3.402512767635956266e+02
3.402512828704056460e+02
3.402512789652438983e+02
3.402287700163399791e+02
3.402512761612465511e+02
3.402512850993595634e+02
3.402512780347362877e+02
3.402287691960503366e+02
3.402512690968649736e+02
3.402512763907180329e+02
3.402512787293138103e+02
3.402287588034316741e+02
3.402512797676520222e+02
3.402512765752507562e+02
3.402512769337011491e+02
3.402287705389420012e+02
3.402512788465554081e+02
3.402512780082702193e+02
3.402512623391888269e+02
3.402287651129727806e+02
3.402512764616197956e+02
3.402512740572070129e+02
3.402512794755840559e+02
3.402287673109436810e+02
3.402512802810060748e+02
3.402512831060095095e+02
3.402512765518920901e+02
3.402287650195988817e+02
3.402512849186181256e+02
3.402512800162701865e+02
3.402512805157117555e+02
3.402287661532176912e+02
3.402512801982231849e+02
3.402512798336964011e+02
3.402512803472550331e+02
3.402287652458502976e+02
3.402512836825190448e+02
3.402512839086552390e+02
3.402512826550685645e+02
3.402287664731490509e+02
3.402512737678191002e+02
3.402512779010154418e+02
3.402512754526877075e+02
3.402287633565371721e+02
3.402512919296414680e+02
3.402512745441997026e+02
3.402512790887237770e+02
3.402287646760751727e+02
3.402512780050205379e+02
3.402512776071802705e+02
3.402512805140664227e+02
3.402287654166265725e+02
3.402512817525604873e+02
3.402512827116125322e+02
3.402512862689316648e+02
3.402287650839335242e+02
3.402512846466457290e+02
3.402512868229527498e+02
3.402512780671244172e+02
3.402287617144481260e+02
3.402512777369402102e+02
3.402512770721888842e+02
3.402512727443225913e+02
3.402512804652570253e+02
3.402512822208296370e+02
3.402512813173229347e+02
3.402512840244488075e+02
3.402287656697076841e+02
3.402512879750201478e+02
3.402512797519537457e+02
3.402512773138105899e+02
3.402287673815187645e+02
3.402512755125834474e+02
3.402512745757042580e+02
3.402512844616342704e+02
3.402287653818991089e+02
3.402512795226430740e+02
3.402512783478014740e+02
3.402512795748757526e+02
3.402287639046087975e+02
3.402512780743610392e+02
3.402512870508853666e+02
3.402512836997979662e+02
3.402287655830087374e+02
3.402512819304990330e+02
3.402512807288749173e+02
3.402512784363232754e+02
3.402287523823292190e+02
3.402512798420665945e+02
3.402512769810967370e+02
3.402512792237694725e+02
3.402287658833316186e+02
3.402512797340137922e+02
3.402512747863930258e+02
3.402512762793043635e+02
3.402287646571903679e+02
3.402512837083550608e+02
3.402512841838221789e+02
3.402512740736743808e+02
3.402287693246980211e+02
3.402512783772763783e+02
3.402512753158827650e+02
3.402512761043870455e+02
3.402287686283740982e+02
3.402512799282735045e+02
3.402512792287744219e+02
3.402512828994223923e+02
3.402287667857963243e+02
3.402512842015796082e+02
3.402512853557279300e+02
3.402512789613647328e+02
3.402287611603858295e+02
3.402512928202189073e+02
3.402512795102507539e+02
3.402512780235849164e+02
3.402287612469064015e+02
3.402512783649264065e+02
3.402512840572696859e+02
3.402512775659504882e+02
3.402287667422440904e+02
3.402512813339357649e+02
3.402512782534269604e+02
3.402512805586433160e+02
3.402287653244591752e+02
3.402512813235459248e+02
3.402512865745057411e+02
3.402512806259597369e+02
3.402287693413136367e+02
3.402512797990785316e+02
3.402512853740861374e+02
3.402512835082839047e+02
3.402287676087756267e+02
3.402512791524649742e+02
3.402512809696610248e+02
3.402512772463163628e+02
3.402287614082981690e+02
3.402512796232435335e+02
3.402512775418567230e+02
3.402512763914369884e+02
3.402287624660281153e+02
3.402512801835373466e+02
3.402512768995925398e+02
3.402512796673823345e+02
3.402287599133085223e+02
3.402512882568377677e+02
3.402512810870368298e+02
3.402512768134312751e+02
3.402287641099192683e+02
3.402512754603874896e+02
3.402512840568170418e+02
3.402512756260256310e+02
3.402287700355307152e+02
3.402512780178749381e+02
3.402512777016153223e+02
3.402512733628284991e+02
3.402287657941676002e+02
3.402512865289228898e+02
3.402512764974779316e+02
3.402512818577329199e+02
3.402287660595885086e+02
3.402512804348673967e+02
3.402512738837901338e+02
3.402512777611712522e+02
