1.088646149832886181e+02
1.084987910747223054e+02
1.089084363314448325e+02
1.089664723022957560e+02
1.084844013262767106e+02
1.091544636433331874e+02
1.093285151034630047e+02
1.090030208649782253e+02
1.089116488260899160e+02
1.088354074685644832e+02
1.091833354869563806e+02
1.089866005761354444e+02
1.090464483689988242e+02
1.087840622318033894e+02
1.088502506671637917e+02
1.087159480772183571e+02
1.090313882717808127e+02
1.087666169122650928e+02
1.088894678467523818e+02
1.085834836585472090e+02
1.087628026419461094e+02
1.091392676199424017e+02
1.085461192732343534e+02
1.088544617787584770e+02
1.087300429670497692e+02
1.089938723749661591e+02
1.092740244380363634e+02
1.090483785706223330e+02
1.087413581408471970e+02
1.089236556091965582e+02
1.087396636224888056e+02
1.090111703957318099e+02
1.090764963467279500e+02
1.088443219184118362e+02
1.086106501053115352e+02
1.087517741878458395e+02
1.087536511937972961e+02
1.087419000781597305e+02
1.090564526528032587e+02
1.089341187568632421e+02
1.085752781945313217e+02
1.090428370687348689e+02
1.085565046660910724e+02
1.083744370291074546e+02
1.090050583682295411e+02
1.091046415631086433e+02
1.088740606586053303e+02
1.091806110407303123e+02
1.087290836129752165e+02
1.088817303282361451e+02
1.090845316841165555e+02
1.090475338067232514e+02
1.086282143212026767e+02
1.087349989897559226e+02
1.089155960171250541e+02
1.090309478009055937e+02
1.087256597612803404e+02
1.091162249729238596e+02
1.090446181495589855e+02
1.091169606035562651e+02
1.091145057136548218e+02
1.093758399749215329e+02
1.090012885064816572e+02
1.088880579460503668e+02
1.089722041956182039e+02
1.092289756032787409e+02
1.091278160826577164e+02
1.091073163800765400e+02
1.091132494290807102e+02
1.084291805880528017e+02
1.089214629921168438e+02
1.089648729122593664e+02
1.091335691769913296e+02
1.089148519175170122e+02
1.089853298290690446e+02
1.090022615130971388e+02
1.091365999378618170e+02
1.093357902558991697e+02
1.087415238598376277e+02
1.090752638219449722e+02
1.088207559775928104e+02
1.086537249375215737e+02
1.090133572357360237e+02
1.089759823713605016e+02
1.091921756589318306e+02
1.091462359010237577e+02
1.088868097848534831e+02
1.087856594957352598e+02
1.087301588771391749e+02
1.090015332147203964e+02
1.087360986528849338e+02
1.090626746708792894e+02
1.090058626428630504e+02
1.088126551927085330e+02
1.088302777876464233e+02
1.086187770394808041e+02
1.085471028614907709e+02
1.091144697107203712e+02
1.093924331996223742e+02
1.087762110157417936e+02
1.091640169354082559e+02
1.092687876945131507e+02
1.090180216161174513e+02
1.093069890934849582e+02
1.082201158477650296e+02
1.087937887630116478e+02
1.088148351616636802e+02
1.089066265090028054e+02
1.090368504048291101e+02
1.090769904447341219e+02
1.091485546138876970e+02
1.091108578585619711e+02
1.087972199452542981e+02
1.085577288861907590e+02
1.087140328759017081e+02
1.089800764336779935e+02
1.088869527082459712e+02
1.090770209393396470e+02
1.085881597816901518e+02
1.091004761402696204e+02
1.089293023505227893e+02
1.087683850390284448e+02
1.089484438315201942e+02
1.089544530261990047e+02
1.090216162585126654e+02
1.087346677218455540e+02
1.088399628413618387e+02
1.090210231632774338e+02
1.089080524545719726e+02
1.093109276518028423e+02
1.088602632522073037e+02
1.085502583570695805e+02
1.090127712179423014e+02
1.091940687362771882e+02
1.090244830019712481e+02
1.090279352427932054e+02
1.088660652820828574e+02
1.091549275352402333e+02
1.090158391294106224e+02
1.089860140454325546e+02
1.092703077008540617e+02
1.089029228894273160e+02
1.092711538449023436e+02
1.095980360303981200e+02
1.090592831571490677e+02
1.089772184296109003e+02
1.088692988659979193e+02
1.089241123949984882e+02
1.086365766759374907e+02
1.089570871970145873e+02
1.089975966656079009e+02
1.090862811585225955e+02
1.088960932932440500e+02
1.089427263086870283e+02
1.092797140435029775e+02
1.089623115750340503e+02
1.087499207040769278e+02
1.090581783721911933e+02
1.087498453442110673e+02
1.088144934154955905e+02
1.088818051203034400e+02
1.088806496110410649e+02
1.088725950767702813e+02
1.090199389241422097e+02
1.091745099967700554e+02
1.086489602966471892e+02
1.090411406153134521e+02
1.087015313418375655e+02
1.088532470964927512e+02
1.087137438546508861e+02
1.091318670203304890e+02
1.088906755501681829e+02
1.088687298984544327e+02
1.092520805563146382e+02
1.091554169648331367e+02
1.089283622942380276e+02
1.089974880466525491e+02
1.092229110846558910e+02
1.089239219847742817e+02
1.091164140758730383e+02
1.092878916726461540e+02
1.088484586818393041e+02
1.089854628637574478e+02
1.091395157320462914e+02
1.085500758257999223e+02
1.087783618545885389e+02
1.086646192137022666e+02
1.086725653174068924e+02
1.086399616174581553e+02
1.089249105504156887e+02
1.089534469226384346e+02
1.090319632135748833e+02
1.085095133009588722e+02
1.086536133687503280e+02
1.089893343966095358e+02
1.085863465884103221e+02
1.087816292208192834e+02
1.087107327508505392e+02
1.088854571203086579e+02
1.090585389428709817e+02
1.087240583777015672e+02
1.088440354348599186e+02
1.090110658537163886e+02
1.090343916682509899e+02
1.086112974021723971e+02
1.091792532890466845e+02
1.090417261484540603e+02
1.088317432608003372e+02
1.093868560151890534e+02
1.087272721100742814e+02
1.086791596735837260e+02
1.087926154543017674e+02
1.087110088189041193e+02
1.089703591793802957e+02
1.085865822343038047e+02
1.087777371001023852e+02
1.087986093269782941e+02
1.094698675655204312e+02
1.092908495783812413e+02
1.087074118825010345e+02
1.089664420724748055e+02
1.090129855593728507e+02
1.088747730527810660e+02
1.087622887267200440e+02
1.087091722713514486e+02
1.091467303197654246e+02
1.086376065431993538e+02
1.086110207491334023e+02
1.089259504290473757e+02
1.089065433479087375e+02
1.095528756269585386e+02
1.090563065719406950e+02
1.090726270044099948e+02
1.086979603421477663e+02
1.086895087042540808e+02
1.090615524623336370e+02
1.088053155400222778e+02
1.091254438630004842e+02
1.086000672373662752e+02
1.088531764016200896e+02
1.087651958960656771e+02
1.087424632550445125e+02
1.087977284879855802e+02
1.089214287396463448e+02
1.089424577017795315e+02
1.087410860731439897e+02
1.085185289447299652e+02
1.087059283554346081e+02
1.089680453159515565e+02
1.087281340928863500e+02
1.086844083902109901e+02
1.089614974292919243e+02
1.090540869864268529e+02
1.089355463662860899e+02
1.086597080884292836e+02
1.088324988249767102e+02
1.086945825024293271e+02
1.089316685214395761e+02
1.087374516561644242e+02
1.085117510912477741e+02
1.089824951454177295e+02
1.091606054772640135e+02
1.087496299987964363e+02
1.084405137129615326e+02
1.090918678912985342e+02
1.091480773037491048e+02
1.087552544556524623e+02
1.088738185754000369e+02
1.088437508773043874e+02
1.089214885900434382e+02
1.086961796272261580e+02
1.087625169264521361e+02
1.091315413043431732e+02
1.089578602669380842e+02
1.092011457261551897e+02
1.086356918665691751e+02
1.084648455775896281e+02
1.087275889706540255e+02
1.086119370850607737e+02
1.086862909767124137e+02
1.085542926228458924e+02
1.093005786966028694e+02
1.088519580336617736e+02
1.084839010962057273e+02
1.086906385652117137e+02
1.086678291497022855e+02
1.090421687845041703e+02
1.084212522606001698e+02
1.087333806234509126e+02
1.094883607714893401e+02
1.091857204823887315e+02
1.091101026072509086e+02
1.095256535077559619e+02
1.093034619550064122e+02
1.088794259927447712e+02
1.087599069710294231e+02
1.089268796284581100e+02
1.090659943775348211e+02
1.085703483821245214e+02
1.085368841801648188e+02
1.093634589294946835e+02
1.087435779781436622e+02
1.092908860191721629e+02
1.089203637336700581e+02
1.086845051989173072e+02
1.086729914364072584e+02
1.085086125364872061e+02
1.093444316781311159e+02
1.089882008010963119e+02
1.089526973739885563e+02
1.087398181764528005e+02
1.088407380890129588e+02
1.088953047375091501e+02
1.087151852897118118e+02
1.089015305030143281e+02
1.086150705764558211e+02
1.087273060835668730e+02
1.089420254489373150e+02
1.087755729013698556e+02
1.091207453145855339e+02
1.088239214896589857e+02
1.088852415431893661e+02
1.089522470187004046e+02
1.085399652967638104e+02
1.091128837634008875e+02
1.090209417643914094e+02
1.088333737528514433e+02
1.085803467311298363e+02
1.087081508260693141e+02
1.087597957665795576e+02
1.090101704897804353e+02
1.089238453822512298e+02
1.090091246314311633e+02
1.092472927835768104e+02
1.093145332370954748e+02
1.087460250385416458e+02
1.088519109752259624e+02
1.088267280802917440e+02
1.089757428155955949e+02
1.089686407392928658e+02
1.087451455918121752e+02
1.089902353971801716e+02
1.090209654954231411e+02
1.091277631472504481e+02
1.088043446039120568e+02
1.088116596611831142e+02
1.091798682967126268e+02
1.088548637171925435e+02
1.092978637837974958e+02
1.088606159793945523e+02
1.089303717744642768e+02
1.087629033090493209e+02
1.091928086885512386e+02
1.090740636027811234e+02
1.090564060500923489e+02
1.090868521530898505e+02
1.089708385677166120e+02
1.084542096571484109e+02
1.085987813936296646e+02
1.090489860703202112e+02
1.089517558664513075e+02
1.090950524314583419e+02
1.089534097220200124e+02
1.092040232921318790e+02
1.086814812794033145e+02
1.091873127151120144e+02
1.083390943438877798e+02
1.091852752299087257e+02
1.087480756515400202e+02
1.093383219507303323e+02
1.091724875165640327e+02
1.089297031578960997e+02
1.088929998197247642e+02
1.083327945689791818e+02
1.092034203066036753e+02
1.086908276129632469e+02
1.084474271836720050e+02
1.086437585966179995e+02
1.086816267995517507e+02
1.091803722325634141e+02
1.086546669305775907e+02
1.086445379076031941e+02
1.089136928261337403e+02
1.085877560928059182e+02
1.090017862205792767e+02
1.086928235395537286e+02
1.089476966906679962e+02
1.089284063393227626e+02
1.091682082488419354e+02
1.088337737943044203e+02
1.090226671659342372e+02
1.086989503486574193e+02
1.091281593691296479e+02
1.093830320295733287e+02
1.091429073822530853e+02
1.091908893485809955e+02
1.085935174606966456e+02
1.089642962918520084e+02
1.085493741649791701e+02
1.087081463147244875e+02
1.086306092830250236e+02
1.090389668538876009e+02
1.094622588313669524e+02
1.090958683187565867e+02
1.085824296400661666e+02
1.090021104464612449e+02
1.088588129492255661e+02
1.089954353087179157e+02
1.085377023000158943e+02
1.088931322894319464e+02
1.086312864937009266e+02
1.090013149431775474e+02
1.091591531381641289e+02
1.091525865373346846e+02
1.086131975270266565e+02
1.086368841480097558e+02
1.090263911618762478e+02
1.087864654254071297e+02
1.088207041011106071e+02
1.084731933988702082e+02
1.085861892829571929e+02
1.091897969150901417e+02
1.089852551783633459e+02
1.086596062979300541e+02
1.083826305972174850e+02
1.087701138977124202e+02
1.090468703579787899e+02
1.092441174632809435e+02
1.092108033839490417e+02
1.087616600561276670e+02
1.090537309311083050e+02
1.092799584506719981e+02
1.088637837169677738e+02
1.087486994851578146e+02
1.086104574571871382e+02
1.086703800334200452e+02
1.086630115284207250e+02
1.094359609331764744e+02
1.091328736305534477e+02
1.092826319026530513e+02
1.092541611547632669e+02
1.091319458107091265e+02
1.087403828270785624e+02
1.091013111528276909e+02
1.090681206203173588e+02
1.091764902701786895e+02
1.090152979994276023e+02
1.094547360047408802e+02
1.089552584140292169e+02
1.089518261317322185e+02
1.087226137051527957e+02
1.088927436835996474e+02
1.091053223764923672e+02
1.090031730107745176e+02
1.093271035657211740e+02
1.089541511122041015e+02
1.091286129976776778e+02
1.089744499545751211e+02
1.092560534761439612e+02
1.089490031075577576e+02
1.086435358261294937e+02
1.087777375658698560e+02
1.083508517643867890e+02
1.094357091213159237e+02
1.092179400296909648e+02
1.088586571167083292e+02
1.090873664016201730e+02
1.086989127061119831e+02
1.086454012790350276e+02
1.089554654762987411e+02
1.087006248734699057e+02
1.090845555190042546e+02
1.088069636921966321e+02
1.089283668796445141e+02
1.090059441188486602e+02
1.091164227693178788e+02
1.091159087141376602e+02
1.087165094613067140e+02
1.087734587619518010e+02
1.092666271948849186e+02
1.089407510067027971e+02
1.090227781639754880e+02
1.091836930050724277e+02
1.086306102370919433e+02
1.087687316130920863e+02
1.086595075230144545e+02
1.088790139687659462e+02
1.088292311075903172e+02
1.087804176826411435e+02
1.091031670160442104e+02
1.086210675083813868e+02
1.089918347939316590e+02
1.088275020853742348e+02
1.090266357342435555e+02
1.086865903204186878e+02
1.088080462142352189e+02
1.087749401013354174e+02
1.089277023165132761e+02
1.090269040290097990e+02
1.088487763234941781e+02
1.083086132283113443e+02
1.085401538959117715e+02
1.090367483137967497e+02
1.089794925427597860e+02
1.091113415132346063e+02
1.089683436128697878e+02
1.089836013868608688e+02
1.087801700868984511e+02
1.089461862815247315e+02
1.090745293740207984e+02
1.092282716145713977e+02
1.093558130654595288e+02
1.087231388095266880e+02
1.089070459841835401e+02
1.088311330532941810e+02
1.087607308963427073e+02
1.091342011386195736e+02
1.087240536156194679e+02
1.088119894719749254e+02
1.085810634229703027e+02
1.087230156542082256e+02
1.089252981311181401e+02
1.085478887481907719e+02
1.088141627692896662e+02
1.088720935470456652e+02
1.089257342074163262e+02
1.089859793411002755e+02
1.087863831464596984e+02
1.086825191081154003e+02
1.088135657953567943e+02
1.092691846896840246e+02
1.089760235535525936e+02
1.086876989259733932e+02
1.089849371246659047e+02
1.088201125197655443e+02
1.089108435370254284e+02
1.088943866681875789e+02
1.087477957034478351e+02
1.090178690899397225e+02
1.086993032566723656e+02
1.086733724646826573e+02
1.087817297244725552e+02
1.088425192728808497e+02
1.087657011923602539e+02
1.088447174645032334e+02
1.089652553050667620e+02
1.088390937546180766e+02
1.086892192404765893e+02
1.086106482460278500e+02
1.089895536307340222e+02
1.094394952771094154e+02
1.086506356339098573e+02
1.085697435676440961e+02
1.088906719868968338e+02
1.086323132448064968e+02
1.089513128534246107e+02
1.085397103280711377e+02
1.083636831003472452e+02
1.089777620948627259e+02
1.091094349425022187e+02
1.088392660756923789e+02
1.089992902995704327e+02
1.086957916433109830e+02
1.087201797329261268e+02
1.090243241294514149e+02
1.088067722745752661e+02
1.091705950000151262e+02
1.086662595418241750e+02
1.089197791024281656e+02
1.089873551943484813e+02
1.086737911340883898e+02
1.091144495917115620e+02
1.083886526657459655e+02
1.088683886444827209e+02
1.089242944147633096e+02
1.087080064311840033e+02
1.086313820088058577e+02
1.089439049840331251e+02
1.091233826617758069e+02
1.088455992571991118e+02
1.087327913453099910e+02
1.088505879831918719e+02
1.090932991442895741e+02
1.090900388639828833e+02
1.088046683177986438e+02
1.088652456278839651e+02
1.090355736377404838e+02
1.087422541143019288e+02
1.092503719100688073e+02
1.092518185095965606e+02
1.085818222090807694e+02
1.086460382096158241e+02
1.084579401484023720e+02
1.088625400261472151e+02
1.087600060766071834e+02
1.090832226348346694e+02
1.089971632073068122e+02
1.090913645090890896e+02
1.087463574529621297e+02
1.090487594965520515e+02
1.088476842975945829e+02
1.088794893107597801e+02
1.088098630226006520e+02
1.088076189916610019e+02
1.089755058956385483e+02
1.087562985032009237e+02
1.089547724312806594e+02
1.087700152543058465e+02
1.086921441766009906e+02
1.086592591491809827e+02
1.089454388729439103e+02
1.089077521474016379e+02
1.088119654474869122e+02
1.087806991636721250e+02
1.090023496173299122e+02
1.088750177983346106e+02
1.090021552382005297e+02
1.090069381049797244e+02
1.087225348579501798e+02
1.088449713174929911e+02
1.087716548068422640e+02
1.085529535260115637e+02
1.091538075007083108e+02
1.085582011398721534e+02
1.086958272789725015e+02
1.084834468907314999e+02
1.083943100896960914e+02
1.085974682371820705e+02
1.086751697190525761e+02
1.085533853537307749e+02
1.085007329680423140e+02
1.084690972314459856e+02
1.087787180856524145e+02
1.090620148932838447e+02
1.086072688349542119e+02
1.088042033887429625e+02
1.089160382890193119e+02
1.086668051292452333e+02
1.086170624697971192e+02
1.089089974065724249e+02
1.091550316069496915e+02
1.088250477720671796e+02
1.087805198937929987e+02
1.090976944300492590e+02
1.090638124488313423e+02
1.089844757558706192e+02
1.088272187582851274e+02
1.085329560817908714e+02
1.085905822572749599e+02
1.088867788194689155e+02
1.087856132524198074e+02
1.088378830376125421e+02
1.089231746780743038e+02
1.092396211522664657e+02
1.088393578922275964e+02
1.085422136890114331e+02
1.088652837406876728e+02
1.087466069913064501e+02
1.087909811642236377e+02
1.085810381159638069e+02
1.090864786246205966e+02
1.091111617753802676e+02
1.089500657422583032e+02
1.084015502843723624e+02
1.090407752888747126e+02
1.090521251891257890e+02
1.086932463548270817e+02
1.084209142116189781e+02
1.087607747793121575e+02
1.088032718674328407e+02
1.086747376049000451e+02
1.085091584758116028e+02
1.087426512790244146e+02
1.086700957891743968e+02
1.090699804026285733e+02
1.088057282970803499e+02
1.088740163080482120e+02
1.086233071451043770e+02
1.086704918982791810e+02
1.088035676995626773e+02
1.087285234961180294e+02
1.089629518716844814e+02
1.090649118100171364e+02
1.088764443823140482e+02
1.090109729660303941e+02
1.087663587870855935e+02
1.084880319859254882e+02
1.086969391128503872e+02
1.087843624013034827e+02
1.091433280966592037e+02
1.089236414666652877e+02
1.086502617947655125e+02
1.086640515972071626e+02
1.089776090129214481e+02
1.087326285752355943e+02
1.086936619296727287e+02
1.088286345115136697e+02
1.085565661338054042e+02
1.085369989215605671e+02
1.085274501566181584e+02
1.087410872290809607e+02
1.086133358422346760e+02
1.087501685069390902e+02
1.088888031906189298e+02
1.086498340264572420e+02
1.088708840085995320e+02
1.089843854858447685e+02
1.090478330265528371e+02
1.085481345970822673e+02
1.090577708348224490e+02
1.087871779812536630e+02
1.086013629688857947e+02
1.085983463411983081e+02
1.086136507726374276e+02
1.088896310586785461e+02
1.087152491407309043e+02
1.086297676385111259e+02
1.088110101909330751e+02
1.088520725151101374e+02
1.089283855168911685e+02
1.089510156764929576e+02
1.086015763411450195e+02
1.087096185231215060e+02
1.085042688205062547e+02
1.086777645023786789e+02
1.086956085404399914e+02
1.087869661737539673e+02
1.092480435925834428e+02
1.091320782340936830e+02
1.088811803772619555e+02
1.082961786600884011e+02
1.090766097228104599e+02
1.090583114214904867e+02
1.089267145342049758e+02
1.089437156970663381e+02
1.085127822670326054e+02
1.085423249292995393e+02
1.089841802690314125e+02
1.091272887519753994e+02
1.088543635696129428e+02
1.090727323818943972e+02
1.087057704548101356e+02
1.086461105106445757e+02
1.088991401130738410e+02
1.086585636137045299e+02
1.087972809733611683e+02
1.086927489752622051e+02
1.087754697242166344e+02
1.089927907371921521e+02
1.088773279135765648e+02
1.090828470704546049e+02
1.085182280557642684e+02
1.084578164959365267e+02
1.091154019068725489e+02
1.088193900550378430e+02
1.084789491998983380e+02
1.083766781062073079e+02
1.088488183800031521e+02
1.094558137436466012e+02
1.088244201903590493e+02
1.087626672200231042e+02
1.086189377344264386e+02
1.088064393991658676e+02
1.088299724648305755e+02
1.089422058868184848e+02
1.090418257342634973e+02
1.088923638671446525e+02
1.086590544059520056e+02
1.086753211399958019e+02
1.086047259768162547e+02
1.088563783238054157e+02
1.089172831188259920e+02
1.090642497075052830e+02
1.086638594557840065e+02
1.083669214136699992e+02
1.085240036539446891e+02
1.090890264650958130e+02
1.086092431622795544e+02
1.089111627090960042e+02
1.087238239598965492e+02
1.089855459992687230e+02
1.086813657822873864e+02
1.089500313173140285e+02
1.089813442492777966e+02
1.085054414407097596e+02
1.087077597585932125e+02
1.089358604216533735e+02
1.086768599700530444e+02
1.087803920809057701e+02
1.089254372435842697e+02
1.091506427698114408e+02
1.087263395523786613e+02
1.086608244055233286e+02
1.087548383148808142e+02
1.088632102538279582e+02
1.090983587556811614e+02
1.090186099663546457e+02
1.087387236799652328e+02
1.090540145600766806e+02
1.089668314286187325e+02
