2.314950180383299596e+02
2.326953473124427774e+02
2.337287117916924615e+02
2.343202545003479997e+02
2.345546968210414889e+02
2.344708800922056469e+02
2.347042841210344477e+02
2.353415610198204888e+02
2.356139158959425970e+02
2.351684753273032982e+02
2.354594426429669909e+02
2.356420255613275856e+02
2.353175393935778175e+02
2.354125790337519959e+02
2.356167661051889866e+02
2.356097960609135953e+02
2.358794930369482756e+02
2.358446543909554123e+02
2.359333379193290341e+02
2.359335275605078550e+02
2.356732027181787998e+02
2.360512564175738817e+02
2.362408988434764581e+02
2.358779766948108545e+02
2.361483003056754626e+02
2.357020150159135881e+02
2.357976245925396199e+02
2.361846416041688883e+02
2.363967275722814065e+02
2.364138825347563397e+02
2.361858141286425052e+02
2.362579585251192213e+02
2.360633834984052157e+02
2.362661212388584033e+02
2.360201358476162738e+02
2.364396734624928342e+02
2.361340866200241635e+02
2.360701380560579707e+02
2.366168522828363905e+02
2.364625337123158886e+02
2.363877374278630725e+02
2.365599997137179571e+02
2.365987892252626636e+02
2.364584176847023400e+02
2.362090199203628629e+02
2.362599038471875303e+02
2.366769429018112305e+02
2.366092586017387305e+02
2.366007777350870356e+02
2.366242280878510371e+02
2.365315626461746490e+02
2.367332975155604515e+02
2.362394242636174795e+02
2.362934978929621366e+02
2.362773026071564857e+02
2.364906146972271017e+02
2.364987690716561417e+02
2.366260110085064241e+02
2.366528117469863730e+02
2.365691979330281640e+02
2.367312345374743643e+02
2.366732458573019073e+02
2.367688123759224084e+02
2.367398069516685553e+02
2.366796952271215844e+02
2.362358536332194205e+02
2.366688588056747733e+02
2.363308060419537071e+02
2.368380471763022399e+02
2.369211277981611659e+02
2.366237399733587381e+02
2.368290079518557434e+02
2.367354407660810409e+02
2.366055888442323578e+02
2.368094851657371862e+02
2.368524415656326880e+02
2.367248564887634359e+02
2.368697211080022953e+02
2.367648676205763252e+02
2.370395993504488104e+02
2.370048611831986136e+02
2.367477991943617326e+02
2.368146189578374958e+02
2.369913466624952036e+02
2.368273153813168221e+02
2.368286756469685770e+02
2.369924555069393080e+02
2.369765096268502305e+02
2.367763473448456182e+02
2.371022086689809782e+02
2.369806284988191010e+02
2.367088559501628424e+02
2.367759041035664325e+02
2.367937686177755552e+02
2.370751410721607897e+02
2.371064220773683928e+02
2.369436293703836043e+02
2.366999987731594786e+02
2.369628401019269575e+02
2.362583527305203290e+02
2.370309954284425942e+02
2.369847122688481988e+02
2.366625504986243698e+02
2.370311352654894961e+02
2.367882250631799650e+02
2.371219319109946184e+02
2.369872371563881472e+02
2.371950035871186913e+02
2.371094703854952570e+02
2.372642736889561093e+02
2.370836686334319268e+02
2.370521962817982455e+02
2.369987514159025466e+02
2.370532009736918724e+02
2.371499073563515196e+02
2.370921302207100609e+02
2.371606132706499750e+02
2.371336359332097743e+02
2.371576152440425176e+02
2.369544794642081342e+02
2.371618134368931123e+02
2.369168525602701720e+02
2.373095142052239908e+02
2.372269394458002409e+02
2.367870275012709556e+02
2.372157366805444951e+02
2.370284896016815992e+02
2.370536136768207882e+02
2.371746562926182662e+02
2.375160816356477653e+02
2.372465240672602533e+02
2.369262116515758692e+02
2.372233155101919522e+02
2.372064427535210314e+02
2.372392206643656891e+02
2.373823914742146144e+02
2.372407266787240587e+02
2.372060919620954280e+02
2.369845974626378791e+02
2.369396566741459083e+02
2.370241418033215268e+02
2.370795020338022141e+02
2.370737485134258975e+02
2.374078334580389935e+02
2.370444418088848124e+02
2.371393532148182146e+02
2.373115090527636823e+02
2.373978530995939025e+02
2.368642852090193855e+02
2.372161999681559053e+02
