1.004328114440324953e+02
1.008343961736587744e+02
1.009197516043534648e+02
1.011962267275549010e+02
1.009305746576329028e+02
1.006548621474762086e+02
1.009155593216440963e+02
1.010540272994580278e+02
1.012449035888884765e+02
1.012794979952102921e+02
1.012565217461646654e+02
1.011573700571913719e+02
1.009351405820230951e+02
1.011976136253519059e+02
1.011910229289503746e+02
1.003187301870900683e+02
1.010259145654533626e+02
1.007069742592041734e+02
1.009021211496220047e+02
1.016583473028670710e+02
1.009151471261312736e+02
1.008495281537807386e+02
1.012662297430372291e+02
1.009480157844131014e+02
1.015811534588512473e+02
1.008394167655064990e+02
1.008391707709556044e+02
1.011880654033374043e+02
1.012604256726755949e+02
1.011173800062952779e+02
1.014021656517017504e+02
1.014339433835476711e+02
1.011949896970975971e+02
1.013626535812661018e+02
1.011134829499544736e+02
1.016445453757019095e+02
1.009231048444823244e+02
1.013929538868820401e+02
1.006958959723724973e+02
1.012325107981805701e+02
1.015396963989411034e+02
1.005102436922728231e+02
1.009893989794774569e+02
1.019483849987664144e+02
1.011818174562764767e+02
1.005739945041361949e+02
1.015675180285137884e+02
1.010684736624495059e+02
1.008617803634821684e+02
1.010048693420744712e+02
1.011892839505150192e+02
1.019174153111026584e+02
1.009897947946056576e+02
1.016668504038993177e+02
1.011171002995525896e+02
1.017144889532846861e+02
1.008601902339973861e+02
1.013352097778195997e+02
1.009770232858499526e+02
1.010484364136337945e+02
1.020312273806920871e+02
1.004376290971862318e+02
1.013275516757865944e+02
1.012016537698159624e+02
1.016950607886894886e+02
1.008031625438491545e+02
1.016655653227628022e+02
1.011258164610796371e+02
1.015467983756670236e+02
1.013119270887958834e+02
1.009882373811880143e+02
1.014729666778010824e+02
1.008059443345188697e+02
1.007542696151258923e+02
1.012064412137819005e+02
1.009073900765743019e+02
1.015743703325035341e+02
1.010360985766612316e+02
1.015158769733997701e+02
1.011224591207631676e+02
1.014909326952824671e+02
1.009691866298194185e+02
1.017126077865935372e+02
1.005586842363598095e+02
1.010393005967372773e+02
1.009623146526404867e+02
1.014149467014628954e+02
1.010016099783333772e+02
1.015311191515257860e+02
1.008869006027093320e+02
1.012363402147676510e+02
1.013502960788564451e+02
1.014999739874906908e+02
1.005449370098274358e+02
1.010100919559798740e+02
1.015282493610228585e+02
1.011338931981797344e+02
1.016972647679360904e+02
1.015834483195929039e+02
1.006199335482568387e+02
1.013996585514632898e+02
1.006984977830534120e+02
1.015104614294258454e+02
1.010498999035981882e+02
1.011124659146575624e+02
1.013865569800046842e+02
1.005348794229453802e+02
1.011452170660128473e+02
1.008021649422965282e+02
1.011845148460935775e+02
1.011558081572422907e+02
1.006121555531982068e+02
1.015026534238875087e+02
1.009470251269293044e+02
1.012404469431944705e+02
1.007049102288673765e+02
1.009978375134972595e+02
1.012007578564673196e+02
1.011031968268411134e+02
1.012779468975611508e+02
1.015704582606795725e+02
1.007880796032467288e+02
1.010446900344927172e+02
1.015655737991993846e+02
1.007435949984297423e+02
1.011368072495683208e+02
1.014774243641798961e+02
1.008046433256247809e+02
1.006057918401820217e+02
1.009472839084498190e+02
1.015084009801216212e+02
1.006276336833778799e+02
1.012361068334936363e+02
1.015367255689386070e+02
1.008986533610153487e+02
1.008589047772246232e+02
1.009756832475720216e+02
1.012951098225401125e+02
1.015336313887230517e+02
1.013557741309275002e+02
1.015417401791058296e+02
1.009202731460165552e+02
1.006495534142001276e+02
1.015101974502499189e+02
1.010190337810480656e+02
1.009847641019094766e+02
1.013168164066739365e+02
1.013946298263437598e+02
1.008293146284762400e+02
1.012687717472786062e+02
