2.881048625600076889e+02
2.887600570125702575e+02
2.892303498743317505e+02
2.895759833593953658e+02
2.897484640434079779e+02
2.896460227552778974e+02
2.900397542179219954e+02
2.901819202308612944e+02
2.903222334277756431e+02
2.902148416868874392e+02
2.902864295013829974e+02
2.903260788320455958e+02
2.902995785958775627e+02
2.903452920152179217e+02
2.903509517288798065e+02
2.903357871906519563e+02
2.904737629189446011e+02
2.905427216362244849e+02
2.905540306919800173e+02
2.906174434748569979e+02
2.904473941562496861e+02
2.906781345148140758e+02
2.906523100222596554e+02
2.906236509082433486e+02
2.907059246238792412e+02
2.904599204255709424e+02
2.906901507601947401e+02
2.906874190584402982e+02
2.908500491227974862e+02
2.908447206624757655e+02
2.907374653838654694e+02
2.908274058431351818e+02
2.907653699485173888e+02
2.908227462248498796e+02
2.907389669062121698e+02
2.908462318592884799e+02
2.906625316733230875e+02
2.907773036684974954e+02
2.909159207714746458e+02
2.909067222877538370e+02
2.908333166830298069e+02
2.909119200932682929e+02
2.909875895731807418e+02
2.909378102147857135e+02
2.908134045204653262e+02
2.909465971743290424e+02
2.911713061453377236e+02
2.909605615634143874e+02
2.910326985637533994e+02
2.909643547256331999e+02
2.910253821541957109e+02
2.910242443281201759e+02
2.908394502248326603e+02
2.909322866939466508e+02
2.908694136676559197e+02
2.909872833433469168e+02
2.909465337086065233e+02
2.910297468046389326e+02
2.911057180656733863e+02
2.910763194011942119e+02
2.910708440194482591e+02
2.909327700025082208e+02
2.911168730318108260e+02
2.911316324335375043e+02
2.910252519844261201e+02
2.908486781308888567e+02
2.910805458287684360e+02
2.910157373005219483e+02
2.911323532485072860e+02
2.911256093050720892e+02
2.910773121145298887e+02
2.910625948384252411e+02
2.910144012008859136e+02
2.910425454017920970e+02
2.911654837408743788e+02
2.912427701405608218e+02
2.912282645263036898e+02
2.911479901546140354e+02
2.912123604336268841e+02
2.912661767251434526e+02
2.912686863044781944e+02
2.910985371218931732e+02
2.911181702445849737e+02
2.912052656159436879e+02
2.911985150472189616e+02
2.912212474772292694e+02
2.912171561136828473e+02
2.911712833983031032e+02
2.911287034934168219e+02
2.912314419960391092e+02
2.912290184930338341e+02
2.912038390843555362e+02
2.912338863244601725e+02
2.910515128952926602e+02
2.912864879034806904e+02
2.912490250609856162e+02
2.911217094032793966e+02
2.910889122937013553e+02
2.910904679716333590e+02
2.909391104439499713e+02
2.913456547641757766e+02
2.912457655571498094e+02
2.911786364639094700e+02
2.913169658583975092e+02
2.912193061723235701e+02
2.913076519618991256e+02
2.912819532442090917e+02
2.914056575422225137e+02
2.913167271420329598e+02
2.913996864213386289e+02
2.914015709003861616e+02
2.913168427130579516e+02
2.913409622228707008e+02
2.913191689048271087e+02
2.914111895102369090e+02
2.912442976457448935e+02
2.914886726701465705e+02
2.913247073175188575e+02
2.913600967174790526e+02
2.913647892481610029e+02
2.912864280053888706e+02
2.912990829681240825e+02
2.913742979346595234e+02
2.914121409052235094e+02
2.912333101230199759e+02
2.913400516497193280e+02
2.912658974568809640e+02
2.912485993911966489e+02
2.913495715933248107e+02
2.915434931787968935e+02
2.914906684771454479e+02
2.913088525168373621e+02
2.914087203696636266e+02
2.914480237705061541e+02
2.913083895601063773e+02
2.913956424793062752e+02
2.913478450714064252e+02
2.913804931575011778e+02
2.913598033615585905e+02
2.913396659429537863e+02
2.914124772299899746e+02
2.913567453657731221e+02
2.913744615634427078e+02
2.915087752778682670e+02
2.914348402970823031e+02
2.914036596728363406e+02
2.915500176889757995e+02
2.914713460919797399e+02
2.912570317863953733e+02
2.914669558344882034e+02
