2.860540373472480837e+02
2.860318373584072447e+02
2.861113226797575066e+02
2.860872471887348638e+02
2.860574735316210422e+02
2.860719670527082030e+02
2.858788291686424827e+02
2.860410485952273802e+02
2.859829545381845719e+02
2.859022363964737679e+02
2.861573915719234833e+02
2.861125626937724746e+02
2.858672169391023203e+02
2.859480308409451368e+02
2.861613792176121933e+02
2.860650499277597305e+02
2.860841062706337539e+02
2.861512427463242716e+02
2.862021092552965911e+02
2.861975908778579765e+02
2.859607658512497323e+02
2.861560005902349531e+02
2.862339048953174370e+02
2.861882708780980806e+02
2.860466469617670668e+02
2.859529692144003548e+02
2.861775897544138729e+02
2.860556555770967861e+02
2.862004109835283430e+02
2.862247707530989942e+02
2.860981024061754283e+02
2.861393718317644925e+02
2.860895868424169066e+02
2.859996358077588638e+02
2.858103598311907376e+02
2.857002469815151358e+02
2.857556741726161249e+02
2.857664018765889864e+02
2.857604832099991654e+02
2.859678423801248073e+02
2.859244081175684187e+02
2.859000140433489605e+02
2.859088974742961113e+02
2.858705492162910105e+02
2.859117801354493622e+02
2.859639998994113625e+02
2.859866734743531538e+02
2.857993106646121646e+02
2.858526676446541614e+02
2.859384728100549751e+02
2.859012120489542212e+02
2.859445869430020934e+02
2.860054806403448424e+02
2.857780180883744947e+02
2.857945645935325842e+02
2.858480430730280091e+02
2.859911798965620733e+02
2.858110110984905532e+02
2.858721530312261621e+02
2.860883873486478137e+02
2.860725354392070017e+02
2.861119872232617922e+02
2.857388225680148821e+02
2.856984830398982353e+02
2.859390167925027981e+02
2.857711923303561434e+02
2.858880498735426841e+02
2.858753420717559379e+02
2.858519804231653438e+02
2.861549016654992101e+02
2.860428816722746888e+02
2.861270554218918392e+02
2.860949987698080008e+02
2.859379276136887142e+02
2.859800847800379984e+02
2.860094507105466732e+02
2.859082801619115344e+02
2.858998690851772722e+02
2.860233350535387444e+02
2.859914120891365314e+02
2.859197633118145063e+02
2.858339936274002184e+02
2.859380933030783467e+02
2.860801262306850390e+02
2.860744424688320464e+02
2.860627610963384200e+02
2.859057794191438120e+02
2.859869772523107372e+02
2.859399031836899781e+02
2.859923605296211235e+02
2.860227766033780199e+02
2.860594329111984848e+02
2.859125440591399183e+02
2.859428817527762590e+02
2.859752130216962200e+02
2.860073518039479268e+02
2.862386666363259451e+02
2.863519442256790057e+02
2.862934154926285260e+02
2.863125457958901166e+02
2.862199126124705799e+02
2.860266157259791271e+02
2.860482589878257045e+02
2.862674700229695191e+02
2.863391260452136748e+02
2.863417781279261476e+02
2.863508475592286686e+02
2.864401814715986916e+02
2.864128186998298133e+02
2.864624986683038514e+02
2.863424660981585816e+02
2.862460624727349909e+02
2.861799731542931227e+02
2.861314081183917892e+02
2.861476571205777759e+02
2.861416886352063216e+02
2.865160287056804123e+02
2.865166866176437566e+02
2.863704913171491171e+02
2.865407637625822304e+02
2.864024545618445927e+02
2.865524674180057332e+02
2.866091929130523681e+02
2.864537877194077851e+02
2.864005322329389855e+02
2.864088389474964629e+02
2.864183318032079342e+02
2.864570212244812524e+02
2.864853352707020235e+02
2.866803628051176247e+02
2.867729666106859554e+02
2.866226153253114148e+02
2.866123688626656758e+02
2.865040220770399060e+02
2.866076338439942788e+02
2.865028375429179164e+02
2.866619949392756439e+02
2.868896249669174381e+02
2.866660737455800927e+02
2.869849750494963132e+02
2.870658314985840889e+02
2.869729916174999289e+02
2.867357451078076451e+02
2.866569667429163815e+02
2.869282870549648692e+02
2.870097952295586197e+02
2.867931316378605970e+02
2.867725838966701986e+02
2.868750084029613845e+02
2.871117675892979264e+02
2.871585525423222975e+02
2.872831729501535278e+02
2.871429126665684635e+02
2.870325766012439885e+02
2.870442106662196693e+02
2.870341939348758729e+02
2.873396441686793992e+02
2.874086755407594751e+02
2.872181651999439964e+02
2.871980058372257645e+02
2.873191150704440702e+02
2.875154699937041869e+02
2.872705524594028361e+02
2.872515950484078076e+02
2.874513229158696390e+02
