9.873481498752765617e+01
9.867286120902993218e+01
9.840540366274011319e+01
9.833803158386240284e+01
9.863072225132215465e+01
9.857657532519060339e+01
9.911442303371977403e+01
9.864699198283125270e+01
9.842158122659897401e+01
9.860357177981599364e+01
9.870139685803832208e+01
9.927629012455349766e+01
9.919360460876784202e+01
9.907736031371371155e+01
9.894320271477188555e+01
9.875572612232447511e+01
9.880048106081450499e+01
9.916405293401999188e+01
9.874559011341678172e+01
9.887645295549032198e+01
9.859803336898632153e+01
9.896229905069999688e+01
9.909798412319234728e+01
9.954029889665525843e+01
9.928866573709474608e+01
9.931000142647546625e+01
9.916577235569484117e+01
9.899246783127675542e+01
9.878740030231034552e+01
9.938129524573207618e+01
9.911887355227433716e+01
9.907136667788445550e+01
9.909748768295249022e+01
1.002728848816373670e+02
1.022752037195498218e+02
1.003627119524234530e+02
9.945371028671196711e+01
9.891396862563674119e+01
9.895072535103042810e+01
9.882036440118694998e+01
9.940102063393239007e+01
9.965110779091355653e+01
9.936940573768355023e+01
9.929655860383543597e+01
9.894985987294030849e+01
9.889495282905734541e+01
9.877152586845640769e+01
9.868472012975060181e+01
9.918106570645430509e+01
9.912176187244476466e+01
9.855071847061826418e+01
9.906589376680496173e+01
9.957524761836269533e+01
1.005475167251897375e+02
1.001159275020660715e+02
1.001117117242834667e+02
9.949581676604982761e+01
9.969640872073296123e+01
9.947761782572473521e+01
9.935684221460216747e+01
9.938661260432844813e+01
9.945506870591896131e+01
1.007080893821551371e+02
1.006653857372629517e+02
9.977916714073207061e+01
9.940806497545793263e+01
9.948136298542658551e+01
9.924851293322933543e+01
9.955897621330744585e+01
9.903476744187810255e+01
9.922929243004186617e+01
9.899302325534601721e+01
9.933380474223247347e+01
9.932387049327786599e+01
9.909744369988294466e+01
9.938872792747139329e+01
9.914091687138414954e+01
9.930970475707381695e+01
9.945317057472347244e+01
9.987369313265662640e+01
9.926748074331744931e+01
9.915199783331730998e+01
9.970752490910003019e+01
9.890720422371801135e+01
9.918263630774593764e+01
9.921790293530658289e+01
9.918455605201899061e+01
9.912550695526124400e+01
9.902423691175964393e+01
9.955842328192012758e+01
9.932650120131158644e+01
9.950962304764168209e+01
9.933824324124755378e+01
9.932281512859294992e+01
9.940422565383317988e+01
9.934842159401115680e+01
9.928428767322917281e+01
9.948772487822886035e+01
9.951996711061616452e+01
9.945972661624563216e+01
9.951472700044212161e+01
9.961102477445372472e+01
9.969139428634655076e+01
9.951156527742305968e+01
9.980400481206442009e+01
9.968036425050151195e+01
9.983489449372439140e+01
1.001035557494047197e+02
9.999581751347280090e+01
1.000726338773987436e+02
9.979768703875315339e+01
1.003087266296088131e+02
1.004061793605074513e+02
1.016610403490900723e+02
1.010672184869401917e+02
1.005485389867195209e+02
1.003962456143982678e+02
1.004905168780944678e+02
1.005039153861115437e+02
1.006372176294907632e+02
1.003638634732641748e+02
1.006304471727636951e+02
1.007083805916708457e+02
1.003550329513163746e+02
1.006491491682749739e+02
1.008855364962938097e+02
1.007094767182010315e+02
1.003775364580434228e+02
1.007076940098174305e+02
1.002253962839165666e+02
1.002445646428769805e+02
1.004577453177281114e+02
1.007524071159661929e+02
1.014910661551679709e+02
1.008167149493972232e+02
1.006061624289121852e+02
1.004309728283755447e+02
1.001688157788678524e+02
1.000522711346961415e+02
9.998737697318956918e+01
1.003572671331637594e+02
1.014642522944528196e+02
1.034274157064709243e+02
1.018516784080189410e+02
1.006212862675593556e+02
1.001607553077521970e+02
9.992749651847736914e+01
9.992950340413362653e+01
9.977146578110733799e+01
9.975120195452137750e+01
9.928853246135724930e+01
9.929512817223574928e+01
9.958754573304935320e+01
9.924791614104441351e+01
9.894694035658805831e+01
9.926554995643351731e+01
9.932082399960277996e+01
9.928330052889610613e+01
9.898594845620898752e+01
9.941709991287054038e+01
9.847580165670116514e+01
9.864900870196419191e+01
9.841036176227972021e+01
9.866693928589087648e+01
9.849768285811985891e+01
