2.868485498096971469e+02
2.868125304319022462e+02
2.869945906565248492e+02
2.871002585669127143e+02
2.870107029704431056e+02
2.869125360010543204e+02
2.868136846158826074e+02
2.868406197667304127e+02
2.868983820601648063e+02
2.868619190245231607e+02
2.868840255796957877e+02
2.869274225993183336e+02
2.868461095761070396e+02
2.868572681815574583e+02
2.868395779724436352e+02
2.868401910339491678e+02
2.868890138991496883e+02
2.868136231923048740e+02
2.867960773587416270e+02
2.868463028065134495e+02
2.868606711551994408e+02
2.867326940792338519e+02
2.866441721670082643e+02
2.865721361392837707e+02
2.866678445347656634e+02
2.866130781816311242e+02
2.865916958403907415e+02
2.867517366507577776e+02
2.868298585775238507e+02
2.867423967393140742e+02
2.866188009216934347e+02
2.867541692716862372e+02
2.866849077864874289e+02
2.867827493537368468e+02
2.867027715141809949e+02
2.867024879349276603e+02
2.865047441028759181e+02
2.867381297406880662e+02
2.868277132170321124e+02
2.868624502374542544e+02
2.868420631903370008e+02
2.866375065024404307e+02
2.866621929468036001e+02
2.867230652322664923e+02
2.867660974020197386e+02
2.868948245189589557e+02
2.868966029169703802e+02
2.868397911327626275e+02
2.868637709832515839e+02
2.867579683816096576e+02
2.869678609485759466e+02
2.870724378904477589e+02
2.867821793016624383e+02
2.866057758082503142e+02
2.866934592790092324e+02
2.866232981838971341e+02
2.865561769683938564e+02
2.865498823355913487e+02
2.867546236481167057e+02
2.867957738086379322e+02
2.867267070801004252e+02
2.867779249592894644e+02
2.865102365866819127e+02
2.863606096492576967e+02
2.865716071089982506e+02
2.867196386164812907e+02
2.866638658278414482e+02
2.867754941257693986e+02
2.867904469680585748e+02
2.868811561827665741e+02
2.869266987155271522e+02
2.869350395586606624e+02
2.869018944785040048e+02
2.868899024387008581e+02
2.868844014266591671e+02
2.868825740458529481e+02
2.868337015849681393e+02
2.868181988590895912e+02
2.867933609050049881e+02
2.867945553198084667e+02
2.868843400268974051e+02
2.870218939949044739e+02
2.867245296542132564e+02
2.867940420883791717e+02
2.869396179952969419e+02
2.869911344593490981e+02
2.869452247262897231e+02
2.870518329248129703e+02
2.870246059416998037e+02
2.869115775536637329e+02
2.868937377615221749e+02
2.869566579854823090e+02
2.868872340823939453e+02
2.869054859623500988e+02
2.869184579580185641e+02
2.868398284731952117e+02
2.868573989993236069e+02
2.868936691539300909e+02
2.869029195247889561e+02
2.867692779944858330e+02
2.868263756403387674e+02
2.867670792889240943e+02
2.868264188115089155e+02
2.869343238948928843e+02
2.868651753580986110e+02
2.867025969754790253e+02
2.868139376948986410e+02
2.866888099864255537e+02
2.867301241226946900e+02
2.868498531032768710e+02
2.868365883796410571e+02
2.867689244834209035e+02
2.866478563480276307e+02
2.866696550265232872e+02
2.867513958567461714e+02
2.869237232962117332e+02
2.867135486794084613e+02
2.866648243968051588e+02
2.866589298957974847e+02
2.866575074205018723e+02
2.867137169655927096e+02
2.867313977051128973e+02
2.867514899873946774e+02
2.867734941753871567e+02
2.868545120583073640e+02
2.867637911672464384e+02
2.867495779015666244e+02
2.866988692527257285e+02
2.867798472639829583e+02
2.868492112515227745e+02
2.869443822642295459e+02
2.869308754578561889e+02
2.869397655563682292e+02
2.867875460221125081e+02
2.868026101493771307e+02
2.868377407738556144e+02
2.869543780165994349e+02
2.870028208972129846e+02
2.869716558961178521e+02
2.871048046417967043e+02
2.869083749278613027e+02
2.869152301588264322e+02
2.866695043474587692e+02
2.867584838840309658e+02
2.869170257308014129e+02
2.870081623684783949e+02
2.871806489053859082e+02
2.870023511514550592e+02
2.871293555459769777e+02
2.871596078265797019e+02
2.872609252426217950e+02
2.873553724577657249e+02
2.872819618249905602e+02
2.873005634058933992e+02
2.873416723816150693e+02
2.872605353026779653e+02
2.873602069050663772e+02
2.875076151496190846e+02
2.875320960732131539e+02
2.874165007030309766e+02
2.874771780501485523e+02
2.877115055841821345e+02
2.877209598787058553e+02
2.877438885679729879e+02
2.876893762517515825e+02
