2.858906758146721927e+02
2.860230963693481954e+02
2.860255207496162484e+02
2.860598673866851982e+02
2.860998219471367747e+02
2.861016237998656493e+02
2.859065496990730821e+02
2.859158127050207554e+02
2.860165938403965242e+02
2.858893183047445063e+02
2.858577439104969358e+02
2.858044863617868145e+02
2.858534816430675392e+02
2.856779185871218374e+02
2.857608651477568174e+02
2.858407899146221780e+02
2.859814039106534551e+02
2.860281692094375217e+02
2.859586657986635032e+02
2.860106056516631838e+02
2.860077703817343036e+02
2.860533432178802400e+02
2.861819583109376595e+02
2.860313850510627276e+02
2.858561195023486334e+02
2.859050877307583391e+02
2.859711989546823361e+02
2.859868715978790306e+02
2.858308241410987875e+02
2.858584246784333232e+02
2.858141848626124215e+02
2.859094340558063436e+02
2.859339431552825204e+02
2.858722532238467124e+02
2.855780928898706748e+02
2.856561189086794457e+02
2.857887359501294782e+02
2.858713656686693980e+02
2.858650463588347748e+02
2.858037022327244472e+02
2.858861287939574254e+02
2.859510241849071122e+02
2.859571944085219570e+02
2.858625356590666797e+02
2.858721815519421057e+02
2.859020067563511134e+02
2.859881104846082849e+02
2.859285261293496774e+02
2.858556572503869688e+02
2.857613368257855768e+02
2.858612025384609865e+02
2.860277208376832050e+02
2.858817540807054343e+02
2.857910304946349811e+02
2.858656566997100299e+02
2.857843202437423429e+02
2.859118347881179147e+02
2.859500757525871109e+02
2.859235543251211880e+02
2.858942059774911399e+02
2.858377129796692202e+02
2.859270764627146377e+02
2.858504285603722792e+02
2.857540664804380981e+02
2.858509633908818728e+02
2.859752372823172095e+02
2.857907408344905775e+02
2.857738360988547583e+02
2.857097899935375835e+02
2.858698471314496032e+02
2.859078905128369570e+02
2.857841185541502114e+02
2.857850785856417701e+02
2.858906768193282915e+02
2.858738120434173311e+02
2.859278741915591695e+02
2.860359378556960905e+02
2.859715073652274668e+02
2.859165727523472924e+02
2.858243926031623801e+02
2.858822608616991374e+02
2.859492809686595933e+02
2.859118089291833940e+02
2.858464322760856362e+02
2.858896630131729353e+02
2.859113662878530135e+02
2.861014873346547915e+02
2.860634572883768669e+02
2.859316289100808604e+02
2.860430928720386987e+02
2.861766459589744613e+02
2.861304381632477316e+02
2.859768822518437332e+02
2.861129219396446501e+02
2.860381944810001755e+02
2.860042997774662581e+02
2.858812134468159911e+02
2.859151207281466895e+02
2.860830353863929076e+02
2.861625483475604597e+02
2.860284839621931496e+02
2.862240592722636165e+02
2.861710855846326922e+02
2.860992261642110748e+02
2.859271185851275732e+02
2.860544128711206326e+02
2.859931795883339305e+02
2.860645277863570186e+02
2.859027971445619869e+02
2.860017662415884843e+02
2.862239790385053197e+02
2.859733403662777391e+02
2.858685709315372492e+02
2.857778957878513779e+02
2.857344942026348349e+02
2.857406249464217467e+02
2.857818543525454515e+02
2.858321106384383370e+02
2.857694609714003491e+02
2.859403968150315904e+02
2.860404819269999734e+02
2.860006375445934736e+02
2.859217858123291194e+02
2.858613863772079071e+02
2.859533862266201822e+02
2.859138596592862882e+02
2.861128987616958170e+02
2.859819851808351814e+02
2.859826128396539957e+02
2.860937884487019005e+02
2.860837970796879972e+02
2.859027263846637084e+02
2.860558876281797325e+02
2.859866463114965995e+02
2.859963687639337309e+02
2.859413880189843553e+02
2.861854574722795519e+02
2.864006063705087968e+02
2.862670834722671316e+02
2.862500942020458865e+02
2.862033569914834175e+02
2.863020731333215849e+02
2.860775265452466556e+02
2.859977718133116582e+02
2.860664493513698972e+02
2.861602579855123736e+02
2.863062529612636808e+02
2.864253790372570165e+02
2.864459881486696418e+02
2.863009626033629615e+02
2.865511887472721355e+02
2.866273131807429309e+02
2.865648459825191026e+02
2.865754222723281828e+02
2.867332780973781041e+02
2.867058983165970290e+02
2.867269761013198490e+02
2.867686122256989165e+02
2.867655962933659453e+02
2.866177622526195705e+02
2.867780780974260892e+02
2.869081235870145861e+02
2.868054164449482641e+02
2.868258880901934731e+02
2.869385815198533578e+02
