2.419274208891762044e+02
2.420169212109379657e+02
2.417952524537913916e+02
2.413576763709153283e+02
2.414732457065439064e+02
2.417924062880580038e+02
2.417556321250338272e+02
2.414268824375460269e+02
2.414589410083837322e+02
2.419457409228657525e+02
2.416200218757954872e+02
2.413495113200332014e+02
2.411367454181628318e+02
2.415798690605779484e+02
2.413783668033676975e+02
2.413929094162573392e+02
2.413578378139218330e+02
2.413623107878405563e+02
2.417891126231014312e+02
2.413802630359927264e+02
2.412301916373666870e+02
2.418076005871379550e+02
2.411739522881650544e+02
2.407705689095463129e+02
2.409454262214946141e+02
2.418379614312455885e+02
2.413281570100782290e+02
2.412173850863049438e+02
2.415607713514591239e+02
2.413438932060446405e+02
2.412364948222915473e+02
2.416037809498140803e+02
2.416302713490210863e+02
2.408608963988940559e+02
2.401734356850865595e+02
2.404830432345692941e+02
2.409399553141560375e+02
2.408949446984346423e+02
2.411718575350952563e+02
2.410564520153119759e+02
2.409533380357694057e+02
2.413453378695116953e+02
2.411613035278051314e+02
2.414167394495340204e+02
2.414649653106595508e+02
2.416148820730183218e+02
2.417226975947733933e+02
2.414115848249142573e+02
2.415742337455086783e+02
2.414752764264995051e+02
2.408458996972376838e+02
2.411806844387980391e+02
2.413099719681913484e+02
2.405019379268204318e+02
2.408529595392331260e+02
2.414528320486058419e+02
2.410993421131855712e+02
2.407328328631690795e+02
2.412729544595483731e+02
2.413120563947688879e+02
2.414914010225290610e+02
2.407931554856305354e+02
2.406581210139108862e+02
2.406158226000821685e+02
2.410484747894146551e+02
2.413120560947536148e+02
2.409696980693674675e+02
2.408470690775072853e+02
2.409493278424864684e+02
2.407786993162230829e+02
2.407845236395354505e+02
2.408029813431247703e+02
2.409603834296759715e+02
2.413020291399309656e+02
2.405366481802674627e+02
2.406319392635458883e+02
2.408586793800218686e+02
2.408618474150787563e+02
2.408556430376412720e+02
2.411179076325876167e+02
2.409018476295134690e+02
2.406440638071534295e+02
2.406397414085460014e+02
2.407857731873089335e+02
2.408668552214562339e+02
2.409841810392281332e+02
2.413005409632349654e+02
2.410793107191524598e+02
2.413572577483435282e+02
2.411550761142187866e+02
2.408960196348530474e+02
2.409427926707070355e+02
2.403803394043417256e+02
2.404508157532228552e+02
2.407901536142759369e+02
2.409971638188982013e+02
2.412893504592965712e+02
2.410256595605325174e+02
2.411776457429520235e+02
2.410887624046124813e+02
2.411154467698275141e+02
2.411983172484088129e+02
2.409805174308562243e+02
2.401153196646959032e+02
2.402620526584080665e+02
2.408863335163097190e+02
2.404053356053204027e+02
2.404271033183890438e+02
2.410394283076057889e+02
2.405521294869942892e+02
2.406578732719234495e+02
2.400486537946019325e+02
2.403586175785779062e+02
2.394636400137515864e+02
2.397889700642590469e+02
2.395236781249544435e+02
2.398665391232963202e+02
2.399247776172647661e+02
2.399178557557123668e+02
2.395787347997591326e+02
2.397121382904173004e+02
2.397959592356968415e+02
2.393837590729636986e+02
2.397151088543571120e+02
2.396540421262504026e+02
2.398052255761076594e+02
2.391397842080277769e+02
2.392482353072593924e+02
2.394763799089583074e+02
2.394932388075072822e+02
2.395315814261022354e+02
2.393516350870133635e+02
2.393792568427793412e+02
2.387330089355079679e+02
2.385012944325576711e+02
2.394067048808501852e+02
2.392111941831992397e+02
2.388088404882983014e+02
2.390450301114116201e+02
2.389665451703474730e+02
2.390744175048003228e+02
2.387289318259274751e+02
2.375517562371579743e+02
2.379085927470518129e+02
2.384179229104270519e+02
2.388414661515465411e+02
2.384697374920704362e+02
2.387608407738148060e+02
2.391881468162037834e+02
2.389380637789296031e+02
2.393114016740911723e+02
2.394874047494243996e+02
2.388589496678310695e+02
2.389003943214224535e+02
2.390556761872823870e+02
2.393110571035775536e+02
2.390508099088075369e+02
2.389987310391040012e+02
2.394185012224365039e+02
2.393123565285319785e+02
2.391287482989399678e+02
2.387925563292527897e+02
2.392413699042130872e+02
2.392070755656377798e+02
2.390942998505480546e+02
