2.871442138864896947e+02
2.871635883785746159e+02
2.870586971554878915e+02
2.870286866629550673e+02
2.872934738111053434e+02
2.872904652349462822e+02
2.869390245581333261e+02
2.869106480619503827e+02
2.869061033585238079e+02
2.869335881159734640e+02
2.870085646178971501e+02
2.869023626015531931e+02
2.869220148567720230e+02
2.870115407634671669e+02
2.871594221935511655e+02
2.872180376948891194e+02
2.873902533995723729e+02
2.873509791244735538e+02
2.870005661235031198e+02
2.869710980508937723e+02
2.869041435002321236e+02
2.870238370989061423e+02
2.870688998625542467e+02
2.870584995778501138e+02
2.873215752680902710e+02
2.872141387366465892e+02
2.870470757948809251e+02
2.872841542266806414e+02
2.871110307365548238e+02
2.869902629978663526e+02
2.870065700185404580e+02
2.873164643204717663e+02
2.871892862932892285e+02
2.868623272411946914e+02
2.865702130547364845e+02
2.865381575166341008e+02
2.868119681012929618e+02
2.869001546376908323e+02
2.870277427557473402e+02
2.870429514923873739e+02
2.868609557867341096e+02
2.868328019917381084e+02
2.869631992297450438e+02
2.868429170154018379e+02
2.869717655215226273e+02
2.869090760385535646e+02
2.869888064731821373e+02
2.870409442482135773e+02
2.870796213520316087e+02
2.871779696387385457e+02
2.871252282519922119e+02
2.870639869823326080e+02
2.869785298028069178e+02
2.869819791788103203e+02
2.869841540665671005e+02
2.868542803566162434e+02
2.868811273728755395e+02
2.867673076124736440e+02
2.868522168973574935e+02
2.868943848617798835e+02
2.869087124373131132e+02
2.871654152206289723e+02
2.870642154846895551e+02
2.870903874523617674e+02
2.871637944509022873e+02
2.870431526367162292e+02
2.869402776205818100e+02
2.870259228835799945e+02
2.870233877006317584e+02
2.871588652446489505e+02
2.871731043189466277e+02
2.870989714618693256e+02
2.868972717258514535e+02
2.867717040567127356e+02
2.867721734587260585e+02
2.867374372777937310e+02
2.868849144156067155e+02
2.869725107794704400e+02
2.869586117794465849e+02
2.869779653638437935e+02
2.872090863460142032e+02
2.872718258503589368e+02
2.869121133141035784e+02
2.870672443669148493e+02
2.871911150953868059e+02
2.870420975609203538e+02
2.868928161209776704e+02
2.869683085149866884e+02
2.871275003302266100e+02
2.872075318809694977e+02
2.872943303017366929e+02
2.872187290772179153e+02
2.872037486256968464e+02
2.870781061929562270e+02
2.870260320916304977e+02
2.871077003347519963e+02
2.870441584205200343e+02
2.870331861674173979e+02
2.872471669415841120e+02
2.872241243269707525e+02
2.872874494013765343e+02
2.873733256264160332e+02
2.871958034127371207e+02
2.871694617291043983e+02
2.872567358968790927e+02
2.870818321814617207e+02
2.869746337931248377e+02
2.869015896292967227e+02
2.869848765326771058e+02
2.871963283614425677e+02
2.872656102140757071e+02
2.873970777223389064e+02
2.873923735699679014e+02
2.871027285954356216e+02
2.868940243623796391e+02
2.867828439147270387e+02
2.867081416848995445e+02
2.865555895900156429e+02
2.867306569158109255e+02
2.866971182002167211e+02
2.867526880229854100e+02
2.867528902064458975e+02
2.869846535868355772e+02
2.870213136172142185e+02
2.871507627045990603e+02
2.871852874330347163e+02
2.870930916589085200e+02
2.871975620952950408e+02
2.872983932656879347e+02
2.873763864142179614e+02
2.871740568158534757e+02
2.871716159397440151e+02
2.870731349981980429e+02
2.869011552500168136e+02
2.868950195111485755e+02
2.870836958089712425e+02
2.870427369054773976e+02
2.868877914750283367e+02
2.870293076302872350e+02
2.872785235638123140e+02
2.878236876689600763e+02
2.875272199622609151e+02
2.871268569429954027e+02
2.872302735042590029e+02
2.875010963858491664e+02
2.874682168146172785e+02
2.875340332187356012e+02
2.874209973997221255e+02
2.871116081312143251e+02
2.869650172084542987e+02
2.869944289047913344e+02
2.873069346395112689e+02
2.874538683812402837e+02
2.876482704377605160e+02
2.878744401432321069e+02
2.879324395590164727e+02
2.876477798599779021e+02
2.874205440352691880e+02
2.873518587977633274e+02
2.875150554581123856e+02
2.875331033252420525e+02
2.874944045105381747e+02
2.876053182648191751e+02
2.878309703165541009e+02
2.879883988330114448e+02
