2.337683079605814385e+02
2.345156670658887776e+02
2.352886378278294330e+02
2.359162407748966928e+02
2.362733295151468553e+02
2.364877323466153314e+02
2.366142014261963311e+02
2.368811792195188275e+02
2.369133929038070789e+02
2.368740572262979924e+02
2.372858750688250211e+02
2.373591810207938977e+02
2.374385905518909112e+02
2.374158586179173938e+02
2.372716015512969250e+02
2.373728853199888533e+02
2.374177783028565045e+02
2.374878686063951534e+02
2.373378391907523053e+02
2.372362962652261160e+02
2.375794701385962071e+02
2.377238433680689411e+02
2.376918830119065262e+02
2.375859207791135077e+02
2.377005280561171219e+02
2.377144459793496196e+02
2.375472880137005802e+02
2.377491273076853986e+02
2.378545278163973364e+02
2.379625037195367838e+02
2.381635542619394812e+02
2.377440777341898013e+02
2.380807987860627009e+02
2.378903793866439003e+02
2.377313511103300527e+02
2.376932372087327394e+02
2.378207950188754296e+02
2.380493031203923522e+02
2.381240736644313358e+02
2.383209916796673440e+02
2.380563389036101682e+02
2.378942536791333850e+02
2.380418089217490660e+02
2.380696137753164976e+02
2.381642009363941099e+02
2.382175361982981485e+02
2.384046615444082988e+02
2.383191796124195889e+02
2.381153695414443803e+02
2.381453899963593415e+02
2.382468711487528310e+02
2.381412205323230467e+02
2.380943280957825721e+02
2.383072958777721908e+02
2.382145258674543413e+02
2.382032844519893331e+02
2.381251577867421645e+02
2.381763495488836497e+02
2.377678125081755809e+02
2.380410281901438339e+02
2.379810167041972591e+02
2.382041246039259477e+02
2.382522949558860148e+02
2.382325428265027369e+02
2.383289142925281965e+02
2.383589777921897621e+02
2.383946773086928772e+02
2.382843768215098237e+02
2.381132470034026483e+02
2.382601490050970767e+02
2.385390700402519997e+02
2.383577537228419487e+02
2.383725899323516444e+02
2.380116564815303093e+02
2.382876567682202165e+02
2.382836864975046467e+02
2.384877357980219585e+02
2.379714385594450050e+02
2.381653868015903583e+02
2.379560203443694206e+02
2.381368505892029646e+02
2.379265032072123631e+02
2.382027626427008329e+02
2.383527914596329254e+02
2.381175917738613919e+02
2.386201127160040869e+02
2.383460953454752200e+02
2.384286325633795229e+02
2.382436441425909095e+02
2.385037960229214775e+02
2.386018015345965750e+02
2.384436276453111532e+02
2.385254546192818452e+02
2.387996122627639579e+02
2.386340523230207964e+02
2.383566054592223225e+02
2.384546175353848128e+02
2.386611763761257805e+02
2.386792294978097004e+02
2.386130879292774409e+02
2.385596685074385732e+02
2.386852233663223615e+02
2.384520718076373669e+02
2.384259013110456351e+02
2.384813638632375330e+02
2.385537908540801482e+02
2.384400382202327080e+02
2.390373397994643767e+02
2.388688533553354603e+02
2.388628138220918515e+02
2.385993030454683037e+02
2.386227503982125029e+02
2.385420033079186339e+02
2.385633228385017617e+02
2.385363611999158593e+02
2.386176386636357449e+02
2.385824600089086687e+02
2.385329105416732318e+02
2.384695593793269097e+02
2.387477048676043978e+02
2.389871396701362016e+02
2.385549539902089862e+02
2.387332055921107212e+02
2.386427266170798021e+02
2.387895042736631694e+02
2.388482126452712748e+02
2.389021311461479229e+02
2.384606109626262480e+02
2.388780118452139050e+02
2.389604538623782162e+02
2.391225047892394002e+02
2.388371337862212158e+02
2.386928585103125897e+02
2.388477326949403903e+02
2.389235006443116447e+02
2.389160988071024292e+02
2.386274651053464595e+02
2.388130126265079127e+02
2.388742667367024808e+02
2.388875876921143515e+02
2.389024305246977917e+02
2.388070809753883452e+02
2.386028225516716645e+02
2.392109117810770442e+02
2.392314555767126478e+02
2.389860417991073689e+02
2.387289320169567191e+02
2.385057359384630047e+02
2.388334663861827210e+02
2.386119625807940849e+02
2.389123876377792612e+02
2.390858934485576981e+02
2.387940793058553481e+02
2.390361128084810787e+02
2.390954649758874950e+02
2.392752258477133580e+02
2.390297625954333682e+02
2.389352196419542054e+02
2.386870696871866357e+02
2.391440885329371895e+02
2.387232759350191316e+02
2.389406249013179888e+02
2.391221150301372234e+02
2.391436860768777422e+02
2.388151206134709810e+02
