9.840946758505067749e+01
9.920958192224372851e+01
9.943356154352220244e+01
9.933007701921739852e+01
9.930005264772908902e+01
9.909627298599978928e+01
9.917821982756386490e+01
9.938095535092185173e+01
9.924270747683546290e+01
9.925218781058731565e+01
9.941204524377944551e+01
9.932019895818031330e+01
9.935466163170167420e+01
9.965671269562915313e+01
9.927733957489063243e+01
9.936544939686403666e+01
9.963683727971782389e+01
9.951931644688754375e+01
9.976736868106125655e+01
9.981995193673525080e+01
9.976587655705958468e+01
9.950519174024280744e+01
9.911186966881935234e+01
9.914500516322247847e+01
9.974040739234021657e+01
9.946408811285253648e+01
9.990154446352401862e+01
9.947484285825372297e+01
9.941736018837330846e+01
9.925364866820552834e+01
9.953819545158653170e+01
9.989675170939800353e+01
9.991420666664065209e+01
9.922564037006094395e+01
9.927242916157676689e+01
9.919406454457005395e+01
9.994330254753674581e+01
9.993351715823193615e+01
9.920360890290676537e+01
9.940329451731766142e+01
9.950578619604722519e+01
9.933992165714089140e+01
9.929034355412699142e+01
9.888644022795358524e+01
9.948508412034885851e+01
9.960169573930583908e+01
9.937439176228683380e+01
9.938368631593208136e+01
9.967307720528918935e+01
9.929591799690479093e+01
9.941785406225640997e+01
9.954578959770786639e+01
9.985099008059269465e+01
9.973062728467336058e+01
9.949404218809674205e+01
9.942005356026824359e+01
9.935301360415331828e+01
9.912504205417953074e+01
9.951223245829879716e+01
9.951714544980711707e+01
9.994409306008277838e+01
9.998004013710760773e+01
9.993568587854683472e+01
9.924342340225433645e+01
9.914652488951237785e+01
9.923616080260411820e+01
9.941360798560123158e+01
9.945975712882420794e+01
9.916503856703631925e+01
9.956064267603629503e+01
9.939690259574950915e+01
9.914854914925693663e+01
9.970321170261895816e+01
9.956272924805050195e+01
9.990537000814107671e+01
1.000413953870319119e+02
9.935263768570523268e+01
9.971100831870849390e+01
9.928724344302212046e+01
9.967328197988648242e+01
9.997408565522744084e+01
9.979429772500422757e+01
9.958946021816781524e+01
9.981390327003428808e+01
9.990845348343020760e+01
9.917118914758488302e+01
9.908277539022854796e+01
9.957853910010241805e+01
9.934988690457051064e+01
9.936846328774953463e+01
9.966801915169681081e+01
9.939828603604267698e+01
9.926122476163446606e+01
9.908242495278607009e+01
9.909229799521504845e+01
9.925931031252194714e+01
9.972904496914527783e+01
9.941020264466094147e+01
9.957125778938585370e+01
9.930619131689290668e+01
9.915903962383940495e+01
9.923635100167622625e+01
9.945526815089051809e+01
9.947217562476384956e+01
9.915355335486275123e+01
9.967663848284649930e+01
9.944928691897962381e+01
9.934331345732526586e+01
9.953277189647388923e+01
9.927765879491745693e+01
9.945945727896132382e+01
9.922483292232222141e+01
9.953253490654465452e+01
9.954076914434172352e+01
9.922634419840164810e+01
9.995920481283677361e+01
9.950565254613171362e+01
9.934603014106137664e+01
9.964335069132148703e+01
9.948071750937400282e+01
9.915937265918223886e+01
9.929976866012073344e+01
9.982331823432251383e+01
9.935883493861996385e+01
9.915470685044660115e+01
9.937909568322506004e+01
9.918007156072417274e+01
9.916999084913199169e+01
9.923405441174389807e+01
9.915655603257279438e+01
9.897200444341359571e+01
9.921847579633096359e+01
9.919709514584150156e+01
9.973238058282136365e+01
9.948315119169882337e+01
9.933687616227815909e+01
9.893639938217883412e+01
9.925235309974510756e+01
9.966170037925282088e+01
9.912156838006963255e+01
9.906699482793077038e+01
9.962332199375045150e+01
9.949019005240353408e+01
9.965357207725155320e+01
9.967688009869254984e+01
9.970305699038321734e+01
9.927864455140424127e+01
9.927022120793594695e+01
9.972008764152211313e+01
9.916994635969665239e+01
9.937652493158009293e+01
9.905250429620456032e+01
9.926688606517375035e+01
9.945264525302127367e+01
9.920286815597093266e+01
9.888034335188535806e+01
9.897605971157211968e+01
9.914087064882733102e+01
9.934972659216818158e+01
9.884894709976646254e+01
9.971031048419297349e+01
9.975852529112604827e+01
9.949717569469375178e+01
9.929736224327150751e+01
9.887634635426589114e+01
