2.878911260014822915e+02
2.886244216370263871e+02
2.890576748673219640e+02
2.894113540722118501e+02
2.895478076403089744e+02
2.898098118188225385e+02
2.898679281977287587e+02
2.900696665571545623e+02
2.900686645315839201e+02
2.902017065515914851e+02
2.904681972438148136e+02
2.905305000312222887e+02
2.905108239243099888e+02
2.904191230097139282e+02
2.903679486251525077e+02
2.904622455906897471e+02
2.905218419664496992e+02
2.906141544467163840e+02
2.905500225251570896e+02
2.906118252698593665e+02
2.907634547944624046e+02
2.905985344463896922e+02
2.905940558097977942e+02
2.906109396798079842e+02
2.908094708511476938e+02
2.908338106755734884e+02
2.907405357235582528e+02
2.908848793103804837e+02
2.908323517363271549e+02
2.908699530108023623e+02
2.908627848359338373e+02
2.910263315915515818e+02
2.910690479142206186e+02
2.906962564722694538e+02
2.907909518607984296e+02
2.909275635455209681e+02
2.912476346649390280e+02
2.911510687321795672e+02
2.910813851419408707e+02
2.911307840138065899e+02
2.909786218489850285e+02
2.908922041980925997e+02
2.909186750455878041e+02
2.910476832714598459e+02
2.910965849876836842e+02
2.912233375118127583e+02
2.912090155387272148e+02
2.912328571712968710e+02
2.910885040291427117e+02
2.910980908486837393e+02
2.910360829370200690e+02
2.910874714880537226e+02
2.913437638872317734e+02
2.912622309473008499e+02
2.911621064646191712e+02
2.910795849911646656e+02
2.910237673893545889e+02
2.908987643334037330e+02
2.909476393911269838e+02
2.911866908795039421e+02
2.913089947002557096e+02
2.912715225192729349e+02
2.913495084650418789e+02
2.911763319687644298e+02
2.910942377369407836e+02
2.911186104902531042e+02
2.912536181806701165e+02
2.911867271232775352e+02
2.911258018893755661e+02
2.912540597491143899e+02
2.912631668727458418e+02
2.911212626695378276e+02
2.910873077215179023e+02
2.911594955089197470e+02
2.914279632866307566e+02
2.912729281277083260e+02
2.911297912573052145e+02
2.910525649018650824e+02
2.909790883584245762e+02
2.912225859047499057e+02
2.912853382784045948e+02
2.912700607903092873e+02
2.914135811510871008e+02
2.914310228823719626e+02
2.913185622702316664e+02
2.912782819992232248e+02
2.912245589713460845e+02
2.913919207073379312e+02
2.912313888883301161e+02
2.913502862278518819e+02
2.914062505046093179e+02
2.913227520054275601e+02
2.913492706402957992e+02
2.912624185034921425e+02
2.912588083081113837e+02
2.913802443236539261e+02
2.915204275782577383e+02
2.916104695053370506e+02
2.914225577616388705e+02
2.913309981919550751e+02
2.913163068090652246e+02
2.914028845686056002e+02
2.914704197617831483e+02
2.913439979221898852e+02
2.914620968317058782e+02
2.915610786827223819e+02
2.916351364862144351e+02
2.918141699754257274e+02
2.915884365046568405e+02
2.915010559564292976e+02
2.913733657898369529e+02
2.913912674346364042e+02
2.914042517927442759e+02
2.915603314424243422e+02
2.914816004383872041e+02
2.915532919720571385e+02
2.913282185157042363e+02
2.914282891067510946e+02
2.915422423317441485e+02
2.915235943354239794e+02
2.914954864087913506e+02
2.915690239722148931e+02
2.915706036869294735e+02
2.914916595143591280e+02
2.916210392156787066e+02
2.915994104032147902e+02
2.913827445173735669e+02
2.914146268945520433e+02
2.916469460764175778e+02
2.916138054053803899e+02
2.916131457181839437e+02
2.916432303226014824e+02
2.915325916290328792e+02
2.917297717506636445e+02
2.917717704878140808e+02
2.914803878869470850e+02
2.913637739478913318e+02
2.916891154527561412e+02
2.916941305347664297e+02
2.915608314908491252e+02
2.916405065377326196e+02
2.916962178392673763e+02
2.917835751025045852e+02
2.920232210423178003e+02
2.919535440698353455e+02
2.916107468145376060e+02
2.913667979098393630e+02
2.915934098142423068e+02
2.916655033809610131e+02
2.915037542578575653e+02
2.916047437582846555e+02
2.915663820041067993e+02
2.917014393648605619e+02
2.918137444918574488e+02
2.917431716542841400e+02
2.916718654996287796e+02
2.917117795500894317e+02
2.916635919805429467e+02
2.916432514246449159e+02
2.917202847882436458e+02
2.917813030758086370e+02
2.918908210080278423e+02
2.919989699422043827e+02
2.916632681659478408e+02
2.916728906128753351e+02
