2.392692765995934678e+02
2.392476521558204752e+02
2.388687780591490082e+02
2.392977251838853192e+02
2.391674081628019621e+02
2.389871520547743842e+02
2.392704019978510530e+02
2.391640811863657063e+02
2.388426235973502969e+02
2.389045069793410221e+02
2.391854312448745929e+02
2.388841542736016663e+02
2.390723812331683291e+02
2.388863063261594846e+02
2.386881272751147947e+02
2.390526796432324090e+02
2.392764458095952307e+02
2.391494611290208638e+02
2.390953560238973807e+02
2.391337008265573161e+02
2.397323063165113126e+02
2.390466588279889493e+02
2.390317022028687006e+02
2.391164999883571909e+02
2.389755733196524261e+02
2.391215865235285207e+02
2.393980901101555219e+02
2.392589288870756548e+02
2.388533165873037944e+02
2.390457128790104946e+02
2.391475165518109236e+02
2.392351480305499365e+02
2.396054465641475133e+02
2.389883132275772368e+02
2.391562095150369771e+02
2.393080263963179561e+02
2.396369475424379800e+02
2.390533680443195124e+02
2.389780155708592417e+02
2.387721359570377899e+02
2.392512876955025547e+02
2.393782584169773315e+02
2.391617482280594515e+02
2.390817145061357678e+02
2.393309567516391780e+02
2.398443879712743581e+02
2.392162622190238324e+02
2.392304129666033532e+02
2.388460955822891094e+02
2.388882158812415355e+02
2.385431161041346968e+02
2.393342299288614470e+02
2.393014577795958928e+02
2.395283552646555165e+02
2.390675152870142313e+02
2.390255278612649192e+02
2.395386110834433566e+02
2.392575535120439838e+02
2.389253882684498649e+02
2.388715875864107545e+02
2.389383038255099621e+02
2.389886071926495958e+02
2.393018157550098692e+02
2.392185181541555892e+02
2.391341167210852348e+02
2.394779271132144061e+02
2.392238858406785482e+02
2.389566246228999091e+02
2.394571154135334154e+02
2.394672814735606323e+02
2.393776095353338462e+02
2.393936367110962919e+02
2.396286606787778055e+02
2.391983720987157085e+02
2.391599653965884045e+02
2.392463996570218114e+02
2.384940537818489759e+02
2.386440612939954065e+02
2.390781448035962455e+02
2.385679782478399886e+02
2.383096370060667368e+02
2.389906621733435941e+02
2.393927198272556609e+02
2.390222398667371237e+02
2.393707332520743023e+02
2.395873403971719142e+02
2.391327850504162882e+02
2.395403167720347994e+02
2.394155994808461401e+02
2.387764296383125213e+02
2.388696369820401060e+02
2.387647103115365610e+02
2.388964323664189067e+02
2.387108107120604927e+02
2.387604933560002394e+02
2.389998396433313985e+02
2.390452274821792855e+02
2.392068606450691277e+02
2.396646595150988617e+02
2.391472554133196127e+02
2.389910319460418293e+02
2.390712259962117230e+02
2.395105975266348253e+02
2.391624601410831872e+02
2.391225528551092054e+02
2.397223740993062222e+02
2.394450722574564736e+02
2.392729658052607249e+02
2.390339955157242287e+02
2.389402532298935000e+02
2.389031151678063907e+02
2.393506169990330648e+02
2.394102476922105609e+02
2.392302127678283341e+02
2.389966661680690265e+02
2.392712843359487636e+02
2.396028569019629231e+02
2.399061598040905210e+02
2.394093789624610054e+02
2.394611458297598858e+02
2.394346693552941758e+02
2.391241615276665868e+02
2.391187700020314253e+02
2.392067098540320842e+02
2.387667825267661783e+02
2.389538072055187286e+02
2.395152432403141347e+02
2.390099431744185097e+02
2.394894686401451054e+02
2.396599331368401806e+02
2.392345575126383039e+02
2.390578684228802615e+02
2.393632731238065219e+02
2.393025308845273855e+02
2.395507829706792791e+02
2.390130223773003593e+02
2.389585607017272366e+02
2.386808412422740275e+02
2.389649010468496328e+02
2.390773035595350109e+02
2.394357766010080866e+02
2.393097903943058498e+02
2.389244267190234723e+02
2.391294169423827896e+02
2.388850643533652658e+02
2.388771372990356952e+02
2.395214100523786556e+02
2.391773111957176923e+02
2.390375868416859078e+02
2.395104873709892956e+02
2.391215445201757177e+02
2.388628719278874826e+02
2.390395724868120340e+02
2.389423533392026684e+02
2.386350360653480038e+02
2.389704095224278717e+02
2.389645727390858383e+02
2.386082567629953246e+02
2.390651396109977611e+02
2.392007788844117897e+02
2.392795285562521883e+02
2.385493987269054514e+02
2.391799838536160223e+02
2.387231826696264534e+02
2.391519596359151194e+02
2.393345461494765232e+02
2.396826850073225614e+02
2.388538177875697386e+02
2.392794318198487247e+02
2.391516366453282956e+02
2.392495268459578028e+02
2.397270978725436237e+02
2.393028587044835547e+02
2.393388822623765293e+02
2.395893760648046680e+02
2.396892719887710825e+02
2.390201286401582763e+02
2.390464968713603469e+02
2.392331742693063461e+02
2.390626439600807771e+02
2.393337135359406886e+02
2.392896601292011667e+02
2.391262024535893431e+02
2.394614400365919948e+02
2.396414722858319521e+02
2.399449021091295435e+02
2.395784478349324900e+02
2.395535110204781120e+02
2.391632409537015747e+02
2.387811050770926613e+02
2.392859515309649794e+02
2.390045364872171376e+02
2.390488871060214251e+02
2.393837512666005125e+02
2.394083027819776532e+02
2.391351402197808795e+02
2.387490240116370330e+02
2.391679877460855721e+02
2.395108727289225214e+02
2.395607603781268438e+02
2.390443110133344078e+02
2.389061455148495554e+02
2.388928931277872323e+02
2.391916195631402786e+02
2.393791614807356893e+02
2.388644385391267804e+02
2.391771907137440110e+02
2.388881903827819144e+02
2.390519598700083463e+02
2.387526437116468969e+02
2.391702674438465692e+02
2.391220703487998378e+02
2.391723575853473847e+02
2.391910571769184628e+02
2.393716748174856832e+02
2.389878035535819265e+02
2.382838228120160693e+02
2.386869877737461820e+02
2.386042923547607870e+02
2.389144866430031016e+02
2.384918282198810573e+02
2.387217433876423911e+02
2.388164752759227270e+02
2.391840427253993084e+02
2.390238345535591691e+02
2.389071585974916161e+02
2.387832950102873895e+02
2.389302287273925742e+02
2.390421856477741187e+02
2.389196591973392003e+02
2.391363091214057874e+02
2.392488334707120146e+02
2.388130860668868536e+02
2.389152940498530882e+02
2.390229020898855481e+02
2.389658088932366411e+02
2.394514054730913983e+02
2.385401652459112540e+02
2.387614079854332942e+02
2.387488046778695434e+02
2.392405394729986483e+02
2.395338463806391189e+02
2.393065803574275208e+02
2.394326886736814970e+02
2.388352189642170345e+02
2.389943481640765413e+02
2.393405405472559835e+02
2.389826378441794361e+02
2.385693584981792981e+02
2.387843211239060395e+02
2.390176560529363030e+02
2.396577239907419425e+02
2.394528691151279247e+02
2.386492756038358891e+02
2.389592372152181099e+02
2.389282582779334234e+02
2.386993747558465202e+02
2.389832971388877638e+02
2.389793819095910976e+02
2.387886714390847658e+02
2.390194958205391629e+02
2.393230566691730417e+02
2.388921496628940133e+02
2.391816188720295315e+02
2.393766038044053630e+02
2.389754035460194643e+02
2.389077964590515251e+02
2.392525375533205363e+02
2.392567574766453333e+02
2.395616017152809434e+02
2.392866599728747588e+02
2.391085473146501101e+02
2.387024391076230643e+02
2.390814351838801315e+02
2.391343353279777091e+02
2.390007088723876620e+02
2.386522004786915261e+02
2.396080273011539532e+02
2.390423979444558427e+02
2.389124818573289133e+02
2.387327388349580417e+02
2.389352457081448904e+02
2.390477621789607383e+02
2.391340102524661404e+02
2.395733366766577319e+02
2.390870858802621512e+02
2.389754604323650540e+02
2.394199250569292872e+02
2.389419639258883592e+02
2.388751348635293255e+02
2.387435567411131387e+02
2.391399173923167609e+02
2.393569924295826183e+02
2.389880934999878548e+02
2.388322020732483395e+02
2.396335851237878103e+02
2.391169731087349248e+02
2.389688125623412986e+02
2.388609472961937570e+02
2.390713897894807758e+02
2.390202744414146139e+02
