3.402426604436154207e+02
3.402426606409571264e+02
3.402426607550043514e+02
3.402426607440515340e+02
3.402426605934832082e+02
3.402426606607870667e+02
3.402426609740811614e+02
3.402426604785470658e+02
3.402426604221267894e+02
3.402426602384998660e+02
3.402426610419552162e+02
3.402426606885311458e+02
3.402426604977128477e+02
3.402426605511770958e+02
3.402426607040356998e+02
3.402426603412973805e+02
3.402426606468616228e+02
3.402426606157619631e+02
3.402426606056595233e+02
3.402426608339814607e+02
3.402426609087361840e+02
3.402426604937779189e+02
3.402426601667737032e+02
3.402426604054855375e+02
3.402426603163031587e+02
3.402426605562896498e+02
3.402426608944151099e+02
3.402426603104310061e+02
3.402426601760678295e+02
3.402426608914514645e+02
3.402426609601350265e+02
3.402426605702027587e+02
3.402426610120167538e+02
3.402426601683399667e+02
3.402426605026591346e+02
3.402426608615157875e+02
3.402426610073409279e+02
3.402426609638902733e+02
3.402426603465580115e+02
3.402426602133606934e+02
3.402426609744236430e+02
3.402426607040159752e+02
3.402426604004720616e+02
3.402426606577805046e+02
3.402426610576638382e+02
3.402426611209060070e+02
3.402426606144732091e+02
3.402426603306410016e+02
3.402426604963575869e+02
3.402426602176283836e+02
3.402426598723898792e+02
3.402426608976260809e+02
3.402426608328310635e+02
3.402426609150737136e+02
3.402426603770971383e+02
3.402426607378010885e+02
3.402426609158417818e+02
3.402426605178325758e+02
3.402426604410333653e+02
3.402426604990787951e+02
3.402426602837624046e+02
3.402426610279697456e+02
3.402426607790746971e+02
3.402426604794789569e+02
3.402426607273153536e+02
3.402426609288359032e+02
3.402426604821410479e+02
3.402426601454749289e+02
3.402426608071247074e+02
3.402426608547277169e+02
3.402426607355295118e+02
3.402426609452987236e+02
3.402426609383775258e+02
3.402426605773781034e+02
3.402426605429389497e+02
3.402426607700698469e+02
3.402426604601216695e+02
3.402426598774512740e+02
3.402426602322576059e+02
3.402426603746170599e+02
3.402426602213517413e+02
3.402426605359151495e+02
3.402426604087775104e+02
3.402426606315129334e+02
3.402426610672724792e+02
3.402426605337475394e+02
3.402426605705417160e+02
3.402426609600582310e+02
3.402426604994057016e+02
3.402426603296931376e+02
3.402426603403445142e+02
3.402426601870934064e+02
3.402426605502973871e+02
3.402426604034433808e+02
3.402426603850711899e+02
3.402426605235630745e+02
3.402426603902369493e+02
3.402426606351785381e+02
3.402426608778939681e+02
3.402426608997233757e+02
3.402426603076591505e+02
3.402426601363559371e+02
3.402426611908761629e+02
3.402426607071401463e+02
3.402426605985525043e+02
3.402426609150911077e+02
3.402426607785610599e+02
3.402426606841320336e+02
3.402426607611773193e+02
3.402426605437948979e+02
3.402426605293627517e+02
3.402426609135872582e+02
3.402426606260506787e+02
3.402426604772024348e+02
3.402426604942256745e+02
3.402426603963951379e+02
3.402426610879835494e+02
3.402426611804255003e+02
3.402426609510499134e+02
3.402426609389589203e+02
3.402426610944471008e+02
3.402426609799748007e+02
3.402426603797890152e+02
3.402426606307689099e+02
3.402426603953643394e+02
3.402426605555349965e+02
3.402426606348965379e+02
3.402426605422413104e+02
3.402426610513472838e+02
3.402426611055913668e+02
3.402426607043955187e+02
3.402426602530555897e+02
3.402426606669715738e+02
3.402426609453405035e+02
3.402426611283040643e+02
3.402426610082218303e+02
3.402426604082149879e+02
3.402426603633176683e+02
3.402426605214237156e+02
3.402426602100123887e+02
3.402426610616442417e+02
3.402426606818062282e+02
3.402426605323072408e+02
3.402426605585872608e+02
3.402426605365579917e+02
3.402426604999940878e+02
3.402426610480650311e+02
3.402426607514074703e+02
3.402426605592307283e+02
3.402426611086227695e+02
3.402426605857284017e+02
3.402426602637081601e+02
3.402426609891292628e+02
3.402426607636599556e+02
3.402426606120521342e+02
3.402426607585119882e+02
3.402426605526869707e+02
3.402426603764596393e+02
3.402426603663723768e+02
3.402426605081474804e+02
3.402426603665443849e+02
3.402426602595166401e+02
3.402426604952339062e+02
3.402426602268365627e+02
3.402426603436205710e+02
3.402426603955469204e+02
3.402426611766049973e+02
3.402426606456817240e+02
3.402426607077571248e+02
3.402426607871699957e+02
3.402426608736990943e+02
3.402426612849564549e+02
3.402426608184568977e+02
3.402426606801473099e+02
3.402426612732271565e+02
3.402426607471837201e+02
3.402426604094766276e+02
3.402426607286906801e+02
3.402426604425829169e+02
3.402426605482469881e+02
3.402426605662626002e+02
3.402426604272417876e+02
3.402426605407093803e+02
3.402426606779725375e+02
3.402426610061937708e+02
3.402426610065368209e+02
3.402426605806501243e+02
3.402426609081789479e+02
3.402426607618811545e+02
3.402426605705108500e+02
3.402426605989579116e+02
3.402426605654765126e+02
3.402426607473943250e+02
3.402426609054738265e+02
3.402426611574023241e+02
3.402426606616005529e+02
3.402426605500008350e+02
3.402426606260473250e+02
3.402426612099908425e+02
3.402426607977992603e+02
3.402426607455224712e+02
3.402426608537817287e+02
3.402426604880490117e+02
3.402426605313917207e+02
3.402426608601702469e+02
3.402426608127777286e+02
3.402426600959599909e+02
3.402426603892363346e+02
3.402426605920505835e+02
3.402426609725140452e+02
3.402426611714976730e+02
3.402426604418180318e+02
3.402426605719916211e+02
3.402426612320242043e+02
3.402426611536616861e+02
3.402426607938764960e+02
3.402426601496670173e+02
3.402426599321302660e+02
3.402426605519398208e+02
3.402426604762902684e+02
3.402426603776359002e+02
3.402426604112043833e+02
3.402426606291971325e+02
3.402426606560669029e+02
3.402426606120832844e+02
3.402426606535771043e+02
3.402426604051437948e+02
3.402426607279126642e+02
3.402426602423169015e+02
3.402426605636291583e+02
3.402426606465913324e+02
3.402426607177027904e+02
3.402426602978042069e+02
3.402426609022948014e+02
3.402426603501385785e+02
3.402426609917833389e+02
3.402426611806917549e+02
3.402426602867896577e+02
3.402426599238333438e+02
3.402426603143644002e+02
3.402426604421304432e+02
3.402426610239782008e+02
3.402426609550449825e+02
3.402426611045700042e+02
3.402426604471907581e+02
3.402426599356916199e+02
3.402426611650766404e+02
3.402426603308105086e+02
3.402426597301887909e+02
3.402426602600879164e+02
3.402426604563431169e+02
3.402426609724293485e+02
3.402426610341699416e+02
3.402426608271633768e+02
3.402426601903916890e+02
3.402426604176314981e+02
3.402426602832601361e+02
3.402426602992163680e+02
3.402426602055131184e+02
3.402426607813182500e+02
3.402426608115683280e+02
3.402426607590289223e+02
3.402426605580479304e+02
3.402426603860583896e+02
3.402426607618758112e+02
3.402426599058579200e+02
3.402426599960035105e+02
3.402426609133738111e+02
3.402426606424880333e+02
3.402426608108694381e+02
3.402426606638550197e+02
3.402426605873550329e+02
3.402426606245032303e+02
3.402426607344016816e+02
3.402426606996012879e+02
3.402426602888794491e+02
3.402426609964927593e+02
3.402426614608831414e+02
3.402426602963296887e+02
3.402426601232153871e+02
3.402426608427539918e+02
3.402426603879084155e+02
3.402426606095958164e+02
3.402426605774771815e+02
3.402426608320899390e+02
3.402426602913158149e+02
3.402426606033673693e+02
3.402426609386153018e+02
3.402426601959791128e+02
3.402426608578841183e+02
3.402426602371564854e+02
3.402426606460603011e+02
3.402426609294969921e+02
3.402426605436522209e+02
3.402426607309250244e+02
3.402426611786096942e+02
3.402426610646007816e+02
3.402426601089250084e+02
3.402426603902031275e+02
3.402426611333928008e+02
3.402426605493142233e+02
