2.875773606103020938e+02
2.876736744219451225e+02
2.876923547347402064e+02
2.876802901597877167e+02
2.876331290064007931e+02
2.876731823937380454e+02
2.876861404547393590e+02
2.876032888107191070e+02
2.875259149060307777e+02
2.875675663329197391e+02
2.876850898290397254e+02
2.875172557518012013e+02
2.875028301330946761e+02
2.874899131323671213e+02
2.874661847077809966e+02
2.875888767606410283e+02
2.877411757604460263e+02
2.877083976820387647e+02
2.876735196013335667e+02
2.877408324734817029e+02
2.877245909909585748e+02
2.875025279386094894e+02
2.874931506985502665e+02
2.875618818044897012e+02
2.875097984070603729e+02
2.876619113474998812e+02
2.876775008984793658e+02
2.875605041447707322e+02
2.874693058638844718e+02
2.877386442752123230e+02
2.876574554428569286e+02
2.876833188016938152e+02
2.877315574575047208e+02
2.874674908051372313e+02
2.876228956514005972e+02
2.878542161439949609e+02
2.878702294608054331e+02
2.875910552529135771e+02
2.874278779920716147e+02
2.874693544080661809e+02
2.877032283088312283e+02
2.876614892933794749e+02
2.875502414876105490e+02
2.876752982981752780e+02
2.878305129153285975e+02
2.879113054228084252e+02
2.875800806565726475e+02
2.874881161737654338e+02
2.874748924766997220e+02
2.874247052832963050e+02
2.874452110163771295e+02
2.877380578964586562e+02
2.877781627190788640e+02
2.877518362949942343e+02
2.875748080518005168e+02
2.877222150152885547e+02
2.876629982460611359e+02
2.875983212622663245e+02
2.874807531764722057e+02
2.874255026025603570e+02
2.874249200668871254e+02
2.876458244764320398e+02
2.877176436067465488e+02
2.876220829618733887e+02
2.877030910948657834e+02
2.876530660983135590e+02
2.874167596445099093e+02
2.874455039851035849e+02
2.876991983305680947e+02
2.876881621889871781e+02
2.877048495571364697e+02
2.877858619000567160e+02
2.877161600537602340e+02
2.876171623390292211e+02
2.875214556644439199e+02
2.875916059297082938e+02
2.873447130009771513e+02
2.873550274551492407e+02
2.873811997615087535e+02
2.872604730246545728e+02
2.873357131490044480e+02
2.875152041136648791e+02
2.875059211193840270e+02
2.875958126641782542e+02
2.877016534789847242e+02
2.876707648124391881e+02
2.876773811047804656e+02
2.877933191784972564e+02
2.875314914911023720e+02
2.874861978892167826e+02
2.874184537032004414e+02
2.874319540297238973e+02
2.874920835389439731e+02
2.874354065616246885e+02
2.874476622262598653e+02
2.875559616496057629e+02
2.875709749749417483e+02
2.876959073474961883e+02
2.878864190141251811e+02
2.876695499015171436e+02
2.874283859487615018e+02
2.875242398179943848e+02
2.877672399911999150e+02
2.876059616963572694e+02
2.876513655035998340e+02
2.877983751300413360e+02
2.877752011053384535e+02
2.876842110946927846e+02
2.875803117709660341e+02
2.875441604494175181e+02
2.875997950136988379e+02
2.877629575547039167e+02
2.875576987431311977e+02
2.874962162864783295e+02
2.875650188012718900e+02
2.877522404128584412e+02
2.879867973199571338e+02
2.879160985513618130e+02
2.878165980926375482e+02
2.878683196651851972e+02
2.877619718993105948e+02
2.875641232178820133e+02
2.876058508897972956e+02
2.875301851126636166e+02
2.875312080136541795e+02
2.875470021912555580e+02
2.876359028059033562e+02
2.876042837543753308e+02
2.878320582303610990e+02
2.878552343505853059e+02
2.876187171894055723e+02
2.875420142639422920e+02
2.876520240911093538e+02
2.877717866918762297e+02
2.878482046080453642e+02
2.876959954108893385e+02
2.875049175719561276e+02
2.874748501911977314e+02
2.875738467380245993e+02
2.876100009691793957e+02
2.877424803103287445e+02
2.875676122403381783e+02
2.875786078617317685e+02
2.875214364402913247e+02
2.874909996749408378e+02
2.876531302820513929e+02
2.878005338147759744e+02
2.876085381667186311e+02
2.876859391945794187e+02
2.877523349467445541e+02
2.875106037273199036e+02
2.874981035569953178e+02
2.877270381705214959e+02
2.875606532734311145e+02
2.875446635629606931e+02
2.875829578424114175e+02
2.875518682645618469e+02
2.874268147568032532e+02
2.874889938188721317e+02
2.875084406409112603e+02
2.874936652953028329e+02
2.874781389053026146e+02
2.875140125898365682e+02
2.874006768737015705e+02
2.876394849506306741e+02
2.876153619660462937e+02
2.878006548211037057e+02
2.875437379975530234e+02
2.876469766616472157e+02
2.876429184718168699e+02
2.877658239398750197e+02
2.878915687334234121e+02
2.877517789660673202e+02
2.877716638956362658e+02
2.879369811840300031e+02
2.877377280599291112e+02
2.876561862604634712e+02
2.876869253560136031e+02
2.874739982377384422e+02
2.875777117604099544e+02
2.876592797222494369e+02
2.875374260788923380e+02
2.876304822193205268e+02
2.877282521680438663e+02
2.878144075078087667e+02
2.878406213209739803e+02
2.877750724538799432e+02
2.877091488147057703e+02
2.875651653257535258e+02
2.875532833029826065e+02
2.875854544485007978e+02
2.874954878578877810e+02
2.876814204006498699e+02
2.877794915575976233e+02
2.877623669287840471e+02
2.876366982816505811e+02
2.876196498305096156e+02
2.877906167357596132e+02
2.878493932761331280e+02
2.877447843137721861e+02
2.876594150188226990e+02
2.876043474874992398e+02
2.875626852556749213e+02
2.877212444106796170e+02
2.877105021475867375e+02
2.875973811141970486e+02
2.874691057143489274e+02
2.874799564349934826e+02
2.875765354331562662e+02
2.876065654276349619e+02
2.876241463753935363e+02
2.875637576677654010e+02
2.876082999869504988e+02
2.877712637433301097e+02
2.876405760008245238e+02
2.874157135414056938e+02
2.871419206782838387e+02
2.873215038973320361e+02
2.873449799853465834e+02
2.874596763503863599e+02
2.872891889448812890e+02
2.873821401144648462e+02
2.874724419168722989e+02
2.875240332847598097e+02
2.874418815195693355e+02
2.874718583236613654e+02
2.874613976514727369e+02
2.875356737245788850e+02
2.874618262360519907e+02
2.875498113085952241e+02
2.874869430355585678e+02
2.874633357636229221e+02
2.874458340554614892e+02
2.876023856842837745e+02
2.876017152253481299e+02
2.876910188129099311e+02
2.876518637536002529e+02
2.873352131580451783e+02
2.873974837343882882e+02
2.875617712834297208e+02
2.877141983748848020e+02
2.878469213841754595e+02
2.877081527757260346e+02
2.876942464459822872e+02
2.874123771383534063e+02
2.874566078266444151e+02
2.876430212029885638e+02
2.873151241653865213e+02
2.872944547991969557e+02
2.875135830791691092e+02
2.875956087556108969e+02
2.877998026359057349e+02
2.876529687721576920e+02
2.874750751759289642e+02
2.874461421824804006e+02
2.874109950387183403e+02
2.873734657665773398e+02
2.874814898421332714e+02
2.874079149637630621e+02
2.875142070357872512e+02
2.875954403796104657e+02
2.876241307253457649e+02
2.875894753219576501e+02
2.875577786152613839e+02
2.875480119754760153e+02
2.873020466615080295e+02
2.874884697092748524e+02
2.877248904091790678e+02
2.876414976369717351e+02
2.877016123640927958e+02
2.875389265651214146e+02
2.874996352054001250e+02
2.874763429549283842e+02
2.875493938680091901e+02
2.874832206767354705e+02
2.875021800027832910e+02
2.876304787613386793e+02
2.877502125347176047e+02
2.874373373100712001e+02
2.874115266113097391e+02
2.875261023158681155e+02
2.874924312626456526e+02
2.875610205070188954e+02
2.875442010685858918e+02
2.876313686598866752e+02
2.874710741763868214e+02
2.876395172649288838e+02
2.876522184079112208e+02
2.874717481243472434e+02
2.875678204978635790e+02
2.874847765699329898e+02
2.876184288323092346e+02
2.876022890474757219e+02
2.875256727824669838e+02
2.876974202695606095e+02
2.877680246056942224e+02
2.875986022795589179e+02
2.874426332561383219e+02
2.875591048365604365e+02
2.876873563755014516e+02
2.874972057178545697e+02
