2.384214779139739449e+02
2.383897804626237757e+02
2.383477712170523830e+02
2.383309313072671500e+02
2.384035282876214978e+02
2.383892455734146836e+02
2.383178163512329775e+02
2.384354640140743697e+02
2.385636611126252546e+02
2.385062123235455829e+02
2.380892913873137502e+02
2.379471516021874322e+02
2.385280992732452603e+02
2.380155746560178329e+02
2.381330949309186451e+02
2.383125717803152668e+02
2.382778091913106380e+02
2.382811249189709599e+02
2.383642103671555788e+02
2.384916285624339309e+02
2.381460261086172068e+02
2.384032545618017593e+02
2.383148607857097829e+02
2.384840292305283072e+02
2.381795738880215083e+02
2.384184829133252208e+02
2.382902690182724257e+02
2.383794628724040479e+02
2.381473599036172573e+02
2.381521487695108874e+02
2.380734381414636402e+02
2.383152065129012556e+02
2.382397912528068389e+02
2.378362778472090895e+02
2.374399802160974957e+02
2.375070861038538794e+02
2.378086789012612314e+02
2.379921858862485067e+02
2.380133306067270667e+02
2.381150600956586629e+02
2.382138487308190236e+02
2.379392329556490324e+02
2.378548740444762188e+02
2.378961098209695137e+02
2.381265646680832617e+02
2.383335614798034783e+02
2.379483730754371891e+02
2.381388433283732695e+02
2.382737871069266475e+02
2.381075267895050445e+02
2.379129638113738565e+02
2.380423114597786878e+02
2.380424200674118254e+02
2.377367483360029325e+02
2.380187509720385606e+02
2.380101043866343673e+02
2.380890138029602952e+02
2.377290154420287251e+02
2.377364013451987148e+02
2.378127928716359065e+02
2.374404748619821532e+02
2.379732578140829276e+02
2.376277322126177296e+02
2.378220249061397169e+02
2.378395371754716052e+02
2.379161288875487514e+02
2.382330270511147035e+02
2.382604916884025954e+02
2.379765448957791989e+02
2.380989529200069228e+02
2.381752879627009349e+02
2.379931390174863282e+02
2.379898111581980231e+02
2.381438323582046905e+02
2.376600674116205880e+02
2.377331152809695425e+02
2.380604814931193687e+02
2.378418198558305221e+02
2.377037694183320582e+02
2.380331060030356412e+02
2.376063604691637181e+02
2.380224667209506890e+02
2.375420874256309389e+02
2.377105233366907271e+02
2.382290540882794119e+02
2.378149146138637491e+02
2.377183624283430561e+02
2.375461726099075577e+02
2.376941589174678029e+02
2.377776508948445553e+02
2.376108371617954163e+02
2.381259639841320279e+02
2.378475055033808019e+02
2.377174684773491720e+02
2.376747134575790597e+02
2.379104362163969029e+02
2.379533280899763952e+02
2.381311847095597329e+02
2.381301732043857555e+02
2.379049474992315254e+02
2.381736318540801847e+02
2.378381503414691167e+02
2.377912775116448358e+02
2.380217946253556818e+02
2.378623674236380054e+02
2.378225306973683075e+02
2.378540671679453453e+02
2.377364189375929016e+02
2.380749747805243715e+02
2.380422225448843676e+02
2.379095799473081172e+02
2.380634181009035046e+02
2.375519642612391351e+02
2.374310858832752729e+02
2.369769730683194950e+02
2.375208556619078593e+02
2.373585897301670684e+02
2.376081714140250654e+02
2.375602588449842472e+02
2.376877816270024084e+02
2.372599027407603387e+02
2.374235493116333089e+02
2.372916912258538105e+02
2.373081732022194217e+02
2.369397372209710966e+02
2.370465936011161432e+02
2.375543706472645908e+02
2.370792541340980506e+02
2.369937461470293556e+02
2.372806178385797296e+02
2.369227098154554199e+02
2.376305791451287632e+02
2.371426737605027313e+02
2.369091196695278541e+02
2.368615293554073844e+02
2.369084268844152348e+02
2.367753985885145482e+02
2.367700208319838566e+02
2.371525697616276318e+02
2.368416285339160083e+02
2.370318083714308841e+02
2.367648065962665953e+02
2.361318242865458785e+02
2.362708898918954219e+02
2.371856571766548711e+02
2.366571852436955794e+02
2.365823607491841756e+02
2.369667163792862823e+02
2.371262235444201849e+02
2.365114194959095357e+02
2.371647148616988545e+02
2.369753724528912073e+02
2.370717070542329168e+02
2.369191648286149530e+02
2.367808602401305507e+02
2.365828697754089660e+02
2.371873281183371489e+02
2.365600925929360585e+02
2.370840852305350666e+02
2.367917156056317083e+02
2.368673790642477854e+02
2.370389057761957758e+02
2.369330791403039029e+02
2.368767950407871012e+02
2.372043647572863847e+02
