2.380191731022209467e+02
2.378482318359344845e+02
2.377362168019990065e+02
2.378217318846315891e+02
2.377874852448884155e+02
2.379205951981273586e+02
2.376387245931047971e+02
2.377952907149850716e+02
2.375892397420774387e+02
2.376129293796968796e+02
2.377565758800065794e+02
2.374720819999763251e+02
2.372322200275859814e+02
2.377507233913729578e+02
2.378730011604182835e+02
2.377258590977853316e+02
2.377831333797249442e+02
2.377860143402431277e+02
2.378733213838627591e+02
2.375910134010419767e+02
2.377380205740165593e+02
2.376242748356334857e+02
2.378756191812928762e+02
2.376977949092903089e+02
2.374878719100165654e+02
2.376045196420870127e+02
2.376997470545515796e+02
2.375066295158737546e+02
2.375195241092171727e+02
2.374437023514961709e+02
2.375955728470250676e+02
2.375709975872123323e+02
2.375472863424345178e+02
2.372393153785232869e+02
2.369921941359300774e+02
2.373979732736765698e+02
2.373922266719692686e+02
2.374413709051178785e+02
2.376271275116301638e+02
2.377298973286194439e+02
2.376205733417157546e+02
2.373269327326030407e+02
2.375935334723808126e+02
2.376942189274633108e+02
2.375988794446659256e+02
2.375960528701023122e+02
2.377323918138248757e+02
2.377991847801990559e+02
2.377946951835086509e+02
2.373832043501393230e+02
2.374514584943781301e+02
2.375241939108001645e+02
2.378763341452248312e+02
2.375074129992080998e+02
2.377132929823841039e+02
2.377023346915316608e+02
2.377971333728076218e+02
2.376629725477946522e+02
2.377950887526715178e+02
2.378158685374675088e+02
2.377877078530317760e+02
2.377173802427145404e+02
2.376151437118074625e+02
2.376460757271152886e+02
2.375610979848040643e+02
2.377186497753271226e+02
2.375998801791294852e+02
2.381333185609229020e+02
2.379810117671971454e+02
2.381868729097217567e+02
2.381169391026970743e+02
2.375582822314038651e+02
2.376633823026960499e+02
2.378501327832710786e+02
2.376385247846414188e+02
2.377363059281589983e+02
2.379940484490740857e+02
2.379731572581790715e+02
2.380828167072654651e+02
2.381840085109167546e+02
2.379561666801812692e+02
2.378365762390398856e+02
2.383451724822375297e+02
2.381641720930292934e+02
2.381212331907367741e+02
2.382007455487688219e+02
2.381956243930525261e+02
2.382145529345393413e+02
2.380554685668521415e+02
2.383516009091642047e+02
2.381710326617360067e+02
2.380421970630443411e+02
2.379281888437764962e+02
2.379828131267205436e+02
2.380802402147809005e+02
2.380166301030961051e+02
2.378322908894154750e+02
2.381951757259755595e+02
2.384630220511496930e+02
2.384776559738568267e+02
2.382706667153604485e+02
2.380807302708087718e+02
2.381440611574832076e+02
2.380475721667703795e+02
2.382948746074872588e+02
2.381783110544468798e+02
2.384211012988374421e+02
2.383302166212292548e+02
2.380147663929449209e+02
2.380824858055545121e+02
2.380659476617126700e+02
2.377959184470698517e+02
2.376941867819235483e+02
2.375908607262457224e+02
2.374384908330404471e+02
2.374664043730418541e+02
2.376793847804802056e+02
2.381507349409161804e+02
2.376779153061373506e+02
2.375348597218033149e+02
2.374536248657163640e+02
2.374457118281358419e+02
2.375804821458380331e+02
2.374756852658060780e+02
2.376246965332919672e+02
2.377005061843376552e+02
2.373550347097667554e+02
2.378346033906442472e+02
2.377623256405891254e+02
2.375784151111549534e+02
2.377165603432850958e+02
2.377967169584048008e+02
2.372236932011181807e+02
2.369122483906052423e+02
2.373957440808712818e+02
2.370318787011218546e+02
2.372093805844308463e+02
2.369652192792443657e+02
2.372298186677445528e+02
2.374463795156063952e+02
2.374896251687076756e+02
2.373309709304059822e+02
2.366418961280614610e+02
2.370041479115116090e+02
2.370357022541770675e+02
2.368338060094531841e+02
2.367086800745015296e+02
2.370584034312940958e+02
2.373613674237572866e+02
2.371337843489699253e+02
2.371881710817173143e+02
2.374125103125559235e+02
2.373931273993083551e+02
2.376231625932628049e+02
2.378554582152705450e+02
2.374224585018331197e+02
2.373852978225768311e+02
2.372110142888114694e+02
2.372946933951765232e+02
2.371177419052723110e+02
2.372288309160997244e+02
2.373231933194758483e+02
2.375935984527318396e+02
2.374815222307211116e+02
2.377050063307973176e+02
