1.007595422347764185e+02
1.007262248458164322e+02
1.003625374963911554e+02
1.006096991732024293e+02
1.007744660884881682e+02
1.005683278333535355e+02
1.004117602565298881e+02
1.001818044338277929e+02
9.996266921622090251e+01
1.000266188292736018e+02
1.000765471099707753e+02
1.001763725169831787e+02
1.000227420794814321e+02
1.002672238143586583e+02
1.001249704742994027e+02
9.982916135979995431e+01
9.972861645983142864e+01
1.001431138778184931e+02
1.002937466719166082e+02
9.995901059843119185e+01
1.001767631689259730e+02
9.991447435977498515e+01
9.966672305516424046e+01
9.994993201978513753e+01
1.002367841775134139e+02
1.001277345798142733e+02
1.001112593452290440e+02
1.002113061134981962e+02
1.000033508505254218e+02
9.983817043879859909e+01
9.996180704439693443e+01
1.004181343552561572e+02
9.977200505533916441e+01
1.002070811449824532e+02
1.000213766253124987e+02
9.970080063342828680e+01
1.006435349017546770e+02
1.002492361344272496e+02
9.996627817312946718e+01
1.000508720648625030e+02
1.000942013494765206e+02
9.953687586964029776e+01
1.001572757402500997e+02
1.002176255555674516e+02
9.986736327513666822e+01
1.000065317884629934e+02
9.978246477420010763e+01
1.003508526020556246e+02
1.001866953084087442e+02
9.965126459853563290e+01
9.998101421914805087e+01
1.003080099059814074e+02
9.980994963138554965e+01
1.004032366049922729e+02
9.981528440141453018e+01
9.965736211508290410e+01
1.002566079241295967e+02
1.001027295123477643e+02
1.001387434320942589e+02
1.003224628438053827e+02
1.002844736012635849e+02
9.963561972587449134e+01
1.006276916168000781e+02
1.003818054643049180e+02
1.003939283962111375e+02
9.948860011392859803e+01
1.000489658323590447e+02
9.995747641338040523e+01
9.988120382919078111e+01
1.001749797743468093e+02
9.996575151068488196e+01
1.000498344974446212e+02
1.002412037225074641e+02
1.003931849935476492e+02
9.981431545842809783e+01
1.002300568953576203e+02
1.002145142019457040e+02
9.992916145040783249e+01
1.000657679340143318e+02
9.997180864858309235e+01
1.003123220538351461e+02
9.995801155860080200e+01
1.002039372449858803e+02
9.986657614906847868e+01
1.001555037021033598e+02
9.999064335529878633e+01
9.960169277209854499e+01
1.002120386733985953e+02
9.975331853403885418e+01
9.982184027418840344e+01
1.002296404761658124e+02
9.956839440716561285e+01
9.975842119252071427e+01
1.004017398551211073e+02
9.985189241139038074e+01
1.000573346953797369e+02
1.001222658277416286e+02
1.002496626346814850e+02
9.999740918707421145e+01
9.971780494484471546e+01
9.991008598747289682e+01
9.976005263139984436e+01
9.910722309484572179e+01
1.002079179885388385e+02
9.984487686639450033e+01
9.988120542177186678e+01
9.959567856603651137e+01
9.977623499350772818e+01
9.954620020404401259e+01
1.000221306780350545e+02
9.973269301754169192e+01
1.000152787005585111e+02
1.000383310787247666e+02
1.000362154563535597e+02
9.996455783281000151e+01
9.985686320057071441e+01
9.956339190519724980e+01
9.986887070533407496e+01
1.000042702110206392e+02
9.952764873909735854e+01
1.000886831393838321e+02
1.000849088070424955e+02
1.001056153612812381e+02
1.002785637646853303e+02
9.975076671152397978e+01
9.945857053735034015e+01
9.987569828012355799e+01
1.000615964182686781e+02
9.959060633768677917e+01
9.986623359073196582e+01
9.961979025208630389e+01
9.973228626486276482e+01
9.969259184737855151e+01
9.987555126060154009e+01
9.967380209390762502e+01
1.002313080250460189e+02
9.989764052670363981e+01
9.953332278786446352e+01
9.995713753997961248e+01
9.995421321161670392e+01
9.950088443992667919e+01
1.001614456838838549e+02
9.999583391316667758e+01
9.935271720750638735e+01
9.978477987981466413e+01
1.000397669948627026e+02
9.990595541837707572e+01
9.990575722605206010e+01
9.990021655678880563e+01
9.991456424798933256e+01
9.975013872235872725e+01
