2.884494025456490931e+02
2.891546286022356185e+02
2.892870588276186368e+02
2.896253966491290726e+02
2.900751366393779449e+02
2.902897888017549235e+02
2.903729000602231167e+02
2.903393257272896903e+02
2.903539083862656867e+02
2.906313817428278412e+02
2.909300792979566381e+02
2.906181973149990085e+02
2.906475832402996389e+02
2.909355759293532060e+02
2.909244328468542449e+02
2.907939096032260409e+02
2.909807039175033765e+02
2.912534188247071256e+02
2.911497006383150961e+02
2.911023178610664104e+02
2.911765486758958446e+02
2.913567702002421242e+02
2.911336506871645042e+02
2.911881595081198952e+02
2.914006280519471375e+02
2.912587010985383245e+02
2.913783833032917983e+02
2.915194893989653906e+02
2.911589623580655939e+02
2.912461724720674852e+02
2.913807791008417780e+02
2.915275528705623742e+02
2.914298809327567028e+02
2.915436344446268890e+02
2.914700655737440798e+02
2.913534062604560404e+02
2.914916578954952229e+02
2.916058893762835282e+02
2.914751509301438546e+02
2.915090480989843513e+02
2.916457920167941325e+02
2.913242214769602469e+02
2.914602208203464215e+02
2.917371730912489625e+02
2.916978948953925510e+02
2.917013582323097012e+02
2.915216853358058984e+02
2.917468984721210745e+02
2.916048591578472156e+02
2.913727307924506817e+02
2.917225244045927184e+02
2.917361139122336908e+02
2.915405648505948761e+02
2.917840104738380091e+02
2.917711544553651493e+02
2.915500422097753130e+02
2.917838606504943186e+02
2.918145254698504232e+02
2.916525967139323257e+02
2.918787778046989274e+02
2.917297046092276673e+02
2.915136278177183726e+02
2.917124570754510842e+02
2.917855595842036109e+02
2.917923111473209019e+02
2.915944271305384632e+02
2.917968589724395656e+02
2.918782709047113144e+02
2.917216377346534841e+02
2.917267950957333937e+02
2.918890311528739403e+02
2.917403975362827282e+02
2.919845374025748015e+02
2.919259116640953948e+02
2.918262663364400282e+02
2.920319112625379034e+02
2.920779673945747277e+02
2.917670036995614282e+02
2.918357641516706167e+02
2.921138715936611447e+02
2.919486970334083367e+02
2.920659610465207265e+02
2.919132413666779371e+02
2.917895067628527386e+02
2.918729136058091740e+02
2.919869259895159530e+02
2.917655666789178781e+02
2.920469795549288392e+02
2.921041998236300969e+02
2.919174948983667264e+02
2.920178319904431987e+02
2.921073779800853458e+02
2.919218003490839806e+02
2.920671547312015264e+02
2.922199021604604354e+02
2.919978234765435445e+02
2.919934842953614407e+02
2.921653483418536439e+02
2.921019302971043885e+02
2.919208293100630272e+02
2.921154573836735722e+02
2.920842575914346639e+02
2.918892220938764126e+02
2.920428373784212113e+02
2.921349596533431736e+02
2.920628487959270387e+02
2.923268066133783236e+02
2.920318982452141654e+02
2.920448319532436017e+02
2.922007676649330961e+02
2.921002708599250468e+02
2.922644721745521679e+02
2.921950816879078161e+02
2.921959207194890951e+02
2.920824612580399275e+02
2.922483331685354528e+02
2.923449082857402459e+02
2.922947823075051019e+02
2.923437202531399635e+02
2.921821442685235297e+02
2.923389620611881128e+02
2.923313687088910342e+02
2.922012859536957308e+02
2.921757405700525965e+02
2.921323869515797469e+02
2.920682931185056646e+02
2.921376327570068838e+02
2.923213762656883432e+02
2.921880126748638418e+02
2.922295570074906550e+02
2.922842861122803697e+02
2.920861172898444238e+02
2.922725748357362932e+02
2.923285832733782286e+02
2.920568106365158201e+02
2.922979180202842713e+02
2.923293071111120867e+02
2.920931532576805694e+02
2.922024738767243548e+02
2.924219835904352180e+02
2.921339702872029989e+02
2.922130955345335792e+02
2.923921271106594304e+02
2.921667726031390657e+02
2.923499299234325122e+02
2.924086392858528143e+02
2.922274576264554753e+02
2.924015535212636792e+02
2.925090971561688207e+02
2.923065050760524741e+02
2.924200301369870090e+02
