2.411241296980037703e+02
2.414904479848203493e+02
2.405339148572851400e+02
2.405065939567470821e+02
2.407220669356110818e+02
2.407586996558445662e+02
2.411037009691589503e+02
2.416782268998636312e+02
2.411827727335949021e+02
2.409218637716866169e+02
2.408212903550883084e+02
2.407661714241678510e+02
2.404402462105830125e+02
2.407238799548727286e+02
2.409674148777243374e+02
2.409007795127929228e+02
2.404499643892637835e+02
2.407317268246742969e+02
2.407950999228852424e+02
2.409101792755598979e+02
2.406670872906435079e+02
2.405779584578185677e+02
2.407147768275517876e+02
2.407269307607370195e+02
2.407037176949197317e+02
2.407650238461808385e+02
2.409486466497894241e+02
2.410448667917971761e+02
2.410272580425742319e+02
2.407214455542454914e+02
2.404864267093877004e+02
2.402809505615413173e+02
2.402316278917958527e+02
2.400479655062881932e+02
2.409967442297218838e+02
2.407891979480945110e+02
2.403529081349878140e+02
2.403842964537141427e+02
2.405242899930202611e+02
2.408317292215942018e+02
2.406520792209221327e+02
2.406922444211747063e+02
2.402071823675458120e+02
2.399212826908539853e+02
2.398943905927890512e+02
2.400274074824571926e+02
2.402626438239163917e+02
2.401595045332677500e+02
2.404384707641392254e+02
2.406920079194657092e+02
2.403295827295673917e+02
2.400560752661526749e+02
2.402972418440195099e+02
2.406702681863600617e+02
2.405132004684437561e+02
2.401667277160713354e+02
2.401080431737437948e+02
2.403149667731167085e+02
2.401539388391533976e+02
2.402454018620937006e+02
2.402117897723791202e+02
2.401973524461026557e+02
2.406996687997364859e+02
2.405127239397843084e+02
2.406778145937464330e+02
2.407414839874488450e+02
2.401202858103658571e+02
2.402062004239676583e+02
2.400172934474352644e+02
2.399261057277754787e+02
2.405347542461175578e+02
2.403850087989551696e+02
2.405051188487193485e+02
2.403038447537910827e+02
2.405256149503154575e+02
2.404445106236139793e+02
2.404009816613016710e+02
2.411334147589577981e+02
2.408084941286910805e+02
2.406094555982987515e+02
2.409342327336231619e+02
2.407732884247466245e+02
2.406974149457278145e+02
2.409330180871058928e+02
2.407284098622684780e+02
2.402041696648240077e+02
2.399587279919261107e+02
2.399209127095006977e+02
2.401821435473339079e+02
2.404564415031552187e+02
2.403303552982268911e+02
2.406425449228944444e+02
2.411295891303909968e+02
2.407696470627909378e+02
2.404159974024769326e+02
2.405045722654757867e+02
2.409338743024096630e+02
2.405390940648304650e+02
2.402316433741515596e+02
2.399831529265956931e+02
2.404806246295293022e+02
2.402793958488310011e+02
2.403660959407362441e+02
2.406077121912274777e+02
2.403392739579006729e+02
2.404840117586527697e+02
2.404245253848680477e+02
2.406147747695598298e+02
2.409206752280660169e+02
2.407145669851230139e+02
2.403882713818801165e+02
2.409558875929299973e+02
2.409400340825698095e+02
2.405889852306130194e+02
2.408099338578514335e+02
2.407637902707946580e+02
2.410032968912764488e+02
2.407748865052045346e+02
2.403989604949383647e+02
2.406266105572511833e+02
2.409130918108915864e+02
2.412235573775028854e+02
2.411504039492341178e+02
2.408397438457447208e+02
2.406496646506091395e+02
2.406621912895416528e+02
2.404997940447492226e+02
2.404509694857930810e+02
2.408535599288937590e+02
2.416313590835694924e+02
2.415318534784285873e+02
2.407447391057227151e+02
2.401531056774097976e+02
2.402692326250913482e+02
2.406211767365158778e+02
2.413290937276036345e+02
2.416452066804541516e+02
2.410300172805815180e+02
2.403491157969562266e+02
2.407064095508162609e+02
2.405322606412527477e+02
2.406931070154899714e+02
2.406854243739408332e+02
2.405538810636696496e+02
2.406851175578235598e+02
2.402856007694728078e+02
2.405330092679403435e+02
2.407092901384332038e+02
2.410799249077115292e+02
2.409013971629131277e+02
2.415456517597392576e+02
2.413109909039534671e+02
2.409015696214372895e+02
2.408685564528216219e+02
2.412314188176568450e+02
2.408914053470660122e+02
2.408276231192972148e+02
2.410046100221842664e+02
2.411791827145067089e+02
2.409758224247163980e+02
2.403913282102836320e+02
2.404510498809839874e+02
2.407487219351795886e+02
2.408783796826487276e+02
2.406947496542375973e+02
2.407484360509504029e+02
2.410079371234705832e+02
2.406683133385289750e+02
2.403803373599913300e+02
2.403454432064785067e+02
2.405590593142500495e+02
2.406117145078495412e+02
2.405202742972482213e+02
2.409181780241948445e+02
2.406203279295799859e+02
2.404904698813226389e+02
2.404730669748116725e+02
2.405549690577527429e+02
2.405798758230984333e+02
2.405800708337771141e+02
2.402533132779348932e+02
2.405303488557624689e+02
2.407243856720724864e+02
2.408482253107283952e+02
2.407278498512154954e+02
2.407862333905592038e+02
2.409098093140345611e+02
2.406231540018354451e+02
2.402616065225800810e+02
2.403615281675586459e+02
2.406505170744177065e+02
2.413431893420392953e+02
2.407980953676999718e+02
2.408620410229800939e+02
2.408894503582073128e+02
2.405549396593626170e+02
2.407748905374184289e+02
2.408512497978571503e+02
2.410997185067749342e+02
2.408384874009761631e+02
2.414102392950867682e+02
2.412033243234834288e+02
2.413726183648663266e+02
2.410585065736309787e+02
2.410565304082086016e+02
2.409460509234835115e+02
2.409075000868011500e+02
2.410359403381952177e+02
2.408859257951194195e+02
2.408783638398492997e+02
2.410842105509855458e+02
2.408429871203943264e+02
2.409385867509231502e+02
2.411708405465157057e+02
2.409059423204376742e+02
2.407605469234143811e+02
2.406159645962304694e+02
2.405963597312639024e+02
2.401804028001112101e+02
2.403730786879114873e+02
2.401216751094910649e+02
2.405163812028418988e+02
2.399087813508020872e+02
2.403243947896784221e+02
2.411273434635592139e+02
2.412860371928151153e+02
2.404217319898311871e+02
2.400941594360317310e+02
2.402086647811164539e+02
2.404709513782285342e+02
2.409061186203730642e+02
2.403741878638790865e+02
2.407716946304717283e+02
2.408758802349436792e+02
2.401262497859016776e+02
2.403067896450327225e+02
2.398361422058675316e+02
2.399618606885300380e+02
2.401961933958362749e+02
2.405312544281536873e+02
2.401651455146834451e+02
2.405090255013311378e+02
2.408553631632840109e+02
2.405964346002031391e+02
2.407440324195213464e+02
2.407852173095640467e+02
2.402002212079778758e+02
2.401959402444938121e+02
2.401428115417543552e+02
2.402691121125040752e+02
2.402417398695104964e+02
2.400024996865832065e+02
2.402702169704374455e+02
2.401811533051055676e+02
2.403674774551198823e+02
2.403695759017392675e+02
2.406067095718206019e+02
2.402757664836422293e+02
2.400406992408748010e+02
2.402374820799227848e+02
2.403130351264945546e+02
2.406490460817849453e+02
2.408873639749401718e+02
2.413330809296396353e+02
2.409235207150401266e+02
2.409153581479864670e+02
2.412456291352216340e+02
2.410441670888507986e+02
2.413214706477962181e+02
2.408570517713485515e+02
2.407702777569959665e+02
2.410459257753883833e+02
2.413887804771518120e+02
2.414282663318172979e+02
2.406532363865589161e+02
2.404941716460327541e+02
2.405472719462216844e+02
2.407721271521839697e+02
2.410608232343406598e+02
2.408422244731358433e+02
2.410266793623185606e+02
2.411287453362532176e+02
2.412870955191294797e+02
2.412838733766627684e+02
2.410900079196775323e+02
2.407553977046640910e+02
2.414594085130715655e+02
2.414714069600696291e+02
2.405066162001479313e+02
2.405325786347905250e+02
2.408965784927059701e+02
2.412925716383985275e+02
2.413890565595114879e+02
2.407160591715215787e+02
2.405667107695037714e+02
2.407572491637376970e+02
2.409230534789103331e+02
2.411481287541241443e+02
2.409078602672835530e+02
2.406831057988956672e+02
2.407723928421296762e+02
2.410244881929979499e+02
2.409875887189473644e+02
2.405834142052881077e+02
2.403398363826207742e+02
2.403939270834960098e+02
2.404585799435083970e+02
2.404070051172614058e+02
2.404163158115663919e+02
2.410187513542877298e+02
2.408517457710102008e+02
2.408624924170736961e+02
2.403497901868472866e+02
2.405204270653152889e+02
2.403439224455160854e+02
2.407228181850251758e+02
2.407979237579852452e+02
2.408486327984458910e+02
2.404846258090733215e+02
2.403290867574537515e+02
2.404354872597541544e+02
2.406356901299290030e+02
2.406439223038492230e+02
2.402641308228251091e+02
2.401349130414195940e+02
2.406860062135748421e+02
2.409577170511313113e+02
2.401807166974660959e+02
2.404070157757761592e+02
2.405741064721417786e+02
2.404543487469630918e+02
2.406273285951999981e+02
2.406618097563880667e+02
2.411877343293542992e+02
2.406029757177235240e+02
2.404230007073450963e+02
2.405739662095767528e+02
2.409398255659381505e+02
2.411828004059287025e+02
2.410474063881657969e+02
2.409891780377818407e+02
2.412753782235255642e+02
2.411460637331268799e+02
2.410365262640004858e+02
2.412043063578993269e+02
2.412957924335876498e+02
2.414388730602357782e+02
2.416175310482009593e+02
2.412691176916406164e+02
2.410984136017149524e+02
2.407842068717305608e+02
2.408625996140181940e+02
2.412950241568207730e+02
2.415167341431469765e+02
2.415042778364945377e+02
2.412747309350325224e+02
2.416208690532292565e+02
2.410478660833304048e+02
2.411651329507318451e+02
2.414286264121550403e+02
2.416370823546481006e+02
2.413021880365799632e+02
2.408606778731702889e+02
2.408748595753532982e+02
2.411776797635978653e+02
2.412724817653238745e+02
2.417645327961861597e+02
2.414583325832356593e+02
2.409354425615941580e+02
2.406754531192465549e+02
2.404597529435136494e+02
2.408390431242455350e+02
2.407072064421101061e+02
2.406905148360659439e+02
2.406395157835567034e+02
2.405075974477565239e+02
2.411110362005281047e+02
2.409582871529409260e+02
2.406319217172084564e+02
2.405857732342182942e+02
2.403852386859350361e+02
2.409381679887898144e+02
2.407071885434497744e+02
2.408017837345406633e+02
2.405751949159760841e+02
2.406676452764445173e+02
2.405001466425664205e+02
2.403625270162669096e+02
2.405140022329570968e+02
2.403169245894559083e+02
2.403066576584380698e+02
2.401645751510866660e+02
2.399730426701056558e+02
2.406794065080541714e+02
2.406990572556263430e+02
2.407282920186020192e+02
2.407464582082373283e+02
2.407387583365986359e+02
2.409082651322116817e+02
2.409378307831564996e+02
2.413029295497487112e+02
2.407290000346945362e+02
2.403322400568161754e+02
2.410215048705649963e+02
2.405716349530013360e+02
2.401267070062915252e+02
2.404677583708648854e+02
2.410946671698943646e+02
2.414304580350429887e+02
2.402664056320080590e+02
2.404502634477717322e+02
2.406425255233455403e+02
2.410623965513628093e+02
2.408266286805378513e+02
2.412134043484391839e+02
2.414156364551161857e+02
2.414897300578894601e+02
2.414563501189995804e+02
2.414704545545515941e+02
2.415714688828854833e+02
2.409160967649179099e+02
2.411094019714140302e+02
2.411806108296796367e+02
2.415244246260616592e+02
2.417375287449995085e+02
2.415657952492699394e+02
2.419451849614438288e+02
2.419141224543664350e+02
2.410051187878856069e+02
2.416519653548932638e+02
2.422314789868743219e+02
2.410914048719331504e+02
2.409947910499433021e+02
2.410079285482381692e+02
2.411617352776433734e+02
2.416182227159501963e+02
2.415762160514011896e+02
2.408696061404249349e+02
2.411874056346424311e+02
2.411750841526740885e+02
2.412424058716745776e+02
2.414275949877770699e+02
2.414810226930716226e+02
2.411166323851751088e+02
2.406874365795212327e+02
2.404856866378175084e+02
2.403533160054812470e+02
2.409146790921120953e+02
2.408886573706408853e+02
2.408022398627078076e+02
2.408706857724974100e+02
2.410967743118059161e+02
2.408909279286541221e+02
2.403764393013651386e+02
2.406728653430292582e+02
2.405868460003818257e+02
2.411997018559995070e+02
2.409365481655072188e+02
2.403148259470695223e+02
2.405730880174853610e+02
2.404151385820096039e+02
2.405752161685689998e+02
2.413617202527027814e+02
2.417165689970490519e+02
2.406404353250638621e+02
2.404826737031581843e+02
2.407291092061946358e+02
2.412125372504335701e+02
2.408815519814883146e+02
2.402948509419068159e+02
2.402186802751975847e+02
2.406633921247217813e+02
2.410254461793764449e+02
2.411173042179543700e+02
2.406941470264146403e+02
2.402798559537136214e+02
2.408122004943666354e+02
2.406378508196083601e+02
2.407064487305551381e+02
2.411098438475362684e+02
2.410972023100806325e+02
2.406894704192910694e+02
2.410501844534471445e+02
2.414932579498744190e+02
2.414954103360613260e+02
2.410165306511044321e+02
2.409188837352909047e+02
2.412430779779847683e+02
2.412759383792494248e+02
2.411562412391936050e+02
2.404822540667230157e+02
2.406535197757516187e+02
2.407756166426164555e+02
2.408844778324870504e+02
2.407336073243585872e+02
2.413174053537803729e+02
2.411302522550611513e+02
2.415912587008020580e+02
2.417667910844908477e+02
2.413600858357885670e+02
