9.729614748417833425e+01
9.749648643590143138e+01
9.728970018359677852e+01
9.723493809563552759e+01
9.718281145342677974e+01
9.705828746939356222e+01
9.720964052366146291e+01
9.743725215632150594e+01
9.749254080217359331e+01
9.715869917690038449e+01
9.698482187788914644e+01
9.725874194967860831e+01
9.712039407667968760e+01
9.690011594269283535e+01
9.712737712103354681e+01
9.747722561979632871e+01
9.717236158064571327e+01
9.733438450921867968e+01
9.732375785165656623e+01
9.735830456557675916e+01
9.742753874968748562e+01
9.749774496589077444e+01
9.722870570941375945e+01
9.742635864290939196e+01
9.725761685253230837e+01
9.728341334960505549e+01
9.715164365000752866e+01
9.734623565848437465e+01
9.741903701018952688e+01
9.739256453510570566e+01
9.767365849776986408e+01
9.758226774370776013e+01
9.756463655402633606e+01
9.748637412117602707e+01
9.756501514699823474e+01
9.785865701236538428e+01
9.727621767457173974e+01
9.735712625763970607e+01
9.784181766737458474e+01
9.757250259453701347e+01
9.747426879773195196e+01
9.722339104286851352e+01
9.788449221897882069e+01
9.759053702611102210e+01
9.784089377358247930e+01
9.750905824186952486e+01
9.791221020306772971e+01
9.761897290047460274e+01
9.740681787853314688e+01
9.775876076192554365e+01
9.797302146281735702e+01
9.751504519958000117e+01
9.753055126097700622e+01
9.750816949183889903e+01
9.783207010819222660e+01
9.799575462079455690e+01
9.782827129441066916e+01
9.773706759219969342e+01
9.767107618040948580e+01
9.751189374445982594e+01
9.771965978149960108e+01
9.741776113231979650e+01
9.749767839264957558e+01
9.766310417090043927e+01
9.749372954086091170e+01
9.769855934592635549e+01
9.744010539244754909e+01
9.777036049304831522e+01
9.776918043628877797e+01
9.755295951695524082e+01
9.751415466485758543e+01
9.742119286243412546e+01
9.768923554592834080e+01
9.767253825285831681e+01
9.756103056992220957e+01
9.746091790335934490e+01
9.762086312781595154e+01
9.762196562387192955e+01
9.723710156202150756e+01
9.698446480835389139e+01
9.699601224891169693e+01
9.726593318865620574e+01
9.718456111156159238e+01
9.771181317711221936e+01
9.779856541101010237e+01
9.725080276861632456e+01
9.789401090799749738e+01
9.766648673569825689e+01
9.762023827042453661e+01
9.750853508175408990e+01
9.717006716539403044e+01
9.731366417593635276e+01
9.771872710382092464e+01
9.769697341336411966e+01
9.714907125428398160e+01
9.742762874925558947e+01
9.762870972439866080e+01
9.770198909589196035e+01
9.721038906840099969e+01
9.742660897579274604e+01
9.783788650072948201e+01
9.739925389712395543e+01
9.758880399835800290e+01
9.711290822900467390e+01
9.749448965274486056e+01
9.734195262488306355e+01
9.758302815505705041e+01
9.732592068220581893e+01
9.742157734649521217e+01
9.744780160431248817e+01
9.701533733993021258e+01
9.738006872580795914e+01
9.717778289678419412e+01
9.734708755124587753e+01
9.728575507076452311e+01
9.693545635795054238e+01
9.736413655975782433e+01
9.737271599972167735e+01
9.739240770772481426e+01
9.734229279438521587e+01
9.711920636528033413e+01
9.731379142977414176e+01
9.757747634467659736e+01
9.751780624871231851e+01
9.683212278379011195e+01
9.752999116165175053e+01
9.705256796574457212e+01
9.706352221824802484e+01
9.667143214259505157e+01
9.701873412405677755e+01
9.740388255620972302e+01
9.734822830755662437e+01
9.737830286124996348e+01
9.720276979122508010e+01
9.694074645112237931e+01
9.700277319658935937e+01
9.738431451942061301e+01
9.744874442185711416e+01
9.725469809803222176e+01
9.728796586475216657e+01
9.726690505136643594e+01
9.737872245000579596e+01
9.757268086657109052e+01
9.727267095882520209e+01
9.743805778729507949e+01
9.712544805568326467e+01
9.715633381156909820e+01
9.695717098954429503e+01
9.724467779013009761e+01
9.709242913964412480e+01
9.674066976924787298e+01
9.701361965417528666e+01
9.697658755235578099e+01
9.715379328518748991e+01
9.713759257010472936e+01
9.723127943487232017e+01
9.703621776228476392e+01
9.702313736322849991e+01
9.722218669783859468e+01
9.760788520799299306e+01
9.703011176587084208e+01
9.724048300789830535e+01
9.720401136601390135e+01
9.715626913298427780e+01
9.738627942753987554e+01
9.732206456074180778e+01
9.740167036978358794e+01
9.769502103438310314e+01
9.713684250150198807e+01
9.747499109941050222e+01
9.739280700656287593e+01
9.756088662506861908e+01
9.711095920400804005e+01
9.734251761275037040e+01
9.765437336375605071e+01
9.753327693575492674e+01
9.702508994752825799e+01
9.754197681653049301e+01
9.744708853881847688e+01
9.764128717163310966e+01
9.771211829356268197e+01
9.724059078194700589e+01
9.731406218137139774e+01
9.750170978966536950e+01
9.726467147131039326e+01
9.746263421502352742e+01
9.734178935252458587e+01
9.731014055099547022e+01
9.709805595321830651e+01
9.704210285450562878e+01
9.718037242634240158e+01
9.718009527298322325e+01
9.724861952272850374e+01
9.728370219360317606e+01
9.700153585010792767e+01
9.683795842449417535e+01
9.719762860843873398e+01
9.700334936607323755e+01
9.680279688514580982e+01
9.682906320336148553e+01
9.695446052196035680e+01
9.706014865087979615e+01
9.693706772161908702e+01
9.698657471283938492e+01
9.703537794492935120e+01
9.714847779140750106e+01
9.698113945945017633e+01
9.686597593789475980e+01
9.728367823009439519e+01
9.699594192536470416e+01
9.717851511348851545e+01
9.706852028645090513e+01
9.747922747138073873e+01
9.728454282333041192e+01
9.748236100152765005e+01
9.722613851058514456e+01
9.734014424646404962e+01
9.747934269085469339e+01
9.754937277816395635e+01
9.759571491771106366e+01
9.759732309682043194e+01
9.778805768649503705e+01
9.733246042287925093e+01
9.720268774724213756e+01
9.741984282524474281e+01
9.770374366853864956e+01
9.769283437657919933e+01
9.784851021602509036e+01
9.758666974327691435e+01
9.748948705576874829e+01
9.738782374235988470e+01
9.754971711015510039e+01
9.746107686035951190e+01
9.760814107872687373e+01
9.750974492223907930e+01
9.769254983450208840e+01
9.747995524328347017e+01
9.769346351260590211e+01
9.747842064701997344e+01
9.746781439227667931e+01
9.761934647403813869e+01
9.774563280304198543e+01
9.773908174894881995e+01
9.766990087185818936e+01
9.737126292842985720e+01
9.786970458820103147e+01
9.770203902968091825e+01
9.748867511747671699e+01
9.763935704914938185e+01
9.753816860091622232e+01
9.779092235732257166e+01
9.771909553861024733e+01
9.739621397442176942e+01
9.754640049734943830e+01
9.790168167248656061e+01
9.781031347268968545e+01
9.752919150016032290e+01
9.785895723155805115e+01
9.745195842903967787e+01
9.746247405779308792e+01
9.746187760988266291e+01
9.728820102658367830e+01
9.703569494928142092e+01
9.716831381097796339e+01
9.724071488170956457e+01
9.720697091484758801e+01
9.685590505750666068e+01
9.673794090194481043e+01
9.728411953725419892e+01
9.682518079054572979e+01
9.710456771887379546e+01
9.716208699947122795e+01
9.691170051679534936e+01
9.693724444734307610e+01
9.727739011807126701e+01
9.695866348932679557e+01
9.713074642826317984e+01
9.696795079486209090e+01
9.717088813412756565e+01
9.738846974243178067e+01
9.689562516881608190e+01
9.685537290816448319e+01
9.697868748666166994e+01
9.719398986906814741e+01
9.708911400330286767e+01
9.692607453327345013e+01
9.732709559408611710e+01
9.724005030567479935e+01
9.710986589558233106e+01
9.709290745434147141e+01
9.673824353423388800e+01
9.709850770760705529e+01
9.746441867397334136e+01
9.735999825322278411e+01
9.709749100006344236e+01
9.712766593147382821e+01
9.709528548957685246e+01
9.726108520212693520e+01
9.746020200976882109e+01
9.709903157768572157e+01
9.715005594358406427e+01
9.724333742425086768e+01
9.782294597903474198e+01
9.734967702016797375e+01
9.713615250517717925e+01
9.727434396481049816e+01
9.735471745358289297e+01
9.736727385047436201e+01
9.736019036396841386e+01
9.744875002571303924e+01
9.753130634372330121e+01
9.742122226687520481e+01
9.739368404303570514e+01
9.741808998081749849e+01
9.719092381434892047e+01
9.739257706347926558e+01
9.710314733922773200e+01
9.731323004930125364e+01
9.724676133213181117e+01
9.760711036959791898e+01
9.753781069899861222e+01
9.759448517395573219e+01
9.764416012769150655e+01
9.738885283143703475e+01
9.742380711197948528e+01
9.741374662808591722e+01
9.808158841629695246e+01
9.721842657946763211e+01
9.717525453468623198e+01
9.757692270086090502e+01
9.756769595713399212e+01
9.742754209195476278e+01
9.731569688508533034e+01
9.763617827175694686e+01
9.744179678335221695e+01
9.729820018747490451e+01
9.691831409053854429e+01
9.705893497134876213e+01
9.720939550333571333e+01
9.735072882948361439e+01
9.689460015709511254e+01
9.675322481561421739e+01
9.702441512535767743e+01
9.680451374443093471e+01
9.695770492899741555e+01
9.663423694110052509e+01
9.671080957194340044e+01
9.685123464531130821e+01
9.703389293783349956e+01
9.697674146032407805e+01
9.677864431799368106e+01
9.666009677284780821e+01
9.655938011524433762e+01
9.700917677988792320e+01
9.672382074431578758e+01
9.645497280652476491e+01
9.680132248828012109e+01
9.708241728018451511e+01
9.669786643532630421e+01
9.694798556093049058e+01
9.639855062853267498e+01
9.757052797516848841e+01
9.703140133592471273e+01
9.697575822457675088e+01
9.686120570436349908e+01
9.664104085915937503e+01
9.693219058571388302e+01
9.739396508096969285e+01
9.708292937203019335e+01
9.687913632192642410e+01
9.709584869395932571e+01
9.704482122709548264e+01
9.717703613137393859e+01
9.768057532067224713e+01
9.728158957645842975e+01
9.715951915091949331e+01
9.699685981410395641e+01
9.744399216335430935e+01
9.743153448680870099e+01
9.733029792363669230e+01
9.749108060823017752e+01
9.747349026804424454e+01
9.759065491577244700e+01
9.731934271212143983e+01
9.746813615289001120e+01
9.744063415747011447e+01
9.762328328143490808e+01
9.739453170289637285e+01
9.742130916746607738e+01
9.770196288524583395e+01
9.749877809321509403e+01
9.742094761458093899e+01
9.736822052143679684e+01
9.750503009037753088e+01
9.713761731759727525e+01
9.749099997282023367e+01
9.734475365416859916e+01
9.730898168259319903e+01
9.721125916722576221e+01
9.725019594934251188e+01
9.740447560698537188e+01
9.752849623973264670e+01
9.716712570292493467e+01
9.727313156138927752e+01
9.743862286496994329e+01
9.709806756020036289e+01
9.718942088229853482e+01
9.734205714174403568e+01
9.767012108351390509e+01
9.707660718340549977e+01
9.700273479785369091e+01
9.690153897256779203e+01
9.708750488543192603e+01
9.712298250087211215e+01
9.672345713882164375e+01
9.691990565269401259e+01
9.683640201489396304e+01
9.665085006221016783e+01
9.679126635151534686e+01
9.694121557013176016e+01
9.678419719775031638e+01
9.667951196971419847e+01
9.655041481056382224e+01
9.651614752881056347e+01
9.652964898209553724e+01
9.654764611893182291e+01
9.653747039950802389e+01
9.696263729150378197e+01
9.662848308377634510e+01
9.655057267281914335e+01
9.733132396572040079e+01
9.696206236258751687e+01
9.650827356610096786e+01
9.684868731733565994e+01
9.688961030379324768e+01
9.691352384997280467e+01
9.744324011159513077e+01
9.707178857034794817e+01
9.691356626646802397e+01
9.686499348088740646e+01
9.691791660514559226e+01
9.697441538516797266e+01
9.703784209623925960e+01
9.716471175212348044e+01
9.757710221316328614e+01
9.721340788186483906e+01
9.715391323022363679e+01
9.750949779945530338e+01
9.723393755100063629e+01
9.730454557214578415e+01
9.726282328321151738e+01
9.707879663230465894e+01
9.724463116432985998e+01
9.746054708983724879e+01
9.719126095365537310e+01
9.734597867517868508e+01
9.725750407644163431e+01
9.744073299811066136e+01
9.731315105820247879e+01
9.722331888807723033e+01
9.725023727849229260e+01
9.733582070095889094e+01
9.705432019555007628e+01
9.743111241027436620e+01
9.743844840014129716e+01
9.712035158731919182e+01
9.702005588967620042e+01
9.739689427214342743e+01
9.771436424128792453e+01
9.762035326846280725e+01
9.777975686817660517e+01
9.713124931587350375e+01
9.742319391611209767e+01
9.767425872083090610e+01
9.741847703165717576e+01
9.721022054106317967e+01
9.730631118311083583e+01
9.749300286320966791e+01
9.704496711901099104e+01
9.726487898775248198e+01
9.723361172769200778e+01
9.666816425416557479e+01
9.710909385626986534e+01
9.700072426786597646e+01
9.726112578777225792e+01
9.682500579169567345e+01
9.692170370704627658e+01
9.739336831869319155e+01
9.729503913446869490e+01
9.753422702109564568e+01
9.724359448019636432e+01
9.694279106826496673e+01
9.655416731705263089e+01
9.672640518606544902e+01
9.660412558305729647e+01
9.668183046029571415e+01
9.677593170649606691e+01
9.673615121861240596e+01
9.742634475342366329e+01
9.706718908827251369e+01
