2.871216591005542682e+02
2.871987592903349196e+02
2.869515887426008476e+02
2.868440426323514316e+02
2.869582986029190010e+02
2.870280276973066407e+02
2.871150664027658195e+02
2.873399077996907067e+02
2.871171068567493307e+02
2.870322344746309113e+02
2.869988271441437178e+02
2.870099989641024081e+02
2.868909928153406668e+02
2.870641114108176453e+02
2.870608419827740363e+02
2.869628576649459433e+02
2.869337970653161278e+02
2.870066022680908873e+02
2.870710706582782450e+02
2.870173478194893164e+02
2.869024712089151308e+02
2.868926678819061067e+02
2.869632752379893077e+02
2.869969859333747877e+02
2.870141671271613291e+02
2.869620008910833349e+02
2.870768455404398196e+02
2.871930743070437870e+02
2.871144569858233240e+02
2.869534068397899773e+02
2.868095341209080971e+02
2.867044062268373068e+02
2.867864137003917335e+02
2.867838962963130598e+02
2.869962642420805423e+02
2.868929078855155694e+02
2.867797991376126561e+02
2.868610885114066491e+02
2.869286728371653794e+02
2.869224750415233984e+02
2.868642553838824369e+02
2.869660721318763876e+02
2.867218643322264597e+02
2.865268236103446498e+02
2.865243763114914941e+02
2.866345575863538784e+02
2.866678264774708396e+02
2.866466732243711135e+02
2.868003503243413093e+02
2.868733471119688829e+02
2.866608531224935632e+02
2.866949165847902918e+02
2.868096027093319549e+02
2.868747635348751714e+02
2.868293761730937490e+02
2.866814025141770230e+02
2.866994897129398510e+02
2.867844084062256798e+02
2.867307287593238243e+02
2.867294728261185810e+02
2.867285995945524064e+02
2.867799554498416796e+02
2.868735357442886311e+02
2.868531593453778328e+02
2.868873603887448098e+02
2.867877615635342181e+02
2.867327436823036351e+02
2.866682663789122785e+02
2.865065495881830202e+02
2.866441442212042716e+02
2.868150656877825782e+02
2.868087484717185021e+02
2.867685496511120959e+02
2.867759789531450565e+02
2.868282623671777856e+02
2.867738813818736503e+02
2.868502463166682332e+02
2.870856978716110461e+02
2.869717676174929579e+02
2.870095716923532905e+02
2.870868765774846452e+02
2.869461488588661950e+02
2.869753509596637286e+02
2.869698416347313810e+02
2.868830662805398219e+02
2.867156956355267425e+02
2.865677860816070393e+02
2.865714323193857354e+02
2.867864040966225048e+02
2.868055812069723629e+02
2.867827503204614459e+02
2.869775288464140317e+02
2.870748803067648396e+02
2.869548646053070229e+02
2.868503683666268103e+02
2.868645573669886630e+02
2.870247849475874204e+02
2.867817930625763552e+02
2.867011005238654775e+02
2.866694722938888731e+02
2.868341455159818452e+02
2.867332315512519472e+02
2.868300485185771436e+02
2.868719091862325854e+02
2.868008940444526047e+02
2.868866266802302221e+02
2.868870069587885041e+02
2.869270679528911501e+02
2.870149622934109743e+02
2.869120128421841400e+02
2.869074774649414508e+02
2.870908660650803768e+02
2.871174112560507865e+02
2.869762253273583497e+02
2.870639142861514870e+02
2.870356376255923010e+02
2.870900111277778137e+02
2.869782242063604940e+02
2.869187039742786851e+02
2.869694539244372322e+02
2.871023951961144576e+02
2.871542833131177304e+02
2.871533983523229949e+02
2.870024934316228951e+02
2.869886768722732882e+02
2.869386902428437338e+02
2.869360121633815197e+02
2.869602430145910716e+02
2.871707338810010128e+02
2.873379624341177419e+02
2.872919531689516930e+02
2.869776848697787841e+02
2.867373602026531216e+02
2.867861049454790532e+02
2.870096991639977091e+02
2.872798088456185610e+02
2.873324898456633036e+02
2.870251690083738936e+02
2.868716143298792645e+02
2.869254969701619871e+02
2.868979283190424781e+02
2.869636038303023042e+02
2.870292575455920883e+02
2.869617046042534412e+02
2.869742871399681121e+02
2.868700767314892914e+02
2.869406663791634173e+02
2.871093131312513265e+02
2.871743217628015827e+02
2.871236865209340294e+02
2.873441345372351634e+02
2.871575979927866911e+02
2.870586743282730140e+02
2.871825076436595623e+02
2.871520761452893566e+02
2.870601665313665762e+02
2.870384325574569857e+02
2.871404011121261419e+02
2.871567172379635622e+02
2.870049793149653397e+02
2.868804291346717719e+02
2.868740124143743060e+02
2.869718741798076849e+02
2.870207829560565642e+02
2.868777348628428285e+02
2.869000094425342127e+02
2.870169679531228439e+02
2.869463556666804038e+02
2.868239503983165264e+02
2.869113178050171769e+02
2.868999998527214075e+02
2.868947504350367694e+02
2.868557552395674861e+02
2.869739199290793863e+02
2.868604361934552003e+02
2.868046619964945876e+02
2.868348930616602388e+02
2.868287498694215856e+02
2.869176534951037638e+02
2.868614327691794301e+02
2.867724632201002919e+02
2.869331209045469109e+02
2.869743733746077510e+02
2.869648842268617273e+02
2.869046022673260836e+02
2.869559894771277868e+02
2.869420856708892984e+02
2.869148915496634231e+02
2.867240600716775702e+02
2.868727427870791189e+02
2.870002158977073918e+02
2.871413045383576446e+02
2.870526664390721976e+02
2.870150075061229131e+02
2.870060187948010935e+02
2.869667601868215456e+02
2.870099054170457293e+02
2.870601830732278472e+02
2.871525113276818502e+02
2.870454625884574966e+02
2.872309444417274449e+02
2.872143708113890739e+02
2.872987996516758926e+02
2.871914209742659523e+02
2.871329628517737547e+02
2.870853794142541915e+02
2.870890940997880421e+02
2.872254430132811649e+02
2.871048516050553872e+02
2.870080183771220277e+02
2.871025095111113501e+02
2.870841688286280373e+02
2.870572375470816269e+02
2.871379182756022601e+02
2.870759646002475733e+02
2.869545421948607782e+02
2.869118744923215445e+02
2.869173669029996177e+02
2.866799101639832656e+02
2.866758798111486044e+02
2.866811580944089428e+02
2.867737821307071613e+02
2.865511849438570948e+02
2.868364981969594396e+02
2.870982836056314795e+02
2.870718509226113042e+02
2.867394456077681184e+02
2.865880398598337138e+02
2.867330810522947218e+02
2.868714005559879183e+02
2.869131290637958500e+02
2.868088693924137260e+02
2.869488197210060889e+02
2.868953941831753127e+02
2.866840936173265959e+02
2.866671495962199856e+02
2.865455366923545171e+02
2.866475865235568108e+02
2.867430664922530354e+02
2.868006034462775347e+02
2.867460156923562522e+02
2.868292243455810535e+02
2.868879057642751036e+02
2.867848364951202598e+02
2.869238139010572013e+02
2.868676252869575478e+02
2.866900771562793011e+02
2.866764457739230352e+02
2.866409808466704021e+02
2.866708092243789565e+02
2.866957871259077706e+02
2.866111315036758356e+02
2.866238955554721315e+02
2.867996233536073873e+02
2.867424612107249686e+02
2.867671664365397532e+02
2.868472665169796301e+02
2.866970067711516208e+02
2.866659147380996160e+02
2.867356368961616795e+02
2.868299686186442727e+02
2.869110661434622784e+02
2.870832060878394714e+02
2.872720426909929188e+02
2.871133816806147934e+02
2.871625459794069002e+02
2.872188775364148796e+02
2.872239178712931107e+02
2.872329982054934021e+02
2.871539976488597290e+02
2.870902311917969314e+02
2.872288456986727283e+02
2.873058869541066542e+02
2.872164201712569707e+02
2.869514780173820441e+02
2.868942365145417170e+02
2.869634312409224322e+02
2.870218008642656855e+02
2.870519092872145848e+02
2.870340149135038814e+02
2.871406370584819001e+02
2.871663056569838659e+02
2.872376336636006613e+02
2.872009653684917794e+02
2.871449225045063258e+02
2.871098751178669204e+02
2.872572045553009161e+02
2.871956464815894492e+02
2.869425935164793486e+02
2.869537204071199312e+02
2.870940300249749839e+02
2.872048317523100991e+02
2.872348575590714859e+02
2.870241622201166933e+02
2.869716620384913881e+02
2.870259617084671504e+02
2.870867753456633409e+02
2.870821966016891338e+02
2.870236737688275639e+02
2.870173721740227393e+02
2.870378442396703917e+02
2.871435486178412475e+02
2.870751611386456261e+02
2.869260657578092264e+02
2.867573796708973077e+02
2.868607844248710990e+02
2.867926637358453945e+02
2.867627198769669690e+02
2.868632760057816427e+02
2.870871598522829231e+02
2.869997692314229880e+02
2.869229828931331667e+02
2.868036089516725724e+02
2.867697287322508259e+02
2.868441180771161498e+02
2.869417562520122260e+02
2.869230436613605661e+02
2.869581869385135064e+02
2.867493421834320202e+02
2.867294434383244948e+02
2.867864454431954186e+02
2.867932505926675617e+02
2.867848595613573934e+02
2.866900106129181154e+02
2.867236616532985067e+02
2.869205126835227588e+02
2.867796987657515615e+02
2.866410482383060980e+02
2.868029362997463636e+02
2.868265617522072262e+02
2.868581471582555764e+02
2.869020078598620671e+02
2.870068022354623167e+02
2.870170712620593463e+02
2.869239429263294596e+02
2.868240808569856313e+02
2.869649537765010905e+02
2.870430066179149549e+02
2.871599856315086186e+02
2.870868687564182551e+02
2.871647025787979146e+02
2.872480303678271412e+02
2.871718002015432489e+02
2.872430373711590050e+02
2.872511209426854748e+02
2.872824197977322456e+02
2.873744122787852007e+02
2.873911045810791052e+02
2.872971756933304732e+02
2.870976319851999961e+02
2.871265127188204929e+02
2.872068998946405713e+02
2.874084630607860049e+02
2.873720868571585925e+02
2.873577433102772716e+02
2.873372035055235756e+02
2.873723772058079931e+02
2.871920156099459405e+02
2.872456115399272107e+02
2.872914794144613779e+02
2.874194334609434804e+02
2.872465654648258919e+02
2.870544885876871035e+02
2.871013108400676970e+02
2.871004017422301331e+02
2.872948197320615122e+02
2.874888848946152393e+02
2.872893636848227175e+02
2.870651398457063124e+02
2.868681050764996598e+02
2.868222025973640825e+02
2.870120278751167575e+02
2.869191850970781275e+02
2.869117189113122208e+02
2.868496689890130256e+02
2.868725279801230954e+02
2.870211496691533171e+02
2.870341731470578566e+02
2.869411712715361205e+02
2.868929612529762494e+02
2.867946968259764162e+02
2.869400245095463333e+02
2.869470409706374880e+02
2.869248044990105768e+02
2.868960424488129206e+02
2.869297045180255736e+02
2.868337220554478222e+02
2.868203678002892616e+02
2.867816495213810981e+02
2.867289775724594278e+02
2.867637814555870932e+02
2.866153103604422085e+02
2.867571845515374775e+02
2.868746932555073954e+02
2.868895047602513273e+02
2.868900530882021371e+02
2.868622138486336439e+02
2.869350974031368082e+02
2.870343620968861842e+02
2.870216151178135533e+02
2.870809927084910100e+02
2.868623110699342078e+02
2.868360426367904097e+02
2.870247949973937693e+02
2.868354686437545524e+02
2.867435550699533451e+02
2.869061521112732294e+02
2.871988729053334737e+02
2.871351402006192757e+02
2.868203158382319771e+02
2.868057085279645548e+02
2.869566651255847205e+02
2.871642036134075511e+02
2.871405426170142050e+02
2.872897170195415129e+02
2.873879429134903489e+02
2.874067607444432610e+02
2.873428331486111915e+02
2.873433921556284076e+02
2.873435626368325870e+02
2.871453219844212867e+02
2.872337665681957901e+02
2.872713642531383584e+02
2.873999169603239920e+02
2.874889239581483480e+02
2.874378778686519809e+02
2.875057408486857753e+02
2.873996335659410306e+02
2.872657855491956411e+02
2.875339251274967296e+02
2.876106968484306776e+02
2.871665994298744522e+02
2.871427405511171287e+02
2.871598975954078128e+02
2.872173627353898269e+02
2.873933713107970789e+02
2.872816247911433720e+02
2.870960760957473212e+02
2.871059897735451045e+02
2.871484700828305563e+02
2.871879506041569243e+02
2.872378476562348055e+02
2.872319550841218074e+02
2.870594360007653449e+02
2.869951113639920663e+02
2.867904293492872512e+02
2.868575436511826524e+02
2.870466246157342880e+02
2.870502651972552144e+02
2.869955858512840337e+02
2.870288854680016470e+02
2.870363404900191426e+02
2.869618718532057642e+02
2.868236713406132026e+02
2.868997499480353781e+02
2.870005380433065056e+02
2.871360778359951951e+02
2.870181433332282381e+02
2.867681419136198429e+02
2.869208261021491921e+02
2.868664508622426297e+02
2.869687974967122841e+02
2.872139399990548441e+02
2.872930881321631205e+02
2.869552162102705779e+02
2.868549427911096359e+02
2.870277432451742925e+02
2.871101224768607949e+02
2.868869142796652341e+02
2.867608406661876757e+02
2.867876718593039982e+02
2.869882651593055130e+02
2.870906233883076197e+02
2.871077062430024398e+02
2.867981134492424076e+02
2.868392585328244309e+02
2.869878516258309560e+02
2.869357304775056150e+02
2.870178109435679517e+02
2.870236046176556783e+02
2.870687181828075722e+02
2.869953975603412459e+02
2.871749148710792383e+02
2.874393227596901284e+02
2.873211000571895397e+02
2.871538980018052030e+02
2.871983607151806268e+02
2.872251598416100933e+02
2.872598589012729349e+02
2.871413696251005945e+02
2.869434259290154046e+02
2.869264357026486323e+02
2.870023316949196328e+02
2.870721411967777499e+02
2.871011912337487502e+02
2.871922910788135255e+02
2.872377226398840548e+02
2.873385964702720798e+02
2.874434898179300717e+02
2.872629008916906059e+02
