2.390465655830329013e+02
2.393708361647951790e+02
2.387244591076995732e+02
2.389424711515118531e+02
2.389297712206168853e+02
2.392082192695714582e+02
2.389673364217494509e+02
2.388452997155339688e+02
2.390407933218561993e+02
2.389057421641530539e+02
2.390786780650722392e+02
2.391938563433572824e+02
2.389082499927217214e+02
2.391660637435709305e+02
2.389308761174922608e+02
2.392389010116145016e+02
2.388964274804977777e+02
2.389090063172633052e+02
2.393801843166337449e+02
2.392096137937341211e+02
2.393276641544347001e+02
2.390694221224656530e+02
2.389583466349205310e+02
2.390448103046681183e+02
2.390602141324502554e+02
2.390611816959748523e+02
2.387631798417574771e+02
2.389483682551175718e+02
2.389171978341614704e+02
2.390979871701296986e+02
2.394510241868515266e+02
2.391054709049246583e+02
2.390533505855449619e+02
2.393376844528520166e+02
2.389356410573102494e+02
2.386786779772565126e+02
2.392525690017650106e+02
2.388396770705642496e+02
2.391864429768857292e+02
2.392071047100638168e+02
2.391274286069107404e+02
2.389897888615525972e+02
2.389127190336296565e+02
2.388580320542331776e+02
2.391548957599618745e+02
2.390732193012194102e+02
2.391887155906458986e+02
2.390640423620367017e+02
2.391493843862573385e+02
2.390640154519186353e+02
2.388274904535172993e+02
2.389751061366697229e+02
2.390861788591138009e+02
2.392493209603438800e+02
2.388261644212341537e+02
2.388355203717885331e+02
2.389887227394877982e+02
2.391299889013106679e+02
2.391492815134778027e+02
2.390399001652516233e+02
2.390205150783899626e+02
2.388567201054098632e+02
2.389645128055132375e+02
2.391262780975271482e+02
2.392281475654764336e+02
2.390258197609120714e+02
2.388163292673978049e+02
2.390730577358799849e+02
2.392699518847161073e+02
2.393886156503754137e+02
2.388831902457354488e+02
2.387736601742858511e+02
2.389940885228162131e+02
2.390293707594298951e+02
2.389244953007477363e+02
2.389539951475344708e+02
2.388681451625566297e+02
2.390855941383769334e+02
2.391536292415540572e+02
2.388233640095837700e+02
2.388555305718908812e+02
2.392841264494397535e+02
2.391270162654874127e+02
2.393387309805630991e+02
2.390765308066354180e+02
2.391867488396075032e+02
2.392634387714580271e+02
2.390988480677412156e+02
2.391552138524090196e+02
2.392529641348049836e+02
2.392444319532828558e+02
2.386763089528677995e+02
2.391097280593555467e+02
2.393615831766979909e+02
2.393573335995365312e+02
2.391931603532030692e+02
2.390912214207787372e+02
2.390931989714069630e+02
2.391905790348703533e+02
2.393617390062152026e+02
2.392221568540956298e+02
2.388048842238291343e+02
2.388015911425825379e+02
2.389951444692879647e+02
2.388815274204858667e+02
2.390918300483028531e+02
2.396295347595761029e+02
2.392722730360401329e+02
2.388563183183711089e+02
2.388129193891586795e+02
2.392781099760566406e+02
2.391971893523548260e+02
2.394237684112117677e+02
2.393536129494555951e+02
2.390848384521073058e+02
2.394742030663427101e+02
2.389965344888552465e+02
2.389728992106380474e+02
2.391521220990798327e+02
2.390158934462917557e+02
2.390683081444669540e+02
2.391460623820125022e+02
2.388732356608558405e+02
2.392077088539357419e+02
2.387134255094460968e+02
2.392247430756748656e+02
2.392548860972453042e+02
2.391815303557150116e+02
2.392956369652027035e+02
2.392492802274212806e+02
2.388875835161503289e+02
2.392146115479118009e+02
2.388267585479017043e+02
2.397825941988746763e+02
2.393022732069961478e+02
2.389498753934043123e+02
2.391312354701261427e+02
2.392990740032882684e+02
2.390768515660052742e+02
2.386336966548168732e+02
2.393784159434212597e+02
2.392427480820332732e+02
2.391175979998853052e+02
2.391350716306998265e+02
2.390061193020111432e+02
2.393116947207863348e+02
2.388971623248910419e+02
2.389061858863466625e+02
2.393505426010831343e+02
2.395260716646035632e+02
2.392693803652011866e+02
2.389414369700249665e+02
2.389197371393268838e+02
2.395814374507087621e+02
2.390781682548984293e+02
2.391182789297165527e+02
2.387665150119289592e+02
2.394003973777954286e+02
2.391449361932609463e+02
2.390868272814120985e+02
2.392526190380965545e+02
2.392578510380415935e+02
2.390558477003992550e+02
2.391327276756985611e+02
2.392288596921715680e+02
2.391145300222826791e+02
2.389992821444854769e+02
2.392183817952709433e+02
2.391334558089179438e+02
2.393108888894480799e+02
2.391102746782971735e+02
2.389183339833807622e+02
2.390843010642882120e+02
2.391276298474507769e+02
2.391891129370721103e+02
2.391510265890550500e+02
2.390857447375488789e+02
2.393990751312021246e+02
2.391584419681420002e+02
2.392273714266237619e+02
2.390832944168891743e+02
2.389629026867470145e+02
2.389596798110987095e+02
2.394919137714403803e+02
2.389763424394781168e+02
2.394290585579435628e+02
2.394959268798944549e+02
2.390620657213229094e+02
2.392939109488831946e+02
2.392314224249336121e+02
2.392627444990482388e+02
2.391213237559314564e+02
2.392214663787790414e+02
2.393654444723888730e+02
2.390399714334292582e+02
2.392961098459623202e+02
2.394060551023951575e+02
2.389916115581711438e+02
2.396733668869069334e+02
2.389743914811027992e+02
2.392636830267037737e+02
2.392613388711315565e+02
2.389425877139590284e+02
2.394013063251445317e+02
2.390816071009327004e+02
2.391022522432923267e+02
2.392875115636055341e+02
2.392172736014957763e+02
2.391612190037468224e+02
2.391524946446224931e+02
2.393504862111597333e+02
2.391207576864071882e+02
2.395177140022970832e+02
2.391067766436465547e+02
2.391539131283285826e+02
2.393579595350149702e+02
2.388222782038585308e+02
2.389238521184357467e+02
2.391023028058734496e+02
2.390948611245364646e+02
2.391046188806328416e+02
2.394833001501133367e+02
2.389987003089137261e+02
2.391606412727733186e+02
2.394343973820033682e+02
2.392411573099941222e+02
2.393042295158733168e+02
2.394652902982143985e+02
2.394173615420312444e+02
2.391501593869702731e+02
2.391182170479879403e+02
2.390013533000754933e+02
2.391688301656605518e+02
2.393332032991144160e+02
2.391215966721694031e+02
2.391237554945139152e+02
2.391854420034261466e+02
2.393346626228395451e+02
2.391893949877207035e+02
2.391048626293905102e+02
2.393457020919083789e+02
2.392866419306499211e+02
2.390234383969385306e+02
2.394588699441655137e+02
2.392171322192758680e+02
2.391390393166944079e+02
2.394612434621157320e+02
2.388794492490506798e+02
2.391871874857278328e+02
2.392716063716988231e+02
2.389926761937703077e+02
2.389579619612582349e+02
2.393471835976986597e+02
2.391809334118432560e+02
2.390339553013260172e+02
2.390386582836832474e+02
2.390561940685831814e+02
2.390422984211330686e+02
2.392086288656444424e+02
2.387359180245416326e+02
2.392114431422467931e+02
2.390994383155604055e+02
2.390916106290293612e+02
2.393058711370732397e+02
2.391439234413889210e+02
2.392434324152744978e+02
2.390167474268720298e+02
2.391046982623599888e+02
2.390161171155701538e+02
2.390796339485650890e+02
2.392439680297572977e+02
2.392683474679439541e+02
2.394569697705756823e+02
2.388813131066748383e+02
2.392930585389720761e+02
2.393619522773412598e+02
2.394513267647123769e+02
2.392713647764861378e+02
2.388525339439157733e+02
2.389685837351793225e+02
2.393369275150048452e+02
2.392376513932451871e+02
2.395252824476625619e+02
2.391313317575183248e+02
2.386625137961732719e+02
2.389584892150965914e+02
2.392061120316936638e+02
2.392490285425981256e+02
2.391488348454927007e+02
2.397072434623672450e+02
2.394578997694742384e+02
2.390193133538603831e+02
2.390430223070406726e+02
2.392098600688531178e+02
2.393956386353891901e+02
2.391088411811970218e+02
2.391534610213443273e+02
2.390616922040736370e+02
2.391546111430905057e+02
2.389833548126830749e+02
2.391620341889212114e+02
