1.012821112235734518e+02
1.009445109442424950e+02
1.012905216363234473e+02
1.014931015621615984e+02
1.013378705729471534e+02
1.010376027881764571e+02
1.006351471516532001e+02
1.010353858284283319e+02
1.015615213552030838e+02
1.009495828885796982e+02
1.007637563540324663e+02
1.008006466885573928e+02
1.010265695277483786e+02
1.010951769700077989e+02
1.010423253405292598e+02
1.010189620252900369e+02
1.012333356646343958e+02
1.011224944573389308e+02
1.011692433218866114e+02
1.011136641492361292e+02
1.010404151199646350e+02
1.009646485584430451e+02
1.012800136836831371e+02
1.013009639333275373e+02
1.012860289448586997e+02
1.013057493635684949e+02
1.011597258439133071e+02
1.011760022007799620e+02
1.010923444675910190e+02
1.009488144906183180e+02
1.009791671594173295e+02
1.010843584039719900e+02
1.014301461076816508e+02
1.010434808249028578e+02
1.008765914176426008e+02
1.009887611446270483e+02
1.013837663445286950e+02
1.011634587027634780e+02
1.010756507114659399e+02
1.011279492421683841e+02
1.010134821628753343e+02
1.008430319949147957e+02
1.009246374858195168e+02
1.010544469704820045e+02
1.013960487083114685e+02
1.010720465405993309e+02
1.007804365675869320e+02
1.008957018744326177e+02
1.011468703426125870e+02
1.012824096345847096e+02
1.012222911384968569e+02
1.014850960892568992e+02
1.015653828375360632e+02
1.011645467932436162e+02
1.011621254747267216e+02
1.010625720719853007e+02
1.012706206143020751e+02
1.011671809598463909e+02
1.010702404749807641e+02
1.010152648381912712e+02
1.008705382508156276e+02
1.009790061426490837e+02
1.012379153557613307e+02
1.013521488465974727e+02
1.008508576294980799e+02
1.007556078664753869e+02
1.009384407114185791e+02
1.012307631763815294e+02
1.012830512984512552e+02
1.014188357246502932e+02
1.007320378416634412e+02
1.011869704400137380e+02
1.012406205051970574e+02
1.016203518427636681e+02
1.011510624079044192e+02
1.011032097748797014e+02
1.013540201140146877e+02
1.013238423479020298e+02
1.011807088034110507e+02
1.010661107202076181e+02
1.011918832855144075e+02
1.010550382077976082e+02
1.010570322886513850e+02
1.009608199428968049e+02
1.008352081025144997e+02
1.008685785932617449e+02
1.008819918884865814e+02
1.010546887090713000e+02
1.012688253177620368e+02
1.011452540375698703e+02
1.011343426941329113e+02
1.011249627285399697e+02
1.010825191380871075e+02
1.010105322536544037e+02
1.007240018705309126e+02
1.010477095628368005e+02
1.009839729903372358e+02
1.012236425945531550e+02
1.008941676998497883e+02
1.009501991802541170e+02
1.010056687443536276e+02
1.008337682740662871e+02
1.012126105411173711e+02
1.012108292420919611e+02
1.011103823843909737e+02
1.012327876615237301e+02
1.010880777224560489e+02
1.008132905073184702e+02
1.009824318123323081e+02
1.010041409273330686e+02
1.010790428467278872e+02
1.011080782553598709e+02
1.011372166047499945e+02
1.010985012963615617e+02
1.012722721755529989e+02
1.012378176569827701e+02
1.008141878171379631e+02
1.007472633805284090e+02
1.009654153204715641e+02
1.013686644436493225e+02
1.012204540852029169e+02
1.010821620219867754e+02
1.011412731283269864e+02
1.010255559627684647e+02
1.013685393657427340e+02
1.013148177459367503e+02
1.010963383577592509e+02
1.004572604027868437e+02
1.010156977118475226e+02
1.007788698384833879e+02
1.010947612619336269e+02
1.010929559588237083e+02
1.015409992864694715e+02
1.011418558012758666e+02
1.003996974993930138e+02
1.008411198078795223e+02
1.011405274773447758e+02
1.011126016547600130e+02
1.013184343639781417e+02
1.012833324602348029e+02
1.014940787875474371e+02
1.011971930033793825e+02
1.009254730726439817e+02
1.010432282126413241e+02
1.013097262886330299e+02
1.011060245649421319e+02
1.010490337717093468e+02
1.009069228131986193e+02
1.012816646477720042e+02
1.010693270574546005e+02
1.008462313739727279e+02
1.010467264768569038e+02
1.013115063602670745e+02
1.010518333100434347e+02
1.010797341680442969e+02
1.008327973386785317e+02
1.013997523570927797e+02
1.012345516336798141e+02
1.008920519950300445e+02
1.005160381579457294e+02
1.010318155273468506e+02
1.009910766622388820e+02
1.009609355444899137e+02
1.007745662049705260e+02
1.007924797453390369e+02
1.009845549294698657e+02
1.015686303104611596e+02
1.013470448808987072e+02
1.009594609367007791e+02
1.010747563743007049e+02
1.008603908637610260e+02
1.008305770332949720e+02
1.011295635540782740e+02
1.008871291535209735e+02
1.010528184907980886e+02
1.010700903816426006e+02
1.008356868043175183e+02
1.011981130207462201e+02
1.011323338444651228e+02
1.013669181674212609e+02
1.012117551597113589e+02
1.008292655829350934e+02
1.007264752283779217e+02
1.005431025982712185e+02
1.010030461893551745e+02
1.009940519905603225e+02
1.012535607791370467e+02
1.011613005137537442e+02
1.010551502566606672e+02
1.011256625043524053e+02
1.008060027225927655e+02
1.009283511072971038e+02
1.010701496566363886e+02
1.008070077751939237e+02
1.009617541503816938e+02
1.008789701675739252e+02
1.009651590622307680e+02
1.014274834644681533e+02
1.011873860144338124e+02
1.007735355778200415e+02
1.007196245937907406e+02
1.009037786656803490e+02
1.011583611734734376e+02
1.013909900832279476e+02
1.011963493611726932e+02
1.009570444550802364e+02
1.011899616343118140e+02
1.009582856106910498e+02
1.007914239190662471e+02
1.010729378557017100e+02
1.009280239449085457e+02
1.010740488684650273e+02
1.010102007892828766e+02
1.011789997596230819e+02
1.011349349278322762e+02
1.010137362298734587e+02
1.012249312041049052e+02
1.010687595826915413e+02
1.010527677838328486e+02
1.010421330479638158e+02
1.011502680126733367e+02
1.009578390075154601e+02
1.009288725806372184e+02
1.011164654824865465e+02
1.008773082706571103e+02
1.007126254443787019e+02
1.008846452122652408e+02
1.007896367298101126e+02
1.011600760868918201e+02
1.011261985978229774e+02
1.009177130730742107e+02
1.009338713229980158e+02
1.012046558313015368e+02
1.013442761302778763e+02
1.010692391916493733e+02
1.009886829164500028e+02
1.008620759661308313e+02
1.011760925829744195e+02
1.011174530949022454e+02
1.009337937514960686e+02
1.008396182529206015e+02
1.010678551492295725e+02
1.011451563197354488e+02
1.007886678858173042e+02
1.010226436822617160e+02
1.012256787621589496e+02
1.010510019680975944e+02
1.012643598165594199e+02
1.009851112368302211e+02
1.012928113858104666e+02
1.010940447408590757e+02
1.011826023756490969e+02
1.010013903849008585e+02
1.013698438099784198e+02
1.012387461175637355e+02
1.009528573955925452e+02
1.010940018936098568e+02
1.013728119987336669e+02
1.010989853597356642e+02
1.009552893234246227e+02
1.009629796772869099e+02
1.009748718283780136e+02
1.010913365999042668e+02
1.009234425298855626e+02
1.011753990617764742e+02
1.009230552549633302e+02
1.014147482182515176e+02
1.010855556240358766e+02
1.008820980052738179e+02
1.010463153676550974e+02
1.008504416880001742e+02
1.007435693353179573e+02
1.009014810282371855e+02
1.011505798332457289e+02
1.008638329232296655e+02
1.010611347218541454e+02
1.012692826031680369e+02
1.006706872378208715e+02
1.010572791362983907e+02
1.012422132040348401e+02
1.011138573062072652e+02
1.010722691748189845e+02
1.011149335639421309e+02
1.010889751044250460e+02
1.011172991327561164e+02
1.008816340813479542e+02
1.007593314913879823e+02
1.007903363596385020e+02
1.006446176245592454e+02
1.012552678232145666e+02
1.010566685247633387e+02
1.011892487338093787e+02
1.010570884955595403e+02
1.009105404611690204e+02
1.007412929455635577e+02
1.010571272641434035e+02
1.012514087379689016e+02
1.016082319126668523e+02
1.010679673633231488e+02
1.009808157186291027e+02
1.011224279171065064e+02
