2.875428443690526024e+02
2.875170455635187068e+02
2.873690473016418423e+02
2.875084589906663837e+02
2.874918691557100487e+02
2.874763929269569758e+02
2.873637839761901773e+02
2.874500370362542867e+02
2.875509632435478693e+02
2.873284530421656768e+02
2.873986546701838165e+02
2.874968205034963376e+02
2.874541274778170532e+02
2.875678349743827198e+02
2.875044648127716869e+02
2.876340603665952926e+02
2.874229985984955533e+02
2.874834337253844865e+02
2.876007487830161153e+02
2.876392371532966763e+02
2.875245511268792029e+02
2.874674503173461630e+02
2.875403758186920982e+02
2.874586343971778319e+02
2.875764931130652826e+02
2.873327704247464567e+02
2.873225336636356246e+02
2.873932189620091435e+02
2.875422449616473273e+02
2.875785665769191723e+02
2.876972219201036864e+02
2.875646753446728212e+02
2.875411168268385040e+02
2.873459794632140643e+02
2.873258272236438415e+02
2.873942073053561330e+02
2.874210281254135566e+02
2.873382098056675318e+02
2.874632123982194685e+02
2.874911620663145300e+02
2.873456231989642333e+02
2.873630587294415477e+02
2.874390416511566286e+02
2.875583691418888748e+02
2.876853965121969736e+02
2.875621456360175898e+02
2.874259753045125763e+02
2.875930785337752695e+02
2.876739230016682427e+02
2.875409714653996502e+02
2.873892432305531202e+02
2.875252372664528480e+02
2.874296425315905594e+02
2.873180408181656844e+02
2.873178437557319285e+02
2.874491622860923030e+02
2.875858546640832287e+02
2.874909523496234556e+02
2.874482680246943573e+02
2.874003663015403163e+02
2.873560877145366135e+02
2.873881979391739492e+02
2.875625082706951048e+02
2.877698483234216269e+02
2.874757997611664564e+02
2.873987607805988773e+02
2.873670828319015413e+02
2.874484075749546719e+02
2.877999413031914173e+02
2.875790606139240140e+02
2.872899133630351685e+02
2.873934480611234221e+02
2.875437836577960411e+02
2.875941947182599279e+02
2.873825375666579589e+02
2.873827031605326852e+02
2.875195829687436913e+02
2.875942863662024251e+02
2.874346926377743898e+02
2.874596698467774445e+02
2.875882483106204859e+02
2.876218768733708089e+02
2.876283456544799151e+02
2.876510469720540186e+02
2.874964059367143250e+02
2.875831400977018575e+02
2.875646517625767160e+02
2.875999454943238334e+02
2.875459713934582169e+02
2.874556901647937934e+02
2.873773142065029447e+02
2.873967331793201652e+02
2.876485869228996535e+02
2.877334402537810547e+02
2.876158361828248076e+02
2.874476156323601117e+02
2.875407743169523656e+02
2.876498782418204314e+02
2.876470494042936821e+02
2.877258155975691238e+02
2.875232079048293485e+02
2.874152054718089744e+02
2.874273317045528415e+02
2.874714243354588348e+02
2.874926127702098597e+02
2.876646611180915443e+02
2.877675189936965694e+02
2.875439137923651174e+02
2.874208688521061958e+02
2.874522408193781189e+02
2.874775789861100179e+02
2.875704276877160623e+02
2.876632024994098060e+02
2.875048021323664784e+02
2.875859755120761179e+02
2.876830144906219289e+02
2.874192863964336766e+02
2.875038023015096087e+02
2.876788937313625070e+02
2.876112818141512548e+02
2.875769409949785427e+02
2.874924258785876532e+02
2.874615734697737821e+02
2.874816403956111799e+02
2.874495593445918189e+02
2.876950957862260339e+02
2.874843056588204036e+02
2.874744367110959047e+02
2.876167868741733287e+02
2.875230529157641399e+02
2.874119544112475069e+02
2.874821925107607967e+02
2.876423564783891038e+02
2.878606977811074898e+02
2.875147542492688899e+02
2.875714326135828856e+02
2.876878113745724477e+02
2.877191865539582523e+02
2.875690528658264498e+02
2.875790432915946440e+02
2.877793098893663455e+02
2.874884424074576259e+02
2.874797318454763513e+02
2.876578709654664863e+02
2.877075992529804580e+02
2.876167214734398954e+02
2.874725448964673546e+02
2.876380827328620171e+02
2.879138627209164270e+02
2.876686390079892135e+02
2.874846362537991808e+02
2.875143392698524281e+02
2.876380303575024300e+02
2.877646283921687882e+02
2.874937740030347300e+02
2.874702697555296140e+02
2.876192132202254470e+02
2.878195561499063047e+02
2.875747642553540686e+02
2.875476983249534442e+02
2.875890052028692025e+02
2.875139025045096446e+02
2.875088598011203089e+02
2.874903604846653025e+02
2.875418253846647190e+02
2.876727107105252230e+02
2.876964076458384056e+02
2.876931347778006511e+02
2.876724969602222473e+02
2.875539997484615924e+02
2.875318404028599275e+02
2.876280192615888041e+02
2.875860158484646263e+02
2.876379348908306497e+02
2.875366429517430902e+02
2.875962848440420316e+02
2.876550502907514897e+02
2.877464235136266666e+02
2.877191507615513615e+02
2.877878070417856975e+02
2.875401936093531390e+02
2.873979416020428630e+02
2.875918004330200688e+02
2.876419595287581501e+02
2.877066079475410447e+02
2.878233543684054894e+02
2.877959369627333786e+02
2.875701873487225271e+02
2.876588155645471829e+02
2.876265247042863962e+02
2.876296290378451204e+02
2.876084226073293166e+02
2.876946677279602795e+02
2.876086730046840785e+02
2.875631372908230787e+02
2.876323611281205217e+02
2.877312921676320912e+02
2.878750896715164345e+02
2.879243881920300510e+02
2.875091639317658405e+02
2.876397524186916712e+02
2.876101828118888193e+02
2.876228372331775631e+02
2.878175653991968943e+02
2.876321276124296560e+02
2.875755645924855344e+02
2.877170731959380987e+02
2.875409046143805085e+02
2.876431983074084542e+02
2.877526297633376657e+02
2.876666705248932772e+02
2.877373731717344754e+02
2.877047102781686476e+02
2.875631685588344340e+02
2.876299075808809107e+02
2.875579972201244914e+02
2.874766926023659153e+02
2.874905638320885259e+02
2.875688364534229891e+02
2.875813552302868743e+02
2.876520488601166221e+02
2.876442417402478782e+02
2.875815637425733939e+02
2.878065761822662694e+02
2.876745682580255448e+02
2.876195671234945053e+02
2.875222684412369745e+02
2.876076632562112536e+02
2.875564345291958261e+02
2.874515308057800667e+02
2.874261004360607217e+02
2.875216265427546318e+02
2.877641688995254867e+02
2.877468271666644455e+02
2.876096829588622086e+02
2.875932130217590270e+02
2.876593148049030901e+02
2.877350414514169188e+02
2.876032653643133585e+02
2.874727371641228615e+02
2.876669059405998610e+02
2.876993643114282690e+02
2.875581650378681502e+02
2.876232358874951274e+02
2.877354609796105365e+02
2.876468819445322538e+02
2.876607673190875971e+02
2.874851125215470802e+02
2.875284174983810317e+02
2.876373421334183718e+02
2.875192151312566011e+02
2.875145876618464058e+02
2.876218780951474514e+02
2.876870674194254320e+02
2.875953960958152607e+02
2.874924925774707845e+02
2.875630058388453563e+02
2.876966483468896172e+02
2.875046755742873756e+02
2.873967501913234059e+02
2.874936120124841068e+02
2.876248127244408579e+02
2.876665605982888110e+02
2.876645947704743662e+02
2.876186539474039705e+02
2.875575595951942773e+02
2.876765023066665776e+02
2.875057829505697100e+02
2.875039327503686764e+02
2.875033232901362226e+02
2.875022943720338731e+02
2.876142147373091120e+02
2.876931130116358872e+02
2.875154865888799804e+02
2.876768980540355756e+02
2.878202262188966074e+02
2.878198756418701691e+02
2.875792579241935414e+02
2.874215826844590538e+02
2.875798733206020188e+02
2.876045499398308607e+02
2.876488597821192457e+02
2.876789739555582059e+02
2.874065962906127538e+02
2.873035790893553099e+02
2.874587487444200065e+02
2.875572273115290045e+02
2.875992144191656621e+02
2.877350220500139244e+02
2.879690243099385043e+02
2.876853557169137616e+02
2.875115675441236931e+02
2.874750723967749195e+02
2.876484948828988308e+02
2.876277936922438130e+02
2.875911898529438417e+02
2.876076870775914358e+02
2.876939155866751321e+02
2.875695118158183732e+02
2.874330327212211955e+02
2.876284159590219360e+02
