2.398196986291254689e+02
2.397192027046475857e+02
2.396021170911073739e+02
2.396981360577094904e+02
2.396203169455399120e+02
2.398191821408410078e+02
2.395864617556469227e+02
2.396629294386720801e+02
2.398872990115989126e+02
2.399608625772262087e+02
2.397275320339397524e+02
2.398495895590633893e+02
2.399136708403891305e+02
2.397095608940249747e+02
2.397188380892889938e+02
2.395591858064146038e+02
2.398471721662909886e+02
2.399506286345499291e+02
2.401601141118994462e+02
2.398623513415414834e+02
2.402284507999064829e+02
2.397576346195246799e+02
2.398099332548944176e+02
2.399393358055617966e+02
2.396421573994236667e+02
2.399846386972773473e+02
2.396535786051100843e+02
2.401372072476823405e+02
2.401535480118290309e+02
2.399828683619820993e+02
2.398398949012789387e+02
2.396548184028632988e+02
2.398386659379573302e+02
2.390014972198027010e+02
2.386448943774236113e+02
2.395204608693271382e+02
2.394471783276706276e+02
2.398785369187351080e+02
2.397243244221070029e+02
2.394001923471949738e+02
2.394374487673518104e+02
2.395976394427246703e+02
2.396339903299541447e+02
2.396867529316730270e+02
2.400286286447367274e+02
2.397433662991383301e+02
2.399316904951965910e+02
2.399644085821510089e+02
2.399073213170486270e+02
2.397316632273439438e+02
2.394154063774051338e+02
2.395162330567220863e+02
2.396234839547471154e+02
2.391243574643748104e+02
2.391839367610994884e+02
2.395383222834747414e+02
2.397603103472229975e+02
2.393905601156286309e+02
2.394735927547592098e+02
2.396447990887329240e+02
2.397798122688678859e+02
2.394370783553312378e+02
2.391046590386855257e+02
2.392685732724205820e+02
2.392568494640675283e+02
2.393598758988858037e+02
2.396734313270894461e+02
2.397504082633261930e+02
2.397016157884732195e+02
2.396341982954561161e+02
2.398927277013279706e+02
2.396945292027218954e+02
2.397133712242758463e+02
2.392593278005676041e+02
2.394213107222135761e+02
2.397703853919406356e+02
2.399465142883278475e+02
2.396117165199445651e+02
2.394303722908860266e+02
2.395660075979727424e+02
2.395140034081850899e+02
2.399153226243824122e+02
2.393688961746033783e+02
2.395604088295488054e+02
2.396553963729973873e+02
2.395994231352930228e+02
2.394667672910362910e+02
2.395018478570129616e+02
2.393252738102056298e+02
2.393927167497694199e+02
2.394248029200875862e+02
2.394627703131451426e+02
2.398654202406910372e+02
2.397279615390096126e+02
2.395930407156976969e+02
2.397440380876121537e+02
2.399424836702476966e+02
2.396038974844286997e+02
2.397320150040087867e+02
2.396288533568598780e+02
2.394533716099878973e+02
2.397289877068112673e+02
2.400667926372816794e+02
2.392967180876269140e+02
2.393374706821052769e+02
2.393990482335587160e+02
2.397868398560791832e+02
2.396862939061687712e+02
2.399901299434020530e+02
2.400002974732507539e+02
2.400875182859614654e+02
2.398144552561883813e+02
2.395223462247007831e+02
2.385677617745614896e+02
2.387271665053815752e+02
2.390228395081261681e+02
2.390558182506191258e+02
2.390302371120621956e+02
2.389109781963327066e+02
2.391805509848676650e+02
2.391263128809469265e+02
2.391581497143150443e+02
2.389221792128977597e+02
2.389893059234154578e+02
2.389364384725660955e+02
2.387580167140016556e+02
2.389964184975534636e+02
2.390287160687713879e+02
2.391272431426783385e+02
2.391917672913893114e+02
2.390859107686602556e+02
2.390622579045864029e+02
2.387288490631965772e+02
2.386913799275301642e+02
2.390601525896886699e+02
2.391848107502765117e+02
2.387937366093134415e+02
2.386121082141125953e+02
2.395027615765953044e+02
2.394523741927442586e+02
2.395341593186214197e+02
2.389633234779730628e+02
2.378658863218460056e+02
2.383735635047959533e+02
2.387326802973508109e+02
2.387564063929675058e+02
2.388570083506425874e+02
2.392840764297535827e+02
2.393950012965040059e+02
2.394927669708116866e+02
2.394388539241337241e+02
2.397021504451439853e+02
2.397798696155281561e+02
2.402761953549420753e+02
2.398243288369300501e+02
2.396879984600784894e+02
2.398220301370461129e+02
2.394506322816392583e+02
2.395712884546417456e+02
2.395465861709283217e+02
2.395380896738605543e+02
2.395229092315108517e+02
2.399917532477916495e+02
2.401207640457668333e+02
2.401590352609807724e+02
