9.984400268979364057e+01
1.003510957268256192e+02
1.004216192397770442e+02
1.002865859951316310e+02
1.000872849712410471e+02
9.994540481712863311e+01
1.001578527138381531e+02
1.001280048520322339e+02
1.001510630416731971e+02
1.002548664706562676e+02
1.002367869878797677e+02
1.001138995392126816e+02
1.004148742272220858e+02
1.006992924855502594e+02
9.997453069817670723e+01
1.005108821452523671e+02
9.982803958679011203e+01
9.982615441735519823e+01
1.000996408051954489e+02
1.000244838730976085e+02
9.982235033846687600e+01
1.001308349086101970e+02
1.000073329661275920e+02
9.994491420664083137e+01
1.005261319788970553e+02
1.000447427434956467e+02
9.994589563716012037e+01
9.977877344358819300e+01
9.991568600548892221e+01
1.001956958515359020e+02
9.991961027770672388e+01
9.995959241895378966e+01
1.002315559109483871e+02
1.014983150265428407e+02
1.028304713130943497e+02
1.009644530832560463e+02
1.004700526624655339e+02
1.001924672684279471e+02
1.002907233433970333e+02
1.004497192577322977e+02
1.002420506683073285e+02
1.008782354712318039e+02
1.004348024668836956e+02
9.979112215197044122e+01
1.000287632143574683e+02
1.003464231400480031e+02
9.976264956551979424e+01
9.982711579211057540e+01
1.003742505838041978e+02
1.002662972329103326e+02
1.005649674931830901e+02
9.995213645003640579e+01
1.006914331931136672e+02
1.019059081165683693e+02
1.011185512166467362e+02
1.003735872506115783e+02
1.003365944717923099e+02
1.006504102827569938e+02
1.004735280876427481e+02
1.001557053617636939e+02
1.003533034101976256e+02
1.006506605893592479e+02
1.009140795686286509e+02
1.006912569150487258e+02
1.012104908787690647e+02
9.995641907199359366e+01
1.003806250119503858e+02
1.004432839711085990e+02
1.001453628471078332e+02
9.996557346846900316e+01
1.001306080792164153e+02
1.001990192318111070e+02
1.005120801966348836e+02
1.006635941439693482e+02
1.002162759775386149e+02
9.969657664964348953e+01
1.002824998638267431e+02
1.005152020571896543e+02
1.003455799361424141e+02
1.004532155790037820e+02
1.005909831797837484e+02
1.005264013021065921e+02
1.002511261090424597e+02
1.003620217874081959e+02
1.004406784762367124e+02
1.006180214863466631e+02
1.004080460739076983e+02
1.008552390252593369e+02
1.005801549397332337e+02
1.002443758584710878e+02
1.003360387305101540e+02
1.000716428913050180e+02
9.998649574621533986e+01
1.004134753809111515e+02
1.003653787716231847e+02
1.003098931605925799e+02
1.000379401577387029e+02
1.006220228527877083e+02
1.002350552823515244e+02
1.004829442684059728e+02
1.002389624742235128e+02
1.001386608214864253e+02
1.004635298511773840e+02
1.010010049139596191e+02
1.003289638948152174e+02
1.002169009521650196e+02
1.002925139356816402e+02
1.000997176448925075e+02
1.001155018287970933e+02
1.001528252994986161e+02
1.001216619195840991e+02
1.005255785190943243e+02
1.008481643216004642e+02
1.024482238171174799e+02
1.017308559318385193e+02
1.013232898484259721e+02
1.009237001879162534e+02
1.011842783165348578e+02
1.010534664237292333e+02
1.007931259760595850e+02
1.008530796499421314e+02
1.011488374677175131e+02
1.010596669905826275e+02
1.005966143158766073e+02
1.012503803754481595e+02
1.008447058199988646e+02
1.007280609230823529e+02
1.010103776021829418e+02
1.007173510574665585e+02
1.005831671143587442e+02
1.007077673778807849e+02
1.005055537284349612e+02
1.012948655371078104e+02
1.012579332738156950e+02
1.008671643634944957e+02
1.008829196606607894e+02
1.009299325108532202e+02
1.000535080237298899e+02
9.994306043669438111e+01
1.002535685873167353e+02
1.000962871384143114e+02
1.014966389849805637e+02
1.032133994217326176e+02
1.015177522516558639e+02
1.008552414491947360e+02
1.003837486512276342e+02
9.971383613599050477e+01
1.001844861815548740e+02
9.988721945657546541e+01
9.983403124107701387e+01
9.967997611626037724e+01
9.963129724642023177e+01
9.927979566896118513e+01
9.921679206269722329e+01
9.963943933774656614e+01
9.930557136511636429e+01
9.995383457610738276e+01
9.969625074114178176e+01
9.926559186753206632e+01
9.961695274590819338e+01
9.963752129239429678e+01
9.909214850353389181e+01
9.937988163063744196e+01
9.903343042873422064e+01
9.928137811672736746e+01
