2.866907160562419676e+02
2.866199217833691932e+02
2.866551206158146670e+02
2.867610835931159841e+02
2.868064405918777879e+02
2.867133090125643662e+02
2.866992105238617228e+02
2.866526190461605665e+02
2.865817086240629692e+02
2.865806700740163251e+02
2.867720191857679879e+02
2.868268151641737518e+02
2.865817555835710095e+02
2.866330480218231287e+02
2.866788935239798093e+02
2.867479564554239460e+02
2.867011034435494707e+02
2.866420704709202028e+02
2.867100546138374852e+02
2.866975680201500154e+02
2.867544406137939745e+02
2.868569854300879456e+02
2.867551586146894351e+02
2.867108558129531843e+02
2.869266786399585385e+02
2.867852280585204880e+02
2.868250378247248022e+02
2.868987522173438833e+02
2.869400852723387061e+02
2.868740661199565238e+02
2.867496973135077951e+02
2.869739390930680543e+02
2.870580284496218155e+02
2.867421027784772605e+02
2.864167815311994332e+02
2.864310965886770077e+02
2.866126702849428511e+02
2.865343222404866310e+02
2.864826194551795311e+02
2.865437856479127277e+02
2.865065933587328573e+02
2.865478048093681878e+02
2.866772274297229615e+02
2.866928380015065159e+02
2.866809433284851707e+02
2.866629145238930505e+02
2.866447675572013054e+02
2.868438275262894308e+02
2.866918566303825173e+02
2.866587241671012407e+02
2.867768632229680748e+02
2.867849646643999222e+02
2.866727259819563187e+02
2.865175922651115457e+02
2.866607051203376386e+02
2.866271722418132981e+02
2.866897406652095697e+02
2.866577151088264941e+02
2.865864638942782108e+02
2.866164558696162317e+02
2.867264118041766778e+02
2.867207889079323309e+02
2.865744239019134056e+02
2.865520736089828802e+02
2.866193711900721723e+02
2.867385447256126554e+02
2.867285871946411930e+02
2.866478511719249127e+02
2.865841560301026902e+02
2.866376128083183517e+02
2.868116965970299930e+02
2.867949722534733610e+02
2.867522350642951210e+02
2.867627604775661894e+02
2.867881890014900250e+02
2.868253413437365680e+02
2.867758772560451348e+02
2.867061679598937758e+02
2.867360581812064311e+02
2.868995073081775331e+02
2.869802786465569966e+02
2.868401169888888376e+02
2.869655882507379374e+02
2.868398569563939873e+02
2.866401013788514547e+02
2.868215035368534132e+02
2.867763550015545206e+02
2.867806723790997125e+02
2.867696575630519078e+02
2.868443756483991365e+02
2.869028253664586714e+02
2.869059991194833970e+02
2.869433653337238752e+02
2.868204403727076510e+02
2.868728619046892163e+02
2.869131164045611513e+02
2.867389305409593021e+02
2.869049324839132851e+02
2.868346205254267716e+02
2.870642306478209775e+02
2.870905145201340360e+02
2.869074820588091370e+02
2.868582871034033133e+02
2.868209967467905130e+02
2.868629049975955354e+02
2.870024682393765829e+02
2.871206288741064441e+02
2.870839267592357942e+02
2.870004093309307223e+02
2.868636631488950002e+02
2.869256826106241647e+02
2.869851733094355382e+02
2.868197531439419095e+02
2.868289395083112936e+02
2.867176459898008147e+02
2.868138377670152295e+02
2.868010497362873252e+02
2.866414488499625008e+02
2.866485706988459015e+02
2.867754556478906238e+02
2.867726031561027753e+02
2.870690478997130981e+02
2.869463497416091400e+02
2.867445113152530780e+02
2.867968443929254931e+02
2.869832903252377605e+02
2.870770977873143011e+02
2.870234670570901585e+02
2.869948882322301529e+02
2.871675043252644741e+02
2.872020822984337087e+02
2.874887040680830523e+02
2.873328882225264920e+02
2.871278974238085198e+02
2.872576867496222235e+02
2.873335151317181158e+02
2.873476542398806259e+02
2.873307048520069316e+02
2.873418896139073127e+02
2.875325000268815074e+02
2.874995593977026260e+02
2.873795847911351871e+02
2.872658260892205249e+02
2.873209182537294168e+02
2.872909527937948155e+02
2.873802223842686772e+02
2.875271045923054203e+02
2.875208666081065871e+02
2.876130739130644542e+02
2.877356106825265556e+02
2.877793550855029139e+02
2.878716527709869411e+02
2.878585179431868255e+02
2.877655175610506717e+02
2.878639503741991916e+02
2.878690576861224599e+02
2.880103307267323771e+02
2.879677367377582300e+02
2.880880153575658369e+02
2.880081320145362156e+02
2.880042503899780399e+02
2.881881721223232944e+02
2.883406573480543216e+02
2.883043059411177182e+02
2.884825008108463180e+02
