2.395688708627066887e+02
2.397677051907414523e+02
2.397746790627469693e+02
2.401579585544236863e+02
2.401275602503068285e+02
2.401235765964276254e+02
2.398252456529925212e+02
2.397263228572116702e+02
2.401006041791189318e+02
2.400902134024588861e+02
2.401948971120195040e+02
2.398310474735511946e+02
2.394829590112298376e+02
2.396427277103839799e+02
2.396703354036235396e+02
2.396785409636713666e+02
2.397412398610834998e+02
2.400002960749039005e+02
2.396050269036236671e+02
2.395593358172418164e+02
2.399867707144018425e+02
2.402402210140290606e+02
2.400738038970504533e+02
2.397667180809766023e+02
2.398299427187618278e+02
2.400525029406782096e+02
2.400366251896384711e+02
2.396992988164543874e+02
2.397776857217604913e+02
2.400850726657917846e+02
2.399487217452829100e+02
2.398559808759541454e+02
2.399010112941835757e+02
2.394417967045712601e+02
2.385026415316315536e+02
2.389112855179364487e+02
2.394164705249017118e+02
2.397718616973141081e+02
2.399670918416533425e+02
2.397467175489367719e+02
2.394303382602174963e+02
2.394316045017277190e+02
2.399513657718194111e+02
2.397665748860977999e+02
2.396652158313771679e+02
2.399425647800482864e+02
2.399231938919886034e+02
2.398241267761455617e+02
2.396143624479066432e+02
2.399656593040932364e+02
2.400133204235798132e+02
2.397367651024021598e+02
2.392177018693393791e+02
2.390704300383292491e+02
2.393649785510274342e+02
2.396082644350901774e+02
2.397653808954652561e+02
2.395955036376806220e+02
2.398926274313916736e+02
2.398158081174407528e+02
2.401153817510938779e+02
2.398753021851350695e+02
2.392835599073314370e+02
2.394995001217438642e+02
2.394488820594229708e+02
2.396679964579958266e+02
2.395063673098802894e+02
2.397447427442267838e+02
2.397130244706742417e+02
2.399528070885884290e+02
2.396918079916592887e+02
2.398490082091656461e+02
2.398069426013382781e+02
2.400132960602435332e+02
2.399129128057340097e+02
2.396610114224504002e+02
2.398725517345094147e+02
2.397014284184573114e+02
2.399015554323939341e+02
2.393998827767661908e+02
2.395419718970969427e+02
2.395121980191671867e+02
2.396606680310613910e+02
2.401296409805035807e+02
2.399077852351926197e+02
2.399753396256599842e+02
2.401594897338620740e+02
2.400190846780828053e+02
2.399236884711933442e+02
2.398643043433689002e+02
2.398625007661034090e+02
2.400643198602791983e+02
2.398573917742911306e+02
2.397074676855163489e+02
2.395069701951692878e+02
2.395014224332499850e+02
2.398425729618773801e+02
2.398895379002017592e+02
2.400997727729439930e+02
2.398718377091549883e+02
2.397809593011838842e+02
2.395697216431127572e+02
2.396786000748328718e+02
2.398366389748168785e+02
2.393866261468522509e+02
2.392773974741015479e+02
2.395130183580028245e+02
2.397127634167501640e+02
2.401253245170536275e+02
2.396850510635892704e+02
2.396244712304558391e+02
2.395787989553622594e+02
2.392232233118390070e+02
2.386698659730345753e+02
2.388744867090661330e+02
2.391100366745500025e+02
2.392961159622883542e+02
2.389514508516908791e+02
2.392482495663607551e+02
2.391216941234667672e+02
2.391832134317098451e+02
2.391552731003160943e+02
2.391080108949218754e+02
2.391744488179429311e+02
2.390643387355415541e+02
2.390331824958467735e+02
2.389282576936063549e+02
2.394405052533568039e+02
2.391162690378566822e+02
2.391956005780813257e+02
2.393756654035159102e+02
2.395134605561793535e+02
2.393399390139539094e+02
2.387587346831350317e+02
2.388479644655748473e+02
2.389378878451638855e+02
2.390192994353955953e+02
2.389048436385004663e+02
2.391835661027585047e+02
2.391258342118777307e+02
2.392607151553182803e+02
2.389648377136722104e+02
2.382389760089414494e+02
2.385150857454637219e+02
2.390838431048689188e+02
2.389573748606065635e+02
2.393023767514346503e+02
2.393330626086708151e+02
2.395172434993644401e+02
2.393257078824807138e+02
2.395968350629879069e+02
2.398043256517853763e+02
2.396531990875987503e+02
2.396376390280544229e+02
2.396787021055653213e+02
2.398337517177791085e+02
2.401163265941799239e+02
2.397150991474776163e+02
2.396193261100802374e+02
2.401777221360836450e+02
2.399899967744401010e+02
2.399220061773426380e+02
2.402068245567021449e+02
2.401211682900546975e+02
2.401086751591141990e+02
