2.883578446939948208e+02
2.885545605929993371e+02
2.886864282221374651e+02
2.883350673768312049e+02
2.882948058969378167e+02
2.882997021996371814e+02
2.885147381777556461e+02
2.887612961463996157e+02
2.887006641991734455e+02
2.884219228378741491e+02
2.885621437051194675e+02
2.885545175295010836e+02
2.884089986760004081e+02
2.883226908632206573e+02
2.884951873993405798e+02
2.884718891796022149e+02
2.883242158210196635e+02
2.883288605782360037e+02
2.883790289301079497e+02
2.884662849038672334e+02
2.885629315362609191e+02
2.885358848245668355e+02
2.885914277829970729e+02
2.885920076045317160e+02
2.886462183730265565e+02
2.888636372674295671e+02
2.883807387771862523e+02
2.882271697633842678e+02
2.884023196432547707e+02
2.884117570480931363e+02
2.885499573811110849e+02
2.885448013470449382e+02
2.883956634442787959e+02
2.883773805896673821e+02
2.882349040391204653e+02
2.883862910090851983e+02
2.883283561723100661e+02
2.882876679507650692e+02
2.883278750920196671e+02
2.882795437682946158e+02
2.883032720738081593e+02
2.884433972539139859e+02
2.884942330719679831e+02
2.885671279738289172e+02
2.884380141675240452e+02
2.884102677916567359e+02
2.884207065147502931e+02
2.885604007201727086e+02
2.884922548173581163e+02
2.884300437068797578e+02
2.883935499935629991e+02
2.883863702888834837e+02
2.883792198312851838e+02
2.883184066056930419e+02
2.884621927568259707e+02
2.883960548891460007e+02
2.883275263697410651e+02
2.883591336764896482e+02
2.884129541095691707e+02
2.884816260133869150e+02
2.884607983725839517e+02
2.883867374530755683e+02
2.885470106084918029e+02
2.886427026967218126e+02
2.883947929829407713e+02
2.883560281812661970e+02
2.883742364220598233e+02
2.883591329988090592e+02
2.882858705691533032e+02
2.882576607424102804e+02
2.883721591601527621e+02
2.886029618089718838e+02
2.888115756712792290e+02
2.888657187658558883e+02
2.883459618727377460e+02
2.883677045344387011e+02
2.885610351947093477e+02
2.887250054727609836e+02
2.888421824365924522e+02
2.886405258386657238e+02
2.882651552686023138e+02
2.882886870536165134e+02
2.884470235395776854e+02
2.885734450729580090e+02
2.888548324023673786e+02
2.886413894377698739e+02
2.884190258048193414e+02
2.884127126700653321e+02
2.886338978340295967e+02
2.889797748463822131e+02
2.887162028458225791e+02
2.885366329251660886e+02
2.885789253320207308e+02
2.886789392438587925e+02
2.887286540758527167e+02
2.886194852152186172e+02
2.884762964800847271e+02
2.885497103212277921e+02
2.887852895803889623e+02
2.889523998048172757e+02
2.885230066731780312e+02
2.884446924160588992e+02
2.883278312874131757e+02
2.885100487551762853e+02
2.884930790629633179e+02
2.886183349068359689e+02
2.885914589896208327e+02
2.886138143533221978e+02
2.886633558870468619e+02
2.888781658261115126e+02
2.886140179349398522e+02
2.886070863827097241e+02
2.887387755945196659e+02
2.888155777417182435e+02
2.883901051185067104e+02
2.882282853000102705e+02
2.884040428999163623e+02
2.886010697839457748e+02
2.887332123768407541e+02
2.889454201749753679e+02
2.886392559971110927e+02
2.884601847111420057e+02
2.884958614978134506e+02
2.886547229214489221e+02
2.887063197476334722e+02
2.884864122318319914e+02
2.885129290161222002e+02
2.886729056700327760e+02
2.889285973830963599e+02
2.885607460926013346e+02
2.884753311029769520e+02
2.884753383166899425e+02
2.885250833435100049e+02
2.884995695589566935e+02
2.887120531189106600e+02
2.888652538753191834e+02
2.887429299551857298e+02
2.886083932708083353e+02
2.887463801695455459e+02
2.888003196995439907e+02
2.890143257554700540e+02
2.889004045774933616e+02
2.884022835833681597e+02
2.883939408228301886e+02
2.885449995853109044e+02
2.887642539252956908e+02
2.889747868955175818e+02
2.889798604012524947e+02
2.889487234723359279e+02
2.888952508232476362e+02
2.889667329671544280e+02
2.892288375260202429e+02
2.892446054070073274e+02
2.891707637477926482e+02
2.889604060312141200e+02
2.888705484436233633e+02
2.889313437662660249e+02
2.890008188120614818e+02
2.891314949929661680e+02
2.894290623828071602e+02
2.890985119253477933e+02
2.888908789839703672e+02
2.890203916193941609e+02
2.893256809453426968e+02
2.894549254459711847e+02
