2.382835534489140912e+02
2.383007153900821322e+02
2.382650796962963113e+02
2.380001626920033289e+02
2.382966540633450450e+02
2.382700299500926349e+02
2.384065969324373100e+02
2.380201606900966453e+02
2.385221696017590887e+02
2.381719565625669475e+02
2.379034131945784338e+02
2.381614802955310495e+02
2.381384005693929851e+02
2.382236040401444086e+02
2.385469994545642294e+02
2.381309368223197964e+02
2.382124690411373820e+02
2.381719015053384680e+02
2.387691577681617048e+02
2.382871068978636515e+02
2.381429122919530812e+02
2.384793725670126889e+02
2.382939089273303068e+02
2.381680648716321969e+02
2.387182516992858154e+02
2.386293116004660533e+02
2.386739298703879513e+02
2.384790328084555995e+02
2.383588017209523571e+02
2.385305255395097674e+02
2.385905603135302329e+02
2.386259581286893763e+02
2.386045370230536946e+02
2.383072942986112821e+02
2.377996990046337658e+02
2.382626260735325161e+02
2.383280880536850361e+02
2.382373034667548097e+02
2.384286584102865163e+02
2.383037938627573169e+02
2.385646727126574262e+02
2.385439119043104768e+02
2.387913261622113623e+02
2.384156808562840126e+02
2.384276873269800490e+02
2.384046471982714195e+02
2.384798593140600076e+02
2.383119963814113760e+02
2.387231340617822752e+02
2.386895116465531146e+02
2.381973828018996073e+02
2.384062878630608395e+02
2.380972596310466258e+02
2.379854349370661168e+02
2.381354100279007753e+02
2.387139792917452041e+02
2.383379640313247307e+02
2.383175071474025515e+02
2.384935995347012465e+02
2.384405589609086746e+02
2.386527899588616890e+02
2.384402577597871868e+02
2.379998739480260781e+02
2.383125709781812986e+02
2.380072323754247066e+02
2.385930067946066799e+02
2.386280213405231905e+02
2.388507642912412336e+02
2.385488254814655704e+02
2.384623308237144954e+02
2.385066274952215508e+02
2.385905762642690036e+02
2.382660162178212033e+02
2.381881419209621242e+02
2.387053064648124518e+02
2.384426015863018620e+02
2.384426646900372191e+02
2.385796246898642039e+02
2.385729004792524393e+02
2.386091569546418043e+02
2.382111618090961258e+02
2.383037642194591399e+02
2.386760038281210825e+02
2.380847015913856239e+02
2.384661821287843111e+02
2.380637489117327448e+02
2.383614026994760309e+02
2.383740113572882819e+02
2.383516593252182076e+02
2.380580700241371517e+02
2.380789130233963249e+02
2.381248804425589469e+02
2.384202060671092624e+02
2.382585045563672850e+02
2.381103509885607536e+02
2.380891335807116320e+02
2.381869111967100991e+02
2.383542482822658712e+02
2.379517461447271671e+02
2.383605426285384112e+02
2.382859188648779991e+02
2.381496167779901043e+02
2.379841963993347917e+02
2.381618029002464425e+02
2.378980521903448562e+02
2.379577487950035959e+02
2.381453826372200240e+02
2.378140081199263989e+02
2.382010501969560892e+02
2.380361159728244900e+02
2.379867116585560325e+02
2.378730611030102011e+02
2.381395652864292458e+02
2.373809579933712541e+02
2.377356359646990143e+02
2.375893910962281552e+02
2.374422165620760268e+02
2.377654579137046085e+02
2.373748078253324536e+02
2.376237523989917406e+02
2.374269563502656695e+02
2.374395341855369281e+02
2.374685490800753769e+02
2.375523742046960933e+02
2.373865079543735135e+02
2.369873311528653801e+02
2.374989496792500177e+02
2.373501899543580578e+02
2.369681319027502298e+02
2.373177369364382230e+02
2.371462648764844516e+02
2.375805270403212717e+02
2.369031564074015535e+02
2.369949408973305651e+02
2.370611974820145349e+02
2.369809524064966411e+02
2.367715674963240247e+02
2.369338077173737247e+02
2.371978247745423687e+02
2.372818052920401612e+02
2.373226779560011437e+02
2.367861961710975720e+02
2.362059373289140183e+02
2.366238128408799355e+02
2.367637914953683946e+02
2.365960444573965731e+02
2.372618327273664818e+02
2.365588678543153094e+02
2.369544681216339086e+02
2.370330775206426495e+02
2.370622372479058129e+02
2.374338785241978655e+02
2.371450626110650717e+02
2.375773546989315719e+02
2.371991918403916770e+02
2.371033235359964237e+02
2.373087708949800856e+02
2.371959471667996411e+02
2.370241020613724174e+02
2.371715145933648330e+02
2.373385101271638575e+02
2.372263376017807843e+02
2.375445429017911749e+02
2.373562999196297199e+02
2.372782256336864748e+02
