2.417020377944221536e+02
2.373047781458358259e+02
2.389783403322313688e+02
2.391599395311640990e+02
2.398683632043894534e+02
2.405556732397019175e+02
2.410722123498356098e+02
2.409025954838212726e+02
2.413380826125381589e+02
2.408629250383580427e+02
2.416331971715128191e+02
2.421506532974138679e+02
2.419878993409375028e+02
2.419161810742018588e+02
2.425080457014913691e+02
2.423009688417111818e+02
2.422586413774336336e+02
2.420536543885696403e+02
2.424894836709261483e+02
2.420574711655824274e+02
2.417617443576305050e+02
2.426324320900281180e+02
2.425466666075112414e+02
2.429898936282503712e+02
2.427162977005066580e+02
2.426599875382662219e+02
2.425672483990317403e+02
2.429208101636186257e+02
2.429843011573352385e+02
2.428199155978591079e+02
2.428103736598384330e+02
2.429778936584592373e+02
2.429822621545078789e+02
2.430303858356380999e+02
2.428367597583709028e+02
2.430494935450877563e+02
2.428989015443151231e+02
2.430389076682155576e+02
2.430013713801332642e+02
2.428872013998535238e+02
2.430565913667469147e+02
2.431133025980587092e+02
2.431794330894580582e+02
2.434045221304362201e+02
2.429601382515841976e+02
2.426143610183758881e+02
2.432062447182774179e+02
2.434015609475852671e+02
2.427286602058013898e+02
2.433564726083700691e+02
2.432700973015810462e+02
2.429949643816948992e+02
2.430357525238215715e+02
2.430930327033910032e+02
2.430348808794250317e+02
2.433635603481515943e+02
2.431778398495880538e+02
2.433477961467465036e+02
2.433515035866245455e+02
2.432090654558083713e+02
2.435105100144719472e+02
2.428926529924372062e+02
2.432262498845884977e+02
2.437200892047091259e+02
2.434776100319124907e+02
2.435820916198287307e+02
2.436390588832844344e+02
2.434291154879505541e+02
2.432229158285797439e+02
2.434239843942378911e+02
2.431040841127793044e+02
2.432677271241355754e+02
2.435746032384584225e+02
2.431065150926608567e+02
2.432771792995565647e+02
2.439576652757612862e+02
2.432790057123361578e+02
2.435283211400159473e+02
2.441702910124123775e+02
2.438004492028114782e+02
2.436219946579286670e+02
2.441549531323905455e+02
2.431405647259133218e+02
2.434266792828833275e+02
2.440266936551239496e+02
2.436094852647846949e+02
2.433955099216138080e+02
2.433087459263690846e+02
2.440934761472446155e+02
2.439146596576251511e+02
2.438973752155974353e+02
2.435528248768050332e+02
2.440013723386038862e+02
2.436832176388714117e+02
2.440221258874711623e+02
2.441117564673249092e+02
2.437362466741612081e+02
2.439137546385774442e+02
2.439972265562279006e+02
2.438140369137745154e+02
2.441588727018429381e+02
2.441219648996596163e+02
2.443216813712218425e+02
2.446125218263989893e+02
2.439315186526308707e+02
2.441840305843422811e+02
2.443680546273342031e+02
2.437750405270952854e+02
2.440188119850806459e+02
2.443557059090318262e+02
2.440970754609400899e+02
2.444054964121821740e+02
2.446585773750834107e+02
2.444077718705481459e+02
2.445557791544282225e+02
2.444479995609799516e+02
2.444775938507745252e+02
2.448475575322723898e+02
2.440325241283723301e+02
2.443992968866409967e+02
2.447746959006490215e+02
2.443372417840205060e+02
2.446164730526089386e+02
2.442695417212966902e+02
2.443044204965704012e+02
2.448282788442845685e+02
2.449055189271505242e+02
2.443650730508981326e+02
2.442918439637807069e+02
2.444853378826048811e+02
2.448834920911467634e+02
2.449633951285345290e+02
2.446886866781959782e+02
2.447621793960672676e+02
2.446958426549537364e+02
2.445610266143671936e+02
2.443272239363590472e+02
2.445296479442734210e+02
2.449095157122636977e+02
2.448363697854562417e+02
2.443993629292624519e+02
2.447815439938435702e+02
2.447193712431492258e+02
2.450069636919555762e+02
2.445529433065387366e+02
2.448137024534138391e+02
2.450491875994815700e+02
2.444929141062063138e+02
2.447981057370805900e+02
2.445876170505008815e+02
2.448653032099457221e+02
