9.800642976299786824e+01
9.528767108719681289e+01
9.521482883335573888e+01
9.547791802803625671e+01
9.448151747897280472e+01
9.460331309004659772e+01
9.455838536193384414e+01
9.393672018490126163e+01
9.470095389659515206e+01
9.435207784018722066e+01
9.413010036093639599e+01
9.394514363346651464e+01
9.414309623277029004e+01
9.406647878771796911e+01
9.398845288928879427e+01
9.384870551816607076e+01
9.414533165406203352e+01
9.404833934305774790e+01
9.423452469352135097e+01
9.440980971807819344e+01
9.447919270143141546e+01
9.362681539889598525e+01
9.377570793360648338e+01
9.385554817800273497e+01
9.354890830536919566e+01
9.371666348149965131e+01
9.364428158772501831e+01
9.359580896544507311e+01
9.427019733239973220e+01
9.371052157314386477e+01
9.398507361909794611e+01
9.414936881956407433e+01
9.352879221862087888e+01
9.375067390712648319e+01
9.373864556945453330e+01
9.409733860775649816e+01
9.402842181808472333e+01
9.339419993555613075e+01
9.396963053844876868e+01
9.379482188781967977e+01
9.367150476392872349e+01
9.384272067539602347e+01
9.339839230346721877e+01
9.388404548388518833e+01
9.435338535052392217e+01
9.413833550262768313e+01
9.365526712948121713e+01
9.438240228674175114e+01
9.344518996762359109e+01
9.391512738939462679e+01
9.377686793067323379e+01
9.334331490160064959e+01
9.368339778151140251e+01
9.420629182352843145e+01
9.353893082496756506e+01
9.360169635583714864e+01
9.357809143362881343e+01
9.347727229452378594e+01
9.385369455084719448e+01
9.393766194458834207e+01
9.408864815204486831e+01
9.403693129764171488e+01
9.318254523205392559e+01
9.373805412433637230e+01
9.307827222295020420e+01
9.398156726190667598e+01
9.393923492179310131e+01
9.365330635692821204e+01
9.393168976345786803e+01
9.385385284702357467e+01
9.371432507728394512e+01
9.378255562817197699e+01
9.362364069390923760e+01
9.377864344588465428e+01
9.369389395576617119e+01
9.362099671593300343e+01
9.370029163457665788e+01
9.269598201529318260e+01
9.349914618467751382e+01
9.326789704836414785e+01
9.331311226697120276e+01
9.432328190028043480e+01
9.376872476910106968e+01
9.360561114894066748e+01
9.351742729786785446e+01
9.367041572666694549e+01
9.391120925235406958e+01
9.309160219162545502e+01
9.322749748669225767e+01
9.320775283851021698e+01
9.337018342393172077e+01
9.327103135912345522e+01
9.329308378886180719e+01
9.312312798481114839e+01
9.341958848814766725e+01
9.362920337731846132e+01
9.316933318544573694e+01
9.345829332156124281e+01
9.305348095636685457e+01
9.312866842300299197e+01
9.342965669179471888e+01
9.334429394129269042e+01
9.300610099555665045e+01
9.307088879805593251e+01
9.354753795827458873e+01
9.278565925577957785e+01
9.353426370474858231e+01
9.311899270332361311e+01
9.327698768648696159e+01
9.341770708900946829e+01
9.334753139973450686e+01
9.285426997752256284e+01
9.338052392023926984e+01
9.272173459665249595e+01
9.315598564455531516e+01
9.305886757500695694e+01
9.277870266690898404e+01
9.310931440274201520e+01
9.334430277360506523e+01
9.307264204390268958e+01
9.351123961124694972e+01
9.248910421877485533e+01
9.318788968304242815e+01
9.295821814223876345e+01
9.347082564830107287e+01
9.291729379606992723e+01
9.319185088229828295e+01
9.273269658143460958e+01
9.309256739418442805e+01
9.266015598355811278e+01
9.240683708487388515e+01
9.271144562856852644e+01
9.271751632701551671e+01
9.307376767472906920e+01
9.289330058157925407e+01
9.317184144952115332e+01
9.296797738226338481e+01
9.315702414212427129e+01
9.293425725964486617e+01
9.291089288392221590e+01
9.291782503628162715e+01
9.293063342426535201e+01
9.271425428984281325e+01
9.310076826547418705e+01
9.276484730932456557e+01
9.304954429222799206e+01
9.291892238762157774e+01
9.315877721838552361e+01
9.280275144963330547e+01
9.261314536775661566e+01
9.307244015099790602e+01
