2.869014262820635963e+02
2.879567605142200932e+02
2.887026666877865182e+02
2.888350413069774163e+02
2.892564721592340788e+02
2.896828195407886710e+02
2.897722723706442025e+02
2.898091522258397958e+02
2.899612010279551555e+02
2.899398776599381335e+02
2.901484641817370971e+02
2.903742563621280510e+02
2.903419764374654051e+02
2.903510371045354646e+02
2.904630114836268149e+02
2.904972019616859029e+02
2.903979883955815353e+02
2.904517900026770008e+02
2.906122769081060824e+02
2.904259140873796241e+02
2.904144831132420563e+02
2.906258389342173700e+02
2.906801749061742157e+02
2.907109181027704494e+02
2.907282699063776477e+02
2.907056188243924453e+02
2.907127707260706302e+02
2.907843135812694868e+02
2.908052332933777393e+02
2.907989101471129061e+02
2.907654895303067519e+02
2.907760476846782467e+02
2.907695886461701207e+02
2.907990534387354842e+02
2.908326734376193485e+02
2.908336730813417148e+02
2.908046324083222771e+02
2.908760671791125105e+02
2.908970994253072035e+02
2.907960219231136421e+02
2.908820114753509642e+02
2.909080123664210191e+02
2.910111695410601556e+02
2.910658854820800912e+02
2.908370537591005132e+02
2.907049259958972698e+02
2.909155799112884893e+02
2.908820517813523452e+02
2.907291217685806828e+02
2.909487549609697794e+02
2.909084845442561118e+02
2.908259333575838355e+02
2.908133214899356176e+02
2.908726003691287474e+02
2.909403290293323607e+02
2.909761526047794291e+02
2.909444052805928322e+02
2.911216176749201168e+02
2.910571589045300129e+02
2.909529491163541479e+02
2.909731856422723695e+02
2.907685789274299850e+02
2.910656906123267049e+02
2.911020299370843532e+02
2.911234519776168099e+02
2.911420967621718887e+02
2.910794694123179056e+02
2.909164889001335723e+02
2.909433827058612110e+02
2.910629898152459987e+02
2.910814653704897523e+02
2.910708717835196921e+02
2.910344644250749297e+02
2.909805193817960003e+02
2.910673358468562810e+02
2.911483941170501453e+02
2.909594846974640063e+02
2.912118627553167585e+02
2.912619910109475541e+02
2.911262661456906358e+02
2.911611705929798859e+02
2.912630011675839228e+02
2.909648452509747472e+02
2.910559256018137262e+02
2.912626872638745112e+02
2.911530570499663213e+02
2.910306623704263984e+02
2.910801494194510610e+02
2.913417255888712134e+02
2.913025620766339330e+02
2.912819900562536191e+02
2.912090994949895162e+02
2.912564088511981026e+02
2.912236008519242318e+02
2.914064212048891136e+02
2.913324852205726643e+02
2.913685692040338040e+02
2.913703847684476500e+02
2.913721646465918980e+02
2.912826849297167655e+02
2.914579605299919649e+02
2.914271906618023991e+02
2.914961687124009018e+02
2.915908653107777582e+02
2.913499753120088940e+02
2.914862568364719095e+02
2.915173948147552210e+02
2.913526957491842495e+02
2.913832702004017960e+02
2.914503112538502592e+02
2.914399265171898037e+02
2.915626105843469418e+02
2.917071397786666580e+02
2.916268472037712058e+02
2.916627459104316245e+02
2.916055821485982165e+02
2.916078261422955507e+02
2.916846773534234671e+02
2.914274265305666631e+02
2.916594420624352892e+02
2.917298022737529095e+02
2.916121798461885533e+02
2.917047790853038123e+02
2.915755009355895595e+02
2.915647303691489469e+02
2.916611569746866621e+02
2.916614169838462658e+02
2.915444872782786092e+02
2.915822299416914234e+02
2.916719225174527423e+02
2.918526702364219432e+02
2.919102702490147863e+02
2.918160311488838374e+02
2.917827233257372654e+02
2.918093624235349921e+02
2.917868088521731806e+02
2.917053290796965825e+02
2.917929587047176483e+02
2.918040270236051015e+02
2.918469657009805474e+02
2.917474511611472394e+02
2.917957072062869770e+02
2.918892881207068513e+02
2.918805764903784734e+02
2.917769997090018137e+02
2.917850824591466221e+02
2.918609962071943755e+02
2.917271855488219217e+02
2.917886827900635467e+02
2.917880690790068456e+02
2.918132013367165314e+02
