2.866625998482886644e+02
2.864266368394034998e+02
2.863873117442639114e+02
2.864199758611087532e+02
2.864644082675126242e+02
2.864541498709301663e+02
2.864113292679876963e+02
2.864059710511664321e+02
2.863757240574688581e+02
2.865258444430610325e+02
2.864995272832977093e+02
2.863985535307741088e+02
2.863234220868001216e+02
2.863536466592178726e+02
2.864236373911707574e+02
2.865636581128991907e+02
2.866829249149189991e+02
2.866918174583890959e+02
2.868575247998147120e+02
2.867752703582376625e+02
2.865862480653170223e+02
2.866439033331612336e+02
2.865482259434950834e+02
2.865124450890903631e+02
2.865753102070605678e+02
2.864812821861672205e+02
2.864471141958090357e+02
2.864486162943675822e+02
2.865241518748415501e+02
2.866280482706737871e+02
2.866725935904457288e+02
2.866205731398217154e+02
2.865911003648618021e+02
2.864676621091946345e+02
2.860424269368597265e+02
2.860333353466352833e+02
2.860471082954340432e+02
2.862149830182956407e+02
2.864758800930816847e+02
2.865136080752681664e+02
2.863766842589797079e+02
2.863470868582161870e+02
2.862577840188604910e+02
2.862833698059038170e+02
2.864431923437647924e+02
2.865709503334942951e+02
2.865081820257143477e+02
2.865000684499167960e+02
2.863760720166895339e+02
2.864453952972122011e+02
2.863891923743693155e+02
2.864441275404704470e+02
2.865063442190817682e+02
2.863348244498611734e+02
2.864564008569879547e+02
2.865740068758416896e+02
2.864355909124182631e+02
2.863928178605768267e+02
2.863800443985039124e+02
2.863989932140834185e+02
2.864807301643585902e+02
2.866310225579400708e+02
2.864367344624303087e+02
2.863526429298337348e+02
2.864911932464616484e+02
2.865696331349961383e+02
2.864935582638826759e+02
2.865338051354958111e+02
2.864570846614569177e+02
2.864798332394986460e+02
2.865397251180339708e+02
2.865095452331070760e+02
2.864620754425750988e+02
2.865692113410345314e+02
2.865807872897809148e+02
2.865135554714244677e+02
2.865833867133675312e+02
2.868039636029786266e+02
2.867665444960800869e+02
2.866669839999126452e+02
2.868085012738987984e+02
2.869072808986097698e+02
2.869646269107961984e+02
2.866184189251836756e+02
2.866124058615607737e+02
2.868221688340806850e+02
2.867219023762325492e+02
2.866380485069359452e+02
2.868476520202852385e+02
2.867795940875404312e+02
2.868674878006745530e+02
2.868461679781989346e+02
2.868290814073290562e+02
2.868483345100082147e+02
2.869247688603634288e+02
2.869791594517299700e+02
2.870043236473720185e+02
2.869538476460021457e+02
2.869679350945249894e+02
2.868885336209603452e+02
2.869644299439955262e+02
2.868710902394564641e+02
2.867733682640846951e+02
2.868509147702783935e+02
2.869852035315151397e+02
2.870920552253333540e+02
2.870470823116303904e+02
2.870857559901851914e+02
2.869887339604057956e+02
2.869749614574861880e+02
2.870175053461600214e+02
2.869666536984886420e+02
2.868680574918562343e+02
2.869476376519585301e+02
2.868117607921130343e+02
2.868826351559077352e+02
2.867234656117137206e+02
2.868408489333498324e+02
2.867637888964482613e+02
2.867873049872138722e+02
2.867361818314088850e+02
2.868422027322770305e+02
2.868102415423348361e+02
2.867563177558410530e+02
2.867789615589950358e+02
2.866585519442337500e+02
2.866318797774403606e+02
2.868736381082565572e+02
2.870093944324777340e+02
2.868692544073273893e+02
2.868655235137255772e+02
2.868815057295453244e+02
2.867709619536838659e+02
2.868433710301941915e+02
2.870348165559535687e+02
2.870464561034748385e+02
2.868317072264173362e+02
2.871023017879370514e+02
2.872518378317130896e+02
2.872567507731930618e+02
2.872074049668856333e+02
2.872357798768163661e+02
2.871258118467853251e+02
2.871415573546521500e+02
2.869870081751633961e+02
2.871263848413789219e+02
2.872620782300089672e+02
2.872999272118975114e+02
2.873688057215318281e+02
2.874372525982703905e+02
2.875067851466847628e+02
2.876151439037493560e+02
2.876347546249328957e+02
2.876578966254195961e+02
2.877089943232278415e+02
2.878012036087662295e+02
2.877975166930546607e+02
2.877272242801809057e+02
2.877451399369014666e+02
2.878405561649271931e+02
2.878639221866353068e+02
2.878543282661993885e+02
2.880351516744894411e+02
2.881862121300652575e+02
2.881546830326975055e+02
