2.395111504692311826e+02
2.393583962513429242e+02
2.399146378854549937e+02
2.393848729826022463e+02
2.393229344710991597e+02
2.395737106347353631e+02
2.393683180495295630e+02
2.396555941923270723e+02
2.397885613598660655e+02
2.398402606209480155e+02
2.394312617183380496e+02
2.391058862194335859e+02
2.397409573374286254e+02
2.395855401300691483e+02
2.398672402576412139e+02
2.396938183143142851e+02
2.395529947799568617e+02
2.397854502876698746e+02
2.396671237855672132e+02
2.397699639883148848e+02
2.400907506875875868e+02
2.400869649679150086e+02
2.402312618115697944e+02
2.397228696001867547e+02
2.399280700818060268e+02
2.400704225666218861e+02
2.402957349755396024e+02
2.402536430785733046e+02
2.398888947345988356e+02
2.401259499249099179e+02
2.401777255735095480e+02
2.400108092802390445e+02
2.402029676295112495e+02
2.405192650172255071e+02
2.402657326393919845e+02
2.398549440524907084e+02
2.402842875807520215e+02
2.407930969047503140e+02
2.402074402202396186e+02
2.399682634298137600e+02
2.403366810260989439e+02
2.404583015502265937e+02
2.401215832470729481e+02
2.406947425310795268e+02
2.406649511268204833e+02
2.399513148133777349e+02
2.398244438674137200e+02
2.402437759979972327e+02
2.406718566975752367e+02
2.406717965199230491e+02
2.400423355181507361e+02
2.401590257361614533e+02
2.407041286769896544e+02
2.405510062704638301e+02
2.406554766388877624e+02
2.407233567767708280e+02
2.405391991637237652e+02
2.405480262269305456e+02
2.404125597120765860e+02
2.404802559997586684e+02
2.409189721111101505e+02
2.403351096685551056e+02
2.405551291860023468e+02
2.406398064221901620e+02
2.407573164623583750e+02
2.404305079980047140e+02
2.410956738447048622e+02
2.410515985949895423e+02
2.409115446793601620e+02
2.407851337679971095e+02
2.408543607931815131e+02
2.404865516371675938e+02
2.411969307512959233e+02
2.411628191311198464e+02
2.410667545932177802e+02
2.415388186307804119e+02
2.409243533334316965e+02
2.411965482012044788e+02
2.414554359918650164e+02
2.410646744746601087e+02
2.412680748640380273e+02
2.417170883208495979e+02
2.412181111609502580e+02
2.416285320684268925e+02
2.415165265092314542e+02
2.414147865511654345e+02
2.415282197464331091e+02
2.416371783084470906e+02
2.410973508381349575e+02
2.415217042912709360e+02
2.415389395241666932e+02
2.415276089747948447e+02
2.417061782963301084e+02
2.414651735431462214e+02
2.417875099243605064e+02
2.413363069192858745e+02
2.415233713571355167e+02
2.420037809982285637e+02
2.414029561350289441e+02
2.417670083203599631e+02
2.421010765247066274e+02
2.421721773584037010e+02
2.418386628742696303e+02
2.419936454776411381e+02
2.421624635408508084e+02
2.423121623560220144e+02
2.419207760160624332e+02
2.422258580563998578e+02
2.422065146528926789e+02
2.423652008925822940e+02
2.418423842704470701e+02
2.422608993620452793e+02
2.420598529200742632e+02
2.420842924481962939e+02
2.423669147643950055e+02
2.423857202574764358e+02
2.422260485071965377e+02
2.423626357202234374e+02
2.423669350989214308e+02
2.428852087252953140e+02
2.426535284212234558e+02
2.427504507920178867e+02
2.428387874463549281e+02
2.430221359034059958e+02
2.429858511534365846e+02
2.428165212075959118e+02
2.428186231151607899e+02
2.428766413106833397e+02
2.430673044010989940e+02
2.426261876552178194e+02
2.430121849695406127e+02
2.428967011644624563e+02
2.432356100926309637e+02
2.432077851977606713e+02
2.432122222131573892e+02
2.427272434523406730e+02
2.432766404656923953e+02
2.434938314528648391e+02
2.433463805861155436e+02
2.434316927076322088e+02
2.433780147464252650e+02
2.434059537588727835e+02
2.439013636578833939e+02
2.435783033996855522e+02
2.440757378297114144e+02
2.437393300688830777e+02
2.441057477728419656e+02
2.438045325815477042e+02
2.437122310130775986e+02
2.446614250407239695e+02
