2.867706757008254499e+02
2.869703852841727780e+02
2.870547871518696752e+02
2.868631368192075684e+02
2.869024240453071570e+02
2.869925491291446633e+02
2.870877840283760065e+02
2.870964631703897680e+02
2.871266663229040432e+02
2.871054660128958176e+02
2.868982020279654535e+02
2.869914011695886984e+02
2.871818669543930582e+02
2.871827590420697334e+02
2.872894573227819706e+02
2.872206389072352977e+02
2.873002633749283063e+02
2.873587947033362866e+02
2.873407151308490484e+02
2.874106275970056004e+02
2.874931150031904963e+02
2.876168009968384354e+02
2.876020442139387683e+02
2.874583575248315697e+02
2.876416928167643050e+02
2.876575348122236733e+02
2.878121222143232103e+02
2.877813583704877942e+02
2.875946659959723206e+02
2.877905696014658474e+02
2.877391231261643156e+02
2.877583900987710877e+02
2.878273016523764340e+02
2.879733841297093591e+02
2.878154619411969293e+02
2.878364545374454906e+02
2.881872855482750992e+02
2.882057327868046173e+02
2.879356863839436187e+02
2.879010758609881009e+02
2.881206526111319590e+02
2.881827853920175926e+02
2.881953927438818823e+02
2.883817587830924936e+02
2.883087508224529074e+02
2.879901905926914765e+02
2.881052317647802852e+02
2.882379261546371367e+02
2.883690805624981408e+02
2.883606546803563901e+02
2.882336230713921168e+02
2.883122053915961942e+02
2.885111891820146752e+02
2.884814190197621997e+02
2.885036310984123133e+02
2.885812833371044235e+02
2.884884938097151803e+02
2.886364484733324502e+02
2.886119347096162073e+02
2.885980644747546080e+02
2.887222321831370664e+02
2.885628914989084137e+02
2.886842818671747182e+02
2.886847001163242226e+02
2.888210059520744721e+02
2.887645904120115006e+02
2.889004963642994994e+02
2.889215115612472005e+02
2.889547600953487745e+02
2.890213370178431660e+02
2.889459333363662950e+02
2.889602974542754623e+02
2.891066434261684321e+02
2.891741872582296082e+02
2.892037652249705388e+02
2.893192307439128967e+02
2.891457660972147323e+02
2.892910995482191652e+02
2.894009772891014336e+02
2.892608113832778258e+02
2.893957431997758363e+02
2.894422544763314704e+02
2.893669546281598173e+02
2.896003178599091257e+02
2.895676842697087068e+02
2.895150311590089700e+02
2.896835242501697394e+02
2.896975548185470188e+02
2.896374516480446459e+02
2.896875594923762947e+02
2.896253051760857034e+02
2.898102667586385337e+02
2.897495520663088087e+02
2.899150583478082694e+02
2.898345177825102041e+02
2.897102688780896074e+02
2.898898158584067914e+02
2.900051976491718051e+02
2.898625916129145708e+02
2.900826990773053922e+02
2.902993367654376584e+02
2.902970043058543865e+02
2.901184949817554184e+02
2.902296322809922344e+02
2.903281628398047474e+02
2.903302477490979072e+02
2.903785837776921994e+02
2.903519009112114304e+02
2.904264995073953060e+02
2.904756356242847914e+02
2.904319710161664716e+02
2.904589589001415675e+02
2.904594848019573305e+02
2.905663558103355513e+02
2.906864559848702925e+02
2.906898872732705854e+02
2.907132702204981456e+02
2.908749353434212139e+02
2.909303062372870841e+02
2.911161398431092948e+02
2.910834117305057021e+02
2.911302994675268678e+02
2.912774691677137184e+02
2.912291401884246511e+02
2.912627886039003329e+02
2.912617786112434146e+02
2.913281931857792983e+02
2.914716293903630344e+02
2.914904440960932561e+02
2.913197391668091427e+02
2.914499167683811720e+02
2.914568502461759749e+02
2.917096045503969322e+02
2.917077417914456987e+02
2.917022351538084308e+02
2.916719381064926324e+02
2.918451247825291830e+02
2.918276425783796526e+02
2.919826571624417397e+02
2.920427302414262272e+02
2.920021630875745018e+02
2.922351670343495016e+02
2.923219244305865345e+02
2.923036707079499479e+02
2.923212948886301206e+02
2.923734535928126661e+02
2.925384594606156838e+02
2.924804541942423270e+02
2.926034767441660733e+02
2.927422926411385902e+02
