2.405799855724905285e+02
2.408947765182288379e+02
2.411282760734370356e+02
2.405518426721265541e+02
2.405781963863083490e+02
2.406271869160933647e+02
2.403892877765305514e+02
2.400801755921259257e+02
2.405056148069351138e+02
2.405543892086107860e+02
2.405670912135740309e+02
2.405051391822576079e+02
2.403095264584212885e+02
2.397890634337285576e+02
2.399948293948824585e+02
2.404943521291979494e+02
2.403367199007352895e+02
2.402756570411146413e+02
2.407267057970146880e+02
2.406143736922577148e+02
2.405633254317038734e+02
2.408424244507008041e+02
2.408496121831460357e+02
2.403789579369759792e+02
2.404435919791169738e+02
2.409787826592457805e+02
2.410878984513068701e+02
2.408498865787963723e+02
2.413684958995031593e+02
2.405178509210344657e+02
2.406744000863386646e+02
2.410754417336396784e+02
2.406253192612898317e+02
2.405273492021680113e+02
2.398740468271727480e+02
2.400398016220119359e+02
2.400512761262616550e+02
2.401816030061301319e+02
2.409231060609363624e+02
2.408717270179258776e+02
2.403089159551666398e+02
2.404993422062093202e+02
2.409155466755817088e+02
2.409571936596661601e+02
2.406395439313220947e+02
2.408558069387780733e+02
2.403719703691095049e+02
2.407317436023350581e+02
2.406110571395757916e+02
2.403687169080072579e+02
2.402859604096747432e+02
2.405237410553370694e+02
2.406578116049716982e+02
2.399754867449773599e+02
2.400116117776038891e+02
2.403455801029478778e+02
2.405035700207040748e+02
2.401024841381982924e+02
2.400683320530995104e+02
2.406533693140224841e+02
2.402742050802654319e+02
2.401436041447994683e+02
2.398294778387450776e+02
2.399456757254072556e+02
2.400022785054344752e+02
2.403900580357994556e+02
2.399297440402825714e+02
2.400276980906498636e+02
2.399767666916688995e+02
2.401604106596882957e+02
2.408194585778348937e+02
2.401060995857656906e+02
2.403313038180866670e+02
2.410052942272591281e+02
2.403660028328523595e+02
2.400856872010823224e+02
2.400370727391575940e+02
2.408231338757956621e+02
2.405804996099400626e+02
2.404955384981778934e+02
2.401648140034289725e+02
2.402668469107541114e+02
2.399197372146772977e+02
2.400788419269474332e+02
2.402838582413702682e+02
2.405897316356229965e+02
2.402203249446648954e+02
2.406293051227890203e+02
2.404482178280485414e+02
2.403931523382104558e+02
2.401378211740974677e+02
2.407785771581596634e+02
2.400818308313834279e+02
2.402223544001889195e+02
2.401383384208234020e+02
2.402934962999929951e+02
2.404642405151985542e+02
2.398325341070348031e+02
2.397977152099024636e+02
2.401849519123165635e+02
2.400580694543637037e+02
2.397283902731917351e+02
2.400731223442823250e+02
2.401091694744311553e+02
2.399892628550830125e+02
2.402639386857711088e+02
2.396309043316522036e+02
2.396639975219658254e+02
2.398400652949318044e+02
2.405187330280517699e+02
2.398309528578828633e+02
2.402883000360206154e+02
2.401013476796973976e+02
2.396786438583747270e+02
2.394892729378003366e+02
2.396074961726879167e+02
2.393267145649043925e+02
2.394426647261192045e+02
2.394767110901010767e+02
2.392539791893455288e+02
2.397826555804582540e+02
2.395152017688475610e+02
2.394027876853652117e+02
2.397511139332738992e+02
2.398957933213525564e+02
2.391859029603924682e+02
2.393211637526964353e+02
2.394097708081490907e+02
2.392887059583949849e+02
2.395328841332641332e+02
2.394904919447567124e+02
2.389946222606174899e+02
2.386832812699430235e+02
2.386880317303519234e+02
2.389397857128679163e+02
2.394465679536243670e+02
2.393177804616338733e+02
2.392452813722947838e+02
2.394512975951590477e+02
2.396822241288816997e+02
2.393928976360060403e+02
2.389130192372226418e+02
2.390129998339635051e+02
2.384679064600148877e+02
2.389009522608769203e+02
2.389973970555268750e+02
2.390199986146052140e+02
2.393740075553969291e+02
2.397409209544489670e+02
2.390196772707775779e+02
2.393533148987895345e+02
2.397037803945389953e+02
2.400077202778766434e+02
2.391738737139039301e+02
2.397324456158808061e+02
2.395515352356484016e+02
2.394973364144202890e+02
2.394230316028812240e+02
2.398087313659742392e+02
2.400441378175948728e+02
2.393684268973448468e+02
2.393962275669460951e+02
2.400244362079738494e+02
2.404918453973621411e+02
2.400762781032457553e+02
