9.906788984588278879e+01
9.830430234326303207e+01
9.861881390578425055e+01
9.898919089525567472e+01
9.950479705663407515e+01
1.000087940560686661e+02
9.883905588523852259e+01
9.959524716165405778e+01
9.872733636405992286e+01
9.835945225825072669e+01
9.864716978264981151e+01
9.860212386418849917e+01
1.013319263772291947e+02
9.962902609880592308e+01
9.914023530773194182e+01
9.996927594763285185e+01
9.924332637693082404e+01
9.867253712876934912e+01
9.898487646329442669e+01
9.900641379962156918e+01
9.882480611674293414e+01
9.811811846388435754e+01
9.871795257791974620e+01
9.903849953871771561e+01
9.844828246433682750e+01
9.866768776011463160e+01
9.914389989434151573e+01
9.859668634623426442e+01
9.953389497955971876e+01
9.874196087008328959e+01
9.865062413685977560e+01
9.845984047085498503e+01
9.848671984303278748e+01
9.885605551917309697e+01
1.011302595011143950e+02
1.004139104093019199e+02
9.906550473520213984e+01
9.905729083554143699e+01
9.837956997532246817e+01
9.945746886308397450e+01
9.880491589009847075e+01
9.843738450352141456e+01
9.869351184262539789e+01
9.871614569300506048e+01
9.814441379422969192e+01
9.969015552022436566e+01
9.829180597462352864e+01
9.899734377703323673e+01
9.928130064363369911e+01
9.917946328154424407e+01
9.847359327739144419e+01
9.842806849377797107e+01
9.982355836023499762e+01
9.967920473349208521e+01
9.955115840731347987e+01
9.940609002243526504e+01
9.845781744296043314e+01
1.000038314334377247e+02
9.876615701347559195e+01
1.000188623788973246e+02
9.954906497141746513e+01
9.938827391338504924e+01
9.940948568887444026e+01
1.007573014233317537e+02
9.974115090609966217e+01
9.927535896282921613e+01
1.001136475856663424e+02
9.904064515617437792e+01
9.912647546986217151e+01
9.915532939130741852e+01
9.979318890073039938e+01
9.859058870257399576e+01
9.814742663356462060e+01
9.803454091320723762e+01
1.002085052220336934e+02
9.975211069521468232e+01
9.901755741398834232e+01
9.893298093818020789e+01
9.905617040574144028e+01
9.925600765454983332e+01
9.961689029734213818e+01
9.957858734687964386e+01
9.946348815088333595e+01
9.903087705293022225e+01
9.892700707623278333e+01
9.967757763567642826e+01
9.868988041156369206e+01
9.914017596204928395e+01
9.907895609332429387e+01
9.928880966759469118e+01
9.898738416823630359e+01
9.941957170130795873e+01
9.932333323253099877e+01
9.907371012339557126e+01
9.963564713077170154e+01
9.980119816900305807e+01
9.977337583034220359e+01
9.978046243496909540e+01
9.911917578601320145e+01
9.988767092684867066e+01
9.999104207450828596e+01
9.912297854960648635e+01
9.970622855183273714e+01
9.936172744963926107e+01
9.986309124233748946e+01
9.977868120759671910e+01
1.004027289752025922e+02
9.993077267200317237e+01
9.947913389536489603e+01
9.993685208813217002e+01
9.957188549050283655e+01
9.936536757428235944e+01
9.976671949406993178e+01
1.007681083773610311e+02
1.006399000277980917e+02
1.007565877751100487e+02
1.004504984588403858e+02
1.003485070100050507e+02
1.001253433242751640e+02
9.996328739513178618e+01
1.000471460708526337e+02
1.005429836406345743e+02
9.969188078123782759e+01
9.992960688178889939e+01
1.007862641077565655e+02
1.010969406174437353e+02
9.980652386215903960e+01
9.997947821831165527e+01
1.008718465920417913e+02
9.995661139833346454e+01
1.006981807466625725e+02
1.007644123501305984e+02
1.009588942015616766e+02
1.008889232632604518e+02
1.004884025019932352e+02
1.000653186762891806e+02
9.991341568523375827e+01
1.003407120512255091e+02
9.987591800113723650e+01
1.002946001163181222e+02
1.001119907861653928e+02
1.015760270944695662e+02
1.024032090102501087e+02
1.007238465684204130e+02
1.000147704891247571e+02
1.008263044934546855e+02
9.944117290029539902e+01
9.985442040563907540e+01
1.003883759353078631e+02
1.000304424004663844e+02
9.950654171949138060e+01
9.906164052131025244e+01
1.003251028336481596e+02
1.001563680671215906e+02
9.952574541309331835e+01
9.988510690523183655e+01
9.941027634809488234e+01
9.935692451835278405e+01
9.853925070894332805e+01
1.000270329540730501e+02
9.925511741480410421e+01
9.886134796804765301e+01
9.892784930944145572e+01
9.898144833948647658e+01
9.846224189491790924e+01
