2.378678280106490774e+02
2.383196947007709525e+02
2.379185066843018888e+02
2.381180833693424859e+02
2.380530290994934148e+02
2.380458514216593358e+02
2.379798324180039799e+02
2.381129988216225399e+02
2.379252096562961469e+02
2.380561705013410574e+02
2.381099102593691157e+02
2.379550205447264659e+02
2.378070204972778185e+02
2.379760045933466870e+02
2.380034446402238473e+02
2.383362190192904109e+02
2.382783135156104493e+02
2.379610697125181957e+02
2.380443738999895515e+02
2.379165546523517776e+02
2.379933899929885399e+02
2.384500785728572225e+02
2.382226805042296576e+02
2.380742114872010688e+02
2.382152372588061553e+02
2.379935868632230722e+02
2.381499095210852204e+02
2.379212977087606760e+02
2.378537354762907228e+02
2.378447352098224599e+02
2.379532720269911579e+02
2.380466092273526328e+02
2.382251142658885783e+02
2.381493636024943044e+02
2.374630102688594206e+02
2.375028960629199162e+02
2.374089034485188279e+02
2.375851316677026261e+02
2.377013842974987483e+02
2.377163516819294955e+02
2.376007873171162998e+02
2.379712083290208682e+02
2.379421786607509830e+02
2.379779191070619788e+02
2.377556820363845702e+02
2.381812613910623497e+02
2.380275361055363419e+02
2.380009586132087804e+02
2.380923663287164800e+02
2.380411095125438976e+02
2.381242359250475999e+02
2.379416832058109605e+02
2.378158376022486493e+02
2.379151923051807955e+02
2.376033549240147238e+02
2.378015785555232924e+02
2.376578256638999846e+02
2.378078836342314162e+02
2.380134432903236359e+02
2.377224693006844518e+02
2.379846537664807045e+02
2.376805267391449945e+02
2.372097168002021590e+02
2.376215747175805291e+02
2.377077116371069962e+02
2.380643879780931229e+02
2.377274692533086125e+02
2.377569076539715240e+02
2.378356294309144232e+02
2.379609410453498128e+02
2.377672609934745935e+02
2.376404394424554312e+02
2.378374299137532262e+02
2.379690579595121562e+02
2.377486871359485860e+02
2.376236931438097599e+02
2.375931969427096817e+02
2.377053470288142591e+02
2.379157142997386245e+02
2.380180702506457067e+02
2.381226891421403025e+02
2.378056462658653061e+02
2.377955576151300363e+02
2.377872264253611831e+02
2.377818564692306609e+02
2.379932100595143254e+02
2.379531233596354696e+02
2.380456663239749560e+02
2.379260423169741898e+02
2.382466044240248948e+02
2.381008827837032698e+02
2.381276607785326007e+02
2.379931227059790615e+02
2.378602610831635218e+02
2.377617001318882330e+02
2.379267039108925701e+02
2.378583096018994922e+02
2.377441580929508973e+02
2.382429703818754660e+02
2.380543248432714165e+02
2.378257299661514992e+02
2.378407010803272499e+02
2.377797424994621167e+02
2.377380103169429333e+02
2.377310335257251097e+02
2.378623412884292350e+02
2.379184278154386618e+02
2.378757329638083036e+02
2.378379628728808086e+02
2.377988092724234832e+02
2.378495064696211045e+02
2.379678145802856761e+02
2.375428665077904498e+02
2.370060748399717738e+02
2.373904287482073130e+02
2.371020382887755602e+02
2.372953562496303732e+02
2.375040726503417545e+02
2.376028230173435247e+02
2.375794204392284428e+02
2.376335989486125300e+02
2.373705524423953932e+02
2.371805506862134507e+02
2.375426580615770717e+02
2.373248559420027277e+02
2.374534205899919073e+02
2.374201077694231969e+02
2.374267999114653378e+02
2.373418621487929556e+02
2.375861408861830171e+02
2.375634934221909305e+02
2.374509493016428223e+02
2.373068972951882358e+02
2.370788360304967739e+02
2.370305526441786981e+02
2.372530428891752763e+02
2.374608520716457178e+02
2.375079591990065921e+02
2.371489563596960863e+02
2.377732990207169905e+02
2.374155525862151990e+02
2.370928295384590854e+02
2.368078232723323708e+02
2.371849083300388941e+02
2.374121734837358701e+02
2.375828684502777435e+02
2.373811883417628223e+02
2.374992599889630185e+02
2.376847049873659614e+02
2.375487299071522784e+02
2.377943472825666902e+02
2.384761649147502283e+02
2.380982419930840308e+02
2.381051915465716320e+02
2.378787679984992565e+02
2.380147314234583007e+02
2.378597940408405123e+02
2.378270995736195061e+02
2.378719102218849741e+02
2.378516860740079721e+02
2.377260898812165806e+02
2.377604981905869010e+02
2.378989423146841773e+02
2.378628342862496368e+02
2.380327924395120363e+02
