1.024945466551516233e+02
1.034825541771303818e+02
1.033302864936572973e+02
1.024169250640908899e+02
1.030009997590843085e+02
1.032220002157164487e+02
1.030498136179858619e+02
1.026097331182055115e+02
1.028985146233089267e+02
1.026369581491634335e+02
1.027794640098614423e+02
1.032207650375452346e+02
1.030431505124084453e+02
1.027327873263929376e+02
1.027850073857946569e+02
1.033499553202600367e+02
1.026312250884471382e+02
1.027227046671063704e+02
1.024178245681994213e+02
1.031258360843921196e+02
1.026762442112284788e+02
1.026855788459350833e+02
1.024605064473727793e+02
1.029609829725084325e+02
1.030888152323024229e+02
1.028089845731173426e+02
1.029797039835717101e+02
1.028537655198229004e+02
1.025548190782548232e+02
1.028866150193587004e+02
1.033278569445922699e+02
1.025514795366432139e+02
1.026524780592432222e+02
1.034299794682509770e+02
1.047219766888335784e+02
1.042366549391540502e+02
1.030283179111108467e+02
1.031846605826707872e+02
1.027705626496402260e+02
1.032619031247460413e+02
1.026807185894146386e+02
1.031713959126447406e+02
1.030169930791431057e+02
1.034166559969634704e+02
1.025496211268969660e+02
1.025328209332964065e+02
1.024446228050204724e+02
1.027026488646053650e+02
1.028634244157124868e+02
1.030728005737900190e+02
1.025185591870050956e+02
1.028261918399655883e+02
1.032807591748148894e+02
1.035781063537379652e+02
1.034258520414576736e+02
1.031150446113053363e+02
1.027969105652038451e+02
1.031449173949582274e+02
1.032576022464223371e+02
1.025451650642611412e+02
1.029348168033081805e+02
1.029990105695149367e+02
1.033305572607943645e+02
1.034096741625877058e+02
1.030309601986932222e+02
1.031529974172204192e+02
1.031587613847739959e+02
1.024156027263455826e+02
1.030484008812531300e+02
1.032139666984623858e+02
1.032420922400321643e+02
1.027703372535873569e+02
1.025503030602280177e+02
1.031016293479322741e+02
1.027539474509701449e+02
1.034169023751324659e+02
1.023769287011974143e+02
1.026442354288315499e+02
1.025837423094386196e+02
1.028225703982013925e+02
1.028797310199599480e+02
1.031220973452898306e+02
1.026910019122283870e+02
1.030414462045373938e+02
1.024833371766073356e+02
1.029275270136406562e+02
1.028712086937160137e+02
1.029141198793031435e+02
1.022041560055773317e+02
1.023528143387305107e+02
1.029652599049462793e+02
1.025643957458681115e+02
1.028567410509290880e+02
1.030410993138321629e+02
1.028221644867289655e+02
1.032777870859769678e+02
1.031108909086155592e+02
1.026412025396250414e+02
1.030356731092212073e+02
1.028579876883608790e+02
1.031089912376425701e+02
1.033611043158004463e+02
1.027787229857511448e+02
1.030243731158071796e+02
1.023269005472002391e+02
1.030812903511956193e+02
1.029363539016756590e+02
1.031165690140879150e+02
1.033248665751050908e+02
1.028043069160358414e+02
1.026341674432854916e+02
1.036597327372275004e+02
1.036091756761895795e+02
1.041061279022867296e+02
1.043144107772057367e+02
1.038394021989074076e+02
1.031345571079706929e+02
1.032242653913721000e+02
1.033074328479955994e+02
1.031426296188997327e+02
1.038433367173572606e+02
1.032574624133205106e+02
1.030516616361689302e+02
1.030924476941084578e+02
1.040327414375027359e+02
1.034051979726201438e+02
1.030608444511445327e+02
1.034054816423487324e+02
1.029998182743679109e+02
1.029993902638234005e+02
1.038857229841632517e+02
1.030286032341700064e+02
1.031880305734811145e+02
1.044219900091987796e+02
1.032553948420302419e+02
1.030713945036660988e+02
1.035831419064479491e+02
1.026130989226293337e+02
1.028646591038689166e+02
1.030410303259664602e+02
1.029438078750160486e+02
1.035045419517800411e+02
1.046748795728866952e+02
1.040104234643216472e+02
1.033865319184069875e+02
1.030045882893822551e+02
1.027198515780640378e+02
1.028196553045990669e+02
1.029944881793754661e+02
1.020704183129639233e+02
1.026033954055782118e+02
1.017955285869485920e+02
1.028691034753167202e+02
1.022640301593477403e+02
1.025772601356377862e+02
1.026008922342147685e+02
1.022490533299814501e+02
1.027071008519441762e+02
1.024010129777832532e+02
1.024922114273883977e+02
1.025414945801686741e+02
1.026773833892193579e+02
1.020494060591353929e+02
1.024431329643690560e+02
1.017673121238935892e+02
