3.404906549533635030e+02
3.404800643309637280e+02
3.404868415709440796e+02
3.404589608640596907e+02
3.404317325856160892e+02
3.404151620862580216e+02
3.404182847795134421e+02
3.404219061049493007e+02
3.404553015018294104e+02
3.404830166898288439e+02
3.405115620358696447e+02
3.404991681639632475e+02
3.404756929188083063e+02
3.404618997159875562e+02
3.404558909360166581e+02
3.404364427708604239e+02
3.404309069053320513e+02
3.404225430306826752e+02
3.404496106888964846e+02
3.404761246432952362e+02
3.404789205217112453e+02
3.405002555544328970e+02
3.404966997166670239e+02
3.404699196593072088e+02
3.404538253379216712e+02
3.404234187515280041e+02
3.404173590362334494e+02
3.404000635204146761e+02
3.403888230671473707e+02
3.403915180619675880e+02
3.404266667582173227e+02
3.404563587692901478e+02
3.404483959607059091e+02
3.404427342847100704e+02
3.404962493453223829e+02
3.404592611042467638e+02
3.404279545333802730e+02
3.404080563776095687e+02
3.404080513074373471e+02
3.403969610708520008e+02
3.404039852206365708e+02
3.404538682577629629e+02
3.405026546609993261e+02
3.405266652667703511e+02
3.405658904642409084e+02
3.405295541537140593e+02
3.404866163737012243e+02
3.404465008355940654e+02
3.404315824280664629e+02
3.404139360838040034e+02
3.404171817507229889e+02
3.403852265988451222e+02
3.403896236889290208e+02
3.404258706957136837e+02
3.404987263951911700e+02
3.404613878230470618e+02
3.405094200426957514e+02
3.404827915154546076e+02
3.405075586942136283e+02
3.404665169299804006e+02
3.404421910052865314e+02
3.404071806872333923e+02
3.404014958922820711e+02
3.403962104459977809e+02
3.404232006952651659e+02
3.405010061855277854e+02
3.405719120089597141e+02
3.406046029063633114e+02
3.406132284960080483e+02
3.405484693876476854e+02
3.404963994727315821e+02
3.404504790594313590e+02
3.404163201636277449e+02
3.404085067210613715e+02
3.404313706316208368e+02
3.404647905487644266e+02
3.405204288977157034e+02
3.405670093096304072e+02
3.405445393487263459e+02
3.405208606104967544e+02
3.405216298642565675e+02
3.404775372791371524e+02
3.404533638391696968e+02
3.404312135491373965e+02
3.404468196982336963e+02
3.404989795261715813e+02
3.406198266524906444e+02
3.406182888900409580e+02
3.405977661015176068e+02
3.405924798050534150e+02
3.405624041082629105e+02
3.405230373457032442e+02
3.404867517978398723e+02
3.404504404804351338e+02
3.404689767690081226e+02
3.405297677574595809e+02
3.405624626829953172e+02
3.406523529834890383e+02
3.406909855890837662e+02
3.406522411953416736e+02
3.405872576470208628e+02
3.405008560522755374e+02
3.405048063898611304e+02
3.404710205550475166e+02
3.404714144784667269e+02
3.405249504284072373e+02
3.406501017212648890e+02
3.407518211866022853e+02
3.407667269653815083e+02
3.407056458737262687e+02
3.406702434153440322e+02
3.405678233350366781e+02
3.405022892822152016e+02
3.404801644168477992e+02
3.404776089395876397e+02
3.404750237779181248e+02
3.405251327041968921e+02
3.405882013610723220e+02
3.406286589699079741e+02
3.406258949911419336e+02
3.406293414934463613e+02
3.405743151808260336e+02
3.405784423917569370e+02
3.405137799077684235e+02
3.404863514831840803e+02
3.404871200020791662e+02
3.404859157782761372e+02
3.405362479473635631e+02
3.406265142089456504e+02
3.407029186990747576e+02
3.406954142359460889e+02
3.406925986180263521e+02
3.406071486282129399e+02
3.406047646858505118e+02
3.405125878878366734e+02
3.404709204793775257e+02
3.404751424516430802e+02
3.404965525811836073e+02
3.405929293719084399e+02
3.407049335213886820e+02
3.406836101353609934e+02
3.406803255020980146e+02
3.406476246748138692e+02
3.405431034931305589e+02
3.404861763540171751e+02
3.404752354606112021e+02
3.404590435298867419e+02
3.404825798301473583e+02
3.405744223367151449e+02
3.406422948913715913e+02
3.406992424023127910e+02
3.406705809115693455e+02
3.406818837564533169e+02
3.405620803140857902e+02
3.405169665016401837e+02
3.404567090255058588e+02
3.404452184195100699e+02
3.404228182643400373e+02
3.404258160204694263e+02
3.404173524226326322e+02
3.404611311827744089e+02
3.405281280066926684e+02
3.405646309658818609e+02
3.405721267803173191e+02
3.405913609133672821e+02
