9.876749274125013756e+01
9.882285640340944610e+01
9.896608606029015220e+01
9.906109475669119036e+01
9.866186348740721712e+01
9.971702104326622873e+01
9.923961891791873313e+01
9.903648024818799911e+01
9.917175904725013424e+01
9.878853479038082241e+01
9.904565833330359226e+01
9.889015645146794498e+01
9.828837713893834405e+01
9.868589548914543741e+01
9.882133584913765390e+01
9.920932327681315144e+01
9.937488835059144776e+01
9.880002657778709363e+01
9.880449684339664884e+01
9.913799088339351329e+01
9.896680000194072591e+01
9.958181078660506103e+01
9.943995849136065601e+01
9.870387607752284964e+01
9.921768061543154715e+01
9.904634445014841049e+01
9.890958046714244745e+01
9.871867529276393327e+01
9.907840021622929783e+01
9.852461076341307944e+01
9.920269167185419690e+01
9.978960926972655443e+01
9.964468136832522305e+01
9.920705445281531354e+01
9.984367821053014325e+01
9.924113463922894596e+01
9.890562995923589540e+01
9.907367287899965902e+01
9.947498901640369695e+01
9.953718554005156705e+01
9.924201591629444863e+01
9.861398363107620924e+01
9.909303606832203570e+01
9.903271732392772719e+01
9.907078976230963008e+01
9.901251255435914800e+01
9.916072601300943745e+01
9.837887965321074546e+01
9.868152154061483827e+01
1.004120233459028242e+02
9.841298696727763229e+01
9.895647206217041969e+01
9.973742456065711792e+01
9.943096118874957767e+01
9.871589561733713936e+01
9.896528384144566814e+01
9.862800558847548871e+01
9.934503348587067251e+01
9.985313528601953692e+01
9.896101812866287162e+01
9.853035091394644951e+01
9.850314967726298221e+01
9.975161189589046273e+01
9.931916422410741063e+01
9.859405893138578847e+01
9.976669097957311294e+01
9.932672773562329382e+01
9.904094967524925153e+01
9.888718890272963336e+01
9.864408183773777239e+01
9.909046468414321396e+01
9.973725260519280766e+01
9.816878296024769668e+01
9.932528476981742926e+01
9.926874360084129023e+01
9.933940500599949530e+01
9.901635072467827570e+01
9.881028373845511226e+01
9.876858623582513985e+01
9.972073963183028411e+01
9.893400059212990527e+01
9.939620430791192973e+01
9.930857095990893413e+01
9.926574970987145718e+01
9.993878932591593411e+01
9.925720950365574424e+01
9.886938056178216527e+01
9.878657301970076787e+01
9.909502402668893239e+01
9.890283638535844091e+01
9.830194609990489596e+01
1.002745900273962008e+02
9.972008133416473186e+01
9.908714820347150010e+01
9.843504689073289171e+01
9.851005896398181960e+01
9.855148883225224665e+01
9.899405941417383303e+01
9.881461717693609614e+01
9.989036996492897913e+01
9.957530767605861399e+01
9.941966329447176065e+01
9.864308144112136745e+01
9.896077875392866474e+01
9.859858498738884691e+01
9.896582513206966780e+01
9.904976248208822653e+01
9.950779259356586692e+01
9.880190758760163305e+01
9.855348346057606079e+01
9.893030676941772583e+01
9.933866888924869443e+01
9.908347292791695793e+01
9.913116022781865411e+01
9.831059499847803806e+01
9.852735698776213269e+01
9.856085117665577400e+01
9.840268247590687167e+01
9.919460085484480771e+01
9.976296837872290268e+01
9.912913327885001991e+01
9.829536754678316868e+01
9.896975643913758347e+01
9.869789893233483724e+01
9.832047366097775409e+01
9.947722236127565054e+01
9.914652803962302130e+01
9.893301061854275247e+01
9.922972523588953209e+01
9.943099229711903320e+01
9.995150162735147603e+01
1.001367215140823106e+02
9.927712706430573064e+01
9.915251736355730827e+01
9.878936846309647990e+01
9.907111436118982795e+01
9.990053728205590744e+01
9.882457372945742691e+01
9.837491087939217493e+01
9.845957063945475340e+01
9.904418467593070829e+01
9.891143889469242367e+01
9.952895116844409529e+01
9.906494904115233169e+01
9.993901248561139994e+01
9.997200259360944585e+01
9.890865820084485449e+01
9.963520857339439374e+01
9.859132872392665092e+01
9.855018523593771818e+01
9.897699357009308585e+01
9.884402669390537710e+01
9.834273521707001464e+01
9.896389922236551229e+01
9.959921113011814953e+01
9.914961364190513393e+01
9.836097712422751727e+01
9.817500235425491439e+01
9.871872278578450732e+01
9.886584053347525014e+01
9.854856109236048667e+01
9.899091953848379433e+01
9.827925581710626091e+01
9.866665665348007508e+01
9.898591687397457406e+01
9.962566958809594553e+01
9.882759684122372335e+01
9.826816504823233345e+01
9.926010060451125128e+01
9.866479451240884657e+01
9.787405550417975064e+01
9.893829004617064982e+01
9.869627173279964438e+01
9.935722149146215543e+01
9.906983036825171496e+01
9.861982145604262939e+01
9.861116370570998413e+01
9.785530333113722179e+01
9.960422046405530239e+01
9.903756634864889463e+01
9.825087431332654830e+01
9.945946619343818895e+01
9.939104821990879657e+01
9.890602871543131869e+01
9.904317970748901701e+01
9.805350711464778612e+01
9.849597326713177381e+01
9.946792292318336592e+01
9.859105343026369894e+01
9.861206915428552122e+01
9.874575113417546390e+01
9.920411277493978730e+01
9.931577802121258003e+01
9.769456788272610481e+01
9.939906117356174775e+01
9.948059745135496712e+01
9.879928683225280395e+01
9.952821004053446075e+01
9.980608433971339366e+01
9.880100044464450093e+01
9.776592552526109614e+01
9.880792388126127435e+01
9.876948346160224901e+01
9.875244567171405663e+01
9.830926143724605026e+01
9.969206606520266689e+01
9.865828748682802996e+01
9.871798263731797363e+01
9.913411964508337348e+01
9.845747970555578377e+01
9.832631100441632555e+01
9.814343415174904806e+01
1.000906125847630364e+02
9.944301642140834474e+01
9.968039715902608577e+01
9.944390136190621376e+01
9.915776319968142616e+01
9.946658642433652631e+01
9.853940843700399910e+01
9.942515189649992635e+01
9.943853885894402822e+01
9.875959398468268091e+01
9.814855028678715598e+01
9.974486198978355844e+01
9.876857978425512385e+01
9.913436503961646906e+01
9.896797162371207435e+01
9.869553288526465451e+01
9.868476916135539057e+01
9.944930047380518090e+01
9.898972316486128875e+01
9.855237236105089949e+01
9.896048283232276788e+01
9.823478582900126810e+01
9.933011027744919375e+01
1.000622338425690856e+02
9.920728942096377523e+01
9.799764462221757810e+01
9.840468225854296236e+01
9.940504292348326487e+01
9.916697090871839748e+01
9.875487383367094196e+01
9.959448221261600054e+01
9.912999004326799479e+01
9.875053550039149286e+01
9.840438266553449864e+01
9.867445095934120047e+01
9.891679224910988921e+01
9.867805672568380260e+01
9.926105590731346240e+01
9.855353604224539765e+01
9.901573994367970499e+01
9.875347943431954434e+01
9.878245963891821191e+01
9.914077030122319911e+01
9.902135201300067990e+01
9.886168910453220349e+01
9.866201927975077979e+01
9.895708606048258105e+01
9.965926361673649581e+01
9.871610374231488549e+01
9.897298457553982587e+01
9.929807006135695246e+01
9.936403035839161646e+01
9.859895599372282504e+01
9.876868739361161431e+01
9.941372026192958344e+01
9.900809518510091323e+01
9.901670810006355339e+01
9.846310346019180315e+01
9.926950919939537243e+01
9.951797481543945878e+01
9.908429158011858817e+01
9.823728523430622772e+01
9.872959974096103508e+01
9.890642287065344362e+01
9.845024129288049153e+01
9.909084163849882998e+01
9.874150589397417832e+01
9.906149014668655184e+01
9.820986187673726420e+01
9.858590695073218058e+01
9.915567068254530625e+01
9.881210380411481253e+01
9.878522210648753799e+01
9.893666333694231696e+01
9.843974811187796092e+01
9.908542338605552402e+01
9.817333949883783362e+01
9.898381077484084756e+01
9.934966720029808585e+01
9.927933090508020086e+01
9.779568653592211547e+01
9.855106286913662927e+01
9.938274331995579303e+01
9.864263129899563864e+01
9.796260945694348266e+01
9.885276199746084558e+01
9.899682803642106421e+01
9.901416639245833551e+01
9.944613120231032610e+01
9.849962714635456962e+01
9.890656088602300144e+01
9.920226656266716248e+01
9.815030317210063515e+01
9.837140467825558687e+01
9.984540993695192412e+01
9.910877574792152700e+01
9.814758071803937867e+01
9.844122135023108910e+01
9.879354128340931140e+01
9.844060836289118299e+01
9.970689425512061632e+01
9.931254081548031820e+01
9.871276111572812795e+01
9.891855526809206367e+01
9.874906158010490742e+01
9.934536403028046436e+01
9.906449924772147142e+01
9.891271924710197538e+01
9.869632326916094200e+01
9.913280615737544110e+01
9.904585689854930308e+01
9.930527277232089034e+01
9.828720363988064435e+01
9.914789667039595145e+01
9.978779671030791576e+01
9.897864939142176866e+01
9.824809208769852376e+01
9.932960847377866287e+01
9.854613768388168182e+01
9.867218123772646265e+01
9.951365666800892029e+01
9.857883412318120975e+01
9.927216982361528608e+01
9.926722364961715073e+01
9.876259762614382964e+01
9.965204667230777602e+01
9.908287899853210945e+01
9.864444900864305055e+01
9.838021393790893399e+01
9.865087203776973013e+01
9.864771351807985411e+01
9.863135827310365755e+01
9.909357418549861052e+01
9.947682126782738976e+01
9.828130302200655422e+01
9.867575069576145097e+01
9.909390114732606492e+01
9.921669474223749319e+01
9.876646816814017882e+01
9.925767843546334745e+01
9.871417063245000634e+01
9.863078233218413970e+01
9.880871248725271982e+01
9.861986872981158569e+01
9.902194577606876180e+01
9.912423583388408588e+01
9.852591247729903046e+01
9.899535785406716570e+01
9.984753755012894771e+01
9.885231536662031715e+01
9.949723935775311645e+01
9.849609722520158073e+01
9.891029423698743983e+01
9.893029526765725734e+01
9.917118048582494794e+01
9.881792508372177508e+01
9.887178811949961243e+01
9.898064494985688100e+01
9.941947514989665535e+01
1.000542463567347653e+02
9.867658475350150127e+01
9.852524470278250135e+01
9.944234743392648568e+01
9.865376365341961673e+01
9.861160894389446696e+01
9.872987924552320749e+01
9.920629813282043585e+01
1.000993077885984377e+02
9.942854213675138908e+01
9.815172562907115150e+01
9.880753031774285944e+01
9.953852631176188481e+01
9.959670618599609782e+01
9.892069084013182589e+01
9.839935096314026453e+01
9.841826291711059582e+01
9.853081759053871735e+01
9.998681952199122236e+01
9.929819521277897820e+01
9.910484338132833670e+01
9.914176479056582991e+01
9.787615101128623962e+01
9.832745338447689676e+01
9.901604676439028196e+01
9.838090041885088510e+01
9.849803615771652687e+01
9.930873217019696142e+01
9.897732491702561219e+01
9.856407101577515562e+01
9.892392849876655703e+01
9.881821639630955190e+01
9.927339472455207670e+01
9.923683740919027230e+01
9.922052734220011416e+01
9.865158942873738113e+01
9.825316516108360076e+01
9.857625698486975807e+01
9.890368875996563247e+01
9.987154146156636614e+01
9.936174312819294130e+01
9.858376056550144995e+01
9.936036155668620040e+01
9.960305772122934798e+01
9.862811790106989918e+01
9.887492449043118370e+01
9.935233855486477239e+01
9.931395754438285906e+01
9.908489947825420074e+01
9.969418065283765884e+01
9.922013234102622903e+01
9.834081616309352114e+01
9.852976405390631953e+01
9.938711784225597512e+01
9.833621655717028887e+01
9.828881316154947001e+01
9.923132448259293881e+01
9.894376491582848132e+01
9.805299704554523998e+01
9.869402579976396339e+01
9.862582615866386959e+01
9.926594063441173432e+01
9.897946923700664001e+01
9.846038179902653553e+01
9.870065173069683340e+01
9.816449351485243824e+01
9.832999749169350423e+01
9.925259400151834654e+01
9.872957966634025695e+01
9.892168663796081773e+01
9.986453370596099433e+01
9.862177504017709850e+01
9.855731949508007972e+01
9.937166444562200240e+01
9.999009875893464994e+01
9.775452081782812286e+01
9.889731651895091602e+01
9.903551416002846963e+01
9.941452015747420035e+01
9.899708885284235294e+01
9.884546730708559892e+01
9.887233252347029122e+01
9.933266980897059284e+01
9.810540063012119560e+01
9.842723526234500753e+01
9.947432151574410852e+01
9.819956594486343704e+01
9.874673756705549010e+01
9.869655334671624303e+01
9.952781525386167516e+01
9.902561026571099490e+01
9.851225134696896646e+01
9.884669051130011042e+01
9.896797420427856196e+01
9.872988638029089259e+01
9.864468186728724675e+01
9.952534417706279157e+01
9.943072602187947950e+01
9.838704636665318048e+01
9.952359511220733168e+01
9.900139882877094522e+01
9.839531178184786597e+01
9.893927964309808942e+01
9.833514220051587529e+01
9.780269157283260029e+01
9.910717851152195124e+01
9.969805370164749547e+01
9.904483051406998584e+01
9.897274364563524784e+01
9.910333776919151205e+01
9.910963097957061052e+01
9.872650249395633182e+01
9.916069213303914864e+01
9.884032207238914225e+01
9.800116413010370309e+01
9.932351032315669670e+01
9.870304283384268729e+01
9.920893693099692712e+01
9.959235101439817583e+01
9.906350087864116460e+01
9.871741173835015104e+01
9.819602799026405648e+01
9.802616519807600071e+01
9.912830795091083758e+01
9.864245896262633551e+01
9.921232139590755139e+01
9.937631957853848519e+01
9.867530066731380600e+01
9.853295908408979642e+01
