2.871222818302753126e+02
2.873285718485672078e+02
2.872245094818708822e+02
2.871390726453627735e+02
2.874451951827727498e+02
2.874541180286078088e+02
2.871103753582989953e+02
2.870461261914220472e+02
2.872032193465564092e+02
2.873193415096917533e+02
2.872130225555523566e+02
2.871499545443437569e+02
2.874314390111865123e+02
2.873309992437727374e+02
2.873323882420248765e+02
2.872941008078368554e+02
2.873238031913767259e+02
2.873050174140490185e+02
2.873323292444642902e+02
2.873359189965231621e+02
2.873184762277855953e+02
2.872538824668788493e+02
2.871274476840158627e+02
2.872291893655069543e+02
2.872500436862887341e+02
2.872304947828204718e+02
2.873420236666212872e+02
2.874326965295696255e+02
2.874823619820776344e+02
2.872127463401760679e+02
2.873276152411042972e+02
2.873691214272263892e+02
2.870630798598542128e+02
2.871116153106197544e+02
2.871529634103421245e+02
2.871590116907396464e+02
2.871682283312542836e+02
2.871533152010775893e+02
2.873670907736166669e+02
2.871133790625974598e+02
2.870617870759973016e+02
2.871727634277307288e+02
2.873056983618428717e+02
2.871626918944485851e+02
2.872539780791625503e+02
2.873639304884960097e+02
2.869896977532453661e+02
2.870407303312696854e+02
2.874423300913751973e+02
2.873232557082560561e+02
2.870752645814591801e+02
2.874445242547577664e+02
2.873188689441298607e+02
2.869643592200476974e+02
2.872079256272151042e+02
2.872798242289709947e+02
2.873211748002314607e+02
2.874024515793201431e+02
2.872568037851045233e+02
2.871300996874110183e+02
2.872780059390946690e+02
2.874471693042445963e+02
2.873473970680208822e+02
2.870166745103927610e+02
2.871957814103441819e+02
2.872656147705601484e+02
2.871455067444985048e+02
2.872605181764615168e+02
2.873657716271230242e+02
2.872852254522050544e+02
2.873064168968955414e+02
2.870848806065185386e+02
2.871892348504932784e+02
2.873437763637585363e+02
2.874022649569056398e+02
2.871704085175350656e+02
2.871887135532779780e+02
2.873680492884280397e+02
2.873672501365945777e+02
2.873388026307897576e+02
2.872100628425443460e+02
2.871471228880980675e+02
2.872325446426613667e+02
2.872042155451597978e+02
2.871666707790521400e+02
2.871273985520759311e+02
2.872141544028515341e+02
2.872629091565436852e+02
2.871907410559418850e+02
2.872240845817587456e+02
2.874363764240928845e+02
2.872769054706068914e+02
2.871436873074090386e+02
2.872044603060603549e+02
2.872520093619391446e+02
2.873672748952477605e+02
2.873146002157662906e+02
2.872197983773792771e+02
2.874032201101397845e+02
2.873669368332311933e+02
2.870997093013309609e+02
2.871177619872727860e+02
2.871502185494081800e+02
2.871934728252551281e+02
2.872546863977381122e+02
2.872625056889440316e+02
2.873812091965204445e+02
2.874903550796886407e+02
2.873302528314027882e+02
2.873521906332168214e+02
2.874988882982734708e+02
2.873082977609431055e+02
2.872408131361748360e+02
2.872973136105762819e+02
2.873603031809379331e+02
2.873719482235081841e+02
2.874252885179201371e+02
2.876029318896609652e+02
2.875162326299143842e+02
2.872551878589027865e+02
2.872018526069793438e+02
2.873176304653243847e+02
2.872914004139897202e+02
2.872463356965714070e+02
2.873083842169889977e+02
2.872717855713810877e+02
2.871441366400541142e+02
2.871992644533465864e+02
2.872455971205048968e+02
2.872429654464198165e+02
2.873031816417437199e+02
2.870678401892039915e+02
2.870355820528397430e+02
2.871016154268842229e+02
2.871413487555269626e+02
2.873258291465537582e+02
2.872516929053849140e+02
2.870806782691713011e+02
2.872155965854515784e+02
2.874040563746068528e+02
2.875410614006173660e+02
2.873902858190499501e+02
2.873795401024930811e+02
2.874157629262292630e+02
2.873154868001234945e+02
2.869796808797853487e+02
2.871550334565757225e+02
2.871710997856986296e+02
2.871787510335224738e+02
2.873946533510077188e+02
2.874590308924276769e+02
2.873414196493887971e+02
2.873380277359221964e+02
2.873097008172561573e+02
2.872208753770058252e+02
2.870854030225686415e+02
2.873543911249306575e+02
2.875046613967178359e+02
2.874045646830867895e+02
2.875104072615222890e+02
2.874883673817266754e+02
2.875088487903953478e+02
2.874254140859121094e+02
2.874567357025190972e+02
2.874730069091506834e+02
2.872948353823533125e+02
2.873040400765261211e+02
2.873984872000942232e+02
2.874440569075142662e+02
2.872127829433954957e+02
2.873130003185467558e+02
2.874421346514829452e+02
2.874476874244342639e+02
2.873649433303170895e+02
2.873182069534751122e+02
2.873804354753062285e+02
2.874096582879240032e+02
2.876605760288507554e+02
2.873827213929712912e+02
2.872542995887255302e+02
2.873637877801518812e+02
2.875107384336075143e+02
2.871158503069680705e+02
2.872515387897674373e+02
2.873394691443338047e+02
2.873831498710158030e+02
2.873289315966120512e+02
2.872817704365272107e+02
2.873070360303868824e+02
2.874393203987644370e+02
2.874818261961862049e+02
2.875162661332573748e+02
2.874044698328317509e+02
2.874332572362787346e+02
2.873992211776287036e+02
2.871370904162600368e+02
2.872088691466669275e+02
2.873235432983653368e+02
2.870768084164208176e+02
2.870956358122083998e+02
2.875074187444585050e+02
2.874793587339471514e+02
2.873291721606440774e+02
2.874357625225990205e+02
2.875021138249986166e+02
2.873509543992250883e+02
2.873077015808149781e+02
2.874390439336728491e+02
2.872571251149399245e+02
2.871847546625193672e+02
2.873047512862870008e+02
2.874996307184121065e+02
2.872196760664778026e+02
2.871318856626151614e+02
2.872341484799027285e+02
2.870595597869281050e+02
2.871819143289151839e+02
2.872316562954711685e+02
2.870643734322017622e+02
2.873722619699277629e+02
2.872515224520184915e+02
2.870656028006631573e+02
2.873877905560936483e+02
2.872508319792935936e+02
2.871521439217646616e+02
2.873097398100855457e+02
2.874205940911022594e+02
2.873382910257855656e+02
2.873424350980732811e+02
2.873180393411235514e+02
2.873612981446790968e+02
2.873578324481028403e+02
2.873975994397382010e+02
2.873360897152013536e+02
2.874427410243800409e+02
2.873021977208446174e+02
2.871104062058907971e+02
2.871837458844038338e+02
2.874361591434210936e+02
2.873419688595786852e+02
2.873745257683468708e+02
2.873185414018393544e+02
2.872220008306412637e+02
2.871475456223247988e+02
2.872611239957511202e+02
2.874895159388772186e+02
2.874744534956467419e+02
2.873191274145095804e+02
2.873731904676439513e+02
2.872532219367092239e+02
2.872345132029977890e+02
2.874271514386167041e+02
2.874040029979752831e+02
2.872972707556637033e+02
2.872449143808998429e+02
2.875108692527950325e+02
2.875026932969803966e+02
2.870911962659809546e+02
2.873694229122431238e+02
2.873211491965280970e+02
2.871659312915359692e+02
2.872278697063361506e+02
2.872741259924613360e+02
2.872994691716119178e+02
2.872583712016441950e+02
2.873209225773725279e+02
2.872706404764051626e+02
2.874044130755358992e+02
2.874275675672670900e+02
2.872110265934767881e+02
2.873917281097704404e+02
2.873386674106118903e+02
2.871105988860223874e+02
2.872404074034132577e+02
2.874610132621526759e+02
2.874303948243323816e+02
2.873567630663804380e+02
2.872702158449751551e+02
2.873240728140260103e+02
2.873355727214618014e+02
2.874413628593910062e+02
2.873901194533437433e+02
2.875110353922586910e+02
2.874693271630746949e+02
2.872471770399414481e+02
2.872271304149114144e+02
2.873456220175820022e+02
2.873646480384046527e+02
2.873156525166488677e+02
2.874490762417325413e+02
2.873801219373038975e+02
2.872297643141931189e+02
2.874377168051921103e+02
2.874861043632100177e+02
2.872818979418745471e+02
2.872906008332117267e+02
2.874864412465070131e+02
2.874358072358544405e+02
2.874818841791231989e+02
2.875502516958486012e+02
2.874486360678804999e+02
2.873209340828159384e+02
2.873226890752563918e+02
2.873683775592679126e+02
2.872126229000784292e+02
2.875856411691065091e+02
2.874427698706365391e+02
2.872211644918843945e+02
2.872957181435847929e+02
2.874279437804023587e+02
2.874063895024150384e+02
2.874575730217472369e+02
2.874621698691715324e+02
2.872239306658926239e+02
2.872805078648227664e+02
2.872848166036919224e+02
2.871528274588508225e+02
2.872806134110001608e+02
2.873209944046517421e+02
2.871498803922675620e+02
2.873205292541551330e+02
2.873785899320487260e+02
2.873746497701368412e+02
2.872144322190670778e+02
2.873449936312395607e+02
2.874414606137999613e+02
2.873130278156174313e+02
2.870542710869760867e+02
2.873707650038477368e+02
2.873269257576520772e+02
2.872444394504047409e+02
2.874795303667578423e+02
2.874464137482806905e+02
2.873188522549659751e+02
2.874503904948068680e+02
2.874804673134545396e+02
2.873108835294312939e+02
2.872105949091003936e+02
2.872327634209667053e+02
2.872775823104447568e+02
2.873999313233542807e+02
2.874271501948961145e+02
2.872716460346364897e+02
2.873468312412908858e+02
2.875434006910226685e+02
2.873436462411850698e+02
2.872891716529890687e+02
2.874068643950157025e+02
2.873704205177245399e+02
2.871334404251963974e+02
2.872007960976242771e+02
2.871967998167628480e+02
2.871480560166801865e+02
2.872149904725379770e+02
2.873131006373919831e+02
2.874901132817855682e+02
2.873561596396372693e+02
2.873294313893172216e+02
2.873824124805670976e+02
2.873518403129009471e+02
2.872025599063986192e+02
2.871116864814359815e+02
2.873224998478623888e+02
2.874532752084908793e+02
2.873225745806612395e+02
2.873392534138308747e+02
2.873048199715008764e+02
2.873094744164209828e+02
2.872242537642017055e+02
2.873414847911155334e+02
2.873395149399245270e+02
2.871819050336399073e+02
2.870253144633800844e+02
2.872316902999523904e+02
2.872713331691984990e+02
2.873496132079602603e+02
2.874319876323919516e+02
2.873304529298663397e+02
2.873584732436360696e+02
2.873284690071743057e+02
2.870352163396767082e+02
2.871948831266097955e+02
2.872934301580002625e+02
2.872644963417234294e+02
2.870804492518033726e+02
2.871481983727113629e+02
2.872549842922055632e+02
2.872742198113299423e+02
2.874949546205232309e+02
2.873849412160872703e+02
2.871713506863388830e+02
2.875745963777976044e+02
2.874425086546348211e+02
2.872960541082314876e+02
2.874789466154512070e+02
2.874834575456902144e+02
2.872519279351540717e+02
2.873999485406939698e+02
2.874119859531222119e+02
2.871193766304679684e+02
2.873681488384885370e+02
2.874026792139741247e+02
2.872832783803592633e+02
2.871719763604098716e+02
2.874645923485745129e+02
2.873516325096939568e+02
2.872097176914519423e+02
2.872878370701275799e+02
2.873970118716508750e+02
2.874156686610905922e+02
2.872853202880315280e+02
2.871083852118887876e+02
2.872031474817700882e+02
2.872910386144581594e+02
2.872691083734604263e+02
2.871658489498173594e+02
2.873150603231426317e+02
2.873085801600016680e+02
2.870654932705703573e+02
2.873145124021432935e+02
2.873175248741951009e+02
2.870518272678675089e+02
2.873419535604703583e+02
2.874873584634235044e+02
2.873596170808409056e+02
2.874026128669776767e+02
2.874398074940918946e+02
2.874401902785000971e+02
2.873617345118811386e+02
2.873915842319293574e+02
2.874766656668086284e+02
2.876263356264757931e+02
2.874866415253411560e+02
2.874463747864554648e+02
2.874971605182705048e+02
2.874433206114700283e+02
2.874599894944464609e+02
2.875587878790569789e+02
2.874973436779898179e+02
2.873441707763368527e+02
2.874668940808263073e+02
2.874202013921440653e+02
2.871056788094593912e+02
2.873537233223595990e+02
2.873638909784122575e+02
2.871533052457335771e+02
2.872278248228158191e+02
2.872479578542810827e+02
2.875363968421350478e+02
2.873848752956969861e+02
2.872401090759067870e+02
2.873661004129292564e+02
2.874064972695645679e+02
2.872298623769713686e+02
2.872638688554065993e+02
2.875676136548663067e+02
2.875121134187029952e+02
2.872692188806042282e+02
2.874363145043402028e+02
2.874995669942408654e+02
2.873295563196178364e+02
2.872243342124032210e+02
2.873165075383985254e+02
2.874973601833933685e+02
2.873215471557996352e+02
2.872263663992180796e+02
2.874228731486376205e+02
2.873816678032061986e+02
2.871045715866954993e+02
2.872490808840878458e+02
2.874209742863257020e+02
2.873050358088958660e+02
2.875825685937683716e+02
2.874352489527705643e+02
2.874281012902890211e+02
2.876206059376647772e+02
2.876244072542896788e+02
2.873605913911133598e+02
2.872595783885566902e+02
2.873710180586834895e+02
2.873889918635426284e+02
2.873953094518159901e+02
2.872771695247820389e+02
2.875057335877269225e+02
2.874757572928560307e+02
2.874228959618047838e+02
2.873621058388400229e+02
2.872748652309655881e+02
2.874713687353445266e+02
2.873697806055096748e+02
2.870524308891298233e+02
2.871324583295755701e+02
2.874679776612401838e+02
2.874162636057700979e+02
2.872798376225218817e+02
2.872864655818975734e+02
2.872776932286351439e+02
2.871440701599747172e+02
2.871718015342050307e+02
2.874603977942035726e+02
