2.870297243279232475e+02
2.871308872283012192e+02
2.871836153487032561e+02
2.870003589819985450e+02
2.869460422940904891e+02
2.870032769590248449e+02
2.871840739117188832e+02
2.871427069362769657e+02
2.870667839737565146e+02
2.870626374712016968e+02
2.871285585013838499e+02
2.871171744354139150e+02
2.869832234462469955e+02
2.871061797556980650e+02
2.872546657200008440e+02
2.872594633622595666e+02
2.872379048887865451e+02
2.872055684220686089e+02
2.871763801634583047e+02
2.871299367439435741e+02
2.872710629146336601e+02
2.872485974213369673e+02
2.871981712516111429e+02
2.872775457165280955e+02
2.871157737230275302e+02
2.869664494239639794e+02
2.871775231525449499e+02
2.871195632587486557e+02
2.872042562797141159e+02
2.870886931330624634e+02
2.872072972396146611e+02
2.873026762925707658e+02
2.871601988923006274e+02
2.872450791105193844e+02
2.869554267741318085e+02
2.869307888641397994e+02
2.869925376720369172e+02
2.869567244657838501e+02
2.868739190598445816e+02
2.870772762436145058e+02
2.870300808682920319e+02
2.869937653531073920e+02
2.872435817547861916e+02
2.870027470057599999e+02
2.870449855355797695e+02
2.871707229873396159e+02
2.870154565768584689e+02
2.870914113081121286e+02
2.870934526708260250e+02
2.872358856523646295e+02
2.871209413552904266e+02
2.870157270739117621e+02
2.869464572909525941e+02
2.868430532895291662e+02
2.867993511690031596e+02
2.868577656867313976e+02
2.869303076730822681e+02
2.870640563706269290e+02
2.869634989936965894e+02
2.868854950766649949e+02
2.870128918123868971e+02
2.869722809090336568e+02
2.868550430562731322e+02
2.869857876924923517e+02
2.870032392827963008e+02
2.869421760606451812e+02
2.869620788955299986e+02
2.870713295692482347e+02
2.872388109513887571e+02
2.872518183547827562e+02
2.871278607508476739e+02
2.871489040676606805e+02
2.869949092354254390e+02
2.870599578485569623e+02
2.871509845346676570e+02
2.870655550310169133e+02
2.871107634807304407e+02
2.870512250565815293e+02
2.870473129493516922e+02
2.870494778965892806e+02
2.868492080939541893e+02
2.867758133452060179e+02
2.868280968485439075e+02
2.867866049552876575e+02
2.867491014884274705e+02
2.868585980180306478e+02
2.868832738117079089e+02
2.868928624684518240e+02
2.868144296594911680e+02
2.868934507553865387e+02
2.867973563173642901e+02
2.868601764720327196e+02
2.867821348511869815e+02
2.867603147539102224e+02
2.868549185948139097e+02
2.868030884734908454e+02
2.867398888857837278e+02
2.866326110852716624e+02
2.869038168920176872e+02
2.868247246701509994e+02
2.868630901992862618e+02
2.868741319634399360e+02
2.868763276128675557e+02
2.872165938268294667e+02
2.871979637139396004e+02
2.869107625183449386e+02
2.869736148071979187e+02
2.872320944708794173e+02
2.871537240961029624e+02
2.872401908984096508e+02
2.872035785381066262e+02
2.871380864445665679e+02
2.869136172097384474e+02
2.868717302436362502e+02
2.869243397126116975e+02
2.868813447834995145e+02
2.870822483495089728e+02
2.868472303431572641e+02
2.867687603513759314e+02
2.868151023331021747e+02
2.869287106061649979e+02
2.868527524114442144e+02
2.867699841022651981e+02
2.869852480165041015e+02
2.871714038566440763e+02
2.871354503772182056e+02
2.870965069397868774e+02
2.872565307361032296e+02
2.871454665866963865e+02
2.870890920276547718e+02
2.870978029241461513e+02
2.872273734924752375e+02
2.871274882843691216e+02
2.869212277165300407e+02
2.870063603488663375e+02
2.872712168459949567e+02
2.872314547759354468e+02
2.874199478235489664e+02
2.872606923156175185e+02
2.874437756787430089e+02
2.875383988266868869e+02
2.875036756372469995e+02
2.870516647416895353e+02
2.872683734927619525e+02
2.872894094097400171e+02
2.874205900401931899e+02
2.874407913616461769e+02
2.876164489100983701e+02
2.877221282078062927e+02
2.876824117950353639e+02
2.876991700928631985e+02
2.877180964723194734e+02
2.878939228314368961e+02
2.879765375120278463e+02
2.879463133720581709e+02
2.880708167832459594e+02
2.880763796185491969e+02
2.881126220381374310e+02
2.881645985961983456e+02
2.882273546926721792e+02
2.882431006848464676e+02
2.882041089120204447e+02
2.883009552718842770e+02
2.884002557656409067e+02
2.883670707278996019e+02
