2.868534430991495014e+02
2.868278524123704187e+02
2.868680075545581758e+02
2.871622615785377093e+02
2.867299796019432847e+02
2.865828515048000895e+02
2.868927687025583850e+02
2.870889855657201792e+02
2.869054916459520541e+02
2.868357518365633609e+02
2.868630051067472095e+02
2.869864578840610534e+02
2.870413627296837831e+02
2.867640767470197147e+02
2.869105801543489065e+02
2.869473994052057719e+02
2.871647735200875218e+02
2.869526008496050622e+02
2.869319063211262915e+02
2.871263421181767512e+02
2.871089405406921742e+02
2.869280091647732434e+02
2.866354770264183571e+02
2.868100833972053465e+02
2.870691664686245304e+02
2.868216303520653696e+02
2.865993876627035206e+02
2.866634482079111308e+02
2.869153682720494771e+02
2.870363606993683447e+02
2.866930350876619400e+02
2.867412069271659334e+02
2.869045856729291586e+02
2.870768614632609683e+02
2.864722730166806741e+02
2.865831928316009680e+02
2.868762961047664817e+02
2.869960301355160368e+02
2.870691220024605741e+02
2.867743191906788525e+02
2.866943532580120859e+02
2.868871818577219415e+02
2.869296609532698881e+02
2.868316512935930973e+02
2.868814059194238553e+02
2.869476655014062203e+02
2.869538769672146259e+02
2.871076773693002337e+02
2.869865014286289693e+02
2.869441209598728051e+02
2.868486301560184870e+02
2.864696250196558367e+02
2.864346943823497327e+02
2.864624609417488159e+02
2.865995211463502983e+02
2.868102948638429552e+02
2.865482916305209642e+02
2.865417184487902205e+02
2.867902567731798058e+02
2.868176446508114736e+02
2.866170265904555094e+02
2.868206514891468828e+02
2.869543219000592558e+02
2.868045536251119643e+02
2.867020941853984937e+02
2.868137416058722806e+02
2.869300213939175705e+02
2.870543779090643284e+02
2.869620194355736658e+02
2.868378389246384472e+02
2.867758434339396558e+02
2.871198838348234403e+02
2.870283774337349314e+02
2.865697780908440677e+02
2.866422684578183748e+02
2.870258588814401719e+02
2.869669300838615413e+02
2.868069307429471451e+02
2.868562741649155328e+02
2.869624721890326100e+02
2.869041020233003678e+02
2.867913037848680347e+02
2.869291585180559423e+02
2.871306634046019326e+02
2.868780231129911158e+02
2.867586674865989380e+02
2.869800580387812943e+02
2.870078857988373784e+02
2.870768490754834943e+02
2.870235435112144842e+02
2.869318202544805558e+02
2.871928525106082475e+02
2.870088854018599704e+02
2.867886766024051326e+02
2.869971451632995922e+02
2.871452793909611501e+02
2.869203078759312007e+02
2.868265250426596253e+02
2.869225834796800996e+02
2.871534141813755809e+02
2.871133093727876826e+02
2.868283911668003157e+02
2.868008601136830862e+02
2.871274093993980614e+02
2.871077554564083698e+02
2.869112961919819895e+02
2.869103082939073488e+02
2.872557568629866864e+02
2.870062422272739582e+02
2.869686029478533555e+02
2.872119316280255248e+02
2.871756859887555606e+02
2.869120064220277868e+02
2.867384676477234393e+02
2.870586919429580917e+02
2.870653417090102835e+02
2.869374145458525618e+02
2.868417092177553513e+02
2.870657709922019762e+02
2.871792494998122152e+02
2.869509306395588624e+02
2.868445270960306175e+02
2.869903118878912665e+02
2.871531269068411234e+02
2.868774628630119423e+02
2.869248218499804466e+02
2.871921659126783766e+02
2.873691143845675811e+02
2.870765424275084570e+02
2.870383537489680634e+02
2.872318290459684818e+02
2.873631990990409690e+02
2.871343587494710619e+02
2.870745211273569453e+02
2.872022518688382320e+02
2.871877132487390440e+02
2.874610888531556157e+02
2.873699556435149702e+02
2.870305426174867307e+02
2.872036322245500628e+02
2.874869320316320227e+02
2.874242415005084581e+02
2.869758178768312860e+02
2.871596936429154994e+02
2.874952436687918294e+02
2.874282722343562000e+02
2.871732572208990177e+02
2.873129741209778558e+02
2.875979476787622957e+02
2.876543657022404545e+02
2.877733251760932376e+02
2.877263741389859888e+02
2.876916305297541498e+02
2.876321616580840441e+02
2.875902146589236281e+02
2.878632207770403397e+02
2.879210813564693012e+02
2.876577994979517712e+02
2.876288224190159895e+02
2.878119703091076076e+02
2.879785876941837728e+02
2.878224240563710623e+02
2.876438689612650705e+02
2.878330457496662689e+02
2.880135015814352641e+02
