2.398907550386178116e+02
2.394541105139399235e+02
2.399355128535930817e+02
2.400910285202264731e+02
2.401749854567683826e+02
2.402156241713659028e+02
2.400836466073923532e+02
2.401588561900373122e+02
2.402737034645091398e+02
2.401863515206258626e+02
2.400418971683551774e+02
2.397858293188650975e+02
2.394690084110885380e+02
2.398174408182876221e+02
2.399430515058694766e+02
2.400087869530743774e+02
2.401406816373960282e+02
2.398776389470262700e+02
2.399366738211212180e+02
2.398821470583043265e+02
2.401083123688900116e+02
2.401637297346892126e+02
2.399332107751519345e+02
2.401120448087073953e+02
2.403309151381198490e+02
2.399647326896295283e+02
2.400204336973843340e+02
2.396933260701214294e+02
2.398613547531494135e+02
2.395371215350506873e+02
2.398680235316847700e+02
2.399276119680841930e+02
2.399404862294317127e+02
2.392850870775002932e+02
2.382251541694013497e+02
2.388498655859758344e+02
2.399413254207181296e+02
2.393426418327752287e+02
2.395467156394919073e+02
2.396192731119322161e+02
2.396109211278850637e+02
2.398815924630078200e+02
2.398085984845152723e+02
2.396633588747193926e+02
2.395356352169250158e+02
2.398184599377323138e+02
2.397460584678370594e+02
2.397409068892384596e+02
2.397963741682030729e+02
2.396780324593835303e+02
2.398575291825719660e+02
2.395878871628656270e+02
2.395322699111472957e+02
2.390226922366804558e+02
2.391999813239183368e+02
2.392377074041022524e+02
2.398793160576606169e+02
2.396417978946238918e+02
2.396555891371347400e+02
2.395954561978665822e+02
2.394464290966353985e+02
2.395251660653891292e+02
2.391558910506863356e+02
2.391857219578239722e+02
2.393205936390699833e+02
2.394816797340788526e+02
2.397923321457411419e+02
2.397839323441524186e+02
2.396685695288624629e+02
2.396386161024215653e+02
2.395730319308445075e+02
2.397275660102108077e+02
2.394611156760941242e+02
2.391873389147571913e+02
2.391635770305586846e+02
2.395241815932818952e+02
2.395762709816438019e+02
2.396946122245898323e+02
2.394969861544939249e+02
2.393790403890870948e+02
2.398169293259068127e+02
2.399058005407293876e+02
2.394725332228137802e+02
2.398217862714062960e+02
2.396924294924873777e+02
2.396820118451000781e+02
2.399672658022502389e+02
2.397767607179357299e+02
2.399138392453776589e+02
2.398413888438599599e+02
2.400233305653644038e+02
2.397470613906786241e+02
2.397746028558876787e+02
2.396658012461411715e+02
2.394128244449050271e+02
2.399637763282097183e+02
2.400830822474331683e+02
2.399415211810681683e+02
2.396507122834605354e+02
2.399459855675492008e+02
2.402923248579174640e+02
2.402854576078746049e+02
2.398579128137704117e+02
2.397596486487971958e+02
2.398249367912667367e+02
2.401610180242957711e+02
2.397883205002968623e+02
2.397470986594172473e+02
2.395283309554540665e+02
2.396184769130602206e+02
2.395129276016523647e+02
2.394227031094235656e+02
2.395323420049344350e+02
2.389406296534998830e+02
2.388709728274131976e+02
2.390262877514651336e+02
2.390673162497641044e+02
2.392811760307246516e+02
2.391851951930996449e+02
2.390199441561910305e+02
2.391780723780054814e+02
2.395953137673213007e+02
2.395883478941437943e+02
2.397719062154075971e+02
2.394926311762412752e+02
2.390065998489031927e+02
2.390395549582057129e+02
2.392449017957797821e+02
2.390268373267621485e+02
2.390898596778792751e+02
2.395257626374567224e+02
2.393734251737608645e+02
2.392547832927607487e+02
2.388550674503740368e+02
2.390778307623176033e+02
2.389730300672168823e+02
2.389550873259632056e+02
2.393263072781477092e+02
2.394109006719595527e+02
2.395517772039295039e+02
2.390886635744836610e+02
2.387053272493644442e+02
2.379699941714937950e+02
2.386021398921387515e+02
2.390556791130238992e+02
2.389910998860599136e+02
2.389845980424784102e+02
2.393234156412144955e+02
2.391285375234988351e+02
2.393862188546181642e+02
2.397102742045965442e+02
2.395851963219775769e+02
2.398934699089113849e+02
2.399407205107835068e+02
2.397173719041704771e+02
2.397515684150250763e+02
2.396891142925692577e+02
2.393461195753451705e+02
2.399009191598608197e+02
2.403591760472030217e+02
2.400721615723691968e+02
2.396692282278680750e+02
2.398201867582250486e+02
2.402020176476710560e+02
2.400163949216037338e+02
