1.003637449903815195e+02
1.003721250651463919e+02
9.977008811908110886e+01
1.000271581388332294e+02
9.945263629039511954e+01
9.984501403424491173e+01
9.963779790464737118e+01
9.943791775670877087e+01
9.997752430787461719e+01
9.976584655581132211e+01
1.001217086583744305e+02
1.006717117596992779e+02
1.007446545369974871e+02
1.001979796458229401e+02
1.000709932094046479e+02
9.963112887479525170e+01
1.000465574953182255e+02
1.002821642911302007e+02
9.960399001097430016e+01
9.999865040096011626e+01
9.988821490014804283e+01
1.000755580679171999e+02
9.987808478789388289e+01
1.001706670330797095e+02
9.983240753774869347e+01
1.002229817291011642e+02
9.986328104367635206e+01
1.002183168407698730e+02
1.004309253157892527e+02
1.002283173629109569e+02
9.986915106295185751e+01
1.004246700649562030e+02
1.002224463243077679e+02
1.016907610254715877e+02
1.032553131978033321e+02
1.010553936976551199e+02
1.002915291834099918e+02
1.005317562950388464e+02
1.001301162286408299e+02
1.000317580485313869e+02
1.003602648908347987e+02
1.003045794123658681e+02
1.004271121544925336e+02
1.002633701324425601e+02
9.999217656459923376e+01
9.986810710529663027e+01
1.002620018058838696e+02
1.003099202924283162e+02
1.001754460496333650e+02
1.002948399093611300e+02
1.002670175408508868e+02
1.000812735326863532e+02
1.003012540666381227e+02
1.018856971521435639e+02
1.012297853873798630e+02
1.004113065786151395e+02
1.000779978870275073e+02
1.005295767327913268e+02
1.004390483316576734e+02
1.007284622931102120e+02
1.005639198341486775e+02
1.004656155058603844e+02
1.013811215441494511e+02
1.012264363910214797e+02
1.001187034620019318e+02
1.006984490658702640e+02
1.000529838850893043e+02
1.001631954695272384e+02
1.001969391411320203e+02
1.006554988925282288e+02
1.002995433409457178e+02
1.000432339162890827e+02
1.010058449487249419e+02
1.009534609659268085e+02
1.000638630350458129e+02
1.000223857954190834e+02
1.000947609234177662e+02
1.003382703083349696e+02
1.006809745426956084e+02
1.004509183183149759e+02
1.000003581377010704e+02
1.001065668237703363e+02
1.005579729891562266e+02
9.956230614591788708e+01
1.004333938892395821e+02
9.997079181712069840e+01
1.002131304502515974e+02
1.002796293947706232e+02
9.988957616165383513e+01
9.987694427759792859e+01
1.001223781874921741e+02
1.006201855449665459e+02
1.001676466110462798e+02
1.003589146706957678e+02
1.000248540409207436e+02
9.980125033033891668e+01
1.001445527018103689e+02
1.003439802515805610e+02
1.004919416346787102e+02
9.981872531714914487e+01
1.002108960920288467e+02
9.966906607862387091e+01
1.000960800048001857e+02
1.003610406961945927e+02
9.977235749397169684e+01
9.987674347996214408e+01
1.006056736222349883e+02
1.005640771414679193e+02
1.004034270646620968e+02
1.004604627080405521e+02
1.005484060886364404e+02
1.006929085972612370e+02
1.003250519083023704e+02
1.024072361888074028e+02
1.016500390860941820e+02
1.017247213821220839e+02
1.005979622305041374e+02
1.010219087070299082e+02
1.009069962805455845e+02
1.010212829264424528e+02
1.006062159737117554e+02
1.003313840884074608e+02
1.005838095782064130e+02
1.004096243168248748e+02
1.008947909702241503e+02
1.012058804601505813e+02
1.009028275667121193e+02
1.005276395267725746e+02
1.006760967274631895e+02
1.007750203677484393e+02
1.004664544818438827e+02
1.004294045673166806e+02
1.005845627961798527e+02
1.012584262474730821e+02
1.008831241026478409e+02
1.009034745792999956e+02
1.003231202400202591e+02
1.002371790474207955e+02
1.001309621945736836e+02
1.003250052597321655e+02
1.006322526806280706e+02
1.014959971506214771e+02
1.026575972053605454e+02
1.015599844865286485e+02
1.003814842617024965e+02
1.003535859493716345e+02
1.004523597175892036e+02
9.952992970396253725e+01
9.975699607808763858e+01
9.943531385577851722e+01
9.954795885233993147e+01
9.942104364144934436e+01
9.968511167788739158e+01
9.941212822151561568e+01
9.941873034998326375e+01
9.956094929350614109e+01
9.989379860499582264e+01
9.942270011283697784e+01
9.877759284437813392e+01
9.869593340606699883e+01
9.935039759251263547e+01
9.941144730664380802e+01
9.889072721219385187e+01
9.883610071744431025e+01
9.947624903866409340e+01
