3.402942411752667908e+02
3.402944687627358462e+02
3.403034906756147393e+02
3.402940364719765967e+02
3.402942642276208289e+02
3.402944916239200097e+02
3.403035033649723573e+02
3.402940592516964102e+02
3.402942870642368121e+02
3.402945146402506111e+02
3.403035166859662581e+02
3.402940824741063466e+02
3.402943103661683040e+02
3.402945373979314923e+02
3.403035300635062868e+02
3.402941050064424076e+02
3.402943330315957269e+02
3.402945609550377526e+02
3.403035429186480201e+02
3.402941276475283416e+02
3.402943560594948735e+02
3.402945834378727454e+02
3.403035565837531635e+02
3.402941512170173723e+02
3.402943789038505997e+02
3.402946063570319097e+02
3.403035696005464956e+02
3.402941740693966040e+02
3.402944019688519006e+02
3.402946294925989150e+02
3.403035827953329431e+02
3.402941972178143715e+02
3.402944247005307830e+02
3.402946521330422343e+02
3.403035960885867439e+02
3.402942196560800880e+02
3.402944481938843637e+02
3.402946744980241078e+02
3.403036093178509987e+02
3.402942426115816374e+02
3.402944705845317799e+02
3.402946981601485845e+02
3.403036221942049906e+02
3.402942663513065895e+02
3.402944933202446123e+02
3.402947204299067607e+02
3.403036346336376141e+02
3.402942892752077455e+02
3.402945166447507859e+02
3.402947435475481370e+02
3.402949695100041367e+02
3.402951950907886385e+02
3.402954204812833154e+02
3.402956443914492297e+02
3.403041559919574297e+02
3.402952180160132798e+02
3.402954430998653947e+02
3.402956668468479506e+02
3.403041685747112410e+02
3.402952406475837392e+02
3.402954650081652517e+02
3.402956898944074169e+02
3.403041818057770911e+02
3.402952632196917193e+02
3.402954884624386978e+02
3.402957123163263873e+02
3.403041940394313656e+02
3.402952853320889517e+02
3.402955111586280736e+02
3.402957351723408692e+02
3.403042072005223986e+02
3.402953085807369007e+02
3.402955327978463629e+02
3.402957569094411951e+02
3.403042197357429473e+02
3.402953310767355219e+02
3.402955557197824987e+02
3.402957799840287976e+02
3.403042325828236585e+02
3.402953534155724924e+02
3.402955780983268710e+02
3.402958022348138343e+02
3.403042449155387317e+02
3.402953764866089728e+02
3.402956012287132239e+02
3.402958244049128211e+02
3.403042578247512324e+02
3.402953981861674606e+02
3.402956238270729159e+02
3.402958467938991589e+02
3.403042695239151385e+02
3.402954212567726131e+02
3.402956457390819764e+02
3.402958699259676791e+02
3.403042832650143623e+02
3.402954438840875468e+02
3.402956675675467864e+02
3.402958916996122412e+02
3.403042947877067377e+02
3.402954661669159009e+02
3.402956899639715971e+02
3.402959140087323817e+02
3.403043069855758063e+02
3.402954882050175911e+02
3.402957124961273507e+02
3.402959360910725195e+02
3.403043199845009212e+02
3.402955105238211218e+02
3.402957350536217405e+02
3.402959576661845631e+02
3.403043324002729264e+02
3.402955333903169048e+02
3.402957573455904026e+02
3.402959797546961340e+02
3.403043443093444580e+02
3.402955558857531742e+02
3.402957793261642223e+02
3.402960023062269670e+02
3.403043570588403668e+02
3.402955779364473869e+02
3.402958014882145790e+02
3.402960242275950691e+02
3.403043689082166452e+02
3.402956002841525560e+02
3.402958238020320323e+02
3.402960461820774185e+02
3.403043816923630516e+02
3.402956211920329679e+02
3.402958457660864156e+02
3.402960686245273223e+02
3.403043935505525610e+02
3.402956439926904864e+02
3.402958680123146564e+02
3.402960905710818338e+02
3.403044059037961802e+02
3.402956661771399922e+02
3.402958902674212140e+02
3.402961126015177911e+02
3.403044177361974221e+02
3.402956881666993354e+02
3.402959121084608682e+02
3.402961351060365018e+02
3.403044299600025511e+02
3.402957110125134363e+02
3.402959343458129524e+02
3.402961563649363939e+02
3.403044425410931240e+02
3.402957334271284253e+02
3.402959561986540962e+02
3.402961787872687296e+02
3.403044542076330004e+02
3.402957549456381798e+02
3.402959776212297811e+02
3.402962005667527023e+02
3.403044669882137327e+02
3.402957769332659268e+02
3.402959992601143426e+02
3.402962230555877454e+02
3.403044785127283376e+02
3.402957990416220468e+02
