2.882258456607920607e+02
2.890316448550337896e+02
2.895805909786367351e+02
2.898119438709499605e+02
2.899893680774348468e+02
2.902375697440317595e+02
2.906221453950927867e+02
2.907515658711485571e+02
2.906737141354128084e+02
2.908761345063504109e+02
2.913063329758647910e+02
2.914923902280777384e+02
2.913936288755776900e+02
2.912837234177824826e+02
2.914024954112074397e+02
2.915422461498299640e+02
2.918054962573352782e+02
2.920729043987830096e+02
2.916430936078924674e+02
2.918512946500319458e+02
2.920543659057853461e+02
2.918883988583115183e+02
2.918024101954492266e+02
2.920025707520870242e+02
2.922740453929143882e+02
2.919023387447550704e+02
2.919235167174969092e+02
2.923893293465208103e+02
2.924443551353979274e+02
2.920709534008728383e+02
2.921008074236544303e+02
2.923189552131968298e+02
2.926023126077471375e+02
2.924969800428738154e+02
2.924639982996290541e+02
2.923620811007587008e+02
2.927518388260853612e+02
2.928526922368965302e+02
2.927380034820251922e+02
2.925317100925034310e+02
2.926900468522408687e+02
2.928912174550605982e+02
2.924213800317297114e+02
2.926135413939973091e+02
2.928374667337195660e+02
2.927415450594866684e+02
2.927975839509866205e+02
2.928308681777555762e+02
2.929914206515003343e+02
2.931111763547071405e+02
2.930688908093108580e+02
2.929191998354734778e+02
2.932883957877126591e+02
2.933691933053635239e+02
2.929897673119975821e+02
2.929869136166494172e+02
2.931338993548852727e+02
2.933657695132977778e+02
2.933084577094929841e+02
2.933757298603002823e+02
2.935133947290808578e+02
2.931694260796322737e+02
2.932850605124703520e+02
2.935870064803606851e+02
2.935829229007711660e+02
2.933034068592784820e+02
2.933425172649191950e+02
2.936117868473689327e+02
2.937037556170168386e+02
2.933313187354102638e+02
2.933895502776405237e+02
2.935146290287459010e+02
2.933886346378275221e+02
2.933470714273938142e+02
2.934584364691610858e+02
2.936211248969535177e+02
2.934984680084180582e+02
2.935995232642124506e+02
2.934971960390552113e+02
2.936053015930254446e+02
2.935394945363394186e+02
2.936162055045093098e+02
2.935898608577070377e+02
2.935442803694535883e+02
2.937436426196319985e+02
2.938623563651614745e+02
2.937906732702204522e+02
2.936561539657658955e+02
2.933662076779998529e+02
2.935085234984431963e+02
2.938295269236419927e+02
2.935979934216405240e+02
2.936057494863854913e+02
2.937028088272220430e+02
2.937884188530758252e+02
2.936434700394327706e+02
2.936098056289191049e+02
2.937824348813871325e+02
2.938696744169836848e+02
2.938745897594403687e+02
2.938222396772477509e+02
2.938636198709452856e+02
2.939154327981250958e+02
2.939753256334783487e+02
2.937409551487353951e+02
2.937797863385732740e+02
2.939244328349715829e+02
2.936387081048171694e+02
2.937465871642410775e+02
2.939549858232095971e+02
2.937612960300188547e+02
2.937584734356616991e+02
2.938173862274048247e+02
2.938586691005356784e+02
2.936710619991333715e+02
2.937674996049715901e+02
2.939849089089404401e+02
2.937689284541696111e+02
2.937213332869650912e+02
2.938240099274364070e+02
2.940275987043814894e+02
2.937817586310258093e+02
2.938382179010824302e+02
2.940962803630145572e+02
2.940694297831515200e+02
2.938596547406087325e+02
2.939236461943767722e+02
2.939206344766728307e+02
2.942901491248024399e+02
2.939730094569659968e+02
2.939922930777204897e+02
2.941126856193050116e+02
2.940898168151863388e+02
2.939610203151625001e+02
2.941483346489388282e+02
2.942631240266641726e+02
2.940202155112354490e+02
2.941156640418616348e+02
2.941722753991535342e+02
2.941699731131673161e+02
2.943787525070578681e+02
2.942993107309585525e+02
2.940892350492610490e+02
2.940967649364436625e+02
2.943333873773643177e+02
2.944226877201382990e+02
2.941614178597821478e+02
2.942885935842079448e+02
2.943214453870577927e+02
2.942147990263756014e+02
2.942345505037881139e+02
2.944379404176926869e+02
2.943691766027586141e+02
2.942083035266069260e+02
2.943196196954719994e+02
2.944331407781090206e+02
2.943362128065309093e+02
2.943584054547990831e+02
2.942945676559355093e+02
2.942688049022410155e+02
