2.400259830549670426e+02
2.397540982043834958e+02
2.399403654978088127e+02
2.394824557835172243e+02
2.394202349516571928e+02
2.402759425889650231e+02
2.397629380869892373e+02
2.398282352332406901e+02
2.396554340077460949e+02
2.395718774817888459e+02
2.394135722125523955e+02
2.391845206199371034e+02
2.393934569530192675e+02
2.394978472091284800e+02
2.399869347983569412e+02
2.399317733876265493e+02
2.393912009178986011e+02
2.396690780891949544e+02
2.396393343249729639e+02
2.400033643163144177e+02
2.400797364885278569e+02
2.396701249214484051e+02
2.397986874753217705e+02
2.397518799967243410e+02
2.400640134283922578e+02
2.399749966230755547e+02
2.397465330890161965e+02
2.399507564562551636e+02
2.394908816195556938e+02
2.398568395920125340e+02
2.402904675535100694e+02
2.398539266043486577e+02
2.392606644308543480e+02
2.395133760485071264e+02
2.396640737762703850e+02
2.396498609384592271e+02
2.396465500976841270e+02
2.395040225251841548e+02
2.398531407008506164e+02
2.399973483532508283e+02
2.393952987667693151e+02
2.393612550863781792e+02
2.400770036016383813e+02
2.396563955047299714e+02
2.394784173428869281e+02
2.395392641838357974e+02
2.400783380983972393e+02
2.392482414941166269e+02
2.392322508759679920e+02
2.391889612952543587e+02
2.394922700493877699e+02
2.393470130872592563e+02
2.398726870836239868e+02
2.399844169378794447e+02
2.393759022037377235e+02
2.393182267842536248e+02
2.394589320927393317e+02
2.393705500417011365e+02
2.397486351887772855e+02
2.402142554293596675e+02
2.397270314923513581e+02
2.397001917133083282e+02
2.395887761036641450e+02
2.396177553230193382e+02
2.404748916403572991e+02
2.397656399379291940e+02
2.398367964966440979e+02
2.397990206168467751e+02
2.402512704857338122e+02
2.405313750405632618e+02
2.397610912145363784e+02
2.396171016285011035e+02
2.402620819055041750e+02
2.399165717540659841e+02
2.398502074902109769e+02
2.398343153672569770e+02
2.400676113500682902e+02
2.401914941166643587e+02
2.397039605440474190e+02
2.399991278339190615e+02
2.396046188713916081e+02
2.397818169486781699e+02
2.404287633916733569e+02
2.393992405284292602e+02
2.396498293525993688e+02
2.401295629155736151e+02
2.401370436894488023e+02
2.400732462829509757e+02
2.401139169721714381e+02
2.406314020635227280e+02
2.396588653361433217e+02
2.394361770561776268e+02
2.388095293155305399e+02
2.389153246023242048e+02
2.390571388184436046e+02
2.394199133231502401e+02
2.401127348660905056e+02
2.396689907325396973e+02
2.401773902409169068e+02
2.396081632787462183e+02
2.397746281779453454e+02
2.397799721831441957e+02
2.397054691839311715e+02
2.396280565576808783e+02
2.399928956594296778e+02
2.400775722063466446e+02
2.396212017975879860e+02
2.392839676196244625e+02
2.394096124855825565e+02
2.394596718360913030e+02
2.390178545444167355e+02
2.391071030508066713e+02
2.395896695572982935e+02
2.400795214813428800e+02
2.398668272520820892e+02
2.391872729605200902e+02
2.395121916776612068e+02
2.396994133584655913e+02
2.396125171131319576e+02
2.400158411075225047e+02
2.396249708706340016e+02
2.393229745406034965e+02
2.394871314774701432e+02
2.394098727536352555e+02
2.395083469140025443e+02
2.400139878971739051e+02
2.400607427084144945e+02
2.396494768076030653e+02
2.393408887530304980e+02
2.390880233760365172e+02
2.398854475183563864e+02
2.400745680243108779e+02
2.396977836058175626e+02
2.395617872844175906e+02
2.396614628882671525e+02
2.396057978477203108e+02
2.395178475702844025e+02
2.392824581280673044e+02
2.396498276057064061e+02
2.396256661771654990e+02
2.393868725355641800e+02
2.397243301754031393e+02
2.394804436790108468e+02
2.396208465569924613e+02
2.394068152100797136e+02
2.393575358786995650e+02
2.392770910451417592e+02
2.396914341688946308e+02
2.396667669518585342e+02
2.395689557809796497e+02
2.392974354298721380e+02
2.394511038310497497e+02
2.396709121804383358e+02
2.401116493797941303e+02
2.400792885877857827e+02
2.399046637021126287e+02
2.399190075336566679e+02
2.395561044205584267e+02
2.393004679713809253e+02
2.396833542469808265e+02
2.399692439019856067e+02
2.398181801429714142e+02
2.393907823853985519e+02
2.396267568414704954e+02
2.395369897307829490e+02
2.395523665171603227e+02
2.393671566480710453e+02
2.401490483029380982e+02
2.400013406968945446e+02
2.395805378865577779e+02
2.398279030897995483e+02
2.397552681424672016e+02
2.394313455930231100e+02
2.395878010495585784e+02
2.400399788130709737e+02
2.405895920941869406e+02
2.398341206564757897e+02
2.398624733662850304e+02
2.395240050365126763e+02
2.393621465137404982e+02
2.394165406892173280e+02
2.398187076475157085e+02
2.400237331330438622e+02
2.396027903818918219e+02
2.393328120301558783e+02
2.395061590322809195e+02
2.394397737615678352e+02
2.405547232534220257e+02
2.394385828397255693e+02
2.394077856070242944e+02
2.393189161190248342e+02
2.392284060188508477e+02
2.396074900077066161e+02
2.398138732149719772e+02
2.395372785611515667e+02
2.399079876265930977e+02
2.401528267084950414e+02
2.400530265348038483e+02
2.398881196879559354e+02
2.398459403973335782e+02
2.397099284138970745e+02
2.392912301008260840e+02
2.398224051837027844e+02
2.396673194942059126e+02
2.403497740845091357e+02
2.403093533299392845e+02
2.401362818416594962e+02
2.399875750311610147e+02
2.404281120427922644e+02
2.396920129628925054e+02
2.393895866012088334e+02
2.397972592144204498e+02
2.397759881351919091e+02
2.392419706527843744e+02
2.395462008243524679e+02
2.392567025451242273e+02
2.396680231477061795e+02
2.397409489744062228e+02
2.394746839104951732e+02
2.397679523383289109e+02
2.400460763267758466e+02
2.400225059486083126e+02
2.406664319063736741e+02
2.402695531406937164e+02
2.401507343656274713e+02
2.399939033605197949e+02
2.401776499401857734e+02
2.403614763911890577e+02
2.397761766627468489e+02
2.401341301347769956e+02
2.398681340560460740e+02
2.391327747737654761e+02
2.391351950302703528e+02
2.393935558781561213e+02
2.393893394730419004e+02
2.395518839851555697e+02
2.395080504955053300e+02
2.392686600972340045e+02
2.393880948736527614e+02
2.396413049008700682e+02
2.393023311841565146e+02
2.398534223069795814e+02
2.393605989256053306e+02
2.399888477166609562e+02
2.403283630764891257e+02
2.400598193074414155e+02
2.399943698539424304e+02
2.396284433493039217e+02
2.398038984708642545e+02
2.397603029663924872e+02
2.398034066397997321e+02
2.396792179974137582e+02
2.399026736693647024e+02
2.392248654577767581e+02
2.396187719849867506e+02
2.392831372532290573e+02
2.398944395525921038e+02
2.401919298057366632e+02
2.401299156785095192e+02
2.398904650881439693e+02
2.395848012821023474e+02
2.399069644520672853e+02
2.395683764712028960e+02
2.395367108835460215e+02
2.400693084521002731e+02
2.399610923071642219e+02
2.397658459559630728e+02
2.395217154138844364e+02
2.393627767264302975e+02
2.395227963245009448e+02
2.399152627879343243e+02
2.396831715503452642e+02
2.398226453243487128e+02
2.394021323391084763e+02
2.402272619993420051e+02
2.394632728681300478e+02
2.393844612569987760e+02
2.398627706673562727e+02
2.394998044931423635e+02
2.398865060495717216e+02
2.398660536014906484e+02
2.400051802557399299e+02
2.395650766508125571e+02
2.395492674202755836e+02
2.395777433901866971e+02
2.400749415043039789e+02
2.398535598691360065e+02
2.394831873208127320e+02
2.401910753830529757e+02
2.396515264131320748e+02
2.395183539744753887e+02
2.391310019957427642e+02
2.400388479493632019e+02
2.399090888767152876e+02
2.397565948454772808e+02
2.399724301712249144e+02
2.397296458832511235e+02
2.395698899952077738e+02
2.393278334454073786e+02
2.398025777274085897e+02
2.399738406695234687e+02
2.395266292978323293e+02
2.401536189224222824e+02
2.394121298255361410e+02
2.399588511975454423e+02
2.396086517778899463e+02
2.395010970265801689e+02
2.398876018317333489e+02
2.403145364159676376e+02
2.395381202522909234e+02
2.396780614957745286e+02
2.401918270835009253e+02
2.399464539290487153e+02
2.404938064588407087e+02
2.399287204398256961e+02
2.398265171051703248e+02
2.399118794954950715e+02
2.398185928511246630e+02
2.399161970053761195e+02
2.400775110232551981e+02
2.403911366063003072e+02
2.400755779883474190e+02
2.395813077509654931e+02
2.399523249365564936e+02
2.402552268328999219e+02
2.396822892966882819e+02
2.392972760817410460e+02
2.392912842311213808e+02
2.398550433653276457e+02
2.395290084753445683e+02
2.398717719138097948e+02
2.401929537032381177e+02
2.397374964993480546e+02
2.396153625893443007e+02
2.397547791963505404e+02
2.399790515235962118e+02
2.401855745195767895e+02
2.397668173994083816e+02
2.397096868698439209e+02
2.394080185932662914e+02
2.393805584526850510e+02
2.396966319703841464e+02
2.396376478501400413e+02
2.399891016571839373e+02
2.404088243752967173e+02
2.397307227105698360e+02
2.391975614825377363e+02
2.403682801263491911e+02
2.395567485102064040e+02
2.393495489153358449e+02
2.396848037881285052e+02
2.394526079465240684e+02
2.397118850536542141e+02
2.395768295424569487e+02
2.396491378064262108e+02
2.399602258784651383e+02
2.398323866587049906e+02
2.396812517255858666e+02
2.399461771435491357e+02
2.398561086586226736e+02
2.394012309267286582e+02
2.393847409778458086e+02
2.390123752953768417e+02
2.394976027159214027e+02
2.395452295429825256e+02
2.398184133899866595e+02
2.399386220852225904e+02
2.398553618566854482e+02
2.395710175290214181e+02
2.402110022811509396e+02
2.395126415934266504e+02
2.396959563903964465e+02
2.398504327842061912e+02
2.396787651065928060e+02
2.401578131214056384e+02
2.394710249837216622e+02
2.393389350989176307e+02
2.392766186360825031e+02
2.394932449935235184e+02
2.394495269521921443e+02
2.396672903379145794e+02
2.395986701213540755e+02
2.397122304052913648e+02
2.403301106989768243e+02
2.397962892013482588e+02
2.398398278972682931e+02
2.402577017091322205e+02
2.397616261801997553e+02
2.399047986005506345e+02
2.398677522211692121e+02
2.399828629004329912e+02
2.400629081961220379e+02
2.398166867428352589e+02
2.396949036594257052e+02
2.394895674660585030e+02
2.392646709972939618e+02
2.391790233459614683e+02
2.392801385818168285e+02
2.395787043756490959e+02
2.401014220138912094e+02
2.397369527510952310e+02
2.397092455441319601e+02
2.397285008290205894e+02
2.396956110444886860e+02
2.397969324600403809e+02
2.400084305003941552e+02
2.397536424289276056e+02
2.401021698032969027e+02
2.397787231341851282e+02
2.401224521618489405e+02
2.394187938857301390e+02
2.395169108494685588e+02
2.391290490825782626e+02
2.398966893080806528e+02
2.398417218374836750e+02
2.399845089760878807e+02
2.396974981417523622e+02
2.397561592137501520e+02
2.397039567229957413e+02
2.397040529701041862e+02
2.402589016084582170e+02
2.396272314056878656e+02
2.393539996140885933e+02
2.393543052316598221e+02
2.396143602850499121e+02
2.392555239115385746e+02
2.392851240640212609e+02
2.393117658849479028e+02
2.397045110584269878e+02
2.400336595438491258e+02
2.401453193764802165e+02
2.401966475876907907e+02
2.399765356214648193e+02
2.400028518448569628e+02
2.393613455254442215e+02
2.395776406569604831e+02
2.394164872415272214e+02
2.401720034391311458e+02
2.399266021648973890e+02
2.395807210407068624e+02
2.394203937784251366e+02
2.396336271527919450e+02
2.390899980287348114e+02
2.390585274371443063e+02
2.391931868889289206e+02
2.395818990880973445e+02
2.398898239197388875e+02
2.401288818115800439e+02
2.398171925067326526e+02
2.401361860128733099e+02
2.395605244613490186e+02
2.396077839124822049e+02
2.393653072912446476e+02
2.395902046446199165e+02
2.394275997096656283e+02
2.394283852951888036e+02
2.395593928083535502e+02
2.393484941687393359e+02
2.393962789950313947e+02
2.399685896329602031e+02
2.396499109016114062e+02
2.399816349015844992e+02
2.399135907962889007e+02
2.394031487945079846e+02
2.394390254640655940e+02
2.392537511871846903e+02
2.395554051195779550e+02
2.395881633358385727e+02
2.398915449198043461e+02
2.395646612538511420e+02
2.398460625547249663e+02
2.397472475102519240e+02
2.395022581018714334e+02
2.395806824881518935e+02
2.393707900940111983e+02
2.392368153610764239e+02
2.396532007962441639e+02
2.399581572559132212e+02
2.394047291208406705e+02
2.393488895615189165e+02
2.393978176181153970e+02
2.393264062920614208e+02
2.395500618037156357e+02
2.398489439458334402e+02
2.400433193586119103e+02
2.404238147651923612e+02
2.399945267703314187e+02
2.400358267331529589e+02
2.399358799085890439e+02
2.396288172298894494e+02
2.401155967419173578e+02
2.398253900278379263e+02
2.395694289314419336e+02
2.395030549350468903e+02
2.398243332779063621e+02
2.397900882958277009e+02
2.396818465097104536e+02
2.399385805711666819e+02
2.395904838920692157e+02
2.394832421948642889e+02
