1.009205695453020439e+02
1.005290523476368207e+02
1.008718939450981367e+02
1.007842955921685331e+02
1.000788819286018310e+02
1.004985730361783567e+02
1.006929615564948790e+02
1.002150713398314537e+02
1.011141668929372059e+02
1.007765537670557734e+02
1.008923756670650818e+02
1.007815876614152870e+02
1.005797063400927840e+02
1.002226301152206247e+02
1.000838623336846211e+02
1.012522933903939730e+02
1.017928907627688204e+02
9.987591001935260238e+01
9.966938566221490703e+01
1.007082305813601266e+02
9.994298585491196718e+01
1.000854323885326522e+02
1.003608598520024771e+02
1.003565377681596118e+02
9.995706520273624562e+01
1.006832086505784360e+02
1.002694641643184212e+02
1.008247367992913013e+02
1.009307124316537596e+02
9.967295566099342352e+01
1.010955404135959839e+02
1.007282059919468935e+02
1.008380452246791634e+02
1.001753665358789931e+02
1.006296315267091046e+02
1.003185876460524923e+02
1.005186234452275471e+02
1.007626933477118456e+02
1.001211717222131057e+02
1.008787704687475184e+02
1.009812252723886417e+02
9.978533478879153051e+01
1.004091727514652206e+02
1.014988565188849208e+02
1.004301842976110919e+02
9.987504947070249273e+01
1.015198008954520930e+02
1.014864752372625816e+02
1.011858109125445111e+02
9.994952201991777940e+01
1.003911224214873670e+02
1.003199284194810161e+02
1.003449631371343571e+02
1.014852572747949608e+02
1.008784805444926604e+02
1.010453482560319003e+02
1.011288935038320034e+02
1.002635388832216421e+02
1.006326842318420773e+02
1.004946282506145963e+02
1.009620554447932790e+02
9.985565080879518973e+01
1.002642799436284378e+02
9.998397055090136121e+01
1.002094524176484498e+02
1.008470667011988979e+02
1.000679288567287131e+02
9.960477194319641114e+01
9.949188723486408037e+01
1.004594902901314271e+02
1.003283730508010052e+02
1.002311519005562417e+02
1.004525295055663179e+02
1.014442668106744776e+02
9.955468620994918183e+01
9.945497199242750241e+01
1.005951806915573883e+02
1.014788540725202211e+02
1.002958766778264561e+02
9.942839174285792581e+01
1.000965892319800474e+02
1.006206593833442753e+02
1.013969760147306260e+02
1.010137912931588033e+02
1.002698507150828817e+02
9.952469175616823804e+01
9.970100856064216543e+01
1.003328500018414644e+02
1.005906164425788774e+02
1.014911516592223961e+02
1.013967609686861095e+02
1.012521934750275676e+02
1.011583850808793414e+02
1.007992800328557763e+02
1.005258641205548287e+02
1.001023911139432840e+02
1.010473248220026932e+02
1.000526028595488839e+02
1.005563932277967325e+02
1.017569643761567590e+02
1.003619885600510173e+02
9.973808139944138418e+01
1.011545057736648658e+02
1.008877782542556787e+02
9.980265692836593416e+01
1.014356125151275023e+02
1.014365330581345148e+02
1.006569599705198499e+02
1.007742096233766205e+02
1.018674398316673688e+02
1.000645517867858842e+02
1.003388114142893102e+02
9.993159819544752054e+01
1.005880471243699503e+02
1.015014629239286705e+02
1.004532421747346689e+02
1.003574765531615327e+02
1.004233522818558555e+02
1.005564465839501054e+02
1.002145951922956328e+02
1.010015276759937137e+02
1.012722749928058903e+02
1.009600595994540271e+02
1.007387486039473430e+02
1.002734172966378310e+02
1.002619977509328351e+02
1.004711267604867686e+02
1.009891541057622106e+02
1.004976949922732388e+02
9.973813923194860820e+01
1.002481822078861029e+02
1.008239667975496019e+02
1.006755116911165260e+02
1.005700471520151069e+02
1.009303988173775650e+02
1.013301342906183464e+02
1.002844513046677122e+02
1.007231132161920613e+02
1.012395255954701128e+02
1.015102717565944772e+02
1.004679631394982806e+02
1.006722404408715335e+02
1.005886752667141053e+02
1.004624376373493106e+02
1.003526396137359029e+02
1.005653126085587559e+02
1.008437294659694317e+02
1.003400079846506543e+02
1.006541348113759682e+02
1.013423430855140595e+02
1.001366650953489170e+02
9.970131161966692446e+01
9.946673678732669543e+01
1.008656968624495107e+02
1.008035915104900226e+02
1.000700608280363468e+02
1.014395205887745846e+02
1.008674462446854818e+02
9.973738483781359321e+01
9.998029795368229600e+01
1.010552689256149819e+02
1.010480725862032472e+02
1.008159893743689537e+02
1.007122973461941911e+02
1.003221232982652964e+02
9.980808353430552415e+01
1.001581406608422071e+02
1.014123887123502783e+02
1.011716791458057259e+02
1.008015162334351515e+02
9.991964216863476622e+01
1.012389450113141720e+02
1.002948741981065837e+02
9.999636282109258900e+01
1.001781435085479615e+02
1.010834382073955311e+02
1.005772440772779959e+02
1.004702059513526677e+02
1.008015755712935828e+02
1.013273680025888979e+02
9.983610832149774694e+01
1.001810832902646524e+02
1.013213291083628320e+02
1.010246497312953124e+02
1.005279254496790031e+02
1.001514701989048604e+02
1.004239183963921533e+02
1.010439685098846212e+02
1.017307093833321829e+02
1.013096197818445177e+02
1.004961291128613965e+02
1.002320541951144151e+02
1.004619664297721897e+02
1.008720135029323757e+02
1.001338393743580610e+02
1.000701861017991661e+02
1.007788622863686214e+02
1.003263922563982504e+02
1.002974944109002564e+02
1.008774906710862069e+02
1.005342260450692748e+02
1.006647750814849473e+02
1.000285648190178591e+02
9.988899186969605637e+01
9.999441769092736365e+01
1.001626859626202304e+02
1.000778863865745762e+02
9.994731285649571362e+01
1.001546626542313874e+02
1.013407954972164475e+02
1.000920932955442169e+02
1.000377433138990000e+02
1.010896066157556987e+02
1.010189947277541052e+02
1.007182401050602607e+02
1.001365926445981387e+02
1.006461404268197981e+02
1.010947209535892739e+02
1.004205336569705906e+02
9.996760349970206505e+01
9.996208037094204713e+01
9.958613585801083445e+01
9.980925622119782759e+01
1.001497958220273858e+02
1.000260791217673386e+02
9.989859029218722242e+01
1.001412375384978333e+02
1.006201866650088022e+02
1.006907821867322355e+02
1.002619884374501424e+02
1.018040402515146781e+02
1.015369685747360364e+02
1.010049440769354874e+02
1.010776268880147342e+02
1.005058235447841213e+02
1.006528660203484691e+02
1.014028435333172382e+02
1.010172138249012761e+02
1.005770028702617083e+02
1.005270534566235625e+02
1.003232438644751738e+02
1.015596127139386482e+02
1.001182309511249287e+02
9.938393580227403845e+01
1.008445729389471950e+02
1.003709437568271738e+02
1.017152510708506981e+02
1.010118372299142351e+02
1.005479976528105368e+02
1.002919905139537491e+02
1.000401265114613807e+02
9.990109192804629856e+01
1.012335556464672521e+02
1.011091896184143053e+02
1.001912242898730341e+02
1.001079259284865230e+02
9.926358270975862297e+01
9.991072782636472027e+01
1.012503569553327907e+02
9.997548035731394123e+01
1.003671800685673929e+02
1.015959713117357381e+02
1.007414369266673901e+02
9.978420711009214017e+01
1.006282788109765391e+02
1.016180162861561485e+02
1.003285127963986980e+02
1.003229885887843125e+02
1.009791216711526687e+02
1.008785239399272200e+02
1.002587562014111739e+02
1.008029662167703009e+02
9.997041052165887720e+01
1.004943624433646363e+02
1.012206258824530778e+02
1.010335581117685138e+02
1.002514655820365448e+02
1.003343502988525984e+02
1.001283888672382290e+02
1.009358972680480377e+02
9.988980516871124848e+01
1.005419161737937799e+02
1.004165201202182516e+02
1.000171257574364034e+02
1.003957481854923941e+02
9.965233599344976767e+01
1.010452788317426638e+02
1.001455069704851439e+02
1.005245009829945388e+02
1.009575631762524068e+02
1.008411107789250565e+02
1.007039536768881334e+02
9.991101011407880605e+01
1.010578477468409204e+02
1.005294920834662094e+02
9.981923950630481102e+01
1.011231739836543966e+02
1.007549003742460627e+02
1.005234863523683089e+02
1.002283567489511000e+02
1.010135292905749225e+02
1.002554794471432302e+02
1.012308702786079238e+02
1.010684789098191203e+02
1.004286526378647864e+02
1.007096030134212441e+02
9.975102154447675673e+01
9.967295678078767196e+01
1.009031198810057646e+02
1.004796779298933274e+02
9.987131347039210993e+01
1.002117265355483227e+02
1.000646961242947555e+02
1.002513289987364402e+02
1.009252584631647238e+02
9.978634451230068692e+01
1.006620471684540661e+02
9.996725582668068455e+01
1.000947491018402360e+02
9.916275434783885601e+01
1.006762756529309399e+02
1.008322248201850044e+02
1.003214281462928028e+02
1.004577728916854085e+02
1.011979389028712575e+02
1.013784689927538665e+02
1.003109634972894924e+02
9.967300104022108087e+01
1.000646181254128919e+02
1.011808520587730840e+02
9.959091841237517428e+01
1.006252516346587100e+02
1.010264429209308759e+02
1.003623979923176108e+02
1.003142786428323490e+02
1.001439521338491119e+02
1.011130140986370378e+02
1.009920043178189388e+02
1.010985181097144618e+02
1.003958254515401904e+02
1.009361054830835087e+02
1.004934518241143451e+02
1.004144471812351185e+02
1.001409811540562060e+02
1.011134648039764130e+02
1.012862992974346099e+02
1.000688159715530077e+02
1.008521852341235530e+02
1.010972947489692046e+02
1.004575118988936566e+02
1.000880329467621692e+02
1.009444586981538095e+02
1.001548138861826516e+02
1.002385916129666583e+02
1.003329942867163140e+02
1.009827590525337513e+02
1.006936692079392515e+02
9.984101583949711767e+01
1.009556643003442531e+02
1.009091955576842565e+02
1.006403566695811946e+02
1.007022443085538583e+02
1.006775557828669463e+02
9.991503061510321970e+01
1.006746558451853275e+02
1.003257852085044846e+02
1.007681793107688009e+02
1.004164172994475166e+02
1.000411736348589784e+02
1.015407873688168934e+02
1.011256316757149278e+02
9.996875547417062080e+01
1.002401961699589492e+02
1.001197618117355574e+02
1.012959643831135992e+02
1.012115509883693250e+02
1.011997191802872180e+02
1.007514169845624821e+02
1.001446163983472388e+02
1.004955468924721771e+02
1.007111728861266329e+02
9.990949364671526212e+01
9.956668179263004959e+01
1.012485499943589957e+02
1.002959872866202176e+02
1.000612324511461111e+02
1.010131356420723279e+02
1.010616394460086553e+02
1.001276254762725415e+02
9.986914565246165409e+01
1.002329058419584413e+02
1.017270385192214377e+02
1.004296969595744571e+02
1.008048968423680662e+02
1.011705510628847833e+02
1.007472623841288595e+02
1.010124794439190197e+02
1.001174634583114766e+02
1.003467904154737056e+02
1.006194204330739126e+02
1.005260110771281035e+02
1.002602188844560231e+02
1.010097447929345549e+02
1.005245699218333328e+02
9.961678311882253922e+01
1.004499437888652125e+02
1.004014249846170372e+02
1.003885911598109004e+02
1.000120521991138816e+02
1.008727684756614877e+02
1.009766565843049619e+02
1.005835098409916526e+02
1.004919289339532611e+02
1.001059932164616839e+02
1.004149186116170398e+02
1.006027030388692793e+02
1.007487190944057858e+02
1.002854612956456748e+02
1.008921480076219410e+02
1.006729345116090286e+02
1.008092883718475576e+02
1.012008393068313694e+02
1.007844351978327495e+02
1.004106101713174439e+02
1.006132218844061157e+02
1.006837653162190378e+02
1.001993906034918353e+02
1.002538876354446558e+02
1.000110853130324244e+02
1.001702503058824050e+02
1.002150450047237342e+02
1.004945608481040864e+02
1.009651936342966536e+02
1.008669307756081821e+02
1.004571424487929789e+02
1.003395356942986467e+02
9.995623968920794766e+01
1.008123273234543120e+02
1.006681565895349308e+02
1.014019833518001548e+02
1.011050559957039923e+02
1.012026682513008069e+02
1.014783683647993371e+02
1.010539221579018516e+02
9.971668719746345744e+01
9.976727848572757296e+01
1.000883141859192591e+02
1.007400390127835408e+02
1.005690163151579810e+02
1.010485530354053338e+02
1.005003518665835145e+02
1.008822718918021764e+02
1.005584504612854744e+02
1.004654059856030557e+02
1.006092268136413708e+02
1.009880148200579271e+02
1.012666585840681392e+02
1.011632569887215283e+02
1.003511687936449022e+02
9.992549051247783609e+01
9.988888239859913654e+01
1.004636620589854488e+02
1.011666505148991320e+02
1.004800580714326088e+02
1.007866231920997251e+02
1.010186646270722122e+02
1.004405191759290119e+02
1.002261891974607693e+02
1.011510949387634213e+02
9.988418368596158814e+01
1.015015590498427969e+02
1.008050294725703253e+02
1.006366363475552816e+02
1.017051250591609346e+02
1.006635347113185617e+02
9.991528447648850886e+01
9.955791411867410545e+01
1.010886350891824037e+02
1.014382768992553565e+02
9.987424697614881097e+01
1.006072354147436840e+02
1.008175524315600029e+02
1.004909695998499046e+02
9.992370139921079897e+01
1.004584992679139788e+02
1.006952207018624250e+02
1.006310274663188267e+02
1.000235157366679317e+02
1.004464619266735639e+02
1.002339394549462810e+02
1.000957442296463711e+02
1.013798452074267544e+02
1.001819659616489702e+02
1.006313592075898526e+02
9.997214915768007870e+01
1.004519209426997435e+02
9.991521981568557464e+01
1.005366176610475435e+02
1.008116874536948870e+02
1.012632596720146552e+02
