2.870934331865097988e+02
2.870563928387481951e+02
2.870268970272092020e+02
2.868304086073831058e+02
2.871004928178346631e+02
2.870878995136503704e+02
2.869993457416530873e+02
2.870980062443167640e+02
2.869614703870809649e+02
2.868459393975137459e+02
2.868274192836377665e+02
2.868182333320010571e+02
2.867926673525595334e+02
2.867792592548452717e+02
2.870348459695513270e+02
2.870669899710473487e+02
2.868369741164589755e+02
2.868150380059270788e+02
2.870027164315569621e+02
2.870393184403065447e+02
2.870227295299771981e+02
2.870265510889170741e+02
2.870192475022599297e+02
2.869396398550917979e+02
2.870388041661645389e+02
2.871360530516341782e+02
2.870514432277773267e+02
2.870919330964485994e+02
2.869121576741375179e+02
2.872314039972243904e+02
2.871287069518006092e+02
2.869305519596198337e+02
2.867865354331548815e+02
2.867379796988250860e+02
2.868228468876780539e+02
2.868003850176593801e+02
2.868811806168330918e+02
2.867434245888492228e+02
2.870120720334857083e+02
2.870488876921839392e+02
2.868439576766788832e+02
2.867974176236670587e+02
2.870782628555897986e+02
2.869194085056536210e+02
2.868126752649698119e+02
2.869327846325648466e+02
2.870529878980329386e+02
2.867752842983987307e+02
2.866724009356615284e+02
2.867519274820008945e+02
2.868167402472334402e+02
2.867919274713123627e+02
2.870153683945320608e+02
2.869023667888903901e+02
2.868196668324824827e+02
2.867872119669955850e+02
2.868954616220563025e+02
2.869005745155245677e+02
2.869889295770092872e+02
2.869906106503269143e+02
2.868651313942744991e+02
2.868436553627097396e+02
2.869307736984384860e+02
2.869907477574249697e+02
2.870854512331192723e+02
2.869427345505214930e+02
2.868791857978818030e+02
2.870750454738125086e+02
2.871731540899727975e+02
2.871914087157224458e+02
2.870358349341251483e+02
2.871035593659750589e+02
2.872160283278029738e+02
2.869917898460083734e+02
2.868719016887523594e+02
2.869922639959591493e+02
2.871125996309098127e+02
2.870467714154168561e+02
2.869335013374160894e+02
2.870075002890014844e+02
2.869819553546465727e+02
2.871467340816582237e+02
2.870584092741264612e+02
2.869302233963608160e+02
2.870075754430450274e+02
2.871601465772181427e+02
2.871559899173789745e+02
2.871701827079012332e+02
2.873768328966195327e+02
2.872374671821991683e+02
2.868703033216709741e+02
2.866923794875165186e+02
2.865716411505243855e+02
2.865849143014265792e+02
2.866086314432719178e+02
2.867843533529198226e+02
2.869005244215875337e+02
2.868632948180463131e+02
2.871283714514648864e+02
2.869056221798508091e+02
2.868739939372408685e+02
2.869709274869927071e+02
2.870108941714312891e+02
2.868949706894210863e+02
2.871342306446624093e+02
2.870065158719117449e+02
2.868442956816766696e+02
2.868189850678455173e+02
2.869432974292677727e+02
2.867754371343461344e+02
2.866365003172082879e+02
2.868099198562969150e+02
2.868460149087212017e+02
2.870231226196983130e+02
2.868692954233015939e+02
2.866689366262128829e+02
2.868893479574326761e+02
2.868656325312450122e+02
2.868460846286229753e+02
2.870766156940581482e+02
2.869511517784097236e+02
2.867829420423936995e+02
2.867009310173573340e+02
2.866888562332458150e+02
2.867996636941916790e+02
2.869803603091551736e+02
2.869290515894385294e+02
2.868338217066460061e+02
2.866679123170873140e+02
2.867251939567505019e+02
2.869177976133516381e+02
2.870010772056620567e+02
2.868618456622472763e+02
2.869479082687756204e+02
2.868392710325491635e+02
2.867895534252836569e+02
2.868076355725108328e+02
2.868494462618885450e+02
2.870326859294285100e+02
2.868331627366583234e+02
2.868441435096601140e+02
2.868298616858921264e+02
2.868305240948598680e+02
2.867614656400691615e+02
2.868043139897799279e+02
2.867611682975692133e+02
2.867740627297076230e+02
2.868891271021041689e+02
2.869580369247673275e+02
2.868427785466212185e+02
2.867655540184921392e+02
2.867812236561210284e+02
2.870329223622663335e+02
2.871548367041492043e+02
2.869766882699796611e+02
2.869549757337949245e+02
2.870218349656153123e+02
2.868082483901574733e+02
2.868147315964455970e+02
2.870737807571140934e+02
2.869477730197129972e+02
2.868525578525291166e+02
2.868105416984142835e+02
2.868864205905069298e+02
2.868404482700072435e+02
2.868799256358346952e+02
2.870087473206324375e+02
2.871090324608496758e+02
2.869476129453202589e+02
2.868122355219920223e+02
2.869539177226637889e+02
2.868639281931058349e+02
2.868059032003320681e+02
2.869601868964514324e+02
2.872514395380126757e+02
2.872173573802082842e+02
2.870464368803844764e+02
2.868308989105537989e+02
2.867961095540949259e+02
2.867087812004727994e+02
2.867064115994678559e+02
2.870691512691245748e+02
2.869720333214118000e+02
2.868043929601928426e+02
2.867944777968591552e+02
2.868432844121296057e+02
2.870169599986727462e+02
2.871636320190643801e+02
2.869789164928351397e+02
2.866771891006730471e+02
2.866992262810392162e+02
2.868020791523580328e+02
2.868732978189682399e+02
2.869323784643679005e+02
2.869033476900961546e+02
2.871412580354699458e+02
2.871554978246240921e+02
2.870609547848159195e+02
2.870817996300538653e+02
2.869199443297869152e+02
2.869839613812118841e+02
2.869464237393411281e+02
2.869950411026850929e+02
2.871112965045060150e+02
2.871451795490057179e+02
2.872947152365148327e+02
2.871972666483249554e+02
2.870952680827472818e+02
2.872734026000059089e+02
2.868948958609114470e+02
2.868247443298553776e+02
2.869927384845953497e+02
2.869056842700377388e+02
2.867413719661607843e+02
2.867187636204963610e+02
2.867221268880812204e+02
2.868393644063484658e+02
2.868690976649903064e+02
2.868146009819669189e+02
2.869035835727010522e+02
2.870351129115886124e+02
2.870710070737160891e+02
2.871790409778540152e+02
2.870750588714865330e+02
2.870903252182334882e+02
2.871086668157805093e+02
2.871507146415011107e+02
2.871958229892823624e+02
2.869914157149917173e+02
2.870812064656905136e+02
2.869961937215863372e+02
2.866539594325458893e+02
2.867089893614957532e+02
2.867475803871402036e+02
2.867191836779317669e+02
2.868022091307907431e+02
2.867703066624540611e+02
2.867095592641719577e+02
2.867556817616414833e+02
2.867071415210090777e+02
2.869389679726614872e+02
2.869508932743755736e+02
2.868209727187287967e+02
2.871090552151338784e+02
2.871939454678183097e+02
2.871252659860633685e+02
2.870504888599954825e+02
2.868871134669086018e+02
2.869570502181772440e+02
2.869737497223741229e+02
2.869569060859827800e+02
2.869414479257379185e+02
2.869771916595621519e+02
2.867532784253463092e+02
2.867491954388597719e+02
2.868081173930332284e+02
2.870128626134309116e+02
2.871652559595605112e+02
2.870861479118030957e+02
2.869170450235956196e+02
2.871086054080363397e+02
2.870184272985375742e+02
2.869081282205577850e+02
2.868873862611005734e+02
2.871419127013488719e+02
2.870059118667809912e+02
2.868539355779184348e+02
2.868183676363756263e+02
2.868123932916843728e+02
2.868095586362894664e+02
2.869267944272750697e+02
2.869452037555395236e+02
2.870227465332902739e+02
2.870859570419141278e+02
2.870637839749409181e+02
2.868323872218836073e+02
2.868059091617031413e+02
2.868757136461423443e+02
2.869875621055458623e+02
2.870383078539717303e+02
2.870060775855189945e+02
2.870329942250805857e+02
2.869391662836881665e+02
2.869014697448538413e+02
2.869029314205104697e+02
2.870180420259427478e+02
2.869204320648099724e+02
2.869617719764146955e+02
2.870508666798164654e+02
2.868690081946821806e+02
2.869482920057317870e+02
2.868656140511695298e+02
2.870022219498703180e+02
2.869355868710684376e+02
2.869160141536539754e+02
2.868882051789386196e+02
2.868813742127265414e+02
2.867788266410631763e+02
2.868481366161917663e+02
2.869917704671617571e+02
2.868622280714657222e+02
2.868846346782744945e+02
2.870077506891728945e+02
2.868503443338213401e+02
2.870205804647088144e+02
2.869085303378844287e+02
2.870635793743875865e+02
2.871519726336987901e+02
2.871382298608389760e+02
2.869016600885017851e+02
2.870139195021454270e+02
2.871905362091406460e+02
2.871473948850349984e+02
2.872578459951197942e+02
2.870489131215339285e+02
2.870864438550634645e+02
2.870483114079325446e+02
2.869583794950702895e+02
2.870007101118954438e+02
2.872428979043251616e+02
2.873146133836829108e+02
2.871021875090503386e+02
2.870062075944418325e+02
2.871976118914957965e+02
2.871081687512391341e+02
2.868127306889932129e+02
2.866465765717702538e+02
2.868366313960996763e+02
2.870668221136311899e+02
2.868997460688955812e+02
2.870308718555453993e+02
2.870670189624927957e+02
2.868912812523693106e+02
2.869555193421697936e+02
2.870306573831493324e+02
2.871687422783812167e+02
2.870799335656063249e+02
2.869457017989395808e+02
2.868790270713006407e+02
2.868129082582336764e+02
2.868351969909238051e+02
2.868965921634770666e+02
2.869339943921645499e+02
2.871345203192617532e+02
2.870886914824449718e+02
2.868814602467695636e+02
2.868286075685984997e+02
2.870907342224940635e+02
2.867335564575682270e+02
2.867251841356099362e+02
2.867495297989728442e+02
2.867972907616879183e+02
2.869057491096165222e+02
2.869222014859423666e+02
2.870033996921037556e+02
2.870674537778803028e+02
2.869148257284358010e+02
2.870463728937708652e+02
2.869823052183390359e+02
2.868063518014317310e+02
2.867212067164511495e+02
2.866203567116887143e+02
2.866367919733049803e+02
2.867752362987691299e+02
2.868440639760199247e+02
2.869390067674019633e+02
2.869849943634126817e+02
2.869934289396774147e+02
2.870574162227580359e+02
2.870753324142550014e+02
2.868345521809810066e+02
2.867939797663182731e+02
2.869179360548946534e+02
2.870595597620586545e+02
2.870795157187090467e+02
2.868536399750826718e+02
2.866743846560214024e+02
2.867738668722914781e+02
2.867445729984806917e+02
2.867445086117423898e+02
2.867384293769087549e+02
2.868627995740287702e+02
2.871378285538996238e+02
2.871358430305618299e+02
2.869629746719076024e+02
2.870853980602397542e+02
2.871852584349893505e+02
2.870009408421150852e+02
2.870116787711214670e+02
2.870443056412316878e+02
2.872396956921155606e+02
2.870465664271428636e+02
2.869404528281305033e+02
2.868850343576002047e+02
2.869182996129805474e+02
2.867635607159425035e+02
2.867464586651557852e+02
2.868244797422356669e+02
2.870379976245382636e+02
2.871292078939145540e+02
2.870304077940738807e+02
2.870641095447389830e+02
2.871246856089316566e+02
2.869526844940002661e+02
2.869702706268415113e+02
2.871115100074912903e+02
2.870375137240270647e+02
2.870056916055731904e+02
2.870147896354001773e+02
2.869945125907834154e+02
2.868185703877295509e+02
2.868632612256446919e+02
2.867268530217084503e+02
2.869595839476930905e+02
2.870433484085787654e+02
2.869715785815066624e+02
2.869185331969395065e+02
2.869640048688930278e+02
2.869308578937858556e+02
2.869392464110371179e+02
2.871075070428317986e+02
2.867838224349193865e+02
2.867374670743049023e+02
2.867013988102805797e+02
2.868548171525081329e+02
2.867837446419079015e+02
2.867240905106650075e+02
2.868515409369904887e+02
2.869806742485278050e+02
2.871876129081765612e+02
2.871696087344876673e+02
2.871667109754409921e+02
2.870288940834518598e+02
2.869101555013253346e+02
2.867809201162564250e+02
2.868335275109238296e+02
2.869003968216440512e+02
2.870717154260361212e+02
2.869748899897163028e+02
2.868643148172153587e+02
2.867488792747946604e+02
2.867433908888579595e+02
2.867321285287402475e+02
2.866060098865456780e+02
2.868487556811317063e+02
2.868732327922849095e+02
2.870313625286800630e+02
2.870925471402576363e+02
2.869703579399363775e+02
2.870115946389453825e+02
2.868697392156274759e+02
2.868751544786218801e+02
2.868411116153671969e+02
2.868478110024485090e+02
2.868595282985157837e+02
2.867853015344831533e+02
2.867833706617238363e+02
2.867266770300969938e+02
2.867809282949447720e+02
2.868457394470431723e+02
2.869730586277094062e+02
2.870683203678826203e+02
2.869466284916813379e+02
2.867514142290314680e+02
2.868536754421648993e+02
2.867145929081270310e+02
2.868801500803866134e+02
2.869408684631314372e+02
2.869456607077531203e+02
2.870459956908384243e+02
2.869828500224111281e+02
2.868605219792293042e+02
2.869371669940844072e+02
2.868011840589262533e+02
2.866992413600983127e+02
2.868782050651999498e+02
2.870456302242612878e+02
2.870150609827684320e+02
2.867265151224927990e+02
2.867892760140117616e+02
2.867379721076878809e+02
2.868715832302302147e+02
2.869131746180869413e+02
2.869520370680525616e+02
2.871591651679478332e+02
2.871370329465398186e+02
2.870575679398734223e+02
2.870856399776583885e+02
2.870574289638071264e+02
2.870308361637454482e+02
2.871714177441724587e+02
2.870122941469072089e+02
2.868869395261048680e+02
2.868012538454512992e+02
2.869563323988098773e+02
2.869762552301787650e+02
2.869664165036580812e+02
2.869421715943573190e+02
2.868560065228363101e+02
2.868003436411021312e+02
