1.006572079683464978e+02
1.005926756468821992e+02
1.008909066153457843e+02
1.007559671335040576e+02
1.006813277665980308e+02
1.008029076962412205e+02
1.006588433880115332e+02
1.010558936352733639e+02
1.006345125384797967e+02
1.009955462468365255e+02
1.007283223898176630e+02
1.011105864305392856e+02
1.010835085910890854e+02
1.006650464266114824e+02
1.007301620644606572e+02
1.007694192846637833e+02
1.011676673025561399e+02
1.009717539978245355e+02
1.008973352013205727e+02
1.008531127151429274e+02
1.009916758351706108e+02
1.008858291145233039e+02
1.007551770290697704e+02
1.006782763559665028e+02
1.009074068812380887e+02
1.008811285232063284e+02
1.007509575966251987e+02
1.006523961597650327e+02
1.013301041561267084e+02
1.010810954782428013e+02
1.009027845131168846e+02
1.012357900460003037e+02
1.009640161487761816e+02
1.015800418250139359e+02
1.028343460953365707e+02
1.013767275752704933e+02
1.011862636332140397e+02
1.006811290103025840e+02
1.007060571712257229e+02
1.009472541593111856e+02
1.011201931113487262e+02
1.014093355471216142e+02
1.010801768447660010e+02
1.007979959734612976e+02
1.010477896041276580e+02
1.009074345969196997e+02
1.008946663369393946e+02
1.012759169896223312e+02
1.009969654548409181e+02
1.007755446926894365e+02
1.012115133794528106e+02
1.012240496940469825e+02
1.014294006019075169e+02
1.017493875740019575e+02
1.010757045112796959e+02
1.011183530353959696e+02
1.012648864621686613e+02
1.009162631947720428e+02
1.011349914548622877e+02
1.011560678972743546e+02
1.010185076052633235e+02
1.009058329358431507e+02
1.009625938319762923e+02
1.012134819040771703e+02
1.011171465210488805e+02
1.010457419207077123e+02
1.008850323233316857e+02
1.006540536680290643e+02
1.008101212694725035e+02
1.010407195059756873e+02
1.006620333659372903e+02
1.008998576094296595e+02
1.013833947626443432e+02
1.009137652789558928e+02
1.008220620804799523e+02
1.008441287614106301e+02
1.008016298141660059e+02
1.006515477035740673e+02
1.011066386224995739e+02
1.007158508426106778e+02
1.008874913186325415e+02
1.006063564397874046e+02
1.008447835235312624e+02
1.009558837447166439e+02
1.007093938248506078e+02
1.008193926931445503e+02
1.007019262691658241e+02
1.008442041093732655e+02
1.009918720469657245e+02
1.009711399229159952e+02
1.009911199529980621e+02
1.007062379469652598e+02
1.005309020785068697e+02
1.006638206422429818e+02
1.009592867158323770e+02
1.007072400937201877e+02
1.008480555147851732e+02
1.009027081992517196e+02
1.009117076539925932e+02
1.008288486606719374e+02
1.006180367005815839e+02
1.007857265687802624e+02
1.006835501091386078e+02
1.010265592829670851e+02
1.010588945686049698e+02
1.009894523146264760e+02
1.010178752381070097e+02
1.009679719774363207e+02
1.012255460327679515e+02
1.009672856530649483e+02
1.010320603955550922e+02
1.011828845174695886e+02
1.013482629337675007e+02
1.018283631054986387e+02
1.021875288413309022e+02
1.015886933876494851e+02
1.012550312287527134e+02
1.015731691416133344e+02
1.017079895724015870e+02
1.011363379673273499e+02
1.014013589914799240e+02
1.018135477746988045e+02
1.013492415885930882e+02
1.013785300370241060e+02
1.016478408706343117e+02
1.015654365630963838e+02
1.014630994932032877e+02
1.014833237423563332e+02
1.013058890246385175e+02
1.014664677778255992e+02
1.013944358067777216e+02
1.016899368059273314e+02
1.017142429161430783e+02
1.021159796244961768e+02
1.018226273463102984e+02
1.015724145629329627e+02
1.016525049339371236e+02
1.012725115009987036e+02
1.016007861649695201e+02
1.014100968585822784e+02
1.012971808782235001e+02
1.017054060760970060e+02
1.029193565570474931e+02
1.023416698894823185e+02
1.015538201622311618e+02
1.013263011750238576e+02
1.011996291095605471e+02
1.012225186207149790e+02
1.012003982423927937e+02
1.016607849491808082e+02
1.012332118218217829e+02
1.012702094903123680e+02
1.011285305332106077e+02
1.012003989578450955e+02
1.011488608191203156e+02
1.008484379509844615e+02
1.009934766511876347e+02
1.009203368043992128e+02
1.011462926960593194e+02
1.009538364070829601e+02
1.011353937903582931e+02
1.009388879694821100e+02
1.011884796633844559e+02
1.010351144112982098e+02
1.008983339141446294e+02
