2.861574606364318925e+02
2.860714170200934063e+02
2.861623972591049210e+02
2.862457096655174951e+02
2.859621775574560161e+02
2.859599148108101190e+02
2.860548195734421029e+02
2.860242947276609016e+02
2.858426105309360423e+02
2.859701772907006898e+02
2.860428718827777743e+02
2.859845775609672387e+02
2.861439138805607740e+02
2.858393857112129695e+02
2.859100807708026082e+02
2.859239103890708975e+02
2.859125762567038578e+02
2.859959789343200214e+02
2.860123770299337025e+02
2.859138697055621492e+02
2.858991908937996982e+02
2.859448395275674102e+02
2.859193707715446067e+02
2.859710093687668291e+02
2.860479506913681575e+02
2.858320315221846499e+02
2.858436111954281387e+02
2.860516807701669109e+02
2.859433474285074226e+02
2.856487385531418113e+02
2.858135288630573427e+02
2.859225540307373308e+02
2.857898660134941906e+02
2.858816170718665717e+02
2.858440555468661159e+02
2.857194952519768663e+02
2.857425737635707037e+02
2.858797815840102317e+02
2.859828860819990837e+02
2.861167841719613989e+02
2.857915373975637863e+02
2.857545108440626223e+02
2.858594056237839141e+02
2.859156852339493184e+02
2.860344860683028969e+02
2.860071458285576114e+02
2.859414579614930290e+02
2.859578285081789204e+02
2.858259533359949387e+02
2.858904898565739927e+02
2.859664353797538183e+02
2.860070885475853970e+02
2.857969146511294980e+02
2.858247346062381098e+02
2.859232179490258545e+02
2.861323405322840472e+02
2.861598714082385868e+02
2.860062195751356171e+02
2.858867893342349475e+02
2.859599246658573861e+02
2.860393178326189627e+02
2.858540021521488370e+02
2.860898248541124076e+02
2.862117295085629962e+02
2.860131294264657527e+02
2.861901182865638589e+02
2.862540270592879779e+02
2.862009541315158572e+02
2.863339054150613379e+02
2.863059788775751144e+02
2.862025923492548714e+02
2.862183433960225898e+02
2.862062435201949597e+02
2.861331254523825010e+02
2.863056457363260847e+02
2.864147741987696349e+02
2.863392031600980658e+02
2.862983909108332341e+02
2.863063482080523272e+02
2.863411251119753729e+02
2.863054763345588185e+02
2.862144777173231205e+02
2.863471554522549809e+02
2.863121655577079423e+02
2.861875087903957819e+02
2.862546899998328058e+02
2.863463767679536431e+02
2.863512258451372077e+02
2.862837357011065933e+02
2.863516312969723572e+02
2.865877487110973902e+02
2.865563777468502735e+02
2.863406831386121780e+02
2.864055125456276301e+02
2.865299234684708267e+02
2.862502442426148264e+02
2.863613856007848995e+02
2.866044070146603531e+02
2.865514902584207562e+02
2.865411799454519155e+02
2.864554310409919822e+02
2.864141124596753230e+02
2.864392629819112130e+02
2.865037315237731832e+02
2.864131160632628621e+02
2.862933834532105948e+02
2.862086187632353926e+02
2.863497862875387341e+02
2.866915655058103312e+02
2.863339693511407518e+02
2.863598769904165238e+02
2.863797139637848090e+02
2.862995491518673248e+02
2.862191240138387798e+02
2.860490055846305495e+02
2.862335796152581793e+02
2.861865520025111778e+02
2.861698989597651916e+02
2.863558911489488992e+02
2.862821878724927842e+02
2.862696382520800853e+02
2.862877173443671381e+02
2.861646456495431607e+02
2.862770394781140340e+02
2.862792083267542580e+02
2.862453393296985382e+02
2.861937648511250813e+02
2.863598049689878167e+02
2.863910004203165158e+02
2.863970410646941218e+02
2.863212396069866372e+02
2.864188560583159529e+02
2.863971743035893951e+02
2.863380337452590538e+02
2.864078882290780257e+02
2.864397353970413747e+02
2.863032544685768244e+02
2.864340795879846269e+02
2.864881132299055935e+02
2.863889871477778115e+02
2.866235445741126000e+02
2.866048694446616878e+02
2.866916037964967359e+02
2.864660497854067103e+02
2.865253325773549591e+02
2.868162976207361794e+02
2.867554772136923020e+02
2.865701704671539005e+02
2.868231029971544785e+02
2.867552325175558963e+02
2.866819237469291579e+02
2.867979695999557066e+02
2.868008794321242476e+02
2.868801084490953031e+02
2.871400071392043287e+02
2.868423386805275754e+02
2.871154107068375652e+02
2.870556861943632043e+02
2.871436898378175897e+02
2.869994265443913832e+02
2.869624915900153042e+02
2.870252035390139440e+02
2.870704879497461661e+02
2.869691973085316476e+02
2.870087210334203860e+02
