2.378556050124359444e+02
2.381563661871792021e+02
2.383459331345055432e+02
2.382020331392692469e+02
2.381201630025957456e+02
2.381611046078261609e+02
2.381453060251592433e+02
2.382128304048517293e+02
2.383512927577941980e+02
2.383210989524776551e+02
2.386185365197200099e+02
2.384509597430132999e+02
2.380787219837049804e+02
2.379407345762025727e+02
2.379438533606226258e+02
2.381554614888808317e+02
2.381367487524707656e+02
2.382911045105763890e+02
2.382618104589293182e+02
2.380440770904260432e+02
2.380038738788367709e+02
2.381396041325572241e+02
2.382147925041955148e+02
2.380500484608210172e+02
2.382749200405341696e+02
2.379533412645890564e+02
2.380271716046678705e+02
2.379460899953620299e+02
2.379524050986632631e+02
2.379387323267600323e+02
2.377565855657101963e+02
2.376673371326881181e+02
2.381468919545678773e+02
2.381785506596730499e+02
2.376638481885605927e+02
2.373853719711712813e+02
2.375700465111322046e+02
2.376939368794492111e+02
2.376238703597347524e+02
2.377511960730724638e+02
2.376877957284427794e+02
2.375849472056635534e+02
2.379084202899747424e+02
2.379724971565824774e+02
2.381930921451309757e+02
2.381979800324462246e+02
2.379079597644116575e+02
2.381345193614328934e+02
2.381933581662592303e+02
2.379076441570495319e+02
2.376328221635910438e+02
2.377870685980468863e+02
2.377947648086295374e+02
2.375570517240921333e+02
2.375340449887769694e+02
2.377183440411681943e+02
2.377735663993718163e+02
2.377990865141593702e+02
2.377460882505927486e+02
2.375150142880296187e+02
2.376693815722083230e+02
2.375748628362622412e+02
2.375677747848246781e+02
2.375735072904448373e+02
2.374498673430335600e+02
2.377593910053984416e+02
2.379019899244701719e+02
2.376555466359847060e+02
2.375904620214557497e+02
2.377734763233848696e+02
2.376041902773591517e+02
2.375482167459472294e+02
2.377845580055951871e+02
2.377890825170456708e+02
2.378440675393546542e+02
2.379404126266410628e+02
2.381592620785498866e+02
2.381236759742276661e+02
2.379585511830801750e+02
2.377474286235338639e+02
2.376686269077581528e+02
2.377524812235803040e+02
2.376368641793699226e+02
2.379830935406425567e+02
2.380395245447872696e+02
2.378679067713039501e+02
2.380124775361559557e+02
2.381827076343671195e+02
2.377769433880074814e+02
2.380902792893740809e+02
2.379778813769297585e+02
2.380928668449823817e+02
2.379803611125689997e+02
2.380508914496947739e+02
2.379944680893164843e+02
2.384048080662303448e+02
2.382088612209713574e+02
2.382778908229581987e+02
2.382259611451345620e+02
2.383908614410973712e+02
2.382711617936114408e+02
2.380303011765226984e+02
2.376496224391301837e+02
2.379714383410192511e+02
2.380358206692864371e+02
2.379536358541721199e+02
2.379644386214494318e+02
2.379004450834181625e+02
2.379748282277723774e+02
2.380805615947449496e+02
2.376748987166475047e+02
2.376853000275557690e+02
2.376156833973847142e+02
2.373477625867609220e+02
2.373300790975549717e+02
2.373095014580740951e+02
2.374335757686509112e+02
2.374461769795024111e+02
2.377561885292522277e+02
2.376119137726252859e+02
2.374976549032901687e+02
2.372786304245684050e+02
2.375027381480570909e+02
2.377631707760726840e+02
2.375098086766049619e+02
2.377389762384782159e+02
2.374879324648998136e+02
2.376128013854539915e+02
2.375138416774068730e+02
2.376197194014028184e+02
2.377726023893616230e+02
2.377449238302921231e+02
2.378354587867263206e+02
2.375016244848385440e+02
2.373665579510851273e+02
2.372254779653692083e+02
2.375167034702898263e+02
2.376300343637124968e+02
2.375425136553717778e+02
2.381303247354208850e+02
2.378139255842196462e+02
2.376944916730049044e+02
2.374933021443465577e+02
2.374744940536270121e+02
2.375696261663631788e+02
2.374426330528931430e+02
2.376587136076881279e+02
2.375758526334734313e+02
2.376315379438096613e+02
2.375213403886783681e+02
2.377990215864285517e+02
2.377465809295836436e+02
2.379837060873120436e+02
2.379320579940728919e+02
2.378366614485604202e+02
2.376409867410453955e+02
2.378929019251548027e+02
2.377746634812297089e+02
2.377146219559211033e+02
2.377279215430605745e+02
2.378937119722772024e+02
2.380578559605314979e+02
2.377954694660499229e+02
2.377805885383775149e+02
2.379788763290121949e+02
