2.861412863702039999e+02
2.860977023143682345e+02
2.860032932474994141e+02
2.858674666276086782e+02
2.858608616339015498e+02
2.860850081174716593e+02
2.860404215646008765e+02
2.859870773131544865e+02
2.858594502761139324e+02
2.860764153494833408e+02
2.861638285011653693e+02
2.860379944012169631e+02
2.859999132532694261e+02
2.859486871701046198e+02
2.860350164396604100e+02
2.861808325425836870e+02
2.858976182685665322e+02
2.860845585210523154e+02
2.862459266066089185e+02
2.861557381861538261e+02
2.861693168459204344e+02
2.862085773474926782e+02
2.858975725223756399e+02
2.858228311281091578e+02
2.857532324807259556e+02
2.858323028375578474e+02
2.858840344404813436e+02
2.860838673210666343e+02
2.860455289117519442e+02
2.860141530610944756e+02
2.860178548764704942e+02
2.859107550019687665e+02
2.859446775355296495e+02
2.857906562654362119e+02
2.855776190439042352e+02
2.858362971271767492e+02
2.857158182465618097e+02
2.858653391523101845e+02
2.860551775018392391e+02
2.858432620643746418e+02
2.858386216243765716e+02
2.858174010976924819e+02
2.856880294271690559e+02
2.858352774130420357e+02
2.856676052969972375e+02
2.858171589346704309e+02
2.859443887340463561e+02
2.857716670702977808e+02
2.858698863932852987e+02
2.860541531067674441e+02
2.860506959938965679e+02
2.859538912648897053e+02
2.860037265872960575e+02
2.859178248573724659e+02
2.860056644724958232e+02
2.861185664387302268e+02
2.858661770687658077e+02
2.859413007094296404e+02
2.860386617573364560e+02
2.861140965026538083e+02
2.860944236798687257e+02
2.859340790562801544e+02
2.858978764613052022e+02
2.859766813872647049e+02
2.860665663544241966e+02
2.860911250393406817e+02
2.860572311180772545e+02
2.861087380851564603e+02
2.862196981920906182e+02
2.863729721862485462e+02
2.862381972119923716e+02
2.860615545684164545e+02
2.862940518967477033e+02
2.863193220818017721e+02
2.866424419266944597e+02
2.863957395503817907e+02
2.861463224792058213e+02
2.864197395295630031e+02
2.864286209532907606e+02
2.861994844933532818e+02
2.861981669026891382e+02
2.861880031275325109e+02
2.863009143715380560e+02
2.862743120721773948e+02
2.862984245577968068e+02
2.862155625106954631e+02
2.862029766486019753e+02
2.862641778382402435e+02
2.863044106982623589e+02
2.863863746561344783e+02
2.861790971396265491e+02
2.862133575800809808e+02
2.862315413486340390e+02
2.862559465576986781e+02
2.863281475951250172e+02
2.862456755272343685e+02
2.863450196999827426e+02
2.864320388701926845e+02
2.864827229752672224e+02
2.864731828479031606e+02
2.865099462132503731e+02
2.865943507055267787e+02
2.864977172059877262e+02
2.867200733093151257e+02
2.865860183534380781e+02
2.863949581113148497e+02
2.864083622059185359e+02
2.864738381112997558e+02
2.864586877210591069e+02
2.862905371302383628e+02
2.864574445412511636e+02
2.866478425341736056e+02
2.867030403817549313e+02
2.867354788474219731e+02
2.864004553677112312e+02
2.864628199263617603e+02
2.864684295282475546e+02
2.865342976387327667e+02
2.863977639704825151e+02
2.864547976434819816e+02
2.864940513762089154e+02
2.864164181817561143e+02
2.865480947633122355e+02
2.866145510423452265e+02
2.867647580874091204e+02
2.865053042061869633e+02
2.864566876795144594e+02
2.865209682408203662e+02
2.864465845882340886e+02
2.865347517424375496e+02
2.868154071418505850e+02
2.867747666305983785e+02
2.868522050726421071e+02
2.867495231395440101e+02
2.865273574836044190e+02
2.866616360653827087e+02
2.866633564483314558e+02
2.867679314096206440e+02
2.866945799270491193e+02
2.868926175977749722e+02
2.872064274187994783e+02
2.867974152139600506e+02
2.865563095109386040e+02
2.865998967340889862e+02
2.866631336752357697e+02
2.867373656384528999e+02
2.867491622722240550e+02
2.869303970878309542e+02
2.869344581681619957e+02
2.866761566511987667e+02
2.868264034596843430e+02
2.871332872323407628e+02
2.869426706829216869e+02
2.868869226551768747e+02
2.871081831325095095e+02
2.872710013355233514e+02
2.871448117247812206e+02
2.870610515734468322e+02
2.870184642271527764e+02
2.869864847441277220e+02
2.872829770097976620e+02
2.872802414738849848e+02
2.872617308178319604e+02
2.872835460186754517e+02
2.873373620306578573e+02
