2.347856130258129781e+02
2.347139182192246665e+02
2.346160951725379675e+02
2.347101064491241686e+02
2.349624909884687725e+02
2.345971937713233331e+02
2.348938795225255092e+02
2.348108897282949385e+02
2.349700944934835150e+02
2.347529458694586140e+02
2.346601785707760826e+02
2.350265795936189761e+02
2.350538995854976747e+02
2.346547773430469306e+02
2.347942012633124307e+02
2.350361244690476212e+02
2.351714019039187917e+02
2.348571605490468528e+02
2.350485966504883493e+02
2.347044103145504721e+02
2.347139260714322972e+02
2.348479027723582249e+02
2.349750863133490668e+02
2.347029330078449618e+02
2.350469730093976466e+02
2.348894818625282426e+02
2.346593092164456493e+02
2.346478711113835516e+02
2.348355859011076348e+02
2.347878136992458451e+02
2.348457417747315787e+02
2.348017976556642452e+02
2.347864356939417121e+02
2.349838599765581648e+02
2.346757722356242937e+02
2.346700961781580475e+02
2.347010042862427781e+02
2.346202232123310978e+02
2.346024565949518035e+02
2.349438095836368063e+02
2.346941992650876045e+02
2.346574004387315426e+02
2.345632997837248297e+02
2.345675065502711902e+02
2.348751388405022169e+02
2.346005910380971784e+02
2.345307920056309001e+02
2.351515499787355736e+02
2.344878923440979008e+02
2.347150400773394665e+02
2.349282316177316545e+02
2.348396765609247439e+02
2.346676596150640250e+02
2.345180915589244250e+02
2.347327005703634484e+02
2.348266190283642061e+02
2.347704306508661318e+02
2.348488107420704694e+02
2.350254466139614351e+02
2.348485141012097586e+02
2.346782443047145819e+02
2.345682096641291139e+02
2.349138159259274801e+02
2.345363074154913932e+02
2.346270713937086896e+02
2.347215656841985663e+02
2.346301308122244791e+02
2.349594730504717575e+02
2.347717147370933617e+02
2.344085100740940959e+02
2.344629737033557433e+02
2.349279426347270885e+02
2.347635416310068877e+02
2.345233260918695066e+02
2.348039190299228665e+02
2.348897429078663492e+02
2.348727299799313641e+02
2.348330740355384023e+02
2.346133408612519418e+02
2.346765799344035202e+02
2.346650692207105919e+02
2.343524675930002559e+02
2.344683732711602318e+02
2.349978044158179102e+02
2.344349639103230913e+02
2.347215396390713522e+02
2.349717412510713359e+02
2.349791734228574285e+02
2.349711285240188374e+02
2.347949125139981277e+02
2.347079624784613259e+02
2.349693606224100222e+02
2.347200895031495236e+02
2.346292228835503693e+02
2.345956909120912997e+02
2.346009549117456743e+02
2.348665793638099331e+02
2.344096368100786378e+02
2.344891825505509075e+02
2.348937127310139488e+02
2.348059265723283033e+02
2.346470885416252656e+02
2.344615798950420356e+02
2.348116743686351526e+02
2.346678916679029783e+02
2.346075919203658202e+02
2.345904144417593216e+02
2.349864833404691353e+02
2.346502329262044668e+02
2.346358207092033297e+02
2.348411923959369290e+02
2.348859849475572048e+02
2.348501814470904208e+02
2.348281412538050290e+02
2.348744932140675701e+02
2.347002661266238590e+02
2.348282443334772154e+02
2.346129735479686360e+02
2.348089781451639908e+02
2.346002028453972059e+02
2.346404413493299614e+02
2.346657443269512839e+02
2.351249760413202239e+02
2.350755767412710782e+02
2.346286990630511582e+02
2.347585768435948523e+02
2.349014642650493840e+02
2.348254956813081833e+02
2.347177286990790606e+02
2.349766105876755091e+02
2.350846196992013404e+02
2.345864194814826931e+02
2.348038863509057137e+02
2.345840049217109708e+02
2.346829817630719788e+02
2.349950451776429361e+02
2.344673003922473526e+02
2.346256260649013257e+02
2.346621303174100603e+02
2.345708479366684003e+02
2.345734733422547151e+02
2.347223797938509904e+02
2.348361277356657411e+02
2.346227221593835566e+02
2.346729388872711297e+02
2.347558919510103408e+02
2.348257085778833471e+02
2.346979244257245512e+02
2.347628228186840431e+02
2.346142040490850889e+02
2.344970894388370652e+02
