2.849578908113697366e+02
2.847554662868064383e+02
2.848720903323336984e+02
2.849990285210285492e+02
2.851340473198660561e+02
2.849886786547215820e+02
2.850600594991809658e+02
2.849635812740086749e+02
2.849331448220937091e+02
2.848573589361387803e+02
2.848328658854132982e+02
2.850195291501757424e+02
2.849613198189265404e+02
2.848390504660306419e+02
2.848147424269300245e+02
2.851576007039359979e+02
2.850640027819175089e+02
2.850277475589742266e+02
2.849759843892862250e+02
2.849462756610485599e+02
2.849268090073795747e+02
2.849675486952389747e+02
2.850513313530092887e+02
2.851149338901998931e+02
2.850657293851359668e+02
2.848505729656388326e+02
2.848160610181028574e+02
2.849839974267382559e+02
2.849705547873518867e+02
2.848202759882837540e+02
2.848062317595303057e+02
2.849320674493753813e+02
2.848888014253656706e+02
2.848464539024645887e+02
2.848444430044227147e+02
2.848044606509502614e+02
2.847842958956169355e+02
2.847543809847012994e+02
2.848893436620203374e+02
2.848755888666427722e+02
2.848222213385693635e+02
2.848817485202259832e+02
2.847988297739316295e+02
2.849134662328478385e+02
2.850029454278849812e+02
2.847932801689424878e+02
2.848962512941531031e+02
2.848659638373881080e+02
2.847211699958058375e+02
2.848821675204763437e+02
2.849686108562827940e+02
2.850178334338102673e+02
2.849066571300667761e+02
2.847647880446724571e+02
2.847925177473118197e+02
2.849034092743613087e+02
2.847029003562450953e+02
2.849769600565109045e+02
2.851144796454931338e+02
2.848562205697213017e+02
2.847954688145812270e+02
2.850521424011400882e+02
2.850148613385607064e+02
2.847737498228919435e+02
2.847993240807486472e+02
2.848831264874521594e+02
2.848883737628761423e+02
2.848439134618474213e+02
2.848887513797606630e+02
2.846332416070283102e+02
2.848088585639545727e+02
2.849199095878260550e+02
2.847725402764640990e+02
2.848184087352071288e+02
2.850374130815377498e+02
2.849639706832022625e+02
2.848281382187065560e+02
2.848791883761248869e+02
2.849029826283578473e+02
2.848280571239212691e+02
2.846858580145639621e+02
2.846360313750734576e+02
2.849705879005433076e+02
2.849171485500774565e+02
2.846842794290221832e+02
2.848780583641284920e+02
2.849599734770571899e+02
2.849598450390071207e+02
2.850252133603493689e+02
2.849483752381626687e+02
2.850245149095536021e+02
2.850544567992224643e+02
2.848869701147456226e+02
2.847396850175348959e+02
2.847960982504460503e+02
2.848552441848116246e+02
2.847002153439268000e+02
2.846735101621097215e+02
2.848614130941996905e+02
2.849778253776622137e+02
2.847952270661939451e+02
2.846432054499838955e+02
2.847822750544812607e+02
2.849625071975531228e+02
2.849380990769683990e+02
2.849469675251883132e+02
2.849194729684336949e+02
2.849473701116203301e+02
2.847907653553450587e+02
2.847555826238579471e+02
2.849266781018266670e+02
2.848858000668766408e+02
2.848481900046569990e+02
2.851024874339375970e+02
2.849277659700184699e+02
2.848866331444277762e+02
2.848933809305203795e+02
2.848499891957873729e+02
2.850080238960122756e+02
2.849232256705650457e+02
2.847453732687779393e+02
2.849001941134754929e+02
2.850929860374630493e+02
2.849228668442510752e+02
2.848322384436405059e+02
2.848922829233762855e+02
2.848424390139692264e+02
2.847907670553397566e+02
2.849186207400298940e+02
2.849901493047684085e+02
2.848237902821123839e+02
2.847774559559840668e+02
2.848393933518820518e+02
2.848599035415040248e+02
2.849990400214658166e+02
2.848108124466461959e+02
2.846475044711299915e+02
2.847650058369110297e+02
2.848190452893863380e+02
2.848990420786543041e+02
2.847956500969086164e+02
2.849750585813270050e+02
2.848727944149524092e+02
2.848191568292309626e+02
2.848767184143831059e+02
2.848397889365480182e+02
2.848525044830543607e+02
2.848185408252942921e+02
2.848246325591096024e+02
2.845418740876784227e+02
2.847476970646577001e+02
