2.376462979224039884e+02
2.377744710014621603e+02
2.379868673618180708e+02
2.377748229662639403e+02
2.377662851831716750e+02
2.377651267740097012e+02
2.377866747110311962e+02
2.378233120777576914e+02
2.378427024031361441e+02
2.378947869851857320e+02
2.379003230998434901e+02
2.376915651321623102e+02
2.375827017697809254e+02
2.377508635174956737e+02
2.377260408137386491e+02
2.377033342256096375e+02
2.378007400286949178e+02
2.378753535328014550e+02
2.379117500836947841e+02
2.380395224699791754e+02
2.381725128252808190e+02
2.378772250711779179e+02
2.381755039958652844e+02
2.381663554818141222e+02
2.383129749581528358e+02
2.379834623666260711e+02
2.380056931501925135e+02
2.380699577693235653e+02
2.380549687347191821e+02
2.379333876193128390e+02
2.380183094786470690e+02
2.380331652699440212e+02
2.380196086556546788e+02
2.378484297371931007e+02
2.370987927629772685e+02
2.373916407390307484e+02
2.377655576158711881e+02
2.380295219478543629e+02
2.380681524436145082e+02
2.378598518437886469e+02
2.377323777350401599e+02
2.379919331995154153e+02
2.381359559421743199e+02
2.381417383997973900e+02
2.381629890422300093e+02
2.378461284105046900e+02
2.380194777192980382e+02
2.379777064964925160e+02
2.379070156881876699e+02
2.380448459089241169e+02
2.381420434439822884e+02
2.380854347600688072e+02
2.377126231148145905e+02
2.375691707065265916e+02
2.377155922237979269e+02
2.377502031360667161e+02
2.373268264981935260e+02
2.375841279699283177e+02
2.377329464586717052e+02
2.377027540935312970e+02
2.377969396653461729e+02
2.379401679387077309e+02
2.373669979627175337e+02
2.375518804231589058e+02
2.376797215328863615e+02
2.378661097226665788e+02
2.379390273311085195e+02
2.378590505348685156e+02
2.377559615559397344e+02
2.381193595197828756e+02
2.378588453331505832e+02
2.375098751855333319e+02
2.377510032294252085e+02
2.377744739229280242e+02
2.377086643620623647e+02
2.379257552272057694e+02
2.379582350809298532e+02
2.377801556387321682e+02
2.379215405465494939e+02
2.377980290786622675e+02
2.376543196261322066e+02
2.375163278909674602e+02
2.376708275381389797e+02
2.377133940309452100e+02
2.380341794453309205e+02
2.382031072239343814e+02
2.382258053000250584e+02
2.379244567608495515e+02
2.377765558145860041e+02
2.379789193087430874e+02
2.378808241403744148e+02
2.380350812590305907e+02
2.378280855147238810e+02
2.378627587897522915e+02
2.377323046302388718e+02
2.379308713859147701e+02
2.378565026925469681e+02
2.380131958263843615e+02
2.379942718035103155e+02
2.383512280643609245e+02
2.380879658378971726e+02
2.379390772134928511e+02
2.379407021300189911e+02
2.380559843203582489e+02
2.381781745817458216e+02
2.380889832277147491e+02
2.382549785093918047e+02
2.380549034316416055e+02
2.376667547820857465e+02
2.379784431982066906e+02
2.381576811728423309e+02
2.379910281367255891e+02
2.377955125168948314e+02
2.375179372563420941e+02
2.376609884607858021e+02
2.377660575556814990e+02
2.377145032978527013e+02
2.374390840213062859e+02
2.376142312029088828e+02
2.377845169193089703e+02
2.377231605294029180e+02
2.376431004900285586e+02
2.376091719758281897e+02
2.375448542038953121e+02
2.375592031740297045e+02
2.377521124386529721e+02
2.375523531642482737e+02
2.374296181786397426e+02
2.375326718986791548e+02
2.374885823715348749e+02
2.373328624868408099e+02
2.376094595235902887e+02
2.377198839774884789e+02
2.372556317911389954e+02
2.372176548956414308e+02
2.374070174293489117e+02
2.374785554633618858e+02
2.375580688417007593e+02
2.376669843578177961e+02
2.376000207451577353e+02
2.376643855870863717e+02
2.376590687045296306e+02
2.367132934633084460e+02
2.370148493191890111e+02
2.370394395067192761e+02
2.374166601316344156e+02
2.374154659155464060e+02
2.372633780339264433e+02
2.375690619672901676e+02
2.377172700547299655e+02
2.377762882825182942e+02
2.376719421499801967e+02
2.375637580230000196e+02
2.377582605125992643e+02
2.379149557344595394e+02
2.375947145072370574e+02
2.374668883625642763e+02
2.376720799507592972e+02
2.376556625179491675e+02
2.377230342259512952e+02
2.376999733316573895e+02
2.376862213682295817e+02
2.374836597456069285e+02
2.376679499894204355e+02
2.377163695448868168e+02
