1.029860792042580755e+02
1.027103464908001911e+02
1.028799997021256587e+02
1.033467107669806211e+02
1.029901934306728464e+02
1.033190259995998304e+02
1.027758707153226823e+02
1.029224803689525203e+02
1.027012736605310010e+02
1.030092683316201487e+02
1.029955973144702881e+02
1.036106997491946089e+02
1.034866184871634260e+02
1.034377712210695819e+02
1.032115955994934779e+02
1.026893100518761912e+02
1.029600379825965746e+02
1.027392419674138750e+02
1.022552054111572346e+02
1.033737503349213966e+02
1.030832281168464277e+02
1.023259145929463187e+02
1.026928223627097765e+02
1.027525565412691009e+02
1.031348300334330617e+02
1.023495717285860707e+02
1.027595135161903386e+02
1.029299776037506575e+02
1.028573814693031778e+02
1.030352534083659179e+02
1.028487022897045335e+02
1.029320387233827461e+02
1.023792333359227911e+02
1.038532813408677953e+02
1.050012755491275556e+02
1.036888305576892009e+02
1.028163738717810674e+02
1.029091266403074201e+02
1.024066334625963890e+02
1.025427239587156691e+02
1.027727978206798269e+02
1.031962031745130872e+02
1.031320436186990719e+02
1.024019622936494898e+02
1.034884467430495647e+02
1.027956304295450565e+02
1.027833183555376451e+02
1.033712538853962855e+02
1.025882972748201354e+02
1.027517905845875958e+02
1.032685557905265341e+02
1.024985155281017342e+02
1.035061853401948468e+02
1.035547591428108518e+02
1.037880749184219553e+02
1.030447313317815201e+02
1.032565238994727821e+02
1.029471390151308441e+02
1.027958281043069064e+02
1.030919432985796078e+02
1.029482577012587257e+02
1.028756142245216409e+02
1.036918904180994758e+02
1.030160485933844967e+02
1.033323948783030346e+02
1.031125162485614482e+02
1.032733411400197241e+02
1.026000519461262428e+02
1.027998530393300456e+02
1.025394627393749403e+02
1.034319619585645711e+02
1.027624492937689951e+02
1.032730436984877684e+02
1.027126718715282863e+02
1.031075347088673340e+02
1.026345489948358107e+02
1.031540983663030744e+02
1.029201998931186921e+02
1.029818605796533717e+02
1.031868912898132891e+02
1.028873441561934925e+02
1.031022762993017210e+02
1.032213673349870078e+02
1.025636504282258130e+02
1.026005915017489798e+02
1.023007102628384359e+02
1.028149852188441287e+02
1.033178474561351408e+02
1.026674630571663585e+02
1.028523291951212997e+02
1.034374558619555131e+02
1.031756708612234235e+02
1.024247877483345377e+02
1.033591192930229710e+02
1.024503866932610521e+02
1.032015444173554783e+02
1.026915238009867295e+02
1.028997961900918057e+02
1.026624125705501882e+02
1.026994141530471296e+02
1.029809128178706743e+02
1.028184887258947242e+02
1.028466940333291717e+02
1.027717828868467649e+02
1.023507941943550605e+02
1.028090384184770159e+02
1.029518390978486906e+02
1.032592596197261940e+02
1.029567646342964622e+02
1.027434306672374902e+02
1.027353282089406434e+02
1.028476804276057095e+02
1.028203782244127638e+02
1.046973383716090069e+02
1.033920508613965694e+02
1.034147754206014014e+02
1.031471345995883127e+02
1.035378136654853591e+02
1.030686686244025765e+02
1.033307447867107243e+02
1.031195678707701830e+02
1.037423841433332541e+02
1.029159171921495926e+02
1.033093660901072894e+02
1.032074656023247599e+02
1.035249500153878870e+02
1.031723496128250304e+02
1.029667504306294035e+02
1.032618663695666470e+02
1.034980179530310380e+02
1.031923767793794156e+02
1.031969337486833638e+02
1.034043550676318119e+02
1.039397666953640424e+02
1.033770099054700466e+02
1.032614659020925529e+02
1.029075227555134262e+02
1.034815394654566347e+02
1.028466154701556974e+02
1.026636433109066360e+02
1.028020249765384619e+02
1.038282214344008736e+02
1.050900575281003597e+02
1.040348359004201910e+02
1.036704593381961530e+02
1.022156539629869059e+02
1.033011433523795404e+02
1.020062104235469036e+02
1.028561395548154991e+02
1.028286475976080823e+02
1.027324704133258564e+02
1.027429799471849066e+02
1.021710367729537410e+02
1.026292314554476803e+02
1.029721490767133645e+02
1.028074274891892088e+02
1.023773556777395726e+02
1.031725426175575961e+02
1.026652492937685111e+02
1.025721255025876104e+02
1.024081223064540467e+02
1.028042953377908049e+02
1.023772573109137767e+02
1.023495985935036998e+02
1.022077683996499928e+02
