2.856448711055436434e+02
2.858308197240749564e+02
2.858554864689646138e+02
2.857987120038791318e+02
2.857125317982855108e+02
2.856697702350294321e+02
2.858077812147287773e+02
2.858261477201114644e+02
2.858758764847701173e+02
2.860170160354637687e+02
2.858459805792822976e+02
2.858185207864085555e+02
2.857080611463636046e+02
2.858141574276313008e+02
2.856432441118212751e+02
2.858028186693770749e+02
2.858918971376738227e+02
2.859127268405861741e+02
2.860429413542237285e+02
2.861287284340534711e+02
2.859872440097935851e+02
2.859485751783726641e+02
2.860962352212960127e+02
2.861314670169621763e+02
2.860819893227676971e+02
2.859595795172032240e+02
2.859830322617706884e+02
2.859515749233480051e+02
2.860689254587285291e+02
2.860509985985623302e+02
2.860727200384843627e+02
2.860229909653638174e+02
2.860204516364557890e+02
2.860835296247079782e+02
2.855393893532108791e+02
2.856897632784547909e+02
2.859319522298453080e+02
2.860413624506156793e+02
2.860099021946613789e+02
2.859377835874375364e+02
2.860124185961513490e+02
2.861866584707608467e+02
2.860403209835066036e+02
2.862178628553364774e+02
2.861702354508665280e+02
2.859079061397404189e+02
2.861336294596603125e+02
2.860567224147096681e+02
2.860993231715162324e+02
2.863073075622029933e+02
2.863031325675779613e+02
2.860895060789989088e+02
2.860320227936815058e+02
2.859054324248098169e+02
2.859535309962984115e+02
2.858963719378104997e+02
2.857726475606580721e+02
2.858234587460940475e+02
2.859131402921209997e+02
2.859128576291507784e+02
2.860517837270418227e+02
2.859427274646189971e+02
2.858768556703273021e+02
2.859464413373172533e+02
2.860233589995675061e+02
2.860898886071803986e+02
2.860716039148309733e+02
2.860718182369718647e+02
2.861222032602514673e+02
2.862751388341831671e+02
2.860475547809460863e+02
2.859959737266843263e+02
2.861085775489738694e+02
2.860734370065932239e+02
2.860184507693660407e+02
2.861963371431604060e+02
2.862181469331707149e+02
2.861504927434257866e+02
2.861840652949909440e+02
2.860187821669358641e+02
2.858987843472177133e+02
2.860480525702960222e+02
2.859261327319513271e+02
2.860601360936865944e+02
2.861866205140012767e+02
2.862183968927685100e+02
2.863929528178279043e+02
2.861885250133970544e+02
2.861000595742639803e+02
2.862638584125375587e+02
2.863402173693799568e+02
2.860927280875301904e+02
2.862020517051864203e+02
2.861749503719577774e+02
2.860557647763006344e+02
2.861093664090818720e+02
2.861042741366480868e+02
2.862534755910706394e+02
2.862516431479099310e+02
2.864654350936046399e+02
2.862533468044258598e+02
2.862258289175341019e+02
2.862322805951289979e+02
2.863602288970885184e+02
2.863381323350764660e+02
2.865002244158076223e+02
2.864706824837822978e+02
2.862758905647697816e+02
2.861554811354168919e+02
2.863453911352149248e+02
2.863625498355024206e+02
2.862576729065881977e+02
2.863114465204293992e+02
2.862584888870159716e+02
2.862854809220863217e+02
2.862913395726432100e+02
2.862149700584316747e+02
2.859631883985442187e+02
2.862477947292382510e+02
2.862883763146888327e+02
2.864362614799989046e+02
2.862534541142513262e+02
2.862757570390008937e+02
2.863912771217200657e+02
2.865976465257053292e+02
2.865567115999816110e+02
2.862861413479908492e+02
2.862756215303197109e+02
2.864524375211090614e+02
2.862964289230384907e+02
2.862071950794383497e+02
2.864955899761012006e+02
2.865319760807017815e+02
2.863737929344361532e+02
2.864770871681550943e+02
2.864960790562141142e+02
2.866435163673263560e+02
2.867399278921474206e+02
2.866131666456250287e+02
2.866194457184720932e+02
2.867660699788328316e+02
2.866855248670622700e+02
2.864752372143781827e+02
2.865577878855335712e+02
2.864652493969353486e+02
2.866588448717840265e+02
2.866292055648564201e+02
2.866579990142845986e+02
2.869308172273455284e+02
2.869381900276554234e+02
2.869278591964409770e+02
2.867717664841749752e+02
2.868494045867258251e+02
2.872444693169182415e+02
2.871092823712064614e+02
2.870620489801482904e+02
2.869679388610045976e+02
2.872213306236590711e+02
2.870803457169545823e+02
2.872008978306994322e+02
2.871811521888061520e+02
2.871593890614336146e+02
2.870180569943018440e+02
2.872029997637883412e+02
2.872765298615331631e+02
