2.399060560640566564e+02
2.402459086751687209e+02
2.401252110933900497e+02
2.401132615407771311e+02
2.398860159883666654e+02
2.398432024109112319e+02
2.397790536356427538e+02
2.400100755447669201e+02
2.401575947725128799e+02
2.402142736909571852e+02
2.400470489236742822e+02
2.398539450303792364e+02
2.396026843528942152e+02
2.397319404903730344e+02
2.397731474660347430e+02
2.399692358493229847e+02
2.398614883464100558e+02
2.399762119503284339e+02
2.398042814994487344e+02
2.399801012646441620e+02
2.400563140900504493e+02
2.402165779390099942e+02
2.400322047564753518e+02
2.399567021749015794e+02
2.396396186185444321e+02
2.398446708347763661e+02
2.400435345149387274e+02
2.402363454097249758e+02
2.402103422120968901e+02
2.401002720786220834e+02
2.399647973796022313e+02
2.398191031177417756e+02
2.399330910008599460e+02
2.394553669226602608e+02
2.384680032435676367e+02
2.391290406452688160e+02
2.393575238150545772e+02
2.397958176643985837e+02
2.398276380779840622e+02
2.396358398691826039e+02
2.397056375886192825e+02
2.395082515745887122e+02
2.395623971872519462e+02
2.398674545045040816e+02
2.399930343189443818e+02
2.397701592638874502e+02
2.399635022311738624e+02
2.400447966277131400e+02
2.402580078095675162e+02
2.396618187158629496e+02
2.398032116081473362e+02
2.402794829255694822e+02
2.396011010923581352e+02
2.393963412614850768e+02
2.396430239340595278e+02
2.398257133328433213e+02
2.395604784222554997e+02
2.393263802903914268e+02
2.397619259932397426e+02
2.398723747805572373e+02
2.399077745432528843e+02
2.396736997625449987e+02
2.393005655584482838e+02
2.394629356627433197e+02
2.395826242482037287e+02
2.399257608791131418e+02
2.398097122046057166e+02
2.399845341305217801e+02
2.399820716699458956e+02
2.398979708511474485e+02
2.398014039058322169e+02
2.398809216463536984e+02
2.402822381809442334e+02
2.398281295889659361e+02
2.399164481063652659e+02
2.397464290167023364e+02
2.400551771816392375e+02
2.401457542467644544e+02
2.397464676995029720e+02
2.398873355705726738e+02
2.397696998522674221e+02
2.399416505589233850e+02
2.398929922784685402e+02
2.397970916200719955e+02
2.399354719797352118e+02
2.398824374218836226e+02
2.397637231726637594e+02
2.401730530058566444e+02
2.399999633942071284e+02
2.398992107347844183e+02
2.398402036131698480e+02
2.397815919143467909e+02
2.396278536148971341e+02
2.396481209052053600e+02
2.398383867878003457e+02
2.400361871414222605e+02
2.396604869479108402e+02
2.398249387085717501e+02
2.394442883445772168e+02
2.398846494067071546e+02
2.395425990512755732e+02
2.396494773912207563e+02
2.397144703817154152e+02
2.397103246480436098e+02
2.397765811988871576e+02
2.398297024527448400e+02
2.392912106706469046e+02
2.399816094615746067e+02
2.395822124492565308e+02
2.394617742749587705e+02
2.395648269000128892e+02
2.400131486768012508e+02
2.397734873883132423e+02
2.386908607345023086e+02
2.388257630759667620e+02
2.387317594386557857e+02
2.387084848796056633e+02
2.386831433486719334e+02
2.389809069655007931e+02
2.392136260219796213e+02
2.393446345642467747e+02
2.392662240723468585e+02
2.389639246060744142e+02
2.390264326870476737e+02
2.390971915388015816e+02
2.390229271451279374e+02
2.388041547799452928e+02
2.388705201273649834e+02
2.389229906592597388e+02
2.392315467603264096e+02
2.393331896876385656e+02
2.393790624110942815e+02
2.392238823690578045e+02
2.389479293995774469e+02
2.389563897564261197e+02
2.387252517786314741e+02
2.391662683692550502e+02
2.394222762849676371e+02
2.391563335877602867e+02
2.391494049317329598e+02
2.391347643707686359e+02
2.389830500641986646e+02
2.381840421053907733e+02
2.386657753726332203e+02
2.389339700782306579e+02
2.391878605598089678e+02
2.389058132327431565e+02
2.392510945525001205e+02
2.396423239612904297e+02
2.397262520939769672e+02
2.396736862462842907e+02
2.395894757871510308e+02
2.394145446042423657e+02
2.396121809431161580e+02
2.398939956886831339e+02
2.396940466945996775e+02
2.397952974653526610e+02
2.400406891080710068e+02
2.397724859278507381e+02
2.398389603153069345e+02
2.398922204437676271e+02
2.401485617050749113e+02
2.400833115173770693e+02
2.399661609870283030e+02
2.402966754115645927e+02
