9.995368221033204748e+01
9.986542678866958056e+01
9.985317925994003474e+01
1.000262503662481777e+02
9.995957752272147445e+01
1.000965906703456625e+02
9.971440792545489273e+01
9.984434113418463141e+01
9.979976167673832776e+01
1.002158337854428538e+02
9.979793983739689622e+01
1.001118051395560542e+02
1.006281948899259646e+02
1.002601886736097612e+02
1.002383145644538871e+02
1.000842481589096593e+02
1.000525970199379202e+02
9.990956357974305035e+01
1.003970046432812069e+02
9.954690598195134044e+01
9.964936984087104577e+01
9.973529470009775366e+01
1.001235298514641840e+02
1.002394439910870574e+02
1.000627902206917241e+02
9.996972007311649122e+01
9.973405261763748797e+01
9.994475166427118040e+01
9.982634695760425814e+01
9.982674411612335064e+01
1.001395501523987832e+02
1.001822003158914214e+02
9.970637423237917574e+01
1.016417356271503678e+02
1.030437129562777585e+02
1.009891060738573145e+02
1.004616792213719947e+02
9.985751424797426523e+01
1.000384384596507772e+02
9.998900633874045241e+01
1.002806850775760239e+02
1.006039538369782775e+02
1.001251848953916692e+02
9.993573921961801432e+01
9.990385582477705384e+01
1.002785662300242393e+02
1.000123813630024188e+02
9.972654380479760050e+01
1.001399192104078679e+02
9.990764438779670797e+01
9.957301445444852561e+01
9.990109100572051659e+01
1.004463227997877510e+02
1.012930069611053199e+02
1.002274718820031012e+02
1.006288920190393839e+02
1.001821897944086430e+02
1.007019126686796966e+02
9.995241426945291607e+01
1.000164679959382994e+02
1.000893395186621433e+02
1.004143228290549388e+02
1.009229028695930737e+02
1.007415002240545192e+02
1.002821203722532317e+02
9.997963428362582761e+01
1.002156831870520506e+02
1.000679153105308075e+02
1.002686887961045414e+02
9.987035815622476775e+01
1.001798061471134957e+02
9.969881612821427552e+01
9.998718153204187331e+01
1.003641500929619070e+02
9.992066809246095715e+01
1.000447408246767367e+02
9.985415637847398784e+01
1.003583939020664815e+02
1.001605924093168625e+02
1.004321256188419085e+02
1.004430972939825750e+02
9.982873547801578695e+01
1.001568331594639716e+02
1.001466184804528297e+02
9.976454545344303426e+01
9.992512851826161580e+01
1.004559455090944340e+02
9.988891618728143840e+01
9.996416877895838127e+01
1.002680975486405686e+02
1.000714208394973497e+02
1.002820982388032718e+02
1.002718077810685742e+02
9.998080851939734259e+01
9.973639752769422273e+01
1.000921578207445464e+02
1.003956961082017614e+02
1.007447407379576561e+02
1.004849152496286848e+02
9.981957517391617785e+01
1.005592116650539509e+02
1.006092404577027963e+02
9.999111319817659194e+01
1.003900866684707012e+02
1.001224418254512756e+02
1.006077881098120628e+02
1.006566438820946701e+02
1.002452742412551032e+02
1.005833484227560461e+02
1.009301202214380027e+02
1.002074722605946135e+02
9.999238050333532613e+01
1.009767198312727459e+02
1.025359362707883548e+02
1.015256229310617613e+02
1.015860474591084426e+02
1.009048366282594458e+02
1.010020420316904932e+02
1.010565960302493096e+02
1.005500570434160892e+02
1.005358454953021266e+02
1.008571913632336532e+02
1.012887089907816716e+02
1.004301888822098334e+02
1.007440007198632799e+02
1.011897873343938414e+02
1.011339546998135148e+02
1.007057591646254338e+02
1.005439344650082916e+02
1.001971158449593418e+02
1.006779204948357034e+02
1.003788163772891124e+02
1.000974236121522125e+02
1.015090838269861848e+02
1.010084347482385994e+02
1.003563714959521462e+02
1.003472258481498756e+02
1.003856352725654091e+02
1.007089533775359627e+02
1.002997395051907716e+02
1.002968658277322760e+02
1.011463506535926200e+02
1.025536461482685837e+02
1.015868625679280512e+02
1.002871998111677527e+02
1.002788312954992875e+02
9.971027461229510891e+01
9.961509359276647046e+01
9.934692439107625717e+01
9.964184006897079371e+01
9.956151147721466543e+01
9.973007756556182812e+01
9.989046118425672205e+01
9.926588429229377653e+01
9.948980012453755251e+01
9.952705989313501789e+01
9.925935789855209634e+01
9.957074944665413341e+01
9.917515995072017176e+01
9.929911580570573904e+01
9.898861882365355314e+01
9.928740825941356718e+01
9.883827301654390851e+01
9.882967472135464959e+01
9.887562749441612198e+01
