2.865792916318392827e+02
2.867935670586948049e+02
2.867023390949030386e+02
2.867009758752714106e+02
2.865935637786001280e+02
2.864958195071220644e+02
2.865711529236058368e+02
2.866693848280951329e+02
2.867642363031387163e+02
2.865870151187984334e+02
2.865544596549303265e+02
2.866023425633591728e+02
2.865275493068916717e+02
2.865393627922300652e+02
2.864862154597938684e+02
2.865951054698496137e+02
2.865482259726333041e+02
2.866461693786611136e+02
2.864925013433219760e+02
2.866072918818295534e+02
2.867061048593968735e+02
2.867906516802030978e+02
2.866671723761365342e+02
2.865966895733083675e+02
2.864602486762608464e+02
2.865599844669658296e+02
2.866847725828600915e+02
2.868180675328064808e+02
2.867407619564718857e+02
2.866911723604126223e+02
2.866327742106983578e+02
2.866227546866088574e+02
2.866326326390893087e+02
2.865610880482472567e+02
2.862876566854717453e+02
2.863389723591282632e+02
2.865013771761940120e+02
2.866865942292524778e+02
2.866332137868682821e+02
2.865502676542732274e+02
2.865405671805385737e+02
2.863720255701006749e+02
2.865010434620836577e+02
2.866941759489275228e+02
2.866616908244471347e+02
2.866003160644928585e+02
2.866608924623524786e+02
2.867095151401791213e+02
2.868138755963443600e+02
2.866325410132199067e+02
2.867643975741926283e+02
2.868471013993760721e+02
2.867321021951021862e+02
2.865091138115530498e+02
2.866411759291856924e+02
2.866215408349367522e+02
2.864719926027956376e+02
2.863980066456758777e+02
2.866029656763950584e+02
2.867032272652433562e+02
2.866907268548404204e+02
2.866062379452673099e+02
2.866131066861568684e+02
2.866328107051390361e+02
2.867043945595636387e+02
2.868856808826224665e+02
2.868314459646884984e+02
2.867753858199481556e+02
2.866847869594377585e+02
2.868042074471968021e+02
2.866759550003262689e+02
2.868036542054169900e+02
2.870351474705273063e+02
2.868262507212760397e+02
2.868367049894124534e+02
2.868109640608043378e+02
2.869422030407365014e+02
2.869140507456584714e+02
2.867938994352246596e+02
2.869265424707147076e+02
2.868072450087494758e+02
2.869034696734264003e+02
2.869286286127153858e+02
2.868065716322377625e+02
2.869119660904104308e+02
2.868326505932472514e+02
2.868757508163324701e+02
2.870009883291766073e+02
2.869490257780870479e+02
2.868634852072001991e+02
2.867619538492699007e+02
2.867432840775151703e+02
2.867064051331480528e+02
2.867949272124042750e+02
2.869997042632738271e+02
2.870176849125322178e+02
2.868128906142753749e+02
2.867511095811374275e+02
2.866591913606932280e+02
2.868661743755956763e+02
2.868359721089888126e+02
2.867748508627152546e+02
2.869706789678770633e+02
2.869233144973507592e+02
2.869656023001226117e+02
2.869606233249931506e+02
2.867683675422054534e+02
2.868752420140076538e+02
2.869091225428715575e+02
2.867300391493460552e+02
2.869213397613627876e+02
2.871344126024342245e+02
2.870165296162712707e+02
2.866513377308904182e+02
2.866104554147477188e+02
2.864438817553373156e+02
2.864551942390174304e+02
2.866378720977209014e+02
2.865990789082923698e+02
2.866611629802720245e+02
2.868964921066815918e+02
2.868805232618047967e+02
2.867891321017193036e+02
2.867045910831915876e+02
2.869705371324420753e+02
2.868561703979829645e+02
2.867650797515236718e+02
2.868190950713577081e+02
2.869009892692768062e+02
2.870904287154937720e+02
2.870671271727020439e+02
2.871170419805949905e+02
2.873102604972459062e+02
2.871866689080230231e+02
2.870650281689030408e+02
2.870306029502765455e+02
2.873006228415559917e+02
2.874363729089048434e+02
2.872087885387629171e+02
2.872237493769163734e+02
2.872599869035157667e+02
2.874136330203404555e+02
2.873944628407734285e+02
2.872615841123524092e+02
2.872658849058433361e+02
2.872823612559295157e+02
2.873167121373347186e+02
2.874371826264905394e+02
2.876954309810161590e+02
2.877540031821488924e+02
2.877245925689089177e+02
2.876559539005395436e+02
2.875947215843617073e+02
2.878256028749144093e+02
2.879445928919544144e+02
2.878335639451034353e+02
2.879946520847844909e+02
2.880410715175191285e+02
2.880191025508709686e+02
2.880741435095763450e+02
2.881977250793225380e+02
2.882225860690770105e+02
2.881317935418163074e+02
2.882404205921577045e+02
2.883359710875116093e+02
