2.870651294339511992e+02
2.870885783936752205e+02
2.872819130469685547e+02
2.873886785774325858e+02
2.870936367236159299e+02
2.870660458590887743e+02
2.870642710372064812e+02
2.870693552177946799e+02
2.870971404751294926e+02
2.869720788384684056e+02
2.868690973524954870e+02
2.869577019184989126e+02
2.869179990892995420e+02
2.870130137994153188e+02
2.870485931221682563e+02
2.870160880662592149e+02
2.871181286167475832e+02
2.871678469928462505e+02
2.871964208296055290e+02
2.871354008546434216e+02
2.871106710149020955e+02
2.871229749862397398e+02
2.870393535769462119e+02
2.870941961344223614e+02
2.872721706234917747e+02
2.872403702786991175e+02
2.871271592913834070e+02
2.871254491833743714e+02
2.870488340698736920e+02
2.869750428562593925e+02
2.870821492656827445e+02
2.871596907631670774e+02
2.871209275958292437e+02
2.872494813079412666e+02
2.868212273965856980e+02
2.868436287881341400e+02
2.868722510367135214e+02
2.870196105894820562e+02
2.871759670864994973e+02
2.871337388644466841e+02
2.871258617542292200e+02
2.871099810977162292e+02
2.871832855791244015e+02
2.869845998240763834e+02
2.870739966415559934e+02
2.870565123699658443e+02
2.870174520212742095e+02
2.869954988341143007e+02
2.869748049659434628e+02
2.869960415924858239e+02
2.870516466826731516e+02
2.871395495902006019e+02
2.872289105824638114e+02
2.867918700590655021e+02
2.869014725762594935e+02
2.870193272304309744e+02
2.869132365204229131e+02
2.869164572888262228e+02
2.871454682417737558e+02
2.872125966987976540e+02
2.871047654451018047e+02
2.870495016601524867e+02
2.869603550275585917e+02
2.870857033377139373e+02
2.871855295374843422e+02
2.872961088054503875e+02
2.872008555732591617e+02
2.872719877107090269e+02
2.872442688237396737e+02
2.871618495097090431e+02
2.871874363090649354e+02
2.872311150891192142e+02
2.872505364294615333e+02
2.872199775868836014e+02
2.872674763098524977e+02
2.872595581000434777e+02
2.873591949436524260e+02
2.874141467834214723e+02
2.874052601422752673e+02
2.873733103371320112e+02
2.872797523415036949e+02
2.873022877288467498e+02
2.872773946233792799e+02
2.873000053796745874e+02
2.875270927437722435e+02
2.875486492403527450e+02
2.876866640422520618e+02
2.875456318279092898e+02
2.874758901277187420e+02
2.872338489219358166e+02
2.873278545543320774e+02
2.873419209833734840e+02
2.873978691608891154e+02
2.874148478928627242e+02
2.873996684392432712e+02
2.873687490572669958e+02
2.873025579553621469e+02
2.874361344216263205e+02
2.875917274707416595e+02
2.874276141763936607e+02
2.873567424268198351e+02
2.874292404899259168e+02
2.873419357781258441e+02
2.873242537647905692e+02
2.872215771054674178e+02
2.872371004656448008e+02
2.873230685614790900e+02
2.872456074091867890e+02
2.872771491312910825e+02
2.874078265089652291e+02
2.874837257992290347e+02
2.875149528944978101e+02
2.873447389035265473e+02
2.873299779396949702e+02
2.873501214263417296e+02
2.873475773951000178e+02
2.874063044580661312e+02
2.872444371388419881e+02
2.873472080705851681e+02
2.873690164166768000e+02
2.875313732842716945e+02
2.875991444827242844e+02
2.874529553814900282e+02
2.874253642133304538e+02
2.873373330051979906e+02
2.872881055632270773e+02
2.875137554713915620e+02
2.875255701762707758e+02
2.875453921093819076e+02
2.875246681148793755e+02
2.877197003313318078e+02
2.876461218816800738e+02
2.875708863892672866e+02
2.874687088771561321e+02
2.875511027820670620e+02
2.876503074658460832e+02
2.877403025073213030e+02
2.876769642986866984e+02
2.876427386797403187e+02
2.876510759658277152e+02
2.877105610668610325e+02
2.876547329894106610e+02
2.874281035942071298e+02
2.874025525960924483e+02
2.875942117344328608e+02
2.876423795509986689e+02
2.876413638297826196e+02
2.875346854675918280e+02
2.876580619939997518e+02
2.877089459593841525e+02
2.877974920628775521e+02
2.878697174895526700e+02
2.878916608629519374e+02
2.878345480863615080e+02
2.877972172274950822e+02
2.878575199371649660e+02
2.879449879550792275e+02
2.879658970414839700e+02
2.881308580215296047e+02
2.881840825399245318e+02
2.880088801873762350e+02
2.881104207039221023e+02
2.881730568030696418e+02
2.881682089410808203e+02
2.881390190963821283e+02
