2.873733001497179202e+02
2.874551949704489857e+02
2.872445528477909988e+02
2.872083165114632379e+02
2.870267348971287902e+02
2.871439311369240386e+02
2.873273297651598455e+02
2.874769653586059235e+02
2.873241411202585596e+02
2.875566091681994862e+02
2.874734351353843635e+02
2.872744199784479520e+02
2.871145258736235633e+02
2.872287910195499876e+02
2.871280657627206097e+02
2.872382826679202594e+02
2.873353445704192382e+02
2.871734419613650857e+02
2.872172958551612396e+02
2.872819588820073591e+02
2.873012095641906853e+02
2.874600687223182263e+02
2.873866584345003048e+02
2.874020213429482169e+02
2.873625428531986472e+02
2.871951456412625703e+02
2.871986752060598178e+02
2.873037732035249974e+02
2.872726130445126387e+02
2.873943437020814713e+02
2.874988168492753857e+02
2.872687949561836263e+02
2.872763955775731688e+02
2.874018472128022381e+02
2.872277834448252065e+02
2.871893511117123694e+02
2.873191228421940195e+02
2.872362083130223027e+02
2.874026406570851577e+02
2.875418321216670279e+02
2.872838730364970843e+02
2.872402562626709255e+02
2.872917374138351647e+02
2.874136704436965033e+02
2.874064958069428144e+02
2.875195575737997729e+02
2.874341464102577106e+02
2.873430322631989497e+02
2.873470970531885769e+02
2.875622064752761275e+02
2.876932229440675997e+02
2.873296203989499986e+02
2.875772148901872356e+02
2.874927128232508835e+02
2.873566178465773078e+02
2.875517281590487642e+02
2.873861155551123261e+02
2.871458819196232071e+02
2.873050327515726963e+02
2.874692602605806542e+02
2.872268198749350745e+02
2.873712444494707938e+02
2.874633621275679047e+02
2.871619245748587446e+02
2.871872372622825083e+02
2.873444733634365207e+02
2.873397411655271299e+02
2.872233317559927741e+02
2.874428016892664459e+02
2.874749229372007449e+02
2.872793754209708936e+02
2.874746107773430026e+02
2.875469512836618264e+02
2.871632256083082098e+02
2.872013701615993000e+02
2.875364494052334408e+02
2.876569799246344701e+02
2.875636525126820970e+02
2.875207881597539199e+02
2.875290918217684180e+02
2.874768660626030510e+02
2.874266816451907971e+02
2.874867543751776111e+02
2.875588419428484031e+02
2.875607531577921350e+02
2.876098756600895285e+02
2.876735640216488150e+02
2.877233635941333887e+02
2.874635157621564190e+02
2.874000169079741340e+02
2.876137915645177259e+02
2.876871044783062530e+02
2.873983443996048095e+02
2.874831871356863644e+02
2.876634724088259532e+02
2.876971208979960579e+02
2.874686075607874045e+02
2.874940651503575282e+02
2.876216671928889923e+02
2.874143517027103485e+02
2.874260745982928711e+02
2.875003886543413500e+02
2.876457519071003048e+02
2.877044033561105607e+02
2.875017755005696927e+02
2.875804979363039138e+02
2.875742508260543104e+02
2.874019349137784047e+02
2.874098266807787923e+02
2.877325059129913711e+02
2.876940219979962876e+02
2.875614297626411258e+02
2.875858951316772050e+02
2.875256507641343546e+02
2.875339710588318098e+02
2.873508071635081365e+02
2.873341935536678307e+02
2.874413183758543369e+02
2.874062565588407665e+02
2.874759024132619629e+02
2.874173855225587886e+02
2.874001140194039294e+02
2.874764992739830518e+02
2.873872463660017615e+02
2.871800372227949651e+02
2.873115133573788853e+02
2.873317429937145562e+02
2.873763630527616328e+02
2.875288575147555434e+02
2.876235201888080155e+02
2.875224976647635913e+02
2.875134830815085820e+02
2.874108192085763562e+02
2.872932640424878059e+02
2.873605066990085675e+02
2.874583293194133944e+02
2.876555629055583836e+02
2.876347842115393405e+02
2.876436935069660308e+02
2.876965935983903933e+02
2.876533310062663418e+02
2.874733208170203511e+02
2.874376962437942211e+02
2.875113602660633774e+02
2.876195477712332718e+02
2.876724299325813377e+02
2.878773312032345757e+02
2.877463063760299633e+02
2.877876706223174210e+02
2.879319555936261850e+02
2.878443188005397815e+02
2.878148469614583291e+02
2.879206725802223445e+02
2.881682541572396303e+02
2.880317900732891871e+02
2.879544153871469803e+02
2.880831173867386497e+02
2.882772106110286359e+02
2.880997921442017855e+02
2.880501642280830197e+02
2.881786704612841277e+02
2.883138067518667640e+02
2.882449347784270799e+02
2.882473085148393466e+02
2.882317681994980489e+02
