2.388514768367946601e+02
2.385854824333586919e+02
2.386044070361858473e+02
2.384707770042464006e+02
2.385121236269601752e+02
2.386571326301636589e+02
2.387867556008779104e+02
2.385575255661250083e+02
2.384925193808999495e+02
2.387591278888691306e+02
2.385675566859906667e+02
2.386098651642440700e+02
2.383315547422593283e+02
2.383057147596654204e+02
2.385890693931256692e+02
2.384901961167216768e+02
2.388723503400512982e+02
2.386250125517359777e+02
2.387862790848613201e+02
2.384368314215006706e+02
2.386855844902458728e+02
2.386029330080517354e+02
2.384017602355447423e+02
2.382509990675072231e+02
2.388388939720545068e+02
2.383410216246651601e+02
2.381010640388554123e+02
2.387135532781966560e+02
2.382043480673082740e+02
2.387190362046663097e+02
2.384312076257230899e+02
2.382854843115706842e+02
2.386079423968155027e+02
2.381332834806386245e+02
2.376781855797466676e+02
2.380405356705300335e+02
2.380497403959410292e+02
2.383382839542666431e+02
2.383467570649065408e+02
2.380533240270279691e+02
2.381003519707942360e+02
2.381650788072193166e+02
2.382338461215176437e+02
2.381937918774773664e+02
2.382265021941002487e+02
2.380817845391841274e+02
2.385269218444719570e+02
2.380080697689169540e+02
2.380949095851220534e+02
2.385119780897768180e+02
2.379350977650379946e+02
2.381543155017926665e+02
2.382413132423179150e+02
2.381880237639560391e+02
2.375806919344552171e+02
2.379401743447446336e+02
2.382501045785296867e+02
2.379785855325609418e+02
2.384601329855278209e+02
2.380738124376100302e+02
2.378149037856926498e+02
2.383747618570236284e+02
2.378254251138615700e+02
2.377249274452996417e+02
2.380108376715686802e+02
2.378589359761538446e+02
2.379591329800626056e+02
2.377332834525886938e+02
2.382503194625182061e+02
2.379423445783808404e+02
2.377617227532262802e+02
2.379689654566641650e+02
2.382011055949164131e+02
2.378666927245904219e+02
2.378225289501432087e+02
2.379970600134830363e+02
2.377737415423680147e+02
2.380420034511956544e+02
2.379170084451044147e+02
2.378888935686116781e+02
2.379295042996597260e+02
2.379751985213360115e+02
2.378965405805705871e+02
2.379987808582106652e+02
2.377680346207053788e+02
2.378545136461150662e+02
2.375741571025309042e+02
2.376964086258484770e+02
2.379030789120000691e+02
2.377503967437080803e+02
2.379178827325717123e+02
2.381001242732319270e+02
2.376056058640726008e+02
2.377361040489318214e+02
2.379611858224331797e+02
2.377377029762555196e+02
2.375372356707755728e+02
2.381120860843133471e+02
2.379008062580790011e+02
2.380706772838674681e+02
2.375055095079949581e+02
2.377331624443530416e+02
2.380666817971781768e+02
2.374767106597948043e+02
2.377572908607094178e+02
2.378413934978267719e+02
2.380138412896365026e+02
2.378793725111611650e+02
2.378550188895411281e+02
2.377584054517846255e+02
2.377941330609636168e+02
2.377966174620819118e+02
2.377735424896198708e+02
2.376122009067714487e+02
2.376428389514656203e+02
2.375394186248886399e+02
2.375755623334191569e+02
2.373616821757943853e+02
2.380460032452334360e+02
2.371262884802541464e+02
2.375660652762531697e+02
2.375210378073613811e+02
2.377117327203224022e+02
2.373671686614928831e+02
2.371101193074305229e+02
2.372692894528644558e+02
2.375870927890171913e+02
2.370756291714677957e+02
2.376190293276379464e+02
2.375096383476152653e+02
2.373510760921846270e+02
2.373109895280419153e+02
2.376374928074601200e+02
2.371033782708739182e+02
2.371810335239082690e+02
2.375984016261915883e+02
2.372550194278794322e+02
2.370329888522649355e+02
2.377030229489748478e+02
2.374825108990112312e+02
2.374143054714163270e+02
2.373961440836793315e+02
2.367953797735551973e+02
2.367842681118772816e+02
2.370876168974057236e+02
2.377153650216994265e+02
2.369969172080248825e+02
2.372206408466098537e+02
2.375982026011163271e+02
2.373665315136423715e+02
2.372530742459118471e+02
2.377276557174784557e+02
2.376981711245970246e+02
2.372799481181692443e+02
2.372859286352669130e+02
2.379116528304501799e+02
2.371428271295353625e+02
2.373976947032844294e+02
2.374100749718918735e+02
2.369135048632393534e+02
2.370296372167287302e+02
2.375500461526609399e+02
2.376427120717586092e+02
2.368587052823326360e+02
2.376258933350762561e+02
