9.656197005448264292e+01
9.630489242433515074e+01
9.642763406248106151e+01
9.651167146310326928e+01
9.625971221941090050e+01
9.628093704801182184e+01
9.625182286895652339e+01
9.581560822201133476e+01
9.624481677872336149e+01
9.645087748189409638e+01
9.608324103585913178e+01
9.660086337864021289e+01
9.629441891759967120e+01
9.647773710173497363e+01
9.671984197011016704e+01
9.654792791073946034e+01
9.635292546140051684e+01
9.632902010390849057e+01
9.640312138598409319e+01
9.618401291606731718e+01
9.592006643429108692e+01
9.596292698414293909e+01
9.687088330521901014e+01
9.648644254193412451e+01
9.606165624351024235e+01
9.597083770350428722e+01
9.652046166747565792e+01
9.596592297642767733e+01
9.617427608247207615e+01
9.593207467455231097e+01
9.616124991714701764e+01
9.643005520387769991e+01
9.661913580660110767e+01
9.618823493073143993e+01
9.629581213331776723e+01
9.644073068623266920e+01
9.598362350625875195e+01
9.586528095355843959e+01
9.646145377210206107e+01
9.633786003862765313e+01
9.605446466454964138e+01
9.613710596635070260e+01
9.582535582550826803e+01
9.606524706240931266e+01
9.623691678402529703e+01
9.614131347359619895e+01
9.640714167279550395e+01
9.625083953579490981e+01
9.611637148637997541e+01
9.645650859630553953e+01
9.655161684058909088e+01
9.603003888583880610e+01
9.585903656921685467e+01
9.676023710160147573e+01
9.576671632029784575e+01
9.617253250345977733e+01
9.601485221791627112e+01
9.629328647271189823e+01
9.597115299044878611e+01
9.646446701994328521e+01
9.617420713727318571e+01
9.627350288736391803e+01
9.601045726346900722e+01
9.597010967446082930e+01
9.646640421819294886e+01
9.630131796062165961e+01
9.617394652641768005e+01
9.611737377614718980e+01
9.579942871918183300e+01
9.624718886962783415e+01
9.595782641156655757e+01
9.612280645267571799e+01
9.645358387901677588e+01
9.591987241873317771e+01
9.612342071773578311e+01
9.585799628294313379e+01
9.569798799356874497e+01
9.614577420463746193e+01
9.671729271956461105e+01
9.645132911103348761e+01
9.619849805676689414e+01
9.598864048918339620e+01
9.624157786415720750e+01
9.655694147668886274e+01
9.656102164319428027e+01
9.655581129342949964e+01
9.648425479215570988e+01
9.605689506314421067e+01
9.642015949902332750e+01
9.565616408656795500e+01
9.592393334600005517e+01
9.613997716084786305e+01
9.668906239532083191e+01
9.634098231813510438e+01
9.643372134009723595e+01
9.630010368587674918e+01
9.619536076483753106e+01
9.609887084670874913e+01
9.607209946059388983e+01
9.591285936738206885e+01
9.637982174177288641e+01
9.622670690838890550e+01
9.613397755673275924e+01
9.616895985458256746e+01
9.613787038425944331e+01
9.643497192000052110e+01
9.646325389956990648e+01
9.637808138911977096e+01
9.661769374345699646e+01
9.631165336694733980e+01
9.630814696391048813e+01
9.610452755320854124e+01
9.632044725625344483e+01
9.625927550777491604e+01
9.649835844625560810e+01
9.671126437490913474e+01
9.615138613524176492e+01
9.634965760540751489e+01
9.645578484503467109e+01
9.639824158666353071e+01
9.617451088115855384e+01
9.618141264420678738e+01
9.568380714001165188e+01
9.618599139996422309e+01
9.595479813985782869e+01
9.608726330396427784e+01
9.628966486538205061e+01
9.576911031096194904e+01
9.648782862265007054e+01
9.609703328643111320e+01
9.605116794878888697e+01
9.659565806734075011e+01
9.625887282714057847e+01
9.596583686820900994e+01
9.618809091526274813e+01
9.629070030229932797e+01
9.642490364078885534e+01
9.605201377468820567e+01
9.589000594195964311e+01
9.591322885325057257e+01
9.613655444489273805e+01
9.593451207791353852e+01
9.669959421098498353e+01
9.649790509575031194e+01
9.604102520461567849e+01
9.581582226268234592e+01
9.634077584825645602e+01
9.612719493792225478e+01
9.652519847198981040e+01
9.577933377790218117e+01
9.617148294147176557e+01
9.659478407949023904e+01
9.648596952423854134e+01
9.616203534999141311e+01
9.600163144947875082e+01
9.631716853150554414e+01
9.627233131956459999e+01
9.637340991172739280e+01
9.635513435216091693e+01
9.685760967318356052e+01
9.648379058962007093e+01
9.600149578480488799e+01
9.636484975867294622e+01
9.655832849520504624e+01
9.593489502177202155e+01
9.649737694609477501e+01
9.625889038383463969e+01
9.636388659570791049e+01
9.626186971596405328e+01
9.597460890531296229e+01
9.617341429849140866e+01
9.673684432468780869e+01
9.613320223809513720e+01
9.624536133745851885e+01
9.613660398484195468e+01
9.654505440829706231e+01
9.638563768975841128e+01
9.594597467397095159e+01
9.605207613343868900e+01
9.646253763266139458e+01
9.611133184594585543e+01
9.620254630958220332e+01
9.617488706876882532e+01
9.635129614281828481e+01
9.616615873164444395e+01
9.666367570919544505e+01
9.637001844837737963e+01
9.645855094183586687e+01
9.645314318900334172e+01
9.648707372683560379e+01
9.649712616605874871e+01
9.672374947545687007e+01
9.641016529480481267e+01
9.634273992677948684e+01
9.648120159250372296e+01
9.595822138487095287e+01
9.654808769631415544e+01
9.621674810151687041e+01
9.619331904089084162e+01
9.650643630008427465e+01
9.665029254395956571e+01
9.625873622099824445e+01
9.627036669838066985e+01
9.612944211957420748e+01
9.602876341651894165e+01
9.613573385235235946e+01
9.647635829647840922e+01
9.619197926709419733e+01
9.614517611540765074e+01
9.665197648690900678e+01
9.653562834623437539e+01
9.623345019258793798e+01
9.622480892272818664e+01
9.627002931730113744e+01
9.593434191139671441e+01
9.612700382612592875e+01
9.677850502494625573e+01
9.639533052446132899e+01
9.618425924742236077e+01
9.659448733499989714e+01
9.654577036901180520e+01
9.623552864139014673e+01
9.636863189786656392e+01
9.599694918289827683e+01
9.642589814363986989e+01
9.653353299938829934e+01
9.621963606906255961e+01
9.639961074528967799e+01
9.670268545811235583e+01
9.664028288084462304e+01
9.638888620198342494e+01
9.640142761624264267e+01
9.603354366678114218e+01
9.618633577563878134e+01
9.618935913254320269e+01
9.628036885806726275e+01
9.664038454661266542e+01
9.621697272293619108e+01
9.643891037152154411e+01
9.656517583034661811e+01
9.645102311989241173e+01
9.609419372971109397e+01
9.609492813363544883e+01
9.646916283339459142e+01
9.642443055525545503e+01
9.638445569483469910e+01
9.607307270364617580e+01
9.634175435723504677e+01
9.687969739336193697e+01
9.671714958374197124e+01
9.648322820616446904e+01
9.620331313760550529e+01
9.632138216218801574e+01
9.625041282886252247e+01
9.652669763798012070e+01
9.628889750442105822e+01
9.627849812941919083e+01
9.621224262117114279e+01
9.607975827282966463e+01
9.621425455388384762e+01
9.641073802952588778e+01
9.611111318078486931e+01
9.601776166738106610e+01
9.625880646315977174e+01
9.614802946094992819e+01
9.618558058321752924e+01
9.639820912366802474e+01
9.582310136378100651e+01
9.687373318454977777e+01
9.615801794951660497e+01
9.629703039700660838e+01
9.612109779927567388e+01
9.644943722162042832e+01
9.612622989930950723e+01
9.623768449683400661e+01
9.622122992361693150e+01
9.621604960515010418e+01
9.619081920036983036e+01
9.619921924996367579e+01
9.600941096670517538e+01
9.607330371025909699e+01
9.634348496629046110e+01
9.595388376818236509e+01
9.613652012004058633e+01
9.610600441980876951e+01
9.625036128466560115e+01
9.617650961728865866e+01
9.622455485344723058e+01
9.626049638861519497e+01
9.637750941443299268e+01
9.657453115386361731e+01
9.613117466945794831e+01
9.593711809552809200e+01
9.653984698128489583e+01
9.623090871143956804e+01
9.595553467706868389e+01
9.608100850093721590e+01
9.630426446933749673e+01
9.661391593687199020e+01
9.629264251775100547e+01
9.595306587099503304e+01
9.636113898729222171e+01
9.586116841711941561e+01
9.626723710350223939e+01
9.681584692784120705e+01
9.604403113041797724e+01
9.584221785221302525e+01
9.595341121152632979e+01
9.615661614216122643e+01
9.620345478395397265e+01
9.624517465654571424e+01
9.597946359346498468e+01
9.644623681624422318e+01
9.651380184671863560e+01
9.650954165248094796e+01
9.624267778601813461e+01
9.645891909200497594e+01
9.611863369162215065e+01
9.593297527154550153e+01
9.603412295465933823e+01
9.661031468215884388e+01
9.637563921184947446e+01
9.598996317490929187e+01
9.619941884462032533e+01
9.616041837794945479e+01
9.616366264355009719e+01
9.618727810286794977e+01
9.652813379727706433e+01
9.605305576652061461e+01
9.620445129609514368e+01
9.602950650434645752e+01
9.625580439157131707e+01
9.619381977921943871e+01
9.599040611953091684e+01
9.570926804851909253e+01
9.645640007597101828e+01
9.633317127490515475e+01
9.593466466485683952e+01
9.618736751511745808e+01
9.655323186266663527e+01
9.617037557087989796e+01
9.605922963989819152e+01
9.644098270899769432e+01
9.617112687394224224e+01
9.647008171131115262e+01
9.617723922899280353e+01
9.633487834794097182e+01
9.676060340077471267e+01
9.635746653243592164e+01
9.588183329087291895e+01
9.615106654568438671e+01
9.625369228149291700e+01
9.591442926147095704e+01
9.593735402940491497e+01
9.627871723166005324e+01
9.608521474778429194e+01
9.654184971040517382e+01
9.629446447027567046e+01
9.631610331079929210e+01
9.638194074534101219e+01
9.611157259217407045e+01
9.617455683448478965e+01
9.590278497532820268e+01
9.593330865428664822e+01
9.608014149962804140e+01
9.625444294408781332e+01
9.587530592988194655e+01
9.632186407058145505e+01
9.595509523025333465e+01
9.637869455087523818e+01
9.599120101317498666e+01
9.646605982891645681e+01
9.577077600701851168e+01
9.625745356112689421e+01
9.634260091755676569e+01
9.640121448440440588e+01
9.612909868317301232e+01
9.633856340710984512e+01
9.617167923803297924e+01
9.560777779019366562e+01
9.641032210208150843e+01
9.628130466730969772e+01
9.571318782503202272e+01
9.592287172986847565e+01
9.606633444654045206e+01
9.592141421078615338e+01
9.624855511805468211e+01
9.606194640585941613e+01
9.599390408095774774e+01
9.606119154408104066e+01
9.602599272414795450e+01
9.595067473490102827e+01
9.623265006042898051e+01
9.609389793253045298e+01
9.625992306898562845e+01
9.613056461956601595e+01
9.618326079947257767e+01
9.596652651453310057e+01
9.623403493649639984e+01
9.655100262299241365e+01
9.641198892869408610e+01
9.613800317601597101e+01
9.638791543068440149e+01
9.654812190666750382e+01
9.651814717972176538e+01
9.633197128569941015e+01
9.634939361655983703e+01
9.692485359042052551e+01
9.593520737412232791e+01
9.614064307685816857e+01
9.606971784020684879e+01
9.641538734969303448e+01
9.605161887773157048e+01
9.595910422129679773e+01
9.623920298227433534e+01
9.606725253011551047e+01
9.626092136270767696e+01
9.619438444251416342e+01
9.607390091017084899e+01
9.625471075432666623e+01
9.635348930443632298e+01
9.594461375334009290e+01
9.604532463135213050e+01
9.599625931751471342e+01
9.611913864385566342e+01
9.608027554789055102e+01
9.605234295852892501e+01
9.626089182754736839e+01
9.636933589222536511e+01
9.643881152248160049e+01
9.622670286580036247e+01
9.588821754634675187e+01
9.614071872444071687e+01
9.672126463403321850e+01
9.622462473860259990e+01
9.644203554019122748e+01
9.662483200176495757e+01
9.608733060917870716e+01
9.620090354005039046e+01
9.618527706483409645e+01
9.622006360181666196e+01
9.633593711387521807e+01
9.625819396682301488e+01
9.690201910371031602e+01
9.626964745770516174e+01
9.621805127202249253e+01
9.641861722702633131e+01
9.581764833404929504e+01
9.594322994842246999e+01
9.593699555806837509e+01
9.628396103610775469e+01
9.587861176628598514e+01
9.637581997132640765e+01
9.612744309617153249e+01
9.608469094673364452e+01
9.607227796367992312e+01
9.623490654566047908e+01
9.615226025459257642e+01
9.605357579625702158e+01
9.646969679725363278e+01
9.627712095044563512e+01
9.600570673007989342e+01
9.619113510938767320e+01
9.636569764388684689e+01
9.608307140148933456e+01
9.598484286378266006e+01
9.669377992904958319e+01
9.606327600993898841e+01
9.624028197454289568e+01
9.645694231342118030e+01
9.613923290489731244e+01
9.634178587198084642e+01
9.657672016577271279e+01
9.583741327885506678e+01
9.572601336990969401e+01
9.624442793122386774e+01
9.587891970912170336e+01
9.615838505465161745e+01
9.625684644332731921e+01
9.609679566743496082e+01
9.647834956524719985e+01
9.604572573980648542e+01
9.619131611831365092e+01
9.584817540783025436e+01
9.628298164348582588e+01
9.584969299246482421e+01
9.619223943993404191e+01
9.608296184597094225e+01
9.618031505936973247e+01
9.601315184141343195e+01
9.602494895618941939e+01
9.621269092684140389e+01
9.632298746542487322e+01
9.621507142590614592e+01
9.599961316181703808e+01
9.630763469158542023e+01
9.609825529808510680e+01
9.593102954732803767e+01
9.610219253676952178e+01
9.611164770943351243e+01
