2.870093205334854360e+02
2.869760785491442334e+02
2.869381255008975131e+02
2.869322120040962432e+02
2.869584035441448577e+02
2.870260626391832943e+02
2.869306793483131628e+02
2.871032703212927686e+02
2.871396508264177214e+02
2.869600610521831072e+02
2.869360147385421556e+02
2.869946881111196149e+02
2.870356106857188365e+02
2.871854940996980190e+02
2.869674094218368623e+02
2.867798851740769805e+02
2.869317404042486146e+02
2.870510599153420230e+02
2.868565350380331438e+02
2.869019243905293024e+02
2.869282308714796841e+02
2.871515381932914579e+02
2.870317004620161470e+02
2.869950504915703391e+02
2.869237566910614987e+02
2.871302751162832578e+02
2.871574278418947301e+02
2.870105709105211531e+02
2.869944194228451693e+02
2.870467651775816194e+02
2.871480296142153747e+02
2.869888350117394680e+02
2.869392963185613326e+02
2.867623820772427052e+02
2.869172797659767866e+02
2.869419380450431731e+02
2.870269931270486268e+02
2.872842828363707781e+02
2.871163226573181078e+02
2.869400431268176703e+02
2.870105593628200609e+02
2.871346485837313480e+02
2.871020590664110728e+02
2.870379096300855508e+02
2.870273809636539113e+02
2.871618063872294329e+02
2.871782912045133003e+02
2.870834398039590383e+02
2.870979774971651750e+02
2.870418615930177566e+02
2.870147170349121666e+02
2.869246732853223989e+02
2.870580923966028308e+02
2.869946551605887066e+02
2.870290313465800978e+02
2.871048275628630222e+02
2.871440444846097648e+02
2.870325343740532276e+02
2.870493645717868390e+02
2.870571011563266097e+02
2.871178543154608747e+02
2.870184527512377031e+02
2.869504201307034918e+02
2.870766284270645201e+02
2.871553688262311539e+02
2.871038577540135179e+02
2.871285575372671133e+02
2.870886141752526441e+02
2.871638429914154358e+02
2.872274510149420053e+02
2.871973667275256048e+02
2.871775200820226814e+02
2.871198016869136040e+02
2.869979623287430854e+02
2.870052172676247437e+02
2.871959356545353899e+02
2.872622439689104681e+02
2.873083715495107526e+02
2.872260932065369161e+02
2.868774745237062689e+02
2.868762756830910234e+02
2.869810802887819250e+02
2.869599735836689547e+02
2.870672344341448934e+02
2.869816568357915685e+02
2.869492146767253757e+02
2.868841998940169447e+02
2.869803046333714178e+02
2.870539806171153714e+02
2.871216480402509319e+02
2.874340138357063097e+02
2.873039699722590967e+02
2.868054232888449064e+02
2.867893924820307916e+02
2.867967427035062542e+02
2.869126187592418660e+02
2.871389352376862121e+02
2.870830751837224284e+02
2.870996192633477335e+02
2.871300600737035893e+02
2.870647034814973608e+02
2.870260402398312749e+02
2.870040566968972939e+02
2.870409028750566449e+02
2.870772025426610981e+02
2.870637839239608411e+02
2.869949248483154634e+02
2.869900234606163281e+02
2.869051437153784150e+02
2.869494508198815197e+02
2.868640084884718249e+02
2.869300809781998964e+02
2.868739372056904244e+02
2.869592101224807266e+02
2.870714888877293447e+02
2.868591959775422424e+02
2.868680836587606677e+02
2.871140040728412828e+02
2.870835418563310100e+02
2.870468041655674938e+02
2.868644358447357376e+02
2.868780222416419861e+02
2.871204484643479304e+02
2.872128957976584047e+02
2.870667127036428496e+02
2.870058602370003200e+02
2.871083269972905896e+02
2.871829477136796527e+02
2.871789908961354740e+02
2.869528399784142607e+02
2.870588925197278627e+02
2.871806497799582871e+02
2.870205258135820827e+02
2.871714535957152634e+02
2.871877684518893261e+02
2.871065197579196138e+02
2.871399118277254274e+02
2.869897882264481268e+02
2.870022581672954516e+02
2.871966422040245561e+02
2.871008992366835741e+02
2.871840136065736147e+02
2.871756245590644880e+02
2.868567288255696326e+02
2.868306013096283209e+02
2.870939558842802626e+02
2.871210043093672084e+02
2.870521635315008666e+02
2.870187588793791633e+02
2.870527161424988662e+02
2.870817496149941803e+02
2.871030549475380553e+02
2.869603007372385832e+02
2.869103476190563811e+02
2.870719109250409815e+02
2.870235688018136102e+02
2.869274036606485083e+02
2.869256571268085168e+02
2.871538545969117990e+02
2.869162714532707810e+02
2.867633467454456309e+02
2.869624659828115796e+02
2.870402277551682459e+02
2.869364590169458893e+02
2.869327514217105772e+02
2.870413571112183604e+02
2.870459952359308318e+02
2.869871887383350213e+02
2.869579842751430192e+02
2.870620968048553436e+02
2.871029006903827963e+02
2.869250421496682861e+02
2.868704117667252262e+02
2.870235362753589357e+02
2.870974018343424063e+02
2.870747164339391588e+02
2.868704538417155732e+02
2.868754694126039908e+02
2.871078984842440036e+02
2.870984312886554903e+02
2.869191902411706678e+02
2.869205574586971466e+02
2.869312625638779650e+02
2.869990684485483712e+02
2.870595435290483124e+02
2.870866042885714364e+02
2.869812844265873650e+02
2.869655131164925592e+02
2.868476958942298438e+02
2.868475476596550493e+02
2.869316897249535145e+02
2.869324887096909720e+02
2.869372206399831953e+02
2.869179095253025480e+02
2.868433404951892385e+02
2.868965999555778694e+02
2.869585792532938626e+02
2.868543673241781562e+02
2.869584069837108018e+02
2.871617045414160998e+02
2.869845988946499347e+02
2.867706663768590261e+02
2.868999843023987637e+02
2.869568829427166179e+02
2.870197009523735119e+02
2.870746248969805379e+02
2.869489057858083925e+02
2.870123102539629372e+02
2.871168711629612176e+02
2.870985879239195242e+02
2.868170004137490992e+02
2.869169889739559380e+02
2.869415753732429835e+02
2.869456610507802452e+02
2.869399964789036517e+02
2.871585839012299743e+02
2.869954875729421815e+02
2.868549604519990339e+02
2.869207533669429608e+02
2.870803251917677130e+02
2.870185250825705339e+02
2.870035253012467820e+02
2.868992181353711999e+02
2.869667143685532551e+02
2.870405758211477973e+02
2.869245106786154906e+02
2.869727415015997281e+02
2.869573832962967685e+02
2.869824082434476509e+02
2.869251226570864333e+02
2.868961258697775065e+02
2.868903724837446703e+02
2.869746554334992084e+02
2.870939934547413372e+02
2.870870271384074499e+02
2.871525160757748836e+02
2.869729564518770530e+02
2.870373312601813041e+02
2.870671577699004615e+02
2.870146224710076126e+02
2.869264942232128988e+02
2.869243837063732485e+02
2.871170720584567562e+02
2.870595630926583794e+02
2.868525327132619509e+02
2.867621195308504980e+02
2.870531194731069604e+02
2.871244654307838005e+02
2.869039896767213236e+02
2.868870168530514206e+02
2.869017181664847271e+02
2.869959117286530841e+02
2.870417374333707698e+02
2.869605004804889177e+02
2.869630279966327180e+02
2.869125572343156705e+02
2.869899088460559824e+02
2.870572453177524608e+02
2.871207904342202823e+02
2.871404325291998134e+02
2.870299533191666228e+02
2.869566590717071790e+02
2.870969452793848973e+02
2.869715765876668456e+02
2.870786800044913321e+02
2.871884007465092168e+02
2.869216478200082179e+02
2.870925678201643336e+02
2.869918509261405006e+02
2.868915428775960663e+02
2.869436137925210346e+02
2.871287172575159161e+02
2.870581212984001809e+02
2.870141884914498291e+02
2.869770945813043568e+02
2.870810960938129597e+02
2.870520956832897923e+02
2.870314894560162315e+02
2.870156820230352537e+02
2.870663499373048353e+02
2.872692470979516770e+02
2.870963622140755547e+02
2.870419982295139789e+02
2.870799069178455625e+02
2.871911760035088150e+02
2.872353852918178063e+02
2.871092775957851018e+02
2.869905027827748540e+02
2.869616721413689220e+02
2.869833434134725394e+02
2.870751689548801551e+02
2.870360968710676843e+02
2.869515171192327898e+02
2.870309129227946983e+02
2.869368476179183176e+02
2.869560552334095860e+02
2.870756865246630696e+02
2.872648308034882234e+02
2.871362156874500329e+02
2.868456172800807735e+02
2.869476061861982430e+02
2.869191250564677489e+02
2.870244972380983768e+02
2.871100504288561410e+02
2.870847083066285563e+02
2.869316570052796465e+02
2.869099876689357984e+02
2.871009794694296602e+02
2.872484796626840193e+02
2.871242993233304901e+02
2.870462605205917157e+02
2.870369151577953630e+02
2.871344082473349886e+02
2.869347907448803312e+02
2.869036563914571047e+02
2.869874879840561448e+02
2.870647561910856780e+02
2.870591933579271995e+02
2.870885354639585216e+02
2.871848937969137978e+02
2.871687412452836270e+02
2.869215860261686544e+02
2.869853065867487771e+02
2.869201741762180973e+02
2.870824808303274267e+02
2.871119775278164639e+02
2.871724788532081334e+02
2.871946001278936933e+02
2.870252125500209672e+02
2.869804538540763019e+02
2.868883970686880502e+02
2.869530835896986787e+02
2.870096846754077546e+02
2.869552521286429396e+02
2.872336601681897150e+02
2.872461910318731384e+02
2.869881769185672624e+02
2.869309514353306554e+02
2.871096064427727583e+02
2.871190353955069554e+02
2.870169896001938810e+02
2.870281130062018633e+02
2.870277321340976755e+02
2.870905597539595533e+02
2.870275949901676427e+02
2.869857124518669025e+02
2.869869847431331209e+02
2.869345407932741523e+02
2.868171894521874492e+02
2.869576148965289235e+02
2.871405110774792888e+02
2.871018397668935336e+02
2.871168171732146561e+02
2.871071379431804758e+02
2.872001973656504674e+02
2.871110881428115249e+02
2.871333984312790335e+02
2.869941182086287768e+02
2.870106891967843126e+02
2.869871218856717405e+02
2.869682442912235842e+02
2.869765453208136705e+02
2.869889381617144295e+02
2.871700468932066883e+02
2.870324138253627666e+02
2.869049396496263284e+02
2.870856924276394011e+02
2.871256260194373340e+02
2.871938038339007448e+02
2.870919399631793567e+02
2.871374770043623244e+02
2.869923993619318594e+02
2.871784945525362787e+02
2.872526766708664923e+02
2.871004776559694278e+02
2.871062557426658941e+02
2.869854435803075035e+02
2.871396701632440340e+02
2.870915453564329027e+02
2.870950556510204592e+02
2.872238207979453364e+02
2.871495218491506307e+02
2.871908613636881000e+02
2.872908778543218773e+02
2.870993862740787677e+02
2.870473787278466489e+02
2.871490908459713864e+02
2.871443707682415720e+02
2.871367524154798616e+02
2.870869397879734493e+02
2.871335685073595982e+02
2.871900379102262946e+02
2.871827540532860326e+02
2.871824321779049001e+02
2.870113850559553725e+02
2.869631374464835858e+02
2.870499823668181989e+02
2.870536625678215046e+02
2.873043498039342580e+02
2.871371690425146994e+02
2.869044321650324036e+02
2.869660567332697951e+02
2.870034157322068609e+02
2.868795372660389944e+02
2.868381313142205613e+02
2.869339360698804171e+02
2.870236921704525344e+02
2.868925851288686317e+02
2.869261172256183841e+02
2.869446829485930266e+02
2.871333128041363238e+02
2.869920702299893378e+02
2.868759193492557529e+02
2.871963450870673000e+02
2.870939436798915381e+02
2.871575801109561894e+02
2.871915068717723329e+02
2.871293268567635550e+02
2.870586238021974737e+02
2.871656846948299631e+02
2.870454038539082831e+02
2.872042259155675765e+02
2.871102207916580369e+02
2.870839599101449835e+02
2.870153530761418210e+02
2.870575540528095075e+02
2.869344537334285974e+02
2.871353252328516987e+02
2.871117014074120561e+02
2.869942953674934074e+02
2.869143147773380633e+02
2.870986991368260419e+02
2.871276558198428006e+02
2.869725034189557960e+02
2.868550131667629444e+02
2.869051676702532063e+02
2.868886063367701240e+02
2.869801946256584984e+02
2.870512812984815696e+02
2.871682280461564574e+02
2.871081385329098339e+02
2.871073821307350613e+02
2.870294322718220315e+02
2.869683477136460965e+02
2.868649468038784676e+02
2.869766793380367744e+02
2.870030959802415396e+02
2.869867734486728637e+02
2.871319561972573524e+02
2.871200824422712117e+02
2.870910087990303055e+02
2.871007495190395957e+02
2.869455578955955275e+02
2.868821934612957989e+02
2.869599060038929679e+02
2.870611662292948836e+02
2.870005470880672078e+02
2.870781890643037855e+02
2.871307641709043423e+02
2.871833211154436754e+02
2.869408140771345757e+02
2.870419380023328699e+02
2.871830704415633022e+02
2.870907282844289625e+02
2.869442846751431944e+02
2.870206228761875309e+02
2.870817704505137158e+02
2.869570725621028942e+02
2.870163824400775070e+02
2.870130896335187458e+02
2.870415346031654167e+02
2.871122496238911026e+02
2.870725170997873192e+02
2.870152618474871815e+02
2.869415141945460164e+02
2.870104452185383934e+02
2.871311746119176291e+02
2.871465823365512051e+02
2.870316190830636174e+02
2.870551930623399244e+02
2.870991676990526003e+02
2.870583952500738292e+02
2.870186174793810778e+02
2.871484141201594866e+02
2.872068110711707618e+02
2.871380618852029443e+02
2.871305792031947135e+02
2.870982846757480615e+02
2.870650269492616076e+02
2.870727878430623150e+02
2.871947506695564130e+02
2.872195143412858442e+02
2.871150327103944164e+02
2.870713493261869758e+02
2.872416904322461164e+02
2.872302339470709285e+02
2.870484670071157893e+02
2.870612754628492098e+02
2.871143536873659059e+02
2.870395708018227197e+02
