2.396612865429350165e+02
2.396926575904928995e+02
2.394633175942613263e+02
2.398267811039260096e+02
2.398964342578271101e+02
2.397124873147170376e+02
2.395885440154985702e+02
2.393833299199309295e+02
2.395311270838107305e+02
2.397113743036620690e+02
2.398506703238917623e+02
2.395686013505085441e+02
2.393592157664554634e+02
2.398802103430941770e+02
2.397366925467625833e+02
2.395242895225773054e+02
2.398046184544045900e+02
2.397119638928426468e+02
2.398408254404239415e+02
2.396789765758795738e+02
2.398360332408798286e+02
2.396959594458097627e+02
2.399538234715848546e+02
2.398823889400457290e+02
2.399397608932251558e+02
2.400153804104832886e+02
2.399637249912931338e+02
2.394698199013344890e+02
2.396457435859212808e+02
2.399156700548811614e+02
2.396224585639300813e+02
2.399124608897351720e+02
2.400764753376522549e+02
2.393317507814501539e+02
2.381940416114987329e+02
2.390119431242702319e+02
2.395040905013531471e+02
2.393797370802413127e+02
2.394113908734570657e+02
2.396903803588545543e+02
2.395679811358888855e+02
2.394341048231733282e+02
2.397412484040376910e+02
2.396181612895792625e+02
2.395878482833132068e+02
2.393809671880040639e+02
2.397026386417013839e+02
2.395005559365239094e+02
2.391630744547027518e+02
2.395125471074959762e+02
2.396421358468549272e+02
2.395235987632170520e+02
2.395874214768707873e+02
2.391972901588552531e+02
2.394789404772795081e+02
2.393242732316809906e+02
2.393354371874072228e+02
2.396629496851111298e+02
2.395808633735247213e+02
2.394812019064446815e+02
2.397363407278171508e+02
2.396272130900488548e+02
2.392714750869912450e+02
2.392702771590282111e+02
2.396518058763052466e+02
2.396182087456804766e+02
2.392442521469152723e+02
2.394635817980335162e+02
2.394528709310258421e+02
2.397214104309267952e+02
2.399876493676846678e+02
2.398244992417683079e+02
2.397497437630647994e+02
2.397982045551659382e+02
2.397259658468832129e+02
2.396402212471676023e+02
2.395728441162246725e+02
2.396263255633168399e+02
2.394631656080687208e+02
2.393566581559568647e+02
2.394282100031097968e+02
2.393810873444533343e+02
2.393992069423360078e+02
2.392056485399710652e+02
2.393997218149945638e+02
2.396969585404982581e+02
2.398461038228240625e+02
2.396351605485497487e+02
2.397779967650930928e+02
2.395140597575591244e+02
2.399053739671442145e+02
2.398343718261734239e+02
2.397840038211019191e+02
2.401155236006327698e+02
2.397544969168795603e+02
2.397219019714964077e+02
2.392816875820642224e+02
2.395199224878696214e+02
2.399904394901248281e+02
2.397801656008415705e+02
2.397298694588824617e+02
2.394851088559742323e+02
2.395575900720580478e+02
2.397617126407387502e+02
2.396789996891114072e+02
2.396968916581994051e+02
2.398963065362941052e+02
2.398311922381495549e+02
2.397207609058162063e+02
2.395970962285120720e+02
2.395411051696839593e+02
2.395020411357871808e+02
2.393999710050418059e+02
2.388828498885639817e+02
2.389715611569478426e+02
2.388189233037675194e+02
2.391617840187001605e+02
2.387930446442660468e+02
2.391883499993408861e+02
2.392029789621134626e+02
2.388285586399266549e+02
2.388840188564307709e+02
2.390087093703988046e+02
2.393303957038377519e+02
2.394569474811445104e+02
2.391347266785581098e+02
2.389126297721419689e+02
2.388865927971786220e+02
2.392371050570461932e+02
2.394429574019509346e+02
2.390517225003776502e+02
2.388025707582090433e+02
2.389175182923493992e+02
2.389739193003993307e+02
2.388727916858254048e+02
2.390334953562245630e+02
2.390374674277676661e+02
2.389011034571519758e+02
2.390669317561317655e+02
2.389845781381036716e+02
2.389880453417050603e+02
2.386098791332256894e+02
2.377343310003257386e+02
2.381972303387039744e+02
2.389981592476270578e+02
2.388000558423099449e+02
2.391855952756193346e+02
2.394423507807882743e+02
2.390943164069821307e+02
2.390981250028293346e+02
2.391956225036633157e+02
2.396153124359428546e+02
2.395173156597051900e+02
2.399439206253380235e+02
2.395802550342457380e+02
2.397149270408925759e+02
2.397107439706545904e+02
2.395342610675381536e+02
2.399246845060362148e+02
2.398174594399368971e+02
2.398806973702864695e+02
2.397374340796988292e+02
2.395003992057268078e+02
2.400852215620866730e+02
2.399926924805188264e+02
