2.341153354680084533e+02
2.362774142041932919e+02
2.376004520576979075e+02
2.375772452011141525e+02
2.373318809487457202e+02
2.381396546526368923e+02
2.386126422236274038e+02
2.384543471126682732e+02
2.387841488950446376e+02
2.396426956694781438e+02
2.387987713248673742e+02
2.390164225861365139e+02
2.396762027188291597e+02
2.396116210518091236e+02
2.391037127305004617e+02
2.391887665763445909e+02
2.393931132091952634e+02
2.392238502758296192e+02
2.395786721763916773e+02
2.399108487476078437e+02
2.392748037161419745e+02
2.399176803106362001e+02
2.396202586412073003e+02
2.397277273424103896e+02
2.396490677339924389e+02
2.394245842625551575e+02
2.400438977225929875e+02
2.398306128965649577e+02
2.402687576524961344e+02
2.403512892988091778e+02
2.397256016075864125e+02
2.397596516214694873e+02
2.406774156438523278e+02
2.403084600533952653e+02
2.401660414357895661e+02
2.399103451199756876e+02
2.402109511818235035e+02
2.404505819734468162e+02
2.404094138777705894e+02
2.398997964499528734e+02
2.404850231026399570e+02
2.402948734223770941e+02
2.401779093096730548e+02
2.405880895915234703e+02
2.403777761702806117e+02
2.404287445193444910e+02
2.403264694382351081e+02
2.405912987520075603e+02
2.403569404361519446e+02
2.407860042742933899e+02
2.408212037856212930e+02
2.410156995412432934e+02
2.404205394350653648e+02
2.403745105221634049e+02
2.407858568028442505e+02
2.408610671197252486e+02
2.404495124073316958e+02
2.405477537881155286e+02
2.408753725413355653e+02
2.404505222059295875e+02
2.404596214787228803e+02
2.408191864286144437e+02
2.406480627458010133e+02
2.406559714117710485e+02
2.408208047849738307e+02
2.409454912407007043e+02
2.409210559864893639e+02
2.412311301372611467e+02
2.410648448707505338e+02
2.406391854706451738e+02
2.412354175773720897e+02
2.407574712650681761e+02
2.408928742842745123e+02
2.411335019326202485e+02
2.408950242811471298e+02
2.405460701055404797e+02
2.418366275231522877e+02
2.408246131169492799e+02
2.414059942276087725e+02
2.416230606979686399e+02
2.412787268485380139e+02
2.407384232068089034e+02
2.418036188382352236e+02
2.408983560092590608e+02
2.410735486351015595e+02
2.411407534203862326e+02
2.410733728025873859e+02
2.408536936648990832e+02
2.417044502136304800e+02
2.415502874302255805e+02
2.416738498899537717e+02
2.415180310138709956e+02
2.410981185562961855e+02
2.416325784298602741e+02
2.411301773778606901e+02
2.416468494157846010e+02
2.415312395372930325e+02
2.413921582576673188e+02
2.412816377416343130e+02
2.413372835062673687e+02
2.415841345408902043e+02
2.417251670636571816e+02
2.415538572022029769e+02
2.417883011924558048e+02
2.416217595703904806e+02
2.420855412340047508e+02
2.412736845737865679e+02
2.419745079369269263e+02
2.415899866595942740e+02
2.415727430834723748e+02
2.415091040540679614e+02
2.416886466049380999e+02
2.413608777487939676e+02
2.414337162349249866e+02
2.414852126540730524e+02
2.415000375432780686e+02
2.419050463840956979e+02
2.420599108342462387e+02
2.413955787051341701e+02
2.419619036215795802e+02
2.419464783367209293e+02
2.419580275423931823e+02
2.418543356314283983e+02
2.421798061092996761e+02
2.420030035769512153e+02
2.419143216939691854e+02
2.420780666433010992e+02
2.419495642366610184e+02
2.421186967957778222e+02
2.415068768895297637e+02
2.419486217362994296e+02
2.419110745387255292e+02
2.423342906443510856e+02
2.415858801771388471e+02
2.417280834397587057e+02
2.416723956578264279e+02
2.426942318036957147e+02
2.424045735390929224e+02
2.417988104260942919e+02
2.419047815050101633e+02
2.425193349387090791e+02
2.422163243448588901e+02
2.420528290723618738e+02
2.420340230102961812e+02
2.419767891613604718e+02
2.423966928109955177e+02
2.419762168638712012e+02
2.419720006954196379e+02
2.422991554574410600e+02
2.427065768181278145e+02
