9.852804677590636118e+01
9.795969305047826481e+01
9.851415970864503890e+01
9.837865590721578712e+01
9.828410341598076627e+01
9.803422302772953856e+01
9.829235557372059873e+01
9.782092319428089411e+01
9.781827434930222864e+01
9.820933304356196913e+01
9.774297360517114441e+01
9.747994798720991128e+01
9.810265779237717254e+01
9.804000966344044343e+01
9.799458464407540248e+01
9.752252440173229786e+01
9.836945938679438939e+01
9.740703166243224587e+01
9.776158970231615797e+01
9.770034171281589863e+01
9.806145301193625130e+01
9.801890417186025672e+01
9.803255868500916392e+01
9.776450661021605981e+01
9.731223296793079669e+01
9.717963140429174018e+01
9.802669932057774815e+01
9.737273206482808519e+01
9.736792349308414884e+01
9.733792982779220893e+01
9.802730528129906418e+01
9.674237771053527979e+01
9.748212134064094414e+01
9.755017695509160092e+01
9.738127300158400601e+01
9.721180482580945181e+01
9.773343720277016189e+01
9.703106968664199883e+01
9.738118467194976802e+01
9.717925228898816670e+01
9.738571812488730473e+01
9.725618432976142458e+01
9.709831187822125287e+01
9.710516378479435673e+01
9.768124369465822099e+01
9.676877494443728267e+01
9.730983165020860781e+01
9.718455366842094634e+01
9.699069831611114978e+01
9.692476649019023682e+01
9.674629589259045304e+01
9.752291123494688918e+01
9.680303776319426845e+01
9.679270408552936544e+01
9.706297442084206750e+01
9.748529149500778601e+01
9.732162433416412739e+01
9.689280586919589666e+01
9.735158009585005345e+01
9.708943531755910783e+01
9.727853307498081392e+01
9.664285546789854209e+01
9.691106484430849832e+01
9.682515410681109813e+01
9.684225478212211158e+01
9.697878718256993125e+01
9.653515340690188395e+01
9.707732304841505311e+01
9.676041634189186880e+01
9.698815120158411673e+01
9.717865944976661297e+01
9.688845027115867481e+01
9.721655327633727950e+01
9.724893563597373713e+01
9.642645756851079852e+01
9.633058677543095882e+01
9.691220962234471870e+01
9.664464925182566901e+01
9.621396764846271310e+01
9.616075792263937672e+01
9.751668033907897382e+01
9.637192329312978245e+01
9.730529040458854695e+01
9.670404079674578668e+01
9.633304779331098189e+01
9.695426486728850080e+01
9.706092146796329700e+01
9.629728626604298825e+01
9.651986513625121233e+01
9.680560144381928467e+01
9.634077424330588713e+01
9.673650866636785395e+01
9.619106909071274458e+01
9.687984870439250074e+01
9.621545426291089598e+01
9.619814770784961411e+01
9.659564317339656725e+01
9.679788993535724728e+01
9.653266659030271057e+01
9.694532296110163827e+01
9.611101628186226264e+01
9.648134122690224501e+01
9.621992374800781533e+01
9.696030577989132837e+01
9.587945271934768243e+01
9.644279415248769283e+01
9.658406575000735472e+01
9.679467275247152713e+01
9.633871801645960886e+01
9.691782189182362117e+01
9.612717530813476685e+01
9.674976413430646005e+01
9.640742334134911573e+01
9.649518946118978135e+01
9.641921765512064724e+01
9.640158090979882388e+01
9.589002361377315253e+01
9.645273994962178676e+01
9.636695266794555437e+01
9.602860047646136366e+01
9.600566144798820289e+01
9.629607212716904030e+01
9.632426067810695258e+01
9.549970454720080681e+01
9.620805007746736237e+01
9.610292723417961724e+01
9.600580378568349715e+01
9.601228173413706202e+01
9.663842072618028567e+01
9.595212274296750365e+01
9.619865777977692289e+01
9.594719951220183418e+01
9.727071490651398733e+01
9.641336035729659670e+01
9.605151957074014035e+01
9.587128278481782218e+01
9.563948200549621959e+01
9.663196853159439570e+01
9.584447127793096399e+01
9.582811127801163309e+01
9.623522687214288851e+01
9.572755067008607455e+01
9.571179722824257396e+01
9.613062735532695058e+01
9.581646519391303229e+01
9.657200997794082298e+01
9.585122199865482173e+01
9.613781574617257775e+01
9.583926947199836377e+01
9.599686177276915089e+01
