2.869680596076381676e+02
2.879980013841769733e+02
2.885424816034191053e+02
2.886447231462685181e+02
2.887233053692668250e+02
2.892004940344498891e+02
2.893643367915916542e+02
2.893567501486536457e+02
2.896452846767363667e+02
2.897659635412960029e+02
2.895307257549745259e+02
2.897932873923047623e+02
2.899918467009671872e+02
2.899179708253082026e+02
2.897376483110422782e+02
2.898152727912753335e+02
2.897969394056673877e+02
2.897965430397384239e+02
2.901178062026411340e+02
2.901407552954273683e+02
2.901001166132766684e+02
2.903021036171600144e+02
2.900920049487459096e+02
2.901051856464755474e+02
2.900742204770483568e+02
2.901834060685010286e+02
2.902829214074914148e+02
2.903380476625062556e+02
2.903705033169649710e+02
2.903900640955495760e+02
2.901494194351460578e+02
2.903275655394008368e+02
2.906568423254864797e+02
2.904801678473615425e+02
2.904085629258663062e+02
2.904980951685835748e+02
2.904946785909911000e+02
2.906143440505368289e+02
2.905334999952926296e+02
2.904417730798390949e+02
2.905901676682762513e+02
2.904995090181902242e+02
2.904881037792665097e+02
2.907018178315368573e+02
2.906121989323780213e+02
2.905443285349983853e+02
2.906401912341331695e+02
2.905578061410535611e+02
2.905162347582832467e+02
2.907495465190835944e+02
2.908338458677658878e+02
2.908357838627231899e+02
2.905869330106322082e+02
2.907132988393143478e+02
2.908323301694701399e+02
2.907887772792975625e+02
2.906574061682466095e+02
2.907363370284562052e+02
2.907838691341202662e+02
2.907096397765017173e+02
2.906845656743749942e+02
2.907709657342028322e+02
2.907268561779063134e+02
2.908092802968876072e+02
2.909139189672665680e+02
2.909462324521780943e+02
2.909995234542566322e+02
2.910401677670298568e+02
2.909126242751088967e+02
2.909108832148072565e+02
2.910380819297706125e+02
2.909598714962127701e+02
2.909772308169440294e+02
2.909790773427001227e+02
2.908550978873168447e+02
2.909652406569359187e+02
2.912520317047214462e+02
2.909673050129704279e+02
2.910778637478506994e+02
2.913703539783891756e+02
2.910839634689226045e+02
2.911227074532491770e+02
2.913097520778269427e+02
2.909059986316831896e+02
2.910334470460611556e+02
2.911009095661354991e+02
2.909915773472075671e+02
2.910215053650447885e+02
2.913818271069366688e+02
2.913078807132239945e+02
2.912695178458512828e+02
2.912148318830631410e+02
2.912728291293857978e+02
2.912291781333045151e+02
2.910987694910811001e+02
2.913781727958373153e+02
2.912949044863440804e+02
2.912448148573212166e+02
2.912421000760096490e+02
2.913008553839878232e+02
2.914074326399421011e+02
2.914442139671412519e+02
2.913635410191323558e+02
2.914286732071889787e+02
2.913646940132130680e+02
2.915846393526692850e+02
2.913880546698662215e+02
2.915444305972519601e+02
2.913258017654651439e+02
2.914166019542126378e+02
2.914664702925372239e+02
2.913869630004400051e+02
2.913406421634465460e+02
2.914067966899970656e+02
2.913469013973738697e+02
2.914456413753832180e+02
2.915814857439399361e+02
2.916128039238590759e+02
2.914272448814946870e+02
2.914985488633631689e+02
2.915271671680224586e+02
2.916530655224762540e+02
2.915320044829991843e+02
2.916855732315173100e+02
2.917003838919923169e+02
2.916552554016022896e+02
2.917624279386743069e+02
2.916074327172922835e+02
2.915965065644629135e+02
2.914437462237642080e+02
2.916315254097805223e+02
2.916379441471690370e+02
2.917563268807047621e+02
2.913977903802993410e+02
2.915099054174971229e+02
2.915860774504666892e+02
2.919028532861758549e+02
2.918144862986782186e+02
2.915909533004498826e+02
2.917294049215500422e+02
2.917836111768654632e+02
2.916792507069116596e+02
2.916133864864881389e+02
2.917276400253200563e+02
2.917147504764473069e+02
2.917220346032253246e+02
2.916416348517912525e+02
2.917810332585098081e+02
2.917736494692332485e+02
2.918865916189510585e+02
