1.004971348921902745e+02
1.000747960764606859e+02
1.004007695884434952e+02
1.003197369912038397e+02
1.004767166691818119e+02
1.003522441618361114e+02
1.003711564113121000e+02
9.989507625531540214e+01
1.000244308766809098e+02
1.003212252756866292e+02
9.996168046535774465e+01
9.995702015738889656e+01
9.981428273257090211e+01
9.980386073248537571e+01
9.997535714741887602e+01
9.954347488556118151e+01
9.956396569235266725e+01
9.953790450333912077e+01
9.967295478306910184e+01
1.000394615983439621e+02
1.000906811827260157e+02
9.955852007271145965e+01
9.929295044368821266e+01
9.927689679606355355e+01
9.958087004767524775e+01
9.902230071225424979e+01
9.930003927520222362e+01
9.986734193746065102e+01
9.936627096155484651e+01
9.909637316263189177e+01
9.956217369063170963e+01
9.958068497612430292e+01
9.875683860561254335e+01
9.914678883841509105e+01
9.917716060700689695e+01
9.903122873634303858e+01
9.940741910564902639e+01
9.867004111381463360e+01
9.855860871255968902e+01
9.880903397295206503e+01
9.872213958336145367e+01
9.845801953093153713e+01
9.874780828507211083e+01
9.888233655250297716e+01
9.905921934975026488e+01
9.865682151090732077e+01
9.863880305810465643e+01
9.865203816682195281e+01
9.832997505905179025e+01
9.881544379881734130e+01
9.850808235778031019e+01
9.816346305434613839e+01
9.838263086677473268e+01
9.847620200773597787e+01
9.845250000743480712e+01
9.835788222115684221e+01
9.836991545877560839e+01
9.824204292312241193e+01
9.810930371512274917e+01
9.815448183748411282e+01
9.795666964649682029e+01
9.801111459530763170e+01
9.780640549990816623e+01
9.786219583303530101e+01
9.789220829723579698e+01
9.755047004095256113e+01
9.794324296605866209e+01
9.781547956892050877e+01
9.745296659717189414e+01
9.762490855334063156e+01
9.779973868259249059e+01
9.729923827938910108e+01
9.725235577331136483e+01
9.777617560378901373e+01
9.736215234696845755e+01
9.768872332369765843e+01
9.730710054181872692e+01
9.722592419124509888e+01
9.716389608042692316e+01
9.716485284897152042e+01
9.680596607109646357e+01
9.707235698150979886e+01
9.705679061115120021e+01
9.698604125877351123e+01
9.677869247505385886e+01
9.690484334524829535e+01
9.676663684196989834e+01
9.698555162386681161e+01
9.694186831956305639e+01
9.651515419548275077e+01
9.616598772788348981e+01
9.680958500698808677e+01
9.644968652681369292e+01
9.649046703641847955e+01
9.634036775986811563e+01
9.585296054813170485e+01
9.641502205794974145e+01
9.606166198829323832e+01
9.604301827378132828e+01
9.565282000177631971e+01
9.614806154781923908e+01
9.556197914600348042e+01
9.606408382572196558e+01
9.585150453835846918e+01
9.557099241304052839e+01
9.527621807605900983e+01
9.568274718908213572e+01
9.555932212360552569e+01
9.537010607167188425e+01
9.556254857492352528e+01
9.542806606944446912e+01
9.525620988431121816e+01
9.577145608309932356e+01
9.573355243714526353e+01
9.511475386882729310e+01
9.514054921537838538e+01
9.503503220977457033e+01
9.522997489129926407e+01
9.488560227790820534e+01
9.484060060307398032e+01
9.452489832438135409e+01
9.477225528183934955e+01
9.475099921544618553e+01
9.508390771831342647e+01
9.474139456100863299e+01
9.426482984136259802e+01
9.502673488918019018e+01
9.455371691526805478e+01
9.455734164552688981e+01
9.447531404567213542e+01
9.460090007440555837e+01
9.449712903456691038e+01
9.428185175268173168e+01
9.409384532282045654e+01
9.445005041034558246e+01
9.458443177222619624e+01
9.400603570743611215e+01
9.419034242986346328e+01
9.403084057659361861e+01
9.403424175914557281e+01
9.374705716369886943e+01
9.369813441291400125e+01
9.420767932397751565e+01
9.359954297611214713e+01
9.370066342240470192e+01
9.372323162532389063e+01
9.342120692506803437e+01
9.368770130829931020e+01
9.335717279762569376e+01
9.331307017138230719e+01
9.287273726776591332e+01
