2.402785928779699987e+02
2.406464800671578530e+02
2.404314128530577364e+02
2.404342105523013231e+02
2.404245553832660960e+02
2.404674481569686293e+02
2.403605146820651726e+02
2.406179922746789259e+02
2.410240808688620007e+02
2.404798514003190348e+02
2.403582565616032696e+02
2.405387090598787836e+02
2.405118327111183589e+02
2.405764274349395748e+02
2.404602979922367751e+02
2.406158061841832421e+02
2.407209501208520805e+02
2.403498082992107072e+02
2.406816971397405212e+02
2.406270061346915838e+02
2.405137641771464132e+02
2.405252305129979788e+02
2.402724956474755800e+02
2.405904332553551797e+02
2.402112738394879727e+02
2.403172501658275451e+02
2.407120741948915565e+02
2.405860611873862638e+02
2.403809827626801336e+02
2.405893343083261868e+02
2.406768688948008048e+02
2.404270881958573227e+02
2.401588966489830455e+02
2.403155137520530218e+02
2.403313363133384826e+02
2.403353738298636983e+02
2.403770079100816304e+02
2.402530814514668691e+02
2.402015724676251409e+02
2.402903331188986442e+02
2.403495887955249373e+02
2.400103469885906691e+02
2.401881068786026390e+02
2.402647105207183813e+02
2.403942493152604527e+02
2.407378536414941266e+02
2.404044258463401320e+02
2.401338413096735849e+02
2.400887249032838326e+02
2.404855111083797965e+02
2.404141774577135777e+02
2.405381700454629765e+02
2.404047689338322868e+02
2.401112329799694862e+02
2.404790824847478632e+02
2.402905002924678399e+02
2.406737098324357760e+02
2.403946657437477654e+02
2.406473191190164300e+02
2.404539448878065002e+02
2.405377699513390155e+02
2.408836685571083933e+02
2.407049611523199246e+02
2.406301018408607035e+02
2.405846822891450358e+02
2.402462795643980655e+02
2.407145096448246875e+02
2.407982124661423597e+02
2.408292318105884533e+02
2.408247572264828307e+02
2.407549886873597416e+02
2.409342753697586375e+02
2.408540447517738414e+02
2.410438169451567489e+02
2.412269763854181690e+02
2.411371347230470974e+02
2.407539452062253531e+02
2.406064870560170164e+02
2.408018075499664974e+02
2.408368972635654472e+02
2.408269766561984397e+02
2.409000266020979382e+02
2.409925279221755545e+02
2.408807832242032134e+02
2.406814525151654891e+02
2.408467929848311258e+02
2.406079533264469603e+02
2.409384876014047450e+02
2.410144445972680387e+02
2.410526949184490206e+02
2.412137486362371135e+02
2.410023622347947878e+02
2.410307704631474905e+02
2.410075122331531929e+02
2.408845763425592850e+02
2.406698334186069985e+02
2.409395054399565481e+02
2.410723030731508345e+02
2.408591139773386942e+02
2.413492412545755599e+02
2.408979072389036276e+02
2.405559116904188102e+02
2.405361636680547690e+02
2.410572435596592129e+02
2.407366585383781228e+02
2.407782213314023636e+02
2.407795730131931577e+02
2.408619430759079876e+02
2.407117376806896516e+02
2.410692555040186846e+02
2.409245934891273180e+02
2.413286680020331403e+02
2.411197854564396721e+02
2.417149236431357622e+02
2.410804567664615661e+02
2.409098006699737482e+02
2.409361564403378964e+02
2.414245767280561097e+02
2.414270798457570208e+02
2.409218955947360428e+02
2.413850498811335683e+02
2.413330771384727598e+02
2.414035238886967818e+02
2.410335766720708079e+02
2.412077507662621940e+02
2.414204848842218496e+02
2.414974877124498391e+02
2.411548204731967360e+02
2.425231640347028588e+02
2.417038648475846969e+02
2.415318585597005665e+02
2.417913048774321112e+02
2.415890557405518848e+02
2.418522517675065728e+02
2.416093218578330095e+02
2.419270895900172889e+02
2.415782825356922103e+02
2.420534849896133665e+02
2.414477789880835417e+02
2.415140403913044338e+02
2.417346225119221970e+02
2.416079301541700204e+02
2.417066734062525484e+02
2.416927475022469025e+02
2.419940003254448300e+02
