2.870635008920049813e+02
2.870788946411095708e+02
2.870357533722081484e+02
2.870394029170531667e+02
2.869673784931229079e+02
2.870882801756584399e+02
2.869590561778609867e+02
2.872445359934887392e+02
2.874187405213081661e+02
2.871490104949911597e+02
2.870605550277799125e+02
2.872046619636206515e+02
2.871194951051185740e+02
2.871592928969038780e+02
2.871674792472777540e+02
2.871253343220867009e+02
2.871674889936190311e+02
2.870427707285764427e+02
2.872765032510180276e+02
2.872439457940749890e+02
2.870418386434209879e+02
2.871409767586997077e+02
2.870149252139312352e+02
2.870290862329782158e+02
2.869740938340673324e+02
2.870746211596332387e+02
2.872340932402367457e+02
2.872202666995638651e+02
2.871467842019529826e+02
2.872450754374958137e+02
2.872566924881211321e+02
2.871372084587076756e+02
2.870474731026520772e+02
2.869669410404405312e+02
2.870079534787855096e+02
2.871379893069419040e+02
2.871246077378836503e+02
2.869702644357442978e+02
2.870039948291741325e+02
2.870107278713699088e+02
2.869499110068239247e+02
2.868799333269475369e+02
2.870095714192688661e+02
2.870076228262964264e+02
2.871168446816579944e+02
2.872563355412734722e+02
2.870551792535335380e+02
2.869503577827006779e+02
2.869682327648767455e+02
2.871451623641956417e+02
2.871374171891242781e+02
2.871178373866449647e+02
2.870793082013857997e+02
2.870371869821291853e+02
2.871232763026185353e+02
2.870952748130139298e+02
2.872641543916373053e+02
2.871532748601764524e+02
2.871843761945963820e+02
2.871384494650089891e+02
2.872384201736870182e+02
2.872959071492508656e+02
2.871875530664767098e+02
2.871714849084559660e+02
2.871336648518621928e+02
2.871357172966128246e+02
2.872573374031517801e+02
2.874118683425943459e+02
2.873914584636871155e+02
2.872710062513516505e+02
2.873528987658954179e+02
2.874415280726425408e+02
2.873207006627091573e+02
2.873483413952466208e+02
2.875525802520012917e+02
2.874993116543659539e+02
2.872700014790660248e+02
2.872450965717780491e+02
2.872750412012251786e+02
2.873540967522666278e+02
2.872077864608694995e+02
2.873213140925075209e+02
2.874358614545332671e+02
2.874413281653242507e+02
2.872980163771493380e+02
2.872615693484772237e+02
2.872012213038289588e+02
2.874555880470468878e+02
2.875122860930744650e+02
2.874083911083236558e+02
2.875364919529768599e+02
2.874224808894331886e+02
2.873751317776726069e+02
2.874394281689970398e+02
2.873216264775741138e+02
2.872578797107652804e+02
2.874284441240963588e+02
2.873725042945756627e+02
2.873132666721666624e+02
2.875474193619588732e+02
2.873639971113985325e+02
2.871626773045888967e+02
2.873250384514031452e+02
2.874003992488148356e+02
2.872275508050120720e+02
2.872396211129486119e+02
2.872484805923207318e+02
2.873918667949329233e+02
2.873555436641933056e+02
2.874885298165698941e+02
2.874634982479922201e+02
2.875552664404692109e+02
2.874695911918053639e+02
2.876949696613500009e+02
2.874560615968601951e+02
2.874211270395853717e+02
2.875167809104404455e+02
2.877294159985219153e+02
2.875711528289786543e+02
2.875196437027022967e+02
2.876671830120187110e+02
2.876265161458965736e+02
2.875027786244718868e+02
2.875262708717892224e+02
2.875561990369828891e+02
2.876892133979769710e+02
2.876140447595362843e+02
2.877529224752199752e+02
2.879626356018089268e+02
2.876587184876855190e+02
2.877217031759786892e+02
2.878672192374773431e+02
2.878457186578432925e+02
2.879115754646479104e+02
2.878527069112787444e+02
2.879618681333087125e+02
2.877647531011823503e+02
2.878101641228767562e+02
2.876140021267240172e+02
2.877627510281969307e+02
2.877749502934403836e+02
2.876737200766296496e+02
2.878018189455092966e+02
2.878681031192615478e+02
2.879973270334334075e+02
