3.417042583536248799e+02
3.417042603609152707e+02
3.417042624167760891e+02
3.417042609797717319e+02
3.417042616370460451e+02
3.417042633210123768e+02
3.417042619884189207e+02
3.417042635487962343e+02
3.417042642842154123e+02
3.417042628770792021e+02
3.417042646730713500e+02
3.417042646668623433e+02
3.417042635376019462e+02
3.417042650445835079e+02
3.417042649802294818e+02
3.417042640018344741e+02
3.417042638484510348e+02
3.417042647493111076e+02
3.417042646212994441e+02
3.417042645407032637e+02
3.417042648081502989e+02
3.417042639405673867e+02
3.417042640315109452e+02
3.417042651919368268e+02
3.417042641260067626e+02
3.417042642685771625e+02
3.417042655654352643e+02
3.417042640762444421e+02
3.417042648496135371e+02
3.417042652315374198e+02
3.417042651780566871e+02
3.417042650115928950e+02
3.417042655407802272e+02
3.417042657217452302e+02
3.417042644429813549e+02
3.417042655168488636e+02
3.417042658552309149e+02
3.417042659202929258e+02
3.417042643526031611e+02
3.417042646012623095e+02
3.417042656212154270e+02
3.417042652042372879e+02
3.417042649087501900e+02
3.417042660618248533e+02
3.417042650844537093e+02
3.417042656154562792e+02
3.417042654946742459e+02
3.417042662860822020e+02
3.417042659977589096e+02
3.417042643633667467e+02
3.417042654426788317e+02
3.417042660885202281e+02
3.417042648183714846e+02
3.417042659549379096e+02
3.417042659505130473e+02
3.417042652361116666e+02
3.417042656373560021e+02
3.417042647425962514e+02
3.417042658325526077e+02
3.417042661252955895e+02
3.417042652202642330e+02
3.417042658677776217e+02
3.417042658312000754e+02
3.417042656907714786e+02
3.417042646685451928e+02
3.417042658916701043e+02
3.417042654149723262e+02
3.417042664030393553e+02
3.417042655344275204e+02
3.417042652155550400e+02
3.417042665176967944e+02
3.417042654863939788e+02
3.417042654521034706e+02
3.417042668617246477e+02
3.417042654891401412e+02
3.417042658474229029e+02
3.417042666765262879e+02
3.417042653409198465e+02
3.417042664824580811e+02
3.417042665650276376e+02
3.417042659247766210e+02
3.417042667342037134e+02
3.417042659040132548e+02
3.417042653521354509e+02
3.417042668034775375e+02
3.417042655186843945e+02
3.417042664629902333e+02
3.417042663562097573e+02
3.417042661925276548e+02
3.417042655880743496e+02
3.417042667572373489e+02
3.417042653283216964e+02
3.417042661508128845e+02
3.417042665863816637e+02
3.417042659936960831e+02
3.417042665186538102e+02
3.417042657145358930e+02
3.417042666880414004e+02
3.417042661333657634e+02
3.417042658563740929e+02
3.417042663778588008e+02
3.417042656580376274e+02
3.417042664706057735e+02
3.417042663952796033e+02
3.417042650444406604e+02
3.417042667919172345e+02
3.417042668224044064e+02
3.417042659985339128e+02
3.417042657601273277e+02
3.417042666686150483e+02
3.417042659843277193e+02
3.417042663965079896e+02
3.417042662979386023e+02
3.417042663567248724e+02
3.417042666734305953e+02
3.417042662489088229e+02
3.417042657532289809e+02
3.417042665947317914e+02
3.417042665534063985e+02
3.417042666633934118e+02
3.417042665441408076e+02
3.417042661929364726e+02
3.417042664926559041e+02
3.417042656695628580e+02
3.417042666829606219e+02
3.417042667542692129e+02
3.417042654239070885e+02
3.417042667822605040e+02
3.417042670655057464e+02
3.417042660835741685e+02
3.417042666939209425e+02
3.417042667555102184e+02
3.417042658908113140e+02
3.417042664101263654e+02
3.417042670976111367e+02
3.417042662892425255e+02
3.417042668901858065e+02
3.417042665656040867e+02
3.417042667670444303e+02
3.417042663970407830e+02
3.417042666801438031e+02
3.417042671008260299e+02
3.417042661975096962e+02
3.417042665094816130e+02
3.417042678039353518e+02
3.417042659622886163e+02
3.417042659893859877e+02
3.417042674484794702e+02
3.417042669215558703e+02
3.417042665178003062e+02
3.417042671132005580e+02
3.417042660951455559e+02
3.417042674360852743e+02
3.417042663155997957e+02
3.417042670664743582e+02
3.417042672334939084e+02
3.417042669220208495e+02
3.417042664014690558e+02
3.417042668809711472e+02
3.417042664627687714e+02
