2.872179219513180328e+02
2.879686458793223096e+02
2.886122661962354528e+02
2.884607507121929189e+02
2.887321321682000530e+02
2.890886649127100441e+02
2.889387919490885110e+02
2.893477939056312493e+02
2.895957058757246045e+02
2.894430299657009300e+02
2.897461185577750484e+02
2.896927142010029002e+02
2.896585454351409226e+02
2.899239141701161770e+02
2.899412578322169907e+02
2.897648543767010096e+02
2.896900919331794171e+02
2.900183446009232284e+02
2.899003537711532204e+02
2.899241399192382005e+02
2.899477887021541278e+02
2.897335070504693704e+02
2.898626055685494407e+02
2.901081034089019681e+02
2.898788470593748912e+02
2.899896462010127038e+02
2.901555080391207184e+02
2.899436634903264007e+02
2.901040922889168883e+02
2.901488158331241038e+02
2.901300467112532715e+02
2.902648079871018467e+02
2.903752268395479064e+02
2.904262229734183620e+02
2.902147695467741642e+02
2.904228781316242021e+02
2.904612152890601351e+02
2.904168197894344416e+02
2.901170759205991203e+02
2.902006083343910632e+02
2.903587615247110989e+02
2.903108259936037143e+02
2.903750273683029945e+02
2.905811637373587359e+02
2.903669196344004035e+02
2.904567455667533977e+02
2.904549383934671027e+02
2.906520519280140888e+02
2.905079761709280888e+02
2.901796675232735083e+02
2.904767080932634826e+02
2.905248550826099745e+02
2.902894187372904184e+02
2.904817230596955824e+02
2.904969715063477338e+02
2.905005404305207435e+02
2.906462335815924121e+02
2.903482755211830408e+02
2.906086123375269494e+02
2.906065696802616571e+02
2.904526502221438591e+02
2.905827536421085711e+02
2.905761379414621501e+02
2.904793017170620715e+02
2.904986193736700670e+02
2.904927297737880281e+02
2.904872913664743805e+02
2.907718541241127923e+02
2.904087255954019611e+02
2.905435572328804597e+02
2.906851023494021433e+02
2.905140860903293856e+02
2.905177834286915299e+02
2.909001975933930453e+02
2.906425785276428542e+02
2.907454572738700449e+02
2.908641906968951503e+02
2.906006063677730822e+02
2.908912638902195908e+02
2.908592328698077836e+02
2.907645259703787701e+02
2.909433095056273260e+02
2.906178118399934647e+02
2.907214925763866518e+02
2.908795699074946128e+02
2.906259256381285354e+02
2.909238016429635536e+02
2.909617527881145520e+02
2.907843181952388250e+02
2.908196291474757800e+02
2.909511801449177710e+02
2.906617097844589352e+02
2.908070744505155290e+02
2.909689834574354563e+02
2.909119182568792326e+02
2.909040826358399841e+02
2.906760760025285322e+02
2.908807508918069402e+02
2.907986578289864497e+02
2.908516177049697831e+02
2.908583100308480311e+02
2.907811562117012159e+02
2.909731304273470300e+02
2.908741943734696065e+02
2.907466023676585110e+02
2.909948334364482889e+02
2.910174760608981046e+02
2.908486683657446861e+02
2.908588939943443279e+02
2.909066870106830720e+02
2.908138797424816744e+02
2.909087943785826269e+02
2.908659488936519892e+02
2.909552517043211992e+02
2.910127862796175009e+02
2.908844833540423451e+02
2.908980803532026584e+02
2.909940305970512213e+02
2.909626395783311636e+02
2.910747924063288110e+02
2.910815202772881207e+02
2.910998078078201274e+02
2.909901725285686211e+02
2.908061376500523352e+02
2.911339264601743366e+02
2.910708781074522449e+02
2.908338441069072928e+02
2.910743829386275934e+02
2.910251785923139209e+02
2.908989120225334659e+02
2.910532191356827525e+02
2.910407632441636565e+02
2.909496157818045958e+02
2.910939750856271075e+02
2.911339935523909048e+02
2.911371936879427835e+02
2.912952365183226675e+02
2.911691986633112492e+02
2.912377811991257204e+02
2.910932136479014503e+02
2.912579104690727831e+02
2.912935009473417836e+02
2.910433792947675897e+02
2.912405832216222166e+02
2.913999850230282505e+02
2.910177916435553129e+02
2.910840488782529292e+02
2.913117053447244302e+02
2.912759549726014825e+02
2.912970968542274477e+02
2.912453539815767272e+02
2.911195443347495484e+02
2.914396673583905226e+02
2.911886148860563139e+02
2.913072215895097656e+02
2.913738410679163735e+02
2.912708984767573952e+02
2.911563375787318364e+02
2.913053508627467068e+02
2.912566766576850910e+02
