2.857828045050837886e+02
2.860015200352043507e+02
2.860007902404419156e+02
2.858651515691996678e+02
2.859513612340207942e+02
2.859755853443969613e+02
2.860165713308185218e+02
2.858622505109522649e+02
2.859485961449885849e+02
2.861402597761606330e+02
2.861735393189470642e+02
2.861181822862232025e+02
2.862005903255069370e+02
2.861250342674615581e+02
2.860717514909793522e+02
2.860365682806724976e+02
2.862138409020816425e+02
2.864630079622112362e+02
2.861570761745235245e+02
2.862532692968447350e+02
2.863401418826731515e+02
2.863630251061863987e+02
2.863909056577095384e+02
2.864339506552443595e+02
2.863399294483822928e+02
2.863923568075908292e+02
2.863745529156549310e+02
2.864410793355713736e+02
2.865275358813380535e+02
2.864925639511425857e+02
2.867435334505785818e+02
2.867290447163786098e+02
2.867537586752449670e+02
2.867137827763489781e+02
2.867302406258611427e+02
2.868337226695490472e+02
2.868542471751655398e+02
2.869082577512924672e+02
2.868470123582847577e+02
2.868121168551537039e+02
2.869094751970866923e+02
2.869189359645909576e+02
2.869116600291984582e+02
2.868858943738903235e+02
2.869823591983596884e+02
2.871496402760186015e+02
2.872071114516820671e+02
2.873467620836678975e+02
2.871575874924863570e+02
2.872021295578904301e+02
2.873716044843648092e+02
2.874273849792606939e+02
2.873416729236975016e+02
2.874127231940818206e+02
2.874486605530976249e+02
2.873291442704777978e+02
2.874094717539433645e+02
2.875872481012815456e+02
2.874983563353440559e+02
2.874082656990947271e+02
2.876978600131715211e+02
2.876511215853714702e+02
2.873964066570268301e+02
2.875566286448502069e+02
2.876953597926972748e+02
2.877004231895618886e+02
2.876440717425022626e+02
2.878427402054424533e+02
2.879937605920828787e+02
2.877404145809199463e+02
2.878281946670190337e+02
2.878507459034797762e+02
2.877855696628853366e+02
2.879492963705804982e+02
2.880625661610498582e+02
2.880778886813579334e+02
2.881800788781556548e+02
2.881482541318614494e+02
2.881897294852799405e+02
2.883764508037567111e+02
2.883277401629007386e+02
2.883401805241689431e+02
2.883051789552918649e+02
2.883488850164511064e+02
2.885382943780052756e+02
2.883938365004063940e+02
2.884658848773298701e+02
2.884900615290078463e+02
2.886054874324986486e+02
2.887604134499013639e+02
2.887110120730857830e+02
2.885034332261378154e+02
2.884712040250902305e+02
2.886035260840783963e+02
2.887048274818775440e+02
2.886791963659569547e+02
2.887531792700345932e+02
2.890830090678476267e+02
2.890883066003449926e+02
2.890019802774322102e+02
2.890742739881857801e+02
2.889908554779701149e+02
2.890404139894741888e+02
2.892043742906048465e+02
2.892342462911789767e+02
2.893054208601764117e+02
2.893337761309801976e+02
2.893531537623034637e+02
2.893025336303520589e+02
2.894351661276424466e+02
2.896079534974556395e+02
2.895505485282139375e+02
2.895383210509205583e+02
2.895290383712995776e+02
2.896901524996260946e+02
2.898215962420258052e+02
2.899526688856897181e+02
2.898773171568801672e+02
2.899330912205910522e+02
2.898257245115480032e+02
2.900565677605893598e+02
2.900106497146607580e+02
2.900907468716341668e+02
2.901166806637921241e+02
2.900661989619455312e+02
2.901914901759358258e+02
2.902367182394504539e+02
2.902011605872545488e+02
2.904670804924426761e+02
2.906237924175663352e+02
2.904465869314171300e+02
2.906666267029759751e+02
2.906493339660137281e+02
2.904400063343409215e+02
2.904845698151011675e+02
2.907464997151921580e+02
2.907939379188454154e+02
2.906490807611223204e+02
2.908761276866446792e+02
2.910283592326172766e+02
2.909132161230771203e+02
2.910094461575275773e+02
2.910186810870417844e+02
2.909986780446354260e+02
2.911506084407080834e+02
2.911218868071262591e+02
2.912368937478304929e+02
2.913059352769323596e+02
2.912726933063951265e+02
2.913178455141828067e+02
