9.720123647387426047e+01
9.731917855597488654e+01
9.692848066731998813e+01
9.639899094462327866e+01
9.694968442394758767e+01
9.731622155247896444e+01
9.639674995042743433e+01
9.656417213763189977e+01
9.684089754088908819e+01
9.688353201913766100e+01
9.683788957204900782e+01
9.612759845286514349e+01
9.673801500353162908e+01
9.687050617368582550e+01
9.665186769875428752e+01
9.720346090867435862e+01
9.586450313350862018e+01
9.636412823845840592e+01
9.631435096733618195e+01
9.659055843751771420e+01
9.637921903055250539e+01
9.659886378374335436e+01
9.636160870775013620e+01
9.688610826591451541e+01
9.701936501869685969e+01
9.660424603380664621e+01
9.677985169698526136e+01
9.665650962263474355e+01
9.691961677575096701e+01
9.656881390155329825e+01
9.631313285506369937e+01
9.675687722545325187e+01
9.629249697581724377e+01
9.655492631175701490e+01
9.679166358658740421e+01
9.639336347881608447e+01
9.680856575724048696e+01
9.695923035726643491e+01
9.617502259745270976e+01
9.675623987450775587e+01
9.667616635827486959e+01
9.658325566535056339e+01
9.695219126206889371e+01
9.627396137094221729e+01
9.637128041413005519e+01
9.628931164454625957e+01
9.632072371508020581e+01
9.685409259370361212e+01
9.638868107199105850e+01
9.645550310558850526e+01
9.732359867210816162e+01
9.591416713597578791e+01
9.676580587490524010e+01
9.714379419998228116e+01
9.571399322273390453e+01
9.639124171002326591e+01
9.612357729201916356e+01
9.627802356390441219e+01
9.629668832395323363e+01
9.654149132361993679e+01
9.629633318667255537e+01
9.646819552513419183e+01
9.690722870993012350e+01
9.656916464147631984e+01
9.691879004694025923e+01
9.624909529729529822e+01
9.642889388401867734e+01
9.693818277960865260e+01
9.591517981302604312e+01
9.631618633181182076e+01
9.611579995722429715e+01
9.666852779031005127e+01
9.579646544792041141e+01
9.625530776522084864e+01
9.638406762606166467e+01
9.657978046005462147e+01
9.581864712731415068e+01
9.621028510495256114e+01
9.570817022778726368e+01
9.653173705205709609e+01
9.600092171692330112e+01
9.608239803046991767e+01
9.607036335576420072e+01
9.673920834281885561e+01
9.675297630229913182e+01
9.571644667118420102e+01
9.606527800184086630e+01
9.620725241477032341e+01
9.620814759291179996e+01
9.606429396589112457e+01
9.618823769771621812e+01
9.662099774114227557e+01
9.623225459188381592e+01
9.614072599032586197e+01
9.612134013545055211e+01
9.617699140963760840e+01
9.606204118356414767e+01
9.630934959135383622e+01
9.620845172931528566e+01
9.639071896707640974e+01
9.603084874917611558e+01
9.606377605778931184e+01
9.610546218714956979e+01
9.608550542193125921e+01
9.559602891395223878e+01
9.652441563164633465e+01
9.590005519652611099e+01
9.628914115492189296e+01
9.630586001038760458e+01
9.603734337933597942e+01
9.627613544000485035e+01
9.651597337620061978e+01
9.586633042342511146e+01
9.571640242241880969e+01
9.656231933419876157e+01
9.635613496360373631e+01
9.566137101178121327e+01
9.643448821804538795e+01
9.645694211502150495e+01
9.645025252456652254e+01
9.632526639459398154e+01
9.609403417369479428e+01
9.629716442163270074e+01
9.596506718147053050e+01
9.606843766672359664e+01
9.641294836653975153e+01
9.597553819667534469e+01
9.698574150856389053e+01
9.602078869775662895e+01
9.655104811985209778e+01
9.605985842448991718e+01
9.670556910627011860e+01
9.585167920824621035e+01
9.626458530993421903e+01
9.608131172850188761e+01
9.638065612308541574e+01
9.629948492757102940e+01
9.581519356258554865e+01
9.578884434311099483e+01
9.586064726226624089e+01
9.586290535425200687e+01
9.586849446129718899e+01
9.594955045934686666e+01
9.615511250825316836e+01
9.593954355849444937e+01
9.672112464941784538e+01
9.546885080559069081e+01
9.575098415568646715e+01
9.587386847933605338e+01
9.601866412776969639e+01
9.602998418647030121e+01
