2.881142614111656144e+02
2.889791748288003532e+02
2.892766941363024102e+02
2.896818708233793132e+02
2.900888975909662690e+02
2.901095500334834583e+02
2.902040164968303202e+02
2.903428352923271518e+02
2.906306957996596907e+02
2.908600091159689214e+02
2.905853995015746705e+02
2.906672045774794810e+02
2.907937329875732644e+02
2.908521555595876293e+02
2.911386509930385387e+02
2.910164991673781287e+02
2.910159036744942682e+02
2.911942408921842684e+02
2.912625880905700342e+02
2.913321267081153110e+02
2.911642352698340233e+02
2.910930587802220657e+02
2.912657460154866271e+02
2.913372356137919610e+02
2.916005289926778232e+02
2.912294239742747664e+02
2.911607767226592500e+02
2.914265586588610972e+02
2.914846415598287876e+02
2.913678022640916083e+02
2.912596936595476791e+02
2.913012152915139836e+02
2.914228548847646607e+02
2.916595356407835880e+02
2.917925828039527119e+02
2.915245817120653555e+02
2.917013154143195948e+02
2.916608237276250293e+02
2.915891203097065159e+02
2.915270263914465545e+02
2.916225906622787534e+02
2.916172033589239163e+02
2.917615937770578398e+02
2.914659922113522725e+02
2.915572373302496203e+02
2.914782632409018674e+02
2.916298944993394002e+02
2.915870464679892962e+02
2.916778619374642290e+02
2.920813149672317763e+02
2.918458331029698911e+02
2.915361240968716743e+02
2.919817284842217191e+02
2.918848746558057883e+02
2.916581844467345945e+02
2.916715846847039302e+02
2.916443191377330777e+02
2.917251289768701668e+02
2.919245045991108896e+02
2.917626541599266830e+02
2.917399746352944589e+02
2.918462328639658949e+02
2.918879169428092268e+02
2.918306415599814727e+02
2.917992330784399542e+02
2.918005361422655710e+02
2.919015360484256121e+02
2.920015731430538040e+02
2.918498776253595679e+02
2.918820668300094781e+02
2.919796143595382318e+02
2.919678722915442677e+02
2.918775005458292640e+02
2.919973708821702871e+02
2.921355861407904513e+02
2.920790175362951118e+02
2.919361460161663331e+02
2.920728439733722439e+02
2.921402009492537104e+02
2.922559050695660403e+02
2.918947541660454021e+02
2.920033670756113224e+02
2.922001405653928714e+02
2.924321164348621096e+02
2.922043942615978835e+02
2.921352695635754912e+02
2.919680755312339215e+02
2.919667656439504526e+02
2.920409385587103657e+02
2.920557276229587274e+02
2.921543787561888053e+02
2.922600472211975671e+02
2.920205483004107236e+02
2.920947245606852789e+02
2.921091412876762092e+02
2.921650384007376147e+02
2.921507141793400137e+02
2.921853201626872760e+02
2.921416658391549959e+02
2.922779348589656365e+02
2.920796826092327478e+02
2.920795289953200609e+02
2.923468181043460277e+02
2.923130938322871657e+02
2.923604050307562261e+02
2.921775852961897044e+02
2.922814903816122865e+02
2.923781276624314955e+02
2.922093582231934192e+02
2.920896223678624324e+02
2.922845221628807053e+02
2.922226843985344544e+02
2.921990941837690912e+02
2.923022763443394183e+02
2.924889622924067112e+02
2.922650919229244550e+02
2.922725005414657176e+02
2.923515818225109797e+02
2.923289788253819097e+02
2.922517848117338417e+02
2.921960002229276370e+02
2.920595280009399062e+02
2.920952002672322010e+02
2.922507560849767856e+02
2.923036510622009700e+02
2.924189233053357952e+02
2.923705515787210061e+02
2.922682928236720841e+02
2.921072919208570511e+02
2.923442690024186845e+02
2.923674905800532997e+02
2.925139340322324983e+02
2.923586970804579437e+02
2.922435424795315839e+02
2.924175653490559057e+02
2.925326139778301808e+02
2.923433294968128280e+02
2.923923038716533256e+02
2.924448912517513577e+02
2.924601026745197032e+02
2.924897922267114154e+02
2.924423573465832078e+02
2.923999765491816447e+02
2.924385557781867533e+02
2.926052831893069879e+02
2.926459588901456073e+02
2.923204115354203054e+02
2.923478156354934185e+02
2.923327735324004948e+02
2.923772401963687457e+02
2.925667096401876393e+02
