2.867692103904045666e+02
2.868840853520679275e+02
2.870132619018125411e+02
2.867569584038621429e+02
2.868766349924266592e+02
2.870226204316210783e+02
2.869527531387424801e+02
2.866371567188895142e+02
2.869588814977838069e+02
2.870304405749513990e+02
2.868762272141936478e+02
2.868653001522133081e+02
2.867892348995683847e+02
2.868593831918790329e+02
2.869116137164745055e+02
2.867290463227358828e+02
2.867683663136385235e+02
2.866867501198655646e+02
2.866845699383724764e+02
2.868598008728197897e+02
2.867768254428773389e+02
2.868964609097035918e+02
2.871577552859239972e+02
2.868837121845019169e+02
2.868364642045184496e+02
2.869688983646412339e+02
2.871064973589433862e+02
2.870023656169332753e+02
2.868788083847077814e+02
2.867850811392906394e+02
2.869274137541797813e+02
2.870270360993650343e+02
2.870100652845514446e+02
2.867764972770045802e+02
2.865146735836263474e+02
2.865903400405130128e+02
2.868825435424468537e+02
2.866636437745286230e+02
2.867062765323203735e+02
2.869645311117984647e+02
2.870350100401190048e+02
2.867712072400050829e+02
2.868524323775240532e+02
2.870941987687711503e+02
2.870680115581872656e+02
2.867571138859597681e+02
2.866262245875794292e+02
2.868081076471706297e+02
2.870396572141314664e+02
2.870715525110878161e+02
2.869552508498732664e+02
2.870064053799838462e+02
2.871241061599069440e+02
2.868758811255178216e+02
2.867159962617213864e+02
2.869595446497686453e+02
2.870820874319596783e+02
2.870138581608079562e+02
2.869050916574769872e+02
2.869925740335108344e+02
2.870920460939543091e+02
2.868489374673336556e+02
2.867729768501195053e+02
2.868875667466782602e+02
2.869876821129192876e+02
2.869054600117952418e+02
2.869531771859519154e+02
2.871291107617274179e+02
2.872726027073221644e+02
2.868346021431636927e+02
2.868500565377487987e+02
2.870587112290181153e+02
2.870727546521540603e+02
2.871829799444455489e+02
2.871361791239660306e+02
2.869176806512435292e+02
2.869231895827626886e+02
2.870272559669922998e+02
2.871449713885485266e+02
2.871065521621947028e+02
2.870942419084307744e+02
2.868673512447186909e+02
2.869198636951150547e+02
2.872256663136028578e+02
2.871831033592703193e+02
2.870157792832777659e+02
2.869453854210385089e+02
2.873243207685732727e+02
2.873070354752628646e+02
2.869781034903313071e+02
2.870950237242707317e+02
2.871940132041453921e+02
2.871180201751087111e+02
2.869708226201537968e+02
2.869472334479762026e+02
2.870621433302210903e+02
2.872744757557737216e+02
2.870057492413557725e+02
2.868529914180107312e+02
2.869398918268105945e+02
2.871323325738692347e+02
2.873604520588141895e+02
2.871493505605743621e+02
2.872365785054375351e+02
2.872929783492342608e+02
2.870113484893234386e+02
2.869272129150509159e+02
2.871176084199000798e+02
2.872845806336737269e+02
2.870148750729443918e+02
2.870892866908998258e+02
2.871786991639863231e+02
2.870889254724607440e+02
2.870760374649908044e+02
2.869327094343195199e+02
2.869632719354790424e+02
2.870681439894452183e+02
2.871697475067068694e+02
2.870847635586364390e+02
2.869180999040613074e+02
2.868387199191685113e+02
2.870530474754467036e+02
2.873324020643223662e+02
2.871903452389172458e+02
2.868299258847649185e+02
2.867610668217027410e+02
2.870387005173291755e+02
2.872447553102624624e+02
2.871373849611039191e+02
2.872310897681566644e+02
2.873343317421172287e+02
2.871024159434138596e+02
2.869746725973612342e+02
2.871429825695516342e+02
2.872661521539935734e+02
2.870827417360157483e+02
2.869669802355916204e+02
2.872114918702241653e+02
2.874885819938035070e+02
2.873657468014964138e+02
2.871147533609379821e+02
2.869931797279545549e+02
2.872451461984252887e+02
2.873852365116887881e+02
2.871733643366264914e+02
2.871666138031558262e+02
2.872211814826714544e+02
2.875486503665733835e+02
2.875918907575010621e+02
2.873934630157679635e+02
2.875085185572595492e+02
2.877488721842228756e+02
2.878153368268726808e+02
2.875043285009182910e+02
2.876580089310666608e+02
2.878054801902611644e+02
2.874726368201783657e+02
2.875544197892885450e+02
2.876341628429799471e+02
2.877458013622994599e+02
2.879786095748239632e+02
2.879423636184845350e+02
2.876794138580231106e+02
2.875493651214238753e+02
2.878909322917850204e+02
