2.394451953853116208e+02
2.390847447396869256e+02
2.394739507145708330e+02
2.393053719411386453e+02
2.388198958422443354e+02
2.389529037143875883e+02
2.391999187037291961e+02
2.389221574778413526e+02
2.391493763723288168e+02
2.389513247212555314e+02
2.392707006681029043e+02
2.391933564575957405e+02
2.390126829553321102e+02
2.392541380308980195e+02
2.389691079928522015e+02
2.389387743951134269e+02
2.391879975620265668e+02
2.387870055743702835e+02
2.392172703358456545e+02
2.391420228681654407e+02
2.390611030443754714e+02
2.392283092753223173e+02
2.393229677624929934e+02
2.393470381621189063e+02
2.397730751554605604e+02
2.392329454526419852e+02
2.389771381163363060e+02
2.395307671822758948e+02
2.390170027458549669e+02
2.393110269494821125e+02
2.394964094718767740e+02
2.391437235154963901e+02
2.391342401189292559e+02
2.391380734092698503e+02
2.389336563946033891e+02
2.394834906272413093e+02
2.389264842937462561e+02
2.393536600701329746e+02
2.392894040313599362e+02
2.393118549556123469e+02
2.393777421278749671e+02
2.393797564106657774e+02
2.392489234449191429e+02
2.390360822253422555e+02
2.393836593304064024e+02
2.391175729550358540e+02
2.395128621390703927e+02
2.392746499887752236e+02
2.393972858006498825e+02
2.396457156300863574e+02
2.390222894138898653e+02
2.394310901991277376e+02
2.395629948457341527e+02
2.390573206460782387e+02
2.392906720360234374e+02
2.393248164677871728e+02
2.394270742095464755e+02
2.395697170334673274e+02
2.395423676401103705e+02
2.390600264533009920e+02
2.394165026887527574e+02
2.397518455634169641e+02
2.392907025339861491e+02
2.396400882008530004e+02
2.394064484980607119e+02
2.394109589531294944e+02
2.394853415220424324e+02
2.393939634029814272e+02
2.398166361183335766e+02
2.397353858224574878e+02
2.394467267835401287e+02
2.397029406044396467e+02
2.397181594918608880e+02
2.397613703201237456e+02
2.393775230709445339e+02
2.400146333299165633e+02
2.394170062202943825e+02
2.397083288878150427e+02
2.394614562805551543e+02
2.393969551711095392e+02
2.397694244434478321e+02
2.396495958423444961e+02
2.394626952387978633e+02
2.396688932241479506e+02
2.397516243536469176e+02
2.395783877221662976e+02
2.399220366527745512e+02
2.399900288933395416e+02
2.397561822207842681e+02
2.396160488820566741e+02
2.399906238062554849e+02
2.396290662554288247e+02
2.395836354460259372e+02
2.398619944406656259e+02
2.403225378120505411e+02
2.399248607948935614e+02
2.401413704644720895e+02
2.400918611616407361e+02
2.399477696772854358e+02
2.399332913560972713e+02
2.403050571438269856e+02
2.406280827267229085e+02
2.401313942165836295e+02
2.402610627304354693e+02
2.404037674938567477e+02
2.402241636887582956e+02
2.402122873095672730e+02
2.404572494542678669e+02
2.401144207052770128e+02
2.405748354192571696e+02
2.403923984954923014e+02
2.401143810580881564e+02
2.404088754777169754e+02
2.405592709473073683e+02
2.405794099360380187e+02
2.404703858155584442e+02
2.406646559240230943e+02
2.406817716129413895e+02
2.407015913454035569e+02
2.406164628607953091e+02
2.406972804286363896e+02
2.406627662691621197e+02
2.410213949365437145e+02
2.407784671119547113e+02
2.407421505054897182e+02
2.407158635378923748e+02
2.409564865413750283e+02
2.408053617138482423e+02
2.405933319977972076e+02
2.409332616911904950e+02
2.408635095483969906e+02
2.411413336827473586e+02
2.406979541583499156e+02
2.411896621419235487e+02
2.408722049017569873e+02
2.407592707893537920e+02
2.412509281541688608e+02
2.412180080685385519e+02
2.414487484150512273e+02
2.409386846773886930e+02
2.411125820082284292e+02
2.410328952571450429e+02
2.409699806036758218e+02
2.411343892449010866e+02
2.412167563946271400e+02
2.408901314398816282e+02
2.413379077278530360e+02
2.413420105631508648e+02
2.414973951933604894e+02
2.412762253163593584e+02
