9.971223035347081520e+01
9.967278221922610726e+01
9.979578575291391473e+01
9.990978887516479290e+01
9.976064162920226863e+01
9.947507125474261613e+01
9.989085463263735676e+01
9.947259858963455770e+01
9.972926480750459177e+01
9.958957109552028442e+01
9.960314285547974578e+01
9.915582023710864235e+01
9.935059060115945329e+01
9.955952803854074773e+01
9.957140529113831917e+01
9.957372282667772367e+01
9.923611533372894655e+01
9.944085579324121227e+01
9.964175262191417914e+01
9.920951526799980513e+01
9.901712290618847589e+01
9.935164357836113425e+01
9.911081937838059730e+01
9.890935784661751029e+01
9.907205894730724083e+01
9.895626723381580803e+01
9.914734627115808507e+01
9.931309994750370151e+01
9.897476068963915452e+01
9.880076372018676523e+01
9.940768012394589448e+01
9.891977582294906313e+01
9.894026060629728647e+01
9.925904248414407505e+01
9.901016897870015043e+01
9.878823320219275672e+01
9.880079611726351629e+01
9.902768392772496497e+01
9.855492603712131938e+01
9.873025960176585158e+01
9.879558538668972290e+01
9.888143844053814746e+01
9.871290989597413557e+01
9.864254149267257787e+01
9.900734295584133804e+01
9.853253844650568283e+01
9.837363308605249301e+01
9.860743863993405967e+01
9.858947824584750208e+01
9.841108990322105399e+01
9.847024360984282509e+01
9.851603551780482348e+01
9.869642531397919072e+01
9.846243303876514119e+01
9.836070055403813228e+01
9.835350757766970275e+01
9.832824719294943350e+01
9.826312422732894447e+01
9.845727506516514893e+01
9.816953550669451545e+01
9.827685806737376595e+01
9.836926550951329773e+01
9.775663540701582122e+01
9.817510835438946515e+01
9.781595374814698118e+01
9.813461081181306156e+01
9.810502247701492706e+01
9.807209561499227846e+01
9.808695025906240517e+01
9.760941540187063481e+01
9.804313882950172854e+01
9.795074917278840587e+01
9.767907354716476220e+01
9.787499713899394749e+01
9.782854758596731415e+01
9.783711634891649567e+01
9.757277648606283549e+01
9.779947083715910594e+01
9.752864047742424702e+01
9.804842267299811454e+01
9.751582857350565803e+01
9.748070710280292417e+01
9.749782884601843591e+01
9.783234833126425656e+01
9.759153523575105282e+01
9.712758207912368391e+01
9.753658393056652187e+01
9.746029888566948785e+01
9.737469927186735674e+01
9.726159382598025616e+01
9.768340388741883373e+01
9.718795091858271462e+01
9.730041814912739540e+01
9.697152380131653615e+01
9.718279025281674421e+01
9.696225026991794493e+01
9.710268667667573084e+01
9.693863534632184553e+01
9.685236752192122367e+01
9.688118361298673165e+01
9.673652436201781768e+01
9.658935203916824719e+01
9.663801585427835050e+01
9.656172434476614796e+01
9.667549303381656500e+01
9.627558690196042335e+01
9.652088758222862452e+01
9.684032359287844827e+01
9.651208510460948276e+01
9.626781847958453397e+01
9.647543027019027306e+01
9.599567096164372515e+01
9.645814478812336290e+01
9.631976535476553636e+01
9.617143137987115153e+01
9.624990411233403620e+01
9.651590029146962024e+01
9.578913246716348340e+01
9.601088754635294720e+01
9.612681440808307798e+01
9.609536917365710451e+01
9.573874515860420331e+01
9.558642013337585297e+01
9.566072009486026673e+01
9.570654176688087489e+01
9.563954417863601520e+01
9.552407420764035351e+01
9.565554682800627972e+01
9.578796091219929565e+01
9.577817419193492299e+01
9.556193113996864952e+01
9.569631376615200224e+01
9.531118042624653697e+01
9.567764069770764479e+01
9.559594668261321715e+01
9.524432274744822280e+01
9.542144943916296995e+01
9.525524797814826172e+01
9.507207287821859154e+01
9.530251432860704597e+01
9.513940779318052421e+01
9.533730238661000556e+01
9.516956604421891086e+01
9.525612774272850913e+01
9.519366815825436845e+01
9.473598482880368010e+01
9.498339770557275585e+01
9.475352557838937173e+01
9.480362106917336007e+01
9.438802115145286109e+01
