1.006728194516666122e+02
1.006521771271780636e+02
1.007215138829839560e+02
1.006718393450277205e+02
1.006394138642245366e+02
1.007284093650827828e+02
1.005845502995582592e+02
1.006579133897041629e+02
1.008874600094832203e+02
1.007499402101152981e+02
1.006460763514899241e+02
1.012708816673174965e+02
1.009770729679300558e+02
1.010299434110289525e+02
1.007915178861075702e+02
1.007360220659183625e+02
1.009573827546276306e+02
1.005313862836590175e+02
1.006503215450364337e+02
1.008096995262164910e+02
1.007748026335313085e+02
1.004420902887038238e+02
1.007959454043179903e+02
1.009444970604063059e+02
1.005714918844689123e+02
1.008077537004219408e+02
1.008296238268885787e+02
1.009871930944616025e+02
1.006978992736124923e+02
1.007737397963753665e+02
1.009657532300453084e+02
1.008234899856258124e+02
1.006210601259637087e+02
1.016432736688512364e+02
1.027008549371821431e+02
1.015398385297065005e+02
1.012819452550836559e+02
1.010728074568953616e+02
1.013462234120663794e+02
1.009478164907854421e+02
1.010346327002320521e+02
1.011469852197719632e+02
1.011509610054205268e+02
1.013805113252791585e+02
1.013589517536654512e+02
1.011928110008085895e+02
1.011356090253024576e+02
1.010914402959790550e+02
1.015012385981174816e+02
1.010193667731300167e+02
1.010562770653470039e+02
1.012043624137632918e+02
1.013142221608578666e+02
1.016613977617152642e+02
1.015264631236654083e+02
1.010747277746338568e+02
1.010785644126145968e+02
1.013971835932639607e+02
1.016824305799310793e+02
1.013558113649954322e+02
1.013411430766996091e+02
1.011810419920316377e+02
1.015486800266600085e+02
1.016210578068491373e+02
1.013602850011967007e+02
1.013281032686519438e+02
1.012690831709896884e+02
1.012014529050604068e+02
1.013800427013783292e+02
1.013590057254348267e+02
1.012364156887288118e+02
1.013098117294053537e+02
1.014993087391910791e+02
1.013999867254113951e+02
1.016161626331277148e+02
1.013534784443409507e+02
1.016060455586952571e+02
1.017388523783630490e+02
1.013607297873363109e+02
1.014918191218901740e+02
1.015785505196976715e+02
1.017395416146473366e+02
1.017591238591883069e+02
1.014316525458886673e+02
1.013988397962733217e+02
1.015783066806776986e+02
1.016554048981649316e+02
1.013750456657022028e+02
1.013162265168732432e+02
1.012162234597282833e+02
1.012449860002881792e+02
1.013037386370118753e+02
1.013766706319710664e+02
1.011645489284406523e+02
1.011727526993825990e+02
1.013474011571406095e+02
1.014040503307856653e+02
1.013335382192200882e+02
1.014163729948134147e+02
1.013540849793716774e+02
1.012674667958559098e+02
1.015783691699730866e+02
1.017441376245071041e+02
1.015236656177489039e+02
1.013405171411351517e+02
1.013764140220742291e+02
1.015207064737292484e+02
1.012580416635760656e+02
1.014598577367608669e+02
1.013166892145976163e+02
1.014904418561487205e+02
1.017220277145276555e+02
1.014081065749819430e+02
1.023165836116193077e+02
1.017939774392300336e+02
1.016658206158796816e+02
1.014302584834864973e+02
1.016306028887018442e+02
1.014255624294982141e+02
1.016427739221210373e+02
1.015795415663950081e+02
1.015726288452381567e+02
1.014027004475437792e+02
1.015101066107469734e+02
1.017490805541143430e+02
1.013887327264506979e+02
1.013679675308606676e+02
1.013780332486783351e+02
1.013090914401575873e+02
1.014688477201773509e+02
1.015189651330168772e+02
1.017207121920458235e+02
1.016077551460115274e+02
1.019605616594028561e+02
1.015835946017023730e+02
1.013733830659775919e+02
1.013745588501685688e+02
1.013086341743777865e+02
1.014200329224790806e+02
1.013802099482109611e+02
1.013872638233110024e+02
1.023563375591623981e+02
1.028161782514440432e+02
1.023833150614321994e+02
1.016202228616886032e+02
1.014042151607464035e+02
1.016113234289348242e+02
1.013354644385047578e+02
1.013464619573153982e+02
1.013224876291734518e+02
1.011780402635740614e+02
1.015034329507224840e+02
1.012317913723670699e+02
1.011296406134261048e+02
1.015661404032741331e+02
1.009415238289871155e+02
1.012055845043978337e+02
1.012750466966959237e+02
1.009582494868212876e+02
1.011867513644934462e+02
1.011313155163704209e+02
1.011123725440855310e+02
1.011284499842281974e+02
1.009466404055837216e+02
1.011068910164733694e+02
