2.876195053669731578e+02
2.875671181776610297e+02
2.873009288233486700e+02
2.870119561197653297e+02
2.871766874709769581e+02
2.874736046663194315e+02
2.871628869247476246e+02
2.871862804445215147e+02
2.874636625612028524e+02
2.875780951034353734e+02
2.873226536195978156e+02
2.870923750539905654e+02
2.870690024678410737e+02
2.873187949536134624e+02
2.874847010122599045e+02
2.872709708895064864e+02
2.871646527959604782e+02
2.872151130489236266e+02
2.873710993728247445e+02
2.874703328650134608e+02
2.871380473854697470e+02
2.869707269015512452e+02
2.870211630675137258e+02
2.874205883715598588e+02
2.874126647528220815e+02
2.871885641732988006e+02
2.871038444633375661e+02
2.871227392201724911e+02
2.873632810575080043e+02
2.875068250538392931e+02
2.874309543482334561e+02
2.870961702656869079e+02
2.870585693317391360e+02
2.870913280532622593e+02
2.875113738826099734e+02
2.874835248783886641e+02
2.870131166572138568e+02
2.870741151052656619e+02
2.872690684217142802e+02
2.874412179014755679e+02
2.874210299017465786e+02
2.870417661883413416e+02
2.871627418892655328e+02
2.873470611252122353e+02
2.876154359417228079e+02
2.873486774450840358e+02
2.873643314328075462e+02
2.874788719173573668e+02
2.875974263106988360e+02
2.870936793225088763e+02
2.870084387733097060e+02
2.873188487057139469e+02
2.875469895619928593e+02
2.873493542889430614e+02
2.872127345403006871e+02
2.873278827987730892e+02
2.872464258170075482e+02
2.870446097785356301e+02
2.872140606098404874e+02
2.874766065877071810e+02
2.873408793475647940e+02
2.872864458343999559e+02
2.872513015447818816e+02
2.871476667810770209e+02
2.870760400014520428e+02
2.873700478422553601e+02
2.874418508155334848e+02
2.870528634657212592e+02
2.871182896866112628e+02
2.873484955884703709e+02
2.876044686681453868e+02
2.876999021250337023e+02
2.873600814144297146e+02
2.871447868227714366e+02
2.873175318579184818e+02
2.875229944941933695e+02
2.875513054301057423e+02
2.873394265206576961e+02
2.872332254455283760e+02
2.874666079329991248e+02
2.877223335226743757e+02
2.873935766012687623e+02
2.872032866191707967e+02
2.871475811692275215e+02
2.872789905370479460e+02
2.873390979700394041e+02
2.874933342371136291e+02
2.875264227374195229e+02
2.871975989193622922e+02
2.873068178362153162e+02
2.873431452472274259e+02
2.875393037432149299e+02
2.875145811098072386e+02
2.871341259436098881e+02
2.869753183849051652e+02
2.872600083073776887e+02
2.874512813608709507e+02
2.872064031967057076e+02
2.871251425624710691e+02
2.872501940062293784e+02
2.875186466994063039e+02
2.873000540464781238e+02
2.872292398146555570e+02
2.872187554516891055e+02
2.874593754647996775e+02
2.876503828447309843e+02
2.871996861408066479e+02
2.871056631601259710e+02
2.871730756090794898e+02
2.872607662381917066e+02
2.874118632635359631e+02
2.875481877905243095e+02
2.873441701536634696e+02
2.871202375554319701e+02
2.871957139370792902e+02
2.873144795713957933e+02
2.874440014825803473e+02
2.873146287364610885e+02
2.873274991131856950e+02
2.872533644231854169e+02
2.874152689356527048e+02
2.874268452337248050e+02
2.873069069730323122e+02
2.870981222879623829e+02
2.871313633198452067e+02
2.873949885254795049e+02
2.874827946947078203e+02
2.871317326746108733e+02
2.870314555855593426e+02
2.872940393107670047e+02
2.874838059565279877e+02
2.873740532099837424e+02
2.871622561196664378e+02
2.872749513093244786e+02
2.872551555998940671e+02
2.874601354349789517e+02
2.874462868003229232e+02
2.870962244810154402e+02
2.870712223903001927e+02
2.872926252966082643e+02
2.873456598661528574e+02
2.869693013041843983e+02
2.869967338056877111e+02
2.871944075451162348e+02
2.874778389451986982e+02
2.870889214143077766e+02
2.870755934804228104e+02
2.873141896218155580e+02
2.875660357665528295e+02
2.871484972116563767e+02
2.871221772687911766e+02
2.872196352134337189e+02
2.875268947078444057e+02
2.876752934977327527e+02
2.875523141324974858e+02
2.872222799650659795e+02
2.871718558799165635e+02
2.872899073810145865e+02
2.874266708767434011e+02
2.873584961465954848e+02
2.875638373574696516e+02
2.875537282045789311e+02
2.872289787472771536e+02
2.870184992275090394e+02
2.872964713421256988e+02
2.875138918658813623e+02
2.874875912497597596e+02
2.871660174795563307e+02
2.871090372640117039e+02
2.873820079209233995e+02
2.875103694632030624e+02
2.872920860088298696e+02
2.872130691599343777e+02
2.871836642604365579e+02
2.873184831770386154e+02
2.875150576899343946e+02
2.873463066033507403e+02
2.872372445478781060e+02
2.872729906366354840e+02
2.874114625625165331e+02
2.874247714654331389e+02
2.874435246709002740e+02
2.875239348927737524e+02
2.874084832779199701e+02
2.871662767280897697e+02
2.870837782285664161e+02
2.872604505540708146e+02
2.874567095499546099e+02
2.873282603995958766e+02
2.871616277177519692e+02
2.871426391718991908e+02
2.873903168406406508e+02
2.874928925083786453e+02
2.873068707746402310e+02
2.871641915316137670e+02
2.873414287666893756e+02
2.875770078099932903e+02
2.873993878461084819e+02
2.872042038340320573e+02
2.872107255989440091e+02
2.873718410767255023e+02
2.874100971154771855e+02
2.871461975557938899e+02
2.869202665420369271e+02
2.871487846982404903e+02
2.874204843223039916e+02
2.874895077421450083e+02
2.875799281727504990e+02
2.875012362231161660e+02
2.872097435598698212e+02
2.872277787379283041e+02
2.873791434606068265e+02
2.875487945736247752e+02
2.875253678554990415e+02
2.870983437616317246e+02
2.869887342085511932e+02
2.872838207694572930e+02
2.874023139601771959e+02
2.874366607495778112e+02
2.872152954457130249e+02
2.871709838800645116e+02
2.872836157573531750e+02
2.874340075664137544e+02
2.874367006909174052e+02
2.871004482155536266e+02
2.869463854733065205e+02
2.871000018393067421e+02
2.873906248552667648e+02
2.874380049295235722e+02
2.872402526506409117e+02
2.869490141089565327e+02
2.870465331580706447e+02
2.875437460451552170e+02
2.875938800241327158e+02
2.874120916859809540e+02
2.870847800539253853e+02
2.870648543631012330e+02
2.871166355427481562e+02
2.875171714188228975e+02
2.873028544647807507e+02
2.870180510857090326e+02
2.871788403589717404e+02
2.874317079054099509e+02
2.875306883699627747e+02
2.872080661191025683e+02
2.871911624508683758e+02
2.874435099121260464e+02
2.874616370014783229e+02
2.871849060434819307e+02
2.872094391291421971e+02
2.874582916949235596e+02
2.876233281603678051e+02
2.876192678377554444e+02
2.873422247007012515e+02
2.871580906649359122e+02
2.872198640030092633e+02
2.872601967341078648e+02
2.872310519843558154e+02
2.873238165854440922e+02
2.874729613115421785e+02
2.875584863463666920e+02
2.874865724090461185e+02
2.874944094004956128e+02
2.875314292058198475e+02
2.873274676002665160e+02
2.873834369008357612e+02
2.874544134487659335e+02
2.875361416702767769e+02
2.873049569129179304e+02
2.870939832430810270e+02
2.871844522893444491e+02
2.874625483544844542e+02
2.875960598201460812e+02
2.874784518284753290e+02
2.872174861953173490e+02
2.871761483933075851e+02
2.873522186012153270e+02
2.874703927738412403e+02
2.873030670529748249e+02
2.873565834398055472e+02
2.876360292550443205e+02
2.874255116201104556e+02
2.873176714388804953e+02
2.872198838981080371e+02
2.872858654792117363e+02
2.873693496895017461e+02
2.874835758884932488e+02
2.872728212140521578e+02
2.870745173606530329e+02
2.873513606587056870e+02
2.876018918266709647e+02
2.872294681462942663e+02
2.870622042432415810e+02
2.870647970782255811e+02
2.871708101291541766e+02
2.873738920345844576e+02
2.874522562481808450e+02
2.871212936712361739e+02
2.871268135513559514e+02
2.872511805685844593e+02
2.873953377434459640e+02
2.875646963098514561e+02
2.875356286137536017e+02
2.871720191389468368e+02
2.871706912900086195e+02
2.874167226356798324e+02
2.875774547706218414e+02
2.871837108011372379e+02
2.870129621305658816e+02
2.873730389670459999e+02
2.875093321224110809e+02
2.873341612918272290e+02
2.872734514934495564e+02
2.874988440997316275e+02
2.875261854148264433e+02
2.870809191617498755e+02
2.871352848548060592e+02
2.872966666133718263e+02
2.875781101466999417e+02
2.877286633625771515e+02
2.873547708466699646e+02
2.872505661414252245e+02
2.875092406048653402e+02
2.875390442664420902e+02
2.871482724086176290e+02
2.871116103169508733e+02
2.872206967636029162e+02
2.875788094063947824e+02
2.876225601879179976e+02
2.872747720602821460e+02
2.874507174293971161e+02
2.874813676926071366e+02
2.871964150318794964e+02
2.871190761648954322e+02
2.872827295926602460e+02
2.874936938872938867e+02
2.875013792025854400e+02
2.873234139169931609e+02
2.872100144458136128e+02
2.871615222141901427e+02
2.872229641626331613e+02
2.872938176471724887e+02
2.873944295791941954e+02
2.872943063478542172e+02
2.874214048501365255e+02
2.876597841352946148e+02
2.873346664999017435e+02
2.871679037930202298e+02
2.872929623198263016e+02
2.875705617078561431e+02
2.876692711211643427e+02
