2.294445386298800997e+02
2.303228809375432604e+02
2.306039185511931180e+02
2.314307268059973524e+02
2.316717069767260853e+02
2.319037321838998196e+02
2.319517859804554121e+02
2.319783351521954557e+02
2.319739791770651038e+02
2.322451958973859973e+02
2.323165239084607947e+02
2.322180219064522078e+02
2.326000560605801013e+02
2.323839061049087888e+02
2.325550477276516403e+02
2.325127529972924378e+02
2.326794644818352538e+02
2.323994728089414536e+02
2.326578004895644654e+02
2.327137072181486985e+02
2.324265431431188915e+02
2.326496409049432259e+02
2.330027361913841730e+02
2.326121418255038691e+02
2.327942593290884759e+02
2.328022769403236509e+02
2.328108774440324567e+02
2.327449146382421930e+02
2.327611358036294575e+02
2.331655888512329682e+02
2.330529703901692358e+02
2.331460018255260991e+02
2.328008319732685152e+02
2.330611578217873614e+02
2.328660650453774679e+02
2.329360637086869019e+02
2.328662728359868197e+02
2.329382296520626312e+02
2.330496757041676972e+02
2.330911645739249991e+02
2.330611407715631458e+02
2.329122006829547900e+02
2.331588466479420276e+02
2.333557196048853939e+02
2.330553188090280798e+02
2.330532009936265183e+02
2.330830547941788211e+02
2.331856088595797303e+02
2.334069766726943271e+02
2.331671307002624189e+02
2.331975732381816044e+02
2.331019850986459687e+02
2.333127035561114155e+02
2.330516418936922491e+02
2.331174432748047991e+02
2.329683459846678772e+02
2.332733291648847853e+02
2.333988479586090534e+02
2.332997390316229485e+02
2.333080145688822995e+02
2.332648634083662103e+02
2.331146482189016353e+02
2.332985752983850887e+02
2.332143170377430295e+02
2.331649472884039369e+02
2.333275152423957479e+02
2.334034453327270455e+02
2.333131286824817607e+02
2.332872135487825460e+02
2.333114797059471641e+02
2.333157986493312137e+02
2.337363236699489164e+02
2.337245096674478475e+02
2.335886571026152296e+02
2.332876525642763852e+02
2.333381031659607459e+02
2.333085607275998825e+02
2.333854792829897917e+02
2.334408137882884091e+02
2.336510885570921801e+02
2.335357313432899389e+02
2.336777343212686162e+02
2.334795496331407776e+02
2.333758766462593428e+02
2.333653897827488493e+02
2.335617784148241753e+02
2.338740406954924254e+02
2.333981731140906675e+02
2.337226217205148942e+02
2.338549499380560803e+02
2.337429494599221869e+02
2.336366463297927396e+02
2.335015570270722947e+02
2.336555373512021561e+02
2.339030247310527386e+02
2.336235855316766390e+02
2.333364395495534609e+02
2.336730203576067879e+02
2.335665420677611621e+02
2.336789372342991271e+02
2.335194340056492592e+02
2.337676921610957379e+02
2.337522716577758501e+02
2.337271963299230322e+02
2.338658927341151923e+02
2.338651200163025408e+02
2.338566566670469626e+02
2.335829047296733449e+02
2.336762821046061163e+02
2.339501212639835046e+02
2.335641335402028460e+02
2.338033847679214716e+02
2.338360389772277586e+02
2.336464971052732835e+02
2.335582971738925551e+02
2.336557473424097395e+02
2.339621535994951955e+02
2.337468025372769773e+02
2.335649837307463770e+02
2.336775285335307615e+02
2.340405503066258177e+02
2.335793819707049579e+02
2.336072234429279888e+02
2.337247428336411588e+02
2.338124816856565360e+02
2.338008081838682699e+02
2.337869305155386428e+02
2.338421967850810290e+02
2.339891170107417508e+02
2.339069812331578930e+02
2.341604035856022676e+02
2.338100222819755629e+02
2.338383858497515746e+02
2.339312697111930390e+02
2.340021616586867879e+02
2.340158452585159523e+02
2.341468654007793759e+02
2.339604951795196541e+02
2.336252225619109879e+02
2.339853014666279023e+02
2.338938238550517781e+02
2.339176689284237227e+02
2.339854636784589275e+02
2.340406546385994773e+02
2.339667698192197349e+02
2.338360719137116348e+02
2.342020668715928196e+02
2.341847310037122440e+02
2.339413423861814181e+02
2.340558034819632667e+02
2.339595741748150033e+02
2.340547536738580732e+02
