1.027537042128618481e+02
1.027234868621673769e+02
1.026673768258359019e+02
1.027832314014364243e+02
1.023725549341750565e+02
1.027904558615445723e+02
1.031299355222511167e+02
1.032059021249191773e+02
1.033137162855742730e+02
1.031724473178667267e+02
1.031064807746537326e+02
1.033111015821576899e+02
1.028637677955734802e+02
1.033761305625592826e+02
1.031320048337949515e+02
1.028485334336627943e+02
1.031806225055587589e+02
1.031484270533313321e+02
1.031210714914241748e+02
1.031348404919076103e+02
1.032917189264355784e+02
1.031284545665594692e+02
1.027971570207565861e+02
1.035514140854846090e+02
1.031894852823966175e+02
1.033836408982649147e+02
1.032034086583264099e+02
1.032300715479575501e+02
1.030453938589073459e+02
1.027402163994750026e+02
1.031756101853958825e+02
1.031083925178459140e+02
1.030497308302920487e+02
1.031128041166571165e+02
1.032189763765401977e+02
1.033922201282504005e+02
1.034663154545256702e+02
1.033183699930762600e+02
1.031824772426598429e+02
1.030820870749736997e+02
1.034798901872962347e+02
1.028432202213717659e+02
1.029319277345064876e+02
1.029683363300406569e+02
1.031549897153044668e+02
1.033513280919706290e+02
1.034024128517865080e+02
1.030073418699047352e+02
1.029113710125486136e+02
1.033886945808971944e+02
1.031169263887633178e+02
1.032064725204302107e+02
1.031375544720594348e+02
1.032816929101641250e+02
1.031214038581966435e+02
1.033369078749676220e+02
1.031065920537641460e+02
1.029094096956619637e+02
1.030864570784559078e+02
1.033155745903532079e+02
1.033725274295588719e+02
1.031149534057194472e+02
1.029972814486047810e+02
1.034205595606308208e+02
1.031807502858113139e+02
1.032337013469909834e+02
1.029993681761050794e+02
1.030000735671350895e+02
1.033487811479227929e+02
1.029599046255999610e+02
1.028755439421838531e+02
1.027974999588957559e+02
1.027547093725965937e+02
1.029419924020021853e+02
1.030505582823102486e+02
1.029714668803602962e+02
1.030396904940510723e+02
1.033079108743924479e+02
1.032782437691927271e+02
1.029206788942495763e+02
1.031270143586471448e+02
1.026996354198929566e+02
1.028678174668315251e+02
1.031862431229836403e+02
1.030961369058704804e+02
1.029204605893787488e+02
1.026026512392403021e+02
1.032335408692608780e+02
1.030652577459762966e+02
1.030946229183075644e+02
1.029246405716537964e+02
1.028557525821233725e+02
1.031452023088383072e+02
1.030918548889796398e+02
1.028988665178831781e+02
1.031663036507522406e+02
1.033497337047063525e+02
1.028627326381821234e+02
1.031439862057863053e+02
1.027806594049243216e+02
1.030382258034774168e+02
1.028392534619422776e+02
1.026492179041270703e+02
1.029446835102013864e+02
1.029623183442067784e+02
1.028013816952008170e+02
1.029093921956015691e+02
1.029534236743603941e+02
1.030342848762913945e+02
1.031413666788697014e+02
1.029975748516541643e+02
1.028819812579395290e+02
1.031929022482212872e+02
1.031101024924137306e+02
1.029439229141160155e+02
1.028687780230375921e+02
1.029892846100001975e+02
1.031260542508648115e+02
1.032453312591893706e+02
1.031080378722230080e+02
1.027530020787747134e+02
1.028445590222391814e+02
1.029477421580972276e+02
1.030173256807449178e+02
1.031673228878094619e+02
1.032248853231750587e+02
1.029215807371931533e+02
1.028543499012529878e+02
1.027071250223483077e+02
1.029378400530872995e+02
1.030527946507995836e+02
1.028848716951124658e+02
1.026083670741440272e+02
1.027274105325600431e+02
1.028147491592791738e+02
1.026826979241735529e+02
1.027635595155619086e+02
1.030787472593387974e+02
1.029966676753353596e+02
1.029661005949227359e+02
1.028315735270563209e+02
1.030273805084454466e+02
1.030776604653838717e+02
1.028621050249318500e+02
1.026610500615943806e+02
1.029691619364281223e+02
1.028974796608401476e+02
1.026579205180202621e+02
1.027499291155400698e+02
1.027567202486753359e+02
1.030673061189300626e+02
1.026949167309186493e+02
