2.869684817207123047e+02
2.877089812324706486e+02
2.880356958092173159e+02
2.884478150335436908e+02
2.886864382651057781e+02
2.889603447837941417e+02
2.890626283009239046e+02
2.891162777628895810e+02
2.893059025703105931e+02
2.893031814577187220e+02
2.893689418172446608e+02
2.894257667682027204e+02
2.893954738699451923e+02
2.895340850143320495e+02
2.895438101665725981e+02
2.895327024400762639e+02
2.895569597540560380e+02
2.894490785760655172e+02
2.896107041997911438e+02
2.896480773035338530e+02
2.896007937228820879e+02
2.896833786773996167e+02
2.897214619885207298e+02
2.897310545160473225e+02
2.896876134218624088e+02
2.897708960316192588e+02
2.897949940741129922e+02
2.897274412335711986e+02
2.896355822894992116e+02
2.898802659946148310e+02
2.899174868181015654e+02
2.898263735531527914e+02
2.897651290642013464e+02
2.898506355973954101e+02
2.897726206320413098e+02
2.899609388247137645e+02
2.898541193328506438e+02
2.899451324027035071e+02
2.899210082319996218e+02
2.898123792328955233e+02
2.899200064221190019e+02
2.897367998409114307e+02
2.900422078883169092e+02
2.901142228566343988e+02
2.899714757317922817e+02
2.900672169646487646e+02
2.901098654781524715e+02
2.899226785678751526e+02
2.899049791614987157e+02
2.900865365854780293e+02
2.899458577514582203e+02
2.899337461622214960e+02
2.900446250014092016e+02
2.899614328140692692e+02
2.900024329888896659e+02
2.899631264669424695e+02
2.900276623063690522e+02
2.900869569058239108e+02
2.901333662757077150e+02
2.900677955025265646e+02
2.900489115519188772e+02
2.900545494962548787e+02
2.901659121793622376e+02
2.901671024228356259e+02
2.900981208094751196e+02
2.901233537304208312e+02
2.901073157463354732e+02
2.900463575590743517e+02
2.902130307632792210e+02
2.901597072357458842e+02
2.902026551647988413e+02
2.902907372207159256e+02
2.903328805266181121e+02
2.902723200472465237e+02
2.901525506973553661e+02
2.901833664529622752e+02
2.902952231832179564e+02
2.903214296877134188e+02
2.902550089708740302e+02
2.902145303008516635e+02
2.902904637087563628e+02
2.901971841649593102e+02
2.903089480243895082e+02
2.902685984628149640e+02
2.903668836762895467e+02
2.904425548690653613e+02
2.903370062822691580e+02
2.903443663225479554e+02
2.903815239441743756e+02
2.904128143394995618e+02
2.902938331281261526e+02
2.902409495040975571e+02
2.902773334274249351e+02
2.904140379597280912e+02
2.904313822370422145e+02
2.903993581580683667e+02
2.902806486830427275e+02
2.903344657367209152e+02
2.904264046851369585e+02
2.903811915615279418e+02
2.904747462402543192e+02
2.905211999790932964e+02
2.904001228225774298e+02
2.904466281646938910e+02
2.904628475770347222e+02
2.905821136616402214e+02
2.904644166630452560e+02
2.904355561287669047e+02
2.904817453848341415e+02
2.905950647401847391e+02
2.903514979433475673e+02
2.904382438415531169e+02
2.904907869682829187e+02
2.903980653843785262e+02
2.903757611255672373e+02
2.904592089627452083e+02
2.904694965716911952e+02
2.903639639846589375e+02
2.903462613333536524e+02
2.903992467021757307e+02
2.904676894121648161e+02
2.903610182601537986e+02
2.903544979128485011e+02
2.904672880867013305e+02
2.905052319481672498e+02
2.905353600471945015e+02
2.904821440201303631e+02
2.904467445203042644e+02
2.905117332993849573e+02
2.905965802567855008e+02
2.906470308886931662e+02
2.905609431008419392e+02
2.904499198473452566e+02
2.905720630026854110e+02
2.906054213137734337e+02
2.905333937164518829e+02
2.906001680634363993e+02
2.905759016553474225e+02
2.904936688710799899e+02
2.907016885358834202e+02
2.905710015537310937e+02
2.905862834468520646e+02
2.905818998204640593e+02
2.906548759691137889e+02
2.905833254686278337e+02
2.905282782566338824e+02
2.907464257031441548e+02
2.906541856633437533e+02
2.906295317037744326e+02
2.908093446538230751e+02
2.907176929526039544e+02
2.906207867423584048e+02
