2.414086430244735482e+02
2.416051918038474184e+02
2.422098610137728940e+02
2.416624760760977040e+02
2.415337416034924161e+02
2.414360246096500475e+02
2.416801201663185168e+02
2.412818114670297120e+02
2.415549517861812774e+02
2.415200228296448870e+02
2.414227341287673596e+02
2.418251133193270164e+02
2.417675259772846914e+02
2.413977180727973462e+02
2.413994782666069057e+02
2.416121536943018384e+02
2.416776268671210630e+02
2.414403993137483155e+02
2.411963982042660462e+02
2.414547959818602010e+02
2.416305119419022276e+02
2.419527319967622532e+02
2.412164047189878602e+02
2.414008552026465679e+02
2.417593829296360752e+02
2.418482585984783384e+02
2.422170842696320676e+02
2.419735979982821164e+02
2.414519926584359553e+02
2.415458466890264901e+02
2.417990869735486115e+02
2.413396431067980075e+02
2.414507668647874823e+02
2.413688404985546470e+02
2.402770375917423280e+02
2.406271564795586357e+02
2.413196410803139145e+02
2.409961791250577505e+02
2.409135057726556113e+02
2.412836428123886492e+02
2.413171947522786240e+02
2.412002487757007145e+02
2.409313450584515692e+02
2.412287083195757589e+02
2.417075210911756074e+02
2.414382404160317890e+02
2.414688929195234266e+02
2.410216121296225253e+02
2.412993637985816520e+02
2.412469745193236292e+02
2.411933440634419696e+02
2.413279291781259417e+02
2.409752335605371911e+02
2.410423503010297566e+02
2.404834119137917980e+02
2.405871746373173607e+02
2.413880860641572497e+02
2.410338587354072217e+02
2.407878042126219498e+02
2.405794976389675242e+02
2.410509706921805275e+02
2.412045084408734681e+02
2.411879993445525940e+02
2.408221405473360619e+02
2.409586846892394476e+02
2.412197723923037813e+02
2.409578374645351744e+02
2.412325316864134948e+02
2.412081904361038198e+02
2.407764085001972205e+02
2.410562371264622072e+02
2.410013353851762474e+02
2.409679606938567531e+02
2.411335883425196869e+02
2.408743186077571181e+02
2.408453792913254858e+02
2.412714429266823117e+02
2.412035256058731818e+02
2.412282818405264209e+02
2.411089390251302973e+02
2.412225722618548218e+02
2.415562730575261412e+02
2.411484745704214845e+02
2.408755770286034874e+02
2.409274632175447834e+02
2.415014063778836260e+02
2.406522024699116002e+02
2.409323668333125568e+02
2.409438212174370619e+02
2.412925762163062302e+02
2.407129409797661594e+02
2.409857292464215845e+02
2.407613822123572618e+02
2.408528294771495268e+02
2.404931512377114871e+02
2.407275897073840554e+02
2.407614758113732307e+02
2.402244483236303267e+02
2.404861731621170691e+02
2.410130411181738737e+02
2.408401036795638390e+02
2.406267071531051442e+02
2.405253115080710131e+02
2.405363213966149090e+02
2.409292984004058269e+02
2.408038606121766350e+02
2.404429853248713016e+02
2.404682267333303400e+02
2.410739302740734900e+02
2.407125801396778115e+02
2.402863211403570460e+02
2.404826617433431863e+02
2.403583154963543791e+02
2.396546024673182558e+02
2.389968765805461999e+02
2.392422312573231409e+02
2.396174137422240449e+02
2.394981235718487085e+02
2.395040982735563659e+02
2.399004519183142747e+02
2.396906720535433521e+02
2.395016142812410465e+02
2.393537692603890719e+02
2.396562276662998272e+02
2.395963560484194375e+02
2.393128386644762315e+02
2.390287718449285421e+02
2.389544150470358943e+02
2.394097393321286802e+02
2.395469005094754493e+02
2.395429071326330757e+02
2.394170777673850523e+02
2.393906365863968801e+02
2.390066940951023753e+02
2.392290862445568109e+02
2.390746683905910857e+02
2.391145007844598638e+02
2.395916012450905157e+02
2.390946291915181803e+02
2.396718524910795622e+02
2.392838219199324215e+02
2.388635053895824001e+02
2.380463182013454286e+02
2.383985536882819076e+02
2.387173818943520871e+02
2.387249846433410028e+02
2.390281776633037509e+02
2.390264247859155091e+02
2.391759008260986548e+02
2.393165984989168749e+02
2.390164913664961261e+02
2.393335833197184002e+02
2.393382305601652718e+02
2.396686776234178353e+02
2.396059351550893552e+02
2.392321313304937576e+02
2.394076342583012149e+02
2.391971417523020875e+02
2.389631880006786275e+02
2.396073026337498959e+02
2.392967862555077829e+02
2.392481620829083795e+02
2.396750431401022752e+02
2.392276586125889253e+02
2.390895507764674619e+02
