9.766193021202325042e+01
9.713941072956390599e+01
9.755922716637047643e+01
9.796733120981382115e+01
9.734035653802061461e+01
9.791738115279260057e+01
9.795539262792961210e+01
9.738674024063050183e+01
9.794443594221469596e+01
9.778388087297877007e+01
9.775700854289046049e+01
9.744741356834209967e+01
9.800423895231425320e+01
9.810664873896708116e+01
9.751847329645765683e+01
9.775994968088868120e+01
9.729309347220134896e+01
9.788092871495199176e+01
9.774897520467737877e+01
9.769784217161743811e+01
9.763978371260209599e+01
9.756604230863838723e+01
9.765193662196593039e+01
9.729484074781736069e+01
9.735944387441321624e+01
9.729480328566306468e+01
9.692333819648816018e+01
9.801635533991078830e+01
9.761895549316339782e+01
9.769037917640044100e+01
9.757880562583534356e+01
9.810894706931553344e+01
9.744640901889097506e+01
9.926569699218789822e+01
1.004283960262202839e+02
9.808689139370305554e+01
9.815308338302418179e+01
9.826722534816791210e+01
9.813746959550555005e+01
9.768546118702488457e+01
9.767236375540591098e+01
9.855965870609396973e+01
9.849553802632077293e+01
9.719391744523817067e+01
9.762427823561880302e+01
9.760553673725895862e+01
9.792786177450282992e+01
9.816990354006468067e+01
9.810943359498440941e+01
9.781272557462516204e+01
9.759595415147829556e+01
9.805913086509588084e+01
9.823407883199199375e+01
9.958812962953470560e+01
9.900023259207445392e+01
9.807271451071051160e+01
9.770830864703145835e+01
9.847539212571193445e+01
9.850146808570492851e+01
9.801312039527836362e+01
9.840529233814191912e+01
9.762758078462972833e+01
9.869497439032954844e+01
9.848917355600565315e+01
9.801272688075044925e+01
9.833689680939089328e+01
9.776860371822824902e+01
9.816443955962689927e+01
9.854474455650723996e+01
9.849417948027583236e+01
9.822520148257909511e+01
9.800666181981453917e+01
9.836405696855290159e+01
9.829615927030970113e+01
9.801725880846930750e+01
9.815090394402325558e+01
9.781990701150492384e+01
9.835707270267484148e+01
9.799790289826722756e+01
9.811987800430732420e+01
9.760619831005858771e+01
9.804939539652686165e+01
9.802330474969454599e+01
9.818638620947449169e+01
9.772505060076012740e+01
9.880075990627689464e+01
9.845898164537931052e+01
9.853318727625985218e+01
9.798421392201008473e+01
9.874068400847376381e+01
9.812833639608557235e+01
9.812694008915008226e+01
9.857378631972541427e+01
9.865518911155828619e+01
9.913978886910172150e+01
9.850360210392524607e+01
9.864757266692480187e+01
9.874638249378831745e+01
9.828393503994726643e+01
9.797144349166067911e+01
9.879378134064454287e+01
9.833727170062483935e+01
9.878779173133081315e+01
9.855367891587378892e+01
9.849911749036782282e+01
9.882258384946483432e+01
9.914603358635871189e+01
9.871874026077580311e+01
9.901058223080811160e+01
9.917518888162072699e+01
9.886958507032039734e+01
9.901370816591402502e+01
9.897939039745706680e+01
1.013026297094853732e+02
1.007791424637680251e+02
1.000316193797665534e+02
9.981012305154945352e+01
1.000901432868260343e+02
9.958714487500617452e+01
9.986391121429778650e+01
9.978257489527801738e+01
1.001753571682811952e+02
9.951383792675073892e+01
9.937623717624900621e+01
1.000961356737505952e+02
1.000131674460414928e+02
1.005731224374521418e+02
9.966612706318066728e+01
9.950403308744449760e+01
9.962827587507995020e+01
1.000364603173002962e+02
9.948943352484872094e+01
1.003640682890982276e+02
1.001955841463572909e+02
1.004844250066905857e+02
1.000674913265679180e+02
9.944965442957463608e+01
9.964220034868365872e+01
9.972861593883574471e+01
9.960533634809263503e+01
1.001773492024860133e+02
1.007316768221418215e+02
1.025602639844707937e+02
1.009677591695669889e+02
9.936475328800561613e+01
1.003081249461665010e+02
9.943948269063365331e+01
1.000148575892256417e+02
9.959914194383367203e+01
9.991114769112196825e+01
9.952857441717061704e+01
9.883993363269583199e+01
9.918428132308257261e+01
9.934270200839675624e+01
9.938190240222930072e+01
9.903242895191306161e+01
9.925989314009551379e+01
1.000133812798379012e+02
9.904383788482367379e+01
9.932078352864408544e+01
9.929527586747214229e+01
9.897719316907036102e+01
9.973031542082829048e+01
9.925253302178832371e+01
9.945987346581290467e+01
