2.868409981782676823e+02
2.869260090210224803e+02
2.870905449752299319e+02
2.868510409568203272e+02
2.868421536256398099e+02
2.868538329174526211e+02
2.869289057352455643e+02
2.867740975783171393e+02
2.868531187798008659e+02
2.868136616946669051e+02
2.868480324869063338e+02
2.869566995166639458e+02
2.869761372565627653e+02
2.868116322196551096e+02
2.868465745459920413e+02
2.868849609309193625e+02
2.869782039838010519e+02
2.868521881851983153e+02
2.868488091192388083e+02
2.868509174051663990e+02
2.868662306274683829e+02
2.870483017095139644e+02
2.868649019845345833e+02
2.870639296315026741e+02
2.870910692301060294e+02
2.870976588304383199e+02
2.872315748226195069e+02
2.871002426667877785e+02
2.869205228302121782e+02
2.869066814471778457e+02
2.870208812291937193e+02
2.869083244324677366e+02
2.870003413354785948e+02
2.870078570013717467e+02
2.867281749866918403e+02
2.868749193036851466e+02
2.869205759803265323e+02
2.868563634148491133e+02
2.868414645065201967e+02
2.868765724385807516e+02
2.870382419133869121e+02
2.869495162826061687e+02
2.868353990690647493e+02
2.870232738378471709e+02
2.870518161153574397e+02
2.870124577341915142e+02
2.870562938739037122e+02
2.869104125301616364e+02
2.868510061960251960e+02
2.869079831501852027e+02
2.870145551033619427e+02
2.869737700315671418e+02
2.869413446667205676e+02
2.869320086408393990e+02
2.866980651130228352e+02
2.867209277377314152e+02
2.870525455075858758e+02
2.868894586186812035e+02
2.868245247687056576e+02
2.868289472342927411e+02
2.869247987960112596e+02
2.870515835355611785e+02
2.870565997383335457e+02
2.869470861181374062e+02
2.870733356656510864e+02
2.869910733613966727e+02
2.869480481036461583e+02
2.870650252699442149e+02
2.869606572086208871e+02
2.868038301142426576e+02
2.869016187645859759e+02
2.869654588549158234e+02
2.869644637616771092e+02
2.870776989960779702e+02
2.869551426573897857e+02
2.869753901235330886e+02
2.871470946631411607e+02
2.871010431787179300e+02
2.871014882838883295e+02
2.871138298829686732e+02
2.872501643122043333e+02
2.873090890917948741e+02
2.871441854842552743e+02
2.870713681426259996e+02
2.871387517811921839e+02
2.872296381801244252e+02
2.868827661933218565e+02
2.870284140010944043e+02
2.870891607652231983e+02
2.871694135299837285e+02
2.870863103117961259e+02
2.871771009146903566e+02
2.870295632264785013e+02
2.871625161712265708e+02
2.869438345905517167e+02
2.869767917567596669e+02
2.869256896746292114e+02
2.868479974143728555e+02
2.870025821191809996e+02
2.872244832309320373e+02
2.871003945001773445e+02
2.870309607588907852e+02
2.870063706039829867e+02
2.870447104017379161e+02
2.871384581185510569e+02
2.871656841404125657e+02
2.870512387404592118e+02
2.871813385808060843e+02
2.872509253265222924e+02
2.870739051063250713e+02
2.870649964799824261e+02
2.870706574042019383e+02
2.870978995697536789e+02
2.869202343640895947e+02
2.866768894211390943e+02
2.867083876006004175e+02
2.867225834884074516e+02
2.868104014624744309e+02
2.868450143353326212e+02
2.868691467879870061e+02
2.869224404106720954e+02
2.869615163076252884e+02
2.869455157772953271e+02
2.870918323897713549e+02
2.869867513005608544e+02
2.869455232653089638e+02
2.868200371401170514e+02
2.869523756709641589e+02
2.870310843203197351e+02
2.871424536454122176e+02
2.871338345647714618e+02
2.871689128207181625e+02
2.872219018340220487e+02
2.872653207574053909e+02
2.872068102800791962e+02
2.871495909680881482e+02
2.873183398820152092e+02
2.873722815486713102e+02
2.873649083522485057e+02
2.875259808912828134e+02
2.874254775168981837e+02
2.873917889739383895e+02
2.872824408764424788e+02
2.872994735240203568e+02
2.874402078883541094e+02
2.873332700074303148e+02
2.874423840031612372e+02
2.874514340713611773e+02
2.875745545575360325e+02
2.875824325198920519e+02
2.874723663153326925e+02
2.876576598017329616e+02
2.877362927095874170e+02
2.878738145965609192e+02
2.877708366623279517e+02
2.877065413411982036e+02
2.878492626399860228e+02
2.877072641220515266e+02
2.876814783561961804e+02
2.878399461956924483e+02
2.877277915643887809e+02
2.877781204859970217e+02
2.878680639766091076e+02
2.877454903338192480e+02
2.877198401058729473e+02
