2.377639748484485551e+02
2.374715180382646338e+02
2.376782038367064160e+02
2.378365162209371135e+02
2.378500898425627099e+02
2.377024584380195904e+02
2.377766896506613818e+02
2.378313681808161846e+02
2.376614700761382721e+02
2.382639225603921886e+02
2.379491149359397753e+02
2.377810983481830078e+02
2.376683369978160272e+02
2.378828837083927965e+02
2.378720247227337552e+02
2.376613036985581857e+02
2.379058988079011385e+02
2.383399367754525429e+02
2.382497577635017194e+02
2.380591843898209845e+02
2.379596158772172032e+02
2.381040283882443021e+02
2.380669923330956124e+02
2.378569001588845424e+02
2.379432927275802001e+02
2.380402220289583113e+02
2.378489188411841724e+02
2.377761924227604879e+02
2.378648423384851185e+02
2.377407694840753720e+02
2.380026635090927982e+02
2.380472516979306477e+02
2.380277652819953289e+02
2.377735905214870229e+02
2.373454330237808563e+02
2.372760396845742434e+02
2.375821458836517195e+02
2.377899093519066298e+02
2.378290645109330228e+02
2.381617128291333074e+02
2.379362823332411097e+02
2.378069196647021215e+02
2.380923552017387976e+02
2.378277853226846901e+02
2.381445419647768347e+02
2.379569119976260652e+02
2.380603425044235735e+02
2.380544703834799236e+02
2.382255544189963530e+02
2.379792566060597494e+02
2.379529837817304099e+02
2.381190671265128458e+02
2.381389467372717661e+02
2.376928823891169031e+02
2.376295354329685381e+02
2.376225013652735640e+02
2.375783320420614757e+02
2.376130462028570776e+02
2.377579920164080534e+02
2.377317982821432167e+02
2.378725130086266972e+02
2.378681349592153254e+02
2.377411642826138234e+02
2.375519573507489213e+02
2.378243362409134818e+02
2.379308667282529939e+02
2.380640472007627295e+02
2.380838924710672018e+02
2.379935137576005957e+02
2.381029761617828626e+02
2.381251224935894868e+02
2.377714490177494326e+02
2.378444743599093272e+02
2.379587932944662043e+02
2.377461959896940300e+02
2.376621217590906099e+02
2.379015530130166098e+02
2.380380412882239227e+02
2.379453718817602237e+02
2.379671704314564806e+02
2.380319400596179094e+02
2.379005494824542950e+02
2.379085981078589214e+02
2.377389876839669967e+02
2.376578694120380533e+02
2.379935701356164657e+02
2.381570632169627117e+02
2.380289011798545573e+02
2.379618953486455837e+02
2.380950677047194404e+02
2.382922147707936631e+02
2.380722789260422871e+02
2.381421671192755696e+02
2.381115058210976656e+02
2.379855605115540129e+02
2.381029811677260568e+02
2.381053115033674885e+02
2.381025760124712463e+02
2.382547421646875421e+02
2.379096189997612498e+02
2.379837662680002666e+02
2.378490829740831032e+02
2.375521920919240983e+02
2.375765509177392403e+02
2.381121601747839804e+02
2.381173158526486304e+02
2.381987201021352973e+02
2.381096966888735267e+02
2.378831822261543891e+02
2.378141039844258842e+02
2.383821934509823279e+02
2.382278991135333683e+02
2.377048919486562681e+02
2.376588691136593923e+02
2.375795012896577134e+02
2.373940996494905278e+02
2.376329101059124014e+02
2.376382887724940929e+02
2.375691467777265018e+02
2.376108469252089890e+02
2.379344808452517270e+02
2.378148792816560899e+02
2.378704633882377095e+02
2.378255871454798296e+02
2.378370212222800717e+02
2.376433654156764135e+02
2.374311601643887855e+02
2.376107141340796716e+02
2.376854493876946890e+02
2.377285683775272958e+02
2.379589198922242588e+02
2.380009997545774922e+02
2.376972558928740398e+02
2.371287300653598606e+02
2.373532283643682206e+02
2.376300900972892407e+02
2.373660071230515598e+02
2.375028945916119483e+02
2.375947467516826634e+02
2.376651204636295631e+02
2.376361651125393735e+02
2.373841826392317955e+02
2.371088845537203440e+02
2.372263020886289553e+02
2.372290445032402886e+02
2.374849631718151670e+02
2.373701165047950781e+02
2.378825241138646334e+02
2.376543380891011736e+02
2.376141510505213716e+02
2.380084070303331600e+02
2.380083092346931153e+02
2.376494706425521883e+02
2.377230453854166115e+02
2.379818988557391322e+02
2.377825161012463013e+02
2.377156824513555478e+02
2.375452804289514859e+02
2.377903707171867609e+02
2.379090189086260807e+02
2.379450257452850792e+02
2.378655536495390663e+02
2.378753819576404567e+02
2.379140320243584199e+02
2.379572866766070547e+02
