1.033004362379517573e+02
1.032014665700967413e+02
1.032534105322602471e+02
1.029409758301809603e+02
1.031581619543699730e+02
1.031434066421760036e+02
1.029946590952055203e+02
1.027146272671523661e+02
1.024659433035410103e+02
1.026677944385722157e+02
1.030538508859737163e+02
1.031726980377839027e+02
1.036127713140071478e+02
1.029457077576623618e+02
1.030271564784419098e+02
1.027850562228163227e+02
1.028820079703969412e+02
1.027189683270240010e+02
1.029804088185546647e+02
1.027628769979393155e+02
1.023615185436141672e+02
1.029553730146969883e+02
1.028838061935640127e+02
1.030786575588636111e+02
1.028702052769557440e+02
1.023440037882077149e+02
1.028935554138031563e+02
1.034170065637703857e+02
1.028021144145119905e+02
1.028051322143960533e+02
1.029404531435555441e+02
1.029943491738893613e+02
1.027041606793149100e+02
1.039324961265207747e+02
1.047339032876546554e+02
1.038154351727929878e+02
1.027155795481901777e+02
1.029636321648346353e+02
1.025489092195492304e+02
1.026661339708823562e+02
1.032295097603364979e+02
1.031661316987089094e+02
1.028455292504978047e+02
1.025333326474571010e+02
1.027072192959004013e+02
1.033946820633481565e+02
1.025996043578545738e+02
1.025046850667264522e+02
1.028451782561295005e+02
1.028051119464281697e+02
1.023929731342859100e+02
1.026687259610565235e+02
1.031817160146490977e+02
1.041537280011901174e+02
1.034636277631210390e+02
1.028187984024743145e+02
1.031120081505407171e+02
1.030756219322037737e+02
1.032413785660035757e+02
1.027515692196400323e+02
1.027233352491970351e+02
1.029079390579898359e+02
1.033201345994087887e+02
1.033588333670503943e+02
1.032446748104636640e+02
1.027757740125985748e+02
1.029780510804816913e+02
1.027716501581817994e+02
1.032072890819258220e+02
1.022868013312376405e+02
1.029779723545971564e+02
1.031310053946932470e+02
1.028780022127764227e+02
1.030693040475533167e+02
1.030388521625684035e+02
1.028149563712438948e+02
1.024543008752621205e+02
1.034304046424269785e+02
1.025779242830084144e+02
1.029800865945112491e+02
1.033188047346121294e+02
1.023883303439248067e+02
1.024296761396435045e+02
1.030503739602445847e+02
1.032421119991140159e+02
1.023620283190254128e+02
1.032198904560042507e+02
1.027043992899473324e+02
1.023804873481452518e+02
1.027792827547058749e+02
1.027689753549187088e+02
1.023093104096627144e+02
1.032179366837523702e+02
1.022633939111320416e+02
1.030028790096895221e+02
1.026782330150367528e+02
1.022371631871267823e+02
1.026107827671704200e+02
1.028797302168483867e+02
1.032729776143046365e+02
1.026993603041701704e+02
1.029806041957028242e+02
1.027984776537394538e+02
1.028804979416084819e+02
1.027976707092752662e+02
1.027665188863696386e+02
1.025680800017684788e+02
1.028833972360371405e+02
1.032503000914523597e+02
1.021427162831671609e+02
1.030659017531873900e+02
1.029998721078016501e+02
1.027473583499974410e+02
1.036159713413461958e+02
1.038093697481739497e+02
1.031018805944863175e+02
1.032734584496285066e+02
1.038574988712682767e+02
1.032664948326635113e+02
1.028811445337698700e+02
1.026261705863212654e+02
1.031677086341855585e+02
1.027196824809376920e+02
1.025159396535063934e+02
1.035495509481697098e+02
1.028999169974148202e+02
1.032243709486836707e+02
1.029454712100637295e+02
1.031895267843427177e+02
1.024560455028265125e+02
1.030032039819042780e+02
1.027291655743607777e+02
1.029304262233192588e+02
1.044729606737562193e+02
1.031414227344908312e+02
1.027437611256013952e+02
1.035388134942115812e+02
1.030351351973794323e+02
1.032211960824783006e+02
1.031650879489223627e+02
1.030681857728492190e+02
1.034632466117298719e+02
1.047568359297352032e+02
1.040302693178654607e+02
1.027660218720845222e+02
1.031792465064439313e+02
1.021683046320810035e+02
1.023660809631152659e+02
1.026153878033220366e+02
1.024708049187350412e+02
1.023669604218210907e+02
1.026598210138611194e+02
1.030107541936661306e+02
1.022106380845772691e+02
1.023647516593986069e+02
1.031758295498540292e+02
1.019699165905255285e+02
1.026223693452063657e+02
1.018358072646501569e+02
1.025316113073097171e+02
1.028318042509826569e+02
1.022099525472196291e+02
1.021583320362309308e+02
1.024136234981945108e+02
1.021456481817033222e+02
