2.857170425499228941e+02
2.856531746197026109e+02
2.857680456489211451e+02
2.858454654404908979e+02
2.858801853781945397e+02
2.857389403702260324e+02
2.858403948076885968e+02
2.858511608858158866e+02
2.859395533995798928e+02
2.860323503736825046e+02
2.859066223991354150e+02
2.859547668122561390e+02
2.859211314171453182e+02
2.858522405954759051e+02
2.858204700391860911e+02
2.858114949676842684e+02
2.859975125176346751e+02
2.862258031252246155e+02
2.860262585193495966e+02
2.858615194755201969e+02
2.859698818995076408e+02
2.860573652465459986e+02
2.858884248677657638e+02
2.859372756194574094e+02
2.859211292780614144e+02
2.860407735709500798e+02
2.860335448499125732e+02
2.859039602801162232e+02
2.858575869607017808e+02
2.859599545714863211e+02
2.859786673857763049e+02
2.859742837304191880e+02
2.861613417400201911e+02
2.860095218510921882e+02
2.856274415277794674e+02
2.855255400001616977e+02
2.858110380507417290e+02
2.859105220951032607e+02
2.860161123628184328e+02
2.862362562889816786e+02
2.861007779815495837e+02
2.859955434277044901e+02
2.859807721772764353e+02
2.859528402659331618e+02
2.861777586625026402e+02
2.860780537259685730e+02
2.860387608334289666e+02
2.861455450491720853e+02
2.862182804264602396e+02
2.859885966969515607e+02
2.860510910645544413e+02
2.862792409435158447e+02
2.863022140250699863e+02
2.859253397558568963e+02
2.857639723685611557e+02
2.859057472014480368e+02
2.858744381767932623e+02
2.859613051912756418e+02
2.858203355532602359e+02
2.859315975718507161e+02
2.860014362889540394e+02
2.861260627720791376e+02
2.859682151913170856e+02
2.859726316249908677e+02
2.860557460130576715e+02
2.861145660164659148e+02
2.861852528466744161e+02
2.863095964842634089e+02
2.861888556378949033e+02
2.862266898865439089e+02
2.863505348795115992e+02
2.861280118903748075e+02
2.860717290602138405e+02
2.861761390392762792e+02
2.860252856247336695e+02
2.859764376227453795e+02
2.862651452727289438e+02
2.862393544692608316e+02
2.861217250760217325e+02
2.862816282968501014e+02
2.862066433321845125e+02
2.860249213536253592e+02
2.861961364681947657e+02
2.861992386692223249e+02
2.860702752687716952e+02
2.862295013009689342e+02
2.862954385849566847e+02
2.860796548906291719e+02
2.861831760177596493e+02
2.862617385528561726e+02
2.863229070420329094e+02
2.863696816003870822e+02
2.864594158615875017e+02
2.863772918464466102e+02
2.863327231144841107e+02
2.862920207146935923e+02
2.863780025056455543e+02
2.864816827451703034e+02
2.864392890974931447e+02
2.863389326379662521e+02
2.862466330552102249e+02
2.861433025329636735e+02
2.860167599500246638e+02
2.862228555600096911e+02
2.865179197429324631e+02
2.863035652600884191e+02
2.864078513480365018e+02
2.863885182393231048e+02
2.861792884055728905e+02
2.864459791596960372e+02
2.867489897083090682e+02
2.864047255564633474e+02
2.863323345139135085e+02
2.864244351419131931e+02
2.861317942337416298e+02
2.862303769353549114e+02
2.864388821823145577e+02
2.862756468869445712e+02
2.861835428472430181e+02
2.862819599530635628e+02
2.863657819356155301e+02
2.863407262624284613e+02
2.863909900072150663e+02
2.865018942260081189e+02
2.864614700422013698e+02
2.863425758151885816e+02
2.863494380665590029e+02
2.863997959490305334e+02
2.863950012989524225e+02
2.865325291684641797e+02
2.867033767508983715e+02
2.866450361472026884e+02
2.866630577436447425e+02
2.864855042651645931e+02
2.864352694213499717e+02
2.866413046757936627e+02
2.866973634482355351e+02
2.865075222459413453e+02
2.866150425102939039e+02
2.867446913940957529e+02
2.866770389291306742e+02
2.867509024064119671e+02
2.866753679150098719e+02
2.866250814961354081e+02
2.866874412934123484e+02
2.866312191972545520e+02
2.866887344902501695e+02
2.870188087481231491e+02
2.868370798190957203e+02
2.868986455583704469e+02
2.871795057944382279e+02
2.871857409292758803e+02
2.868844789494813767e+02
2.869871118873869591e+02
2.872937633709204306e+02
2.870534730104333221e+02
2.869748302896704786e+02
2.870313720752736799e+02
2.871168231448522761e+02
2.874580370131540690e+02
2.873191880519050869e+02
2.871882704484015107e+02
2.872843763414918499e+02
2.874642859812025222e+02
2.872852207467142875e+02
