2.352434530141088942e+02
2.363753245553023987e+02
2.369948927345704988e+02
2.372848583176603370e+02
2.376665989673980164e+02
2.379914854137146847e+02
2.380831860261656914e+02
2.384391642527771467e+02
2.384156389275095762e+02
2.387275434424714433e+02
2.387182025062368211e+02
2.386846719716864698e+02
2.390542873397282335e+02
2.391202303138569789e+02
2.392816314580905726e+02
2.393005127895116857e+02
2.393714211618791126e+02
2.393987741112147489e+02
2.396686595730518832e+02
2.393352249968010312e+02
2.393019171896072521e+02
2.394126766442234668e+02
2.395162696362209545e+02
2.397392431268359871e+02
2.395205878483758681e+02
2.396123308277537660e+02
2.400106295664305378e+02
2.396462677013729774e+02
2.397049815365139693e+02
2.400155268609327948e+02
2.400446303856418808e+02
2.399502427838396272e+02
2.396568220053249831e+02
2.395470750506828210e+02
2.399686265000014203e+02
2.398662760435931887e+02
2.399373560633389104e+02
2.399543993209228745e+02
2.396752050894366164e+02
2.400791784813380900e+02
2.403923061821828639e+02
2.400607627144009086e+02
2.399041109063851138e+02
2.398865047144851417e+02
2.401099163533550893e+02
2.398851640378975389e+02
2.398300301687522733e+02
2.396054828570119071e+02
2.401913897104950308e+02
2.398219821924783446e+02
2.399173162762136542e+02
2.398407240607070037e+02
2.398255649786127606e+02
2.398327088476027882e+02
2.399511350566097008e+02
2.399828661920800243e+02
2.402480956424671774e+02
2.401951185784751885e+02
2.399230309985624388e+02
2.400719472860882888e+02
2.401399420251673575e+02
2.405565114583929187e+02
2.403539547608794749e+02
2.403253975654567114e+02
2.401009034259757584e+02
2.399351320182348388e+02
2.400664438434483543e+02
2.402888100886731308e+02
2.402831192845865189e+02
2.401311607226888327e+02
2.401461512487439052e+02
2.401724498249443798e+02
2.398999265924145732e+02
2.401643511729412239e+02
2.401969336488737099e+02
2.402994906598825366e+02
2.402512975232884571e+02
2.401263737930379705e+02
2.403889618274415341e+02
2.405143872260895535e+02
2.405518834330404161e+02
2.401703597655226474e+02
2.403153403717476237e+02
2.403010809651575812e+02
2.404617560701103685e+02
2.403247641297527650e+02
2.405366827667795349e+02
2.407905074554342093e+02
2.403794430890160356e+02
2.403091177590085010e+02
2.404322737986649088e+02
2.407319910021126645e+02
2.402586000888504429e+02
2.403646588150139394e+02
2.403969051512546002e+02
2.405499360193548171e+02
2.406254685749454154e+02
2.404526435659554124e+02
2.401697104040262332e+02
2.402531828917421137e+02
2.400878989038839961e+02
2.405320321842676776e+02
2.402741203164108867e+02
2.403650282186504512e+02
2.405269113603103222e+02
2.403608192265146215e+02
2.401564856147341231e+02
2.401420502988034684e+02
2.404407883960152219e+02
2.405184270039203795e+02
2.405718709735066057e+02
2.406610140263337598e+02
2.404417041137564581e+02
2.403033198701020865e+02
2.408700731139233540e+02
2.405175357464072192e+02
2.408840552438314262e+02
2.405790360674865553e+02
2.407730864891608178e+02
2.408005249962199059e+02
2.407259250019403396e+02
2.407520880463396509e+02
2.409690956319835493e+02
2.410133284933908442e+02
2.407221275906298672e+02
2.409078967297310783e+02
2.408803438836238229e+02
2.408823148379969723e+02
2.407186772743475274e+02
2.407490639455994881e+02
2.405725925409336980e+02
2.406708162187287883e+02
2.408929638245094509e+02
2.409266753688051779e+02
2.406442001475788004e+02
2.407003349563035499e+02
2.408031990532520865e+02
2.405690059372665246e+02
2.406542686951790984e+02
2.406653109796407364e+02
2.408254546770915283e+02
2.404747907684171935e+02
2.404055621735641637e+02
2.405925642375498512e+02
2.409194409639955836e+02
2.410511022169899604e+02
2.408210344464447701e+02
2.408213321180113837e+02
2.408427095568779066e+02
2.404252871482781018e+02
