3.402653465473322285e+02
3.402990188570819328e+02
3.402639881002617130e+02
3.402639882040812722e+02
3.402639880911980299e+02
3.402639881004577660e+02
3.402639881068624277e+02
3.402639879687315556e+02
3.402639881074777009e+02
3.402639879544702239e+02
3.402639880302063489e+02
3.402639880103760675e+02
3.402639879273347674e+02
3.402639881226493799e+02
3.402639882117258594e+02
3.402639874659371344e+02
3.402639870887165330e+02
3.402639871478550617e+02
3.402639869684532528e+02
3.402639869064725531e+02
3.402639870658672976e+02
3.402639872024233227e+02
3.402639868819856588e+02
3.402639869765712888e+02
3.402639871504014195e+02
3.402639869591164370e+02
3.402639867993748908e+02
3.402639869837733499e+02
3.402639869808944582e+02
3.402639868054247358e+02
3.402639869797657184e+02
3.402639870497855554e+02
3.402639868970171619e+02
3.402639870147602892e+02
3.402639867794732709e+02
3.402639871016638722e+02
3.402639871924170052e+02
3.402639870703450811e+02
3.402639870484340463e+02
3.402639869202423597e+02
3.402639868287678837e+02
3.402639869880269998e+02
3.402639871435595751e+02
3.402639868810969119e+02
3.402639869835223863e+02
3.402639870549163561e+02
3.402639872034509381e+02
3.402639871821637030e+02
3.402639867804218170e+02
3.402639869031183366e+02
3.402639868510742076e+02
3.402639869720982801e+02
3.402639868894054302e+02
3.402639869807775312e+02
3.402639870477623845e+02
3.402639871522290491e+02
3.402639869664532739e+02
3.402639872140580906e+02
3.402639869987471570e+02
3.402639869647871365e+02
3.402639871482816147e+02
3.402639869109907522e+02
3.402639871039278319e+02
3.402639870905424004e+02
3.402639870379901481e+02
3.402639870399514734e+02
3.402639870024131028e+02
3.402639870213938025e+02
3.402639869646886268e+02
3.402639869286802536e+02
3.402639867771685545e+02
3.402639867792196924e+02
3.402639869647911155e+02
3.402639870347296096e+02
3.402639870315840085e+02
3.402639869884603741e+02
3.402639869297527753e+02
3.402639872150141969e+02
3.402639871042391633e+02
3.402639870884798370e+02
3.402639868974338810e+02
3.402639871290366500e+02
3.402639871050294005e+02
3.402639869791195792e+02
3.402639870235948365e+02
3.402639870433457077e+02
3.402639870960329631e+02
3.402639870595285174e+02
3.402639871364253850e+02
3.402639870430303972e+02
3.402639870255359824e+02
3.402639868609789460e+02
3.402639870810444904e+02
3.402639871469362447e+02
3.402639870515940288e+02
3.402639868930684202e+02
3.402639867941070406e+02
3.402639870083603455e+02
3.402639871688037942e+02
3.402639868851518941e+02
3.402639871305304382e+02
3.402639868318321419e+02
3.402639870706535703e+02
3.402639870690255179e+02
3.402639877681431813e+02
3.402639876669342698e+02
3.402639878017022284e+02
3.402639879287697227e+02
3.402639877870896612e+02
3.402639880021740169e+02
3.402639878889856959e+02
3.402639878571738450e+02
3.402639876379173529e+02
3.402639880504748930e+02
3.402639879907864611e+02
3.402639878508746847e+02
3.402639879926150002e+02
3.402639880227453659e+02
3.402639877718988828e+02
3.402639878324820870e+02
3.402639879502481222e+02
3.402639881221672908e+02
3.402639879035728541e+02
3.402639879572682275e+02
3.402639880819545510e+02
3.402639880308428815e+02
3.402639877810150324e+02
3.402639880005652913e+02
3.402639879805425380e+02
3.402639879970682273e+02
3.402639879012356801e+02
3.402639881170794638e+02
3.402639878359557883e+02
3.402639880210920182e+02
3.402639879644390817e+02
3.402639881358858247e+02
3.402639879565049910e+02
3.402639880451466752e+02
3.402639879767908155e+02
3.402639879441845210e+02
3.402639879163110095e+02
3.402639878697006566e+02
3.402639879445332554e+02
3.402639880409191733e+02
3.402639878494634331e+02
3.402639878413895076e+02
3.402639877561235267e+02
3.402639879836951877e+02
3.402639878007976222e+02
3.402639879777968872e+02
