2.871687130700639159e+02
2.877028219777037066e+02
2.880115445069449720e+02
2.880645419989784273e+02
2.883461772450940543e+02
2.884076513445222645e+02
2.885108007517952160e+02
2.886740795640639021e+02
2.886595801019252008e+02
2.887387552596891851e+02
2.888332618377846188e+02
2.888431539011702966e+02
2.889068356094077217e+02
2.890217644843310723e+02
2.890053127134115130e+02
2.890918962308877553e+02
2.891313549869401527e+02
2.891254680439242861e+02
2.890943119819733624e+02
2.890233338764206223e+02
2.890436874216193814e+02
2.890760940171726929e+02
2.890453751548186574e+02
2.891658466976392106e+02
2.891481255393757124e+02
2.891164600028056384e+02
2.892606258481088730e+02
2.891219283945340521e+02
2.891923780001342834e+02
2.892758326782057452e+02
2.894163141381422406e+02
2.893052346851289371e+02
2.892522394255578888e+02
2.892356404677077535e+02
2.892615057574328148e+02
2.892793483613008334e+02
2.893176301618995012e+02
2.892824220615748914e+02
2.892343872941937093e+02
2.894261832867070439e+02
2.894392971481185555e+02
2.893629189441541030e+02
2.893994596323864243e+02
2.893745603931807295e+02
2.894072533940109224e+02
2.893316594134359434e+02
2.892220084184036182e+02
2.893136007520814132e+02
2.893627192874848220e+02
2.893306769701379153e+02
2.893444674589195529e+02
2.893487521828483295e+02
2.892864017863806794e+02
2.892450228857717889e+02
2.892680438938626253e+02
2.894030020992710774e+02
2.894198625057616141e+02
2.894123762901299415e+02
2.893399780905423881e+02
2.894367628891758386e+02
2.894903302418260296e+02
2.895790362684319916e+02
2.895633394105872753e+02
2.894917272696530404e+02
2.894551712900240545e+02
2.893881961536982885e+02
2.894058603846355027e+02
2.894460136904754677e+02
2.893986009094509200e+02
2.893684035970593982e+02
2.893633019732815796e+02
2.893610258006967797e+02
2.893844377156588052e+02
2.894593120749150899e+02
2.895239345714982733e+02
2.895064385862243626e+02
2.895003350691479795e+02
2.895285602587487688e+02
2.895545775139176499e+02
2.895740630026799067e+02
2.895244617444741948e+02
2.894176694401047030e+02
2.894952830005509554e+02
2.895076574630354571e+02
2.895352803710754870e+02
2.895876626722555898e+02
2.896155893170729883e+02
2.896523198943795592e+02
2.895138651810763690e+02
2.895289825219081763e+02
2.895255487676258781e+02
2.895960969807609331e+02
2.894761067714790101e+02
2.894700315548724916e+02
2.895712382245723688e+02
2.895649112409001305e+02
2.895424584853290071e+02
2.895098231439790197e+02
2.894476770175990055e+02
2.894562223865377746e+02
2.894755095706591419e+02
2.894704437428893584e+02
2.893846611189469513e+02
2.894779856338147397e+02
2.895930144762870100e+02
2.895423541187041110e+02
2.894369796214336930e+02
2.895807225855758702e+02
2.896745109943643115e+02
2.896312914226431303e+02
2.896840699964712371e+02
2.896797093798499532e+02
2.895634164859864086e+02
2.895698258776405396e+02
2.898159003937230409e+02
2.898285758897630444e+02
2.897778126742218205e+02
2.897681288719294912e+02
2.896793487558197171e+02
2.898132443886734677e+02
2.897420971629345559e+02
2.897857928349728240e+02
2.898623954097454885e+02
2.898351438836151033e+02
2.897640141709978820e+02
2.898267008780293850e+02
2.897964192025797843e+02
2.896856490776019086e+02
2.896962700078044008e+02
2.897472948452538617e+02
2.897542584584787164e+02
2.897744720267708090e+02
2.898308709509026926e+02
2.897752129999407202e+02
2.897463951975736336e+02
2.897278916591375832e+02
2.897215699121294961e+02
2.896863702082133045e+02
2.896835059847391562e+02
2.897305955594657121e+02
2.897529669865298274e+02
2.896521681452275061e+02
2.895879541237509329e+02
2.897255390204857122e+02
2.897955856881548016e+02
2.897474264354297020e+02
2.897255628239135490e+02
2.897737832187125377e+02
2.897569076642948858e+02
2.896668666432332202e+02
