1.005754645979042010e+02
1.003877167427352646e+02
1.000182117085938813e+02
9.996499987685756139e+01
9.974734412513141990e+01
1.001811789447873338e+02
1.000372914806788032e+02
1.003353517293918031e+02
9.998828443182789272e+01
1.003214019908930510e+02
1.000031611494888608e+02
1.007003596576599449e+02
1.006318994893512127e+02
1.008461285270138319e+02
1.002931314424744329e+02
1.000016775087367620e+02
1.003129651846944626e+02
1.003934838771944698e+02
9.991683175697438912e+01
9.984088415146015905e+01
1.001229609366791919e+02
1.002047012393850167e+02
1.005074992822349458e+02
1.003367925584808091e+02
1.001032026387133129e+02
1.002157935315760824e+02
1.001157274664958692e+02
1.004684856745641355e+02
9.988159886755805417e+01
1.000279978547235942e+02
1.006074668816685289e+02
1.002498794745669528e+02
9.991797032281040458e+01
1.013140338952633215e+02
1.033302196847815253e+02
1.013173846725976404e+02
1.004983679311937266e+02
1.006413859696102264e+02
1.004052686965612651e+02
1.001955901521193795e+02
1.005035134011715314e+02
1.010692693724585070e+02
1.004204404376789199e+02
1.001931712328253070e+02
1.002465061893522602e+02
1.006180245009646086e+02
1.002168321961493689e+02
1.000783825347059519e+02
1.004257908646542887e+02
1.005040459652469735e+02
9.983761527851554263e+01
1.004431774728065108e+02
1.007404759663157421e+02
1.017485326910307180e+02
1.010837560074087804e+02
1.005426618264466612e+02
9.998987042154554672e+01
1.003576926503827025e+02
1.005539966675851673e+02
1.001155697070663422e+02
1.005538855913326870e+02
1.006320400929870971e+02
1.010829559191864320e+02
1.009109270779776892e+02
1.008038787935276588e+02
1.008754214838276795e+02
1.007211768314288776e+02
1.008468165065517752e+02
1.007167399850718965e+02
1.001538632322302078e+02
1.004883361029842916e+02
1.008113500155997571e+02
1.007779974134428329e+02
1.006591699836755538e+02
1.005450202742798069e+02
1.007667499583410944e+02
1.009327716058858329e+02
1.001753881107577371e+02
1.004246137228804372e+02
1.009675806124075592e+02
1.009910440527629447e+02
1.002856589095924846e+02
1.008288096480157492e+02
1.004673491919906638e+02
1.002189055150312669e+02
1.005401038955944841e+02
1.001888900150104149e+02
1.008046958372305966e+02
1.004939420990020977e+02
1.000628263665350488e+02
1.006278131266378182e+02
1.005759944668237154e+02
9.986844567322405908e+01
1.000456860199160616e+02
1.004545388232409522e+02
1.002698460557420077e+02
1.002189512792296000e+02
1.000761250522935910e+02
1.008606106666811257e+02
1.003125437942922389e+02
1.004294451788850466e+02
1.006071709809720005e+02
1.008410593210513184e+02
1.007398274399490106e+02
1.005255221512215513e+02
1.003785821608419724e+02
1.002682971923076138e+02
1.006310546659127994e+02
1.005169825681038560e+02
1.004607923101345222e+02
1.007319951997812240e+02
1.006427562209274811e+02
1.005776424745640725e+02
1.020202466317456498e+02
1.018127422608660595e+02
1.017040251649910374e+02
1.007075551383924790e+02
1.011293422036965808e+02
1.012718509467114245e+02
1.011668770951195171e+02
1.007709455945872179e+02
1.013136238671771707e+02
1.015300392481268972e+02
1.009371948634195775e+02
1.012477494518591499e+02
1.010269682080407279e+02
1.010476431619080557e+02
1.009215054222559189e+02
1.009264602696147222e+02
1.006412846948249040e+02
1.011457791968101247e+02
1.004384111663022310e+02
1.011798987445376525e+02
1.016072964305690931e+02
1.008966728224264671e+02
1.011134949145090474e+02
1.008218110842491768e+02
1.005254130013097438e+02
1.005471387399279450e+02
1.006805407208167367e+02
9.986115881333783761e+01
1.015625337152431484e+02
1.034478532682544909e+02
1.014915323553913566e+02
1.003057200969396519e+02
1.001024034727569187e+02
1.002613184681073761e+02
1.005361893846116317e+02
1.001489370668448800e+02
9.991110808765769491e+01
1.000240304320390123e+02
1.003676903220451635e+02
9.954753915261333930e+01
9.938871969698477926e+01
9.982249584824546673e+01
9.958124873787392062e+01
9.942132328510983541e+01
9.955835980095029925e+01
9.945367101988271941e+01
9.929631963106338333e+01
9.913397899328337814e+01
9.895253446544684550e+01
9.949528358549883933e+01
9.861340717760454311e+01
9.883763496267884818e+01
