2.862250392931345573e+02
2.861821747427779314e+02
2.864053012319006939e+02
2.865218101001786977e+02
2.866566409581770927e+02
2.866833685918097672e+02
2.865472986108406417e+02
2.863913316617145597e+02
2.864214392826602875e+02
2.865238781156606933e+02
2.865498459267552107e+02
2.865384315767085468e+02
2.864154833014434303e+02
2.864669160665827690e+02
2.863021177477718311e+02
2.863425957660127779e+02
2.864010105471814427e+02
2.863380485203239232e+02
2.864674398351398850e+02
2.864631695345267985e+02
2.865492635170631388e+02
2.865125648715365401e+02
2.863513827644192702e+02
2.863993469585148546e+02
2.865355448403809646e+02
2.866087797036243501e+02
2.864733824680925522e+02
2.864657581370502157e+02
2.863675146762503232e+02
2.864843935743467114e+02
2.864840107393886228e+02
2.863939218722974260e+02
2.866642817896021143e+02
2.865636333683768839e+02
2.861639042499908214e+02
2.862295632451348979e+02
2.863170989735505714e+02
2.863259140784239776e+02
2.863418669634191360e+02
2.862543503833106229e+02
2.863998044040753825e+02
2.862067060417079460e+02
2.862549634018674283e+02
2.863968667457580750e+02
2.864167558046589761e+02
2.862604036189810017e+02
2.863358841921164526e+02
2.865085580386167976e+02
2.864949404660131336e+02
2.863977261223321307e+02
2.864318891167640686e+02
2.864633539665017565e+02
2.864318408928223221e+02
2.862615454713420604e+02
2.861560410510424504e+02
2.862761426039698449e+02
2.865432724781662159e+02
2.865572303397551650e+02
2.864930008225661595e+02
2.865028845839878500e+02
2.864766640246219254e+02
2.863849197755479850e+02
2.862754008023791243e+02
2.864739982712173401e+02
2.865632998108833362e+02
2.864587609019243359e+02
2.863479197462586967e+02
2.863997946796028486e+02
2.863262317004735564e+02
2.864171397668098393e+02
2.865118472022074343e+02
2.863803283788374188e+02
2.864008263936373169e+02
2.864334514592492837e+02
2.865173875043957992e+02
2.864827608618502381e+02
2.863774027523189147e+02
2.865744297098165134e+02
2.866125896119080494e+02
2.864986861467270387e+02
2.864125763652787668e+02
2.865055513167249615e+02
2.865290769190688707e+02
2.865326165958165916e+02
2.866746998714867800e+02
2.867409554385946535e+02
2.867223892312186990e+02
2.865639766450838692e+02
2.866643048668560709e+02
2.866304877468359678e+02
2.866419402903038076e+02
2.865709252817260335e+02
2.868383660414373253e+02
2.870317363904437684e+02
2.868077407730471009e+02
2.866246698397698651e+02
2.866652392780251830e+02
2.868814595800960774e+02
2.867106787747413250e+02
2.868407262622597500e+02
2.866770451844971035e+02
2.866869360759098413e+02
2.866068845841093662e+02
2.866348535177322105e+02
2.866266463388730585e+02
2.867050200543039296e+02
2.868518621383985874e+02
2.868623506584182792e+02
2.868012137161731516e+02
2.868439071182552311e+02
2.868239357320053955e+02
2.868004813910308712e+02
2.868158368737693422e+02
2.868137651408558781e+02
2.866876635623037259e+02
2.865018978290892733e+02
2.865448373273714537e+02
2.866624482507959897e+02
2.866646475016420368e+02
2.864760945098283287e+02
2.865924261230987327e+02
2.867009297390566758e+02
2.866059612022737042e+02
2.867634267844029523e+02
2.866135672483185317e+02
2.866541146196151999e+02
2.868016804601290346e+02
2.867201923566441906e+02
2.867788418041798764e+02
2.868494170513674248e+02
2.867351092250432885e+02
2.868021414502970288e+02
2.869600637049121588e+02
2.868589773037532495e+02
2.870520570907521574e+02
2.870428555468290028e+02
2.869621287728829770e+02
2.870106890480603283e+02
2.870352969162314025e+02
2.870373974847530008e+02
2.871789799394388751e+02
2.872355353787781382e+02
2.868808467711925800e+02
2.868742671278341163e+02
2.870870588915272492e+02
2.872795713699023850e+02
2.872606532139434989e+02
2.871986815059156015e+02
2.872437561234588657e+02
2.873956923165997637e+02
2.876390755972927877e+02
2.875674671870563088e+02
2.875818587641217050e+02
2.877631254086839476e+02
2.876568243557383084e+02
2.877322736631462021e+02
2.877293112629679399e+02
2.878991817114629725e+02
2.878641192297909583e+02
2.879117429152135514e+02
2.881627932131834768e+02
2.883174114687306542e+02
2.881953328151954565e+02
2.882547830619029696e+02
2.883615149811085985e+02
