2.860512055485112910e+02
2.862075259576760686e+02
2.863365393754850743e+02
2.862604877233277989e+02
2.861696895104391274e+02
2.861509305529114613e+02
2.862504755004742378e+02
2.861881801329332689e+02
2.862699878216702700e+02
2.861789475988040863e+02
2.861211374146766389e+02
2.860286356167925987e+02
2.859866614196976116e+02
2.859450725506791287e+02
2.860095510853262795e+02
2.862130115683405620e+02
2.862017352318436565e+02
2.861305584004494449e+02
2.862989009672157863e+02
2.862346015869520102e+02
2.859670046527213003e+02
2.860495192746964790e+02
2.859008012242710493e+02
2.860476037553026458e+02
2.861792390193268716e+02
2.861691306738798630e+02
2.862017507428865315e+02
2.862475020586650771e+02
2.861365025663408233e+02
2.861030108296000662e+02
2.860690033126158482e+02
2.860362362654070694e+02
2.860278836090698178e+02
2.859443277606872584e+02
2.855976869369806650e+02
2.856598655410311380e+02
2.857305437981644900e+02
2.857351930975248706e+02
2.858875476354701277e+02
2.859115092355576735e+02
2.859435640784575412e+02
2.858571129565690967e+02
2.860664416397311811e+02
2.859557053794059698e+02
2.861158403251052391e+02
2.861763531748865148e+02
2.861986941645718048e+02
2.860487540551893630e+02
2.860597799362414548e+02
2.861376023362980163e+02
2.861082605883054839e+02
2.861361957279793273e+02
2.860940835233325288e+02
2.859405524560558547e+02
2.859446481697704030e+02
2.861382675578137196e+02
2.863430613109491674e+02
2.862076812229290113e+02
2.860332821958505747e+02
2.859436215194706961e+02
2.860330569925540658e+02
2.860513688303636286e+02
2.859097597694980664e+02
2.859196029489336865e+02
2.861164223006869065e+02
2.862367000295278103e+02
2.863185437234187702e+02
2.862045995215317475e+02
2.861490258256505399e+02
2.861923589479141015e+02
2.862413208624018921e+02
2.862079521722889126e+02
2.863239481788323815e+02
2.862353232342288152e+02
2.862794713544872138e+02
2.861085370025689940e+02
2.861690830308079398e+02
2.861885501172660042e+02
2.860972777198987842e+02
2.861878736288067557e+02
2.862353916845855224e+02
2.865073703418264017e+02
2.860489739040955897e+02
2.860331316871790364e+02
2.861520583587117130e+02
2.861848660648195164e+02
2.862433140570077512e+02
2.863638247640213308e+02
2.864561723038609102e+02
2.864837564353985613e+02
2.863023993800637754e+02
2.862621328669679883e+02
2.863365366881462251e+02
2.861778238636288165e+02
2.862781749820761661e+02
2.861925527656343888e+02
2.862232472288052918e+02
2.863317823561675937e+02
2.863421646990116756e+02
2.864693811393228771e+02
2.865197164379847550e+02
2.862709184803862286e+02
2.863464560558769563e+02
2.864299754728197627e+02
2.863699311964257390e+02
2.863828759326079307e+02
2.865671980289440626e+02
2.863543078422795247e+02
2.863040264584736292e+02
2.864275149206975470e+02
2.864830520457456373e+02
2.864479173938391909e+02
2.865107896771711466e+02
2.863731274398023743e+02
2.863205842255868561e+02
2.863676513237386985e+02
2.863818394259851061e+02
2.863281403849309186e+02
2.863453343304644818e+02
2.865502760064594554e+02
2.864623302974563899e+02
2.865051419831932549e+02
2.865343762601209505e+02
2.865683379390557093e+02
2.865291502914869284e+02
2.864727128140584682e+02
2.863292951334044574e+02
2.864170804096327174e+02
2.866830202030136547e+02
2.868303250050193469e+02
2.866504828475837598e+02
2.865384498167712763e+02
2.866612413985143917e+02
2.864496709327250414e+02
2.865108045541416573e+02
2.866624455070000863e+02
2.865577600989856251e+02
2.865892526155077462e+02
2.865469542737272945e+02
2.866851824921989760e+02
2.867460852709513688e+02
2.868575138578680139e+02
2.867529091603110487e+02
2.867220431074558746e+02
2.868899482736496793e+02
2.869807145711150156e+02
2.870490871042780441e+02
2.869759888031352943e+02
2.869315186508544571e+02
2.870386017382314208e+02
2.871357228216384669e+02
2.871806713447026027e+02
2.871312544085519676e+02
2.871442172541556488e+02
2.870293766682598289e+02
2.869494228630076691e+02
2.871156441350930209e+02
2.872604480238824749e+02
2.873055822203107823e+02
2.873157485727510334e+02
2.873503215613928319e+02
2.874240485976174568e+02
2.875429267338190016e+02
2.873505134103212981e+02
2.871521110188042485e+02
