1.027440436381748867e+02
1.026905266051774532e+02
1.026200090797608340e+02
1.024430231684286952e+02
1.031833086890756448e+02
1.024709834427264497e+02
1.031045336069951617e+02
1.027521820173663656e+02
1.027160550050744945e+02
1.032569677218996844e+02
1.026900652021552673e+02
1.030958131346086475e+02
1.037546750049104531e+02
1.027275934421206927e+02
1.031065822128040139e+02
1.031473222264204850e+02
1.028362089375455639e+02
1.028481161101992143e+02
1.036410636716746012e+02
1.035426640590777794e+02
1.028328356937759480e+02
1.028288826407209768e+02
1.035342181351136475e+02
1.032356961880221746e+02
1.030019289114851091e+02
1.026528062134328678e+02
1.027709190833551247e+02
1.027121618497342297e+02
1.030294260810171778e+02
1.033585478552141126e+02
1.024311392153142606e+02
1.037053827987808319e+02
1.026709583083315778e+02
1.045128513620575745e+02
1.051168739448670379e+02
1.035197747557824783e+02
1.031192796659251485e+02
1.031050034560849298e+02
1.029368794522520716e+02
1.032288102427736476e+02
1.031997900142215059e+02
1.030853864778996325e+02
1.028822963328806424e+02
1.035742994820643759e+02
1.029035695383054616e+02
1.032116307089396088e+02
1.031721146630669210e+02
1.033860413457043279e+02
1.027781804464608086e+02
1.029714658594832599e+02
1.037128645972448453e+02
1.027929580857703513e+02
1.033408634094129894e+02
1.041676339005910705e+02
1.037867264070189179e+02
1.030881351585444463e+02
1.034316408261984179e+02
1.035739262027223475e+02
1.035811789514095693e+02
1.029002504466727146e+02
1.032490088412080098e+02
1.030267634138776742e+02
1.044529696161779242e+02
1.036680753646105586e+02
1.035508284006883883e+02
1.033047043098317204e+02
1.028590056406988964e+02
1.025616928147268823e+02
1.028707247264882909e+02
1.031635180332544195e+02
1.036188174902334396e+02
1.035979094232112772e+02
1.029963097771558438e+02
1.032676075595247340e+02
1.026764990610111425e+02
1.030068749601438327e+02
1.026326678521710249e+02
1.027098421460606943e+02
1.025413601697234043e+02
1.032485861904962263e+02
1.023668605533793965e+02
1.031518329258833688e+02
1.030697174389010797e+02
1.025277127566254194e+02
1.027325073949215408e+02
1.029479795701933682e+02
1.037018731337623336e+02
1.028120286705117081e+02
1.024672429028530445e+02
1.029817400216343088e+02
1.024019853689833894e+02
1.034291184502878167e+02
1.030823810759339239e+02
1.025761418643729712e+02
1.036266474744664805e+02
1.035035455003407350e+02
1.030531769317350239e+02
1.022728366947849992e+02
1.028897976519140371e+02
1.034139244517577936e+02
1.027667078489276520e+02
1.031384946469065511e+02
1.027687366019176807e+02
1.027089172105603012e+02
1.030898820054653129e+02
1.027353510732859121e+02
1.026948525361237330e+02
1.023049421194040036e+02
1.029619233581724416e+02
1.030067327420921401e+02
1.027133973540683201e+02
1.035569861125907209e+02
1.029549003179000835e+02
1.045616337402865383e+02
1.034267778110515366e+02
1.035644094890762830e+02
1.036507686830038466e+02
1.031020111787513542e+02
1.028439606732247142e+02
1.031864701633087407e+02
1.032762988929562766e+02
1.027348857600404557e+02
1.033070533411934804e+02
1.028017778857593925e+02
1.032969989821720702e+02
1.028475198061587292e+02
1.036415801704100090e+02
1.023953321767886990e+02
1.032509512243837975e+02
1.028385704398174880e+02
1.031630356537615398e+02
1.032492395420062650e+02
1.030869060214878203e+02
1.041314590829532420e+02
1.036414622434418646e+02
1.030913764858507875e+02
1.025072666306479761e+02
1.025737468900076124e+02
1.026909571946345068e+02
1.027071580257188543e+02
1.026824171385821245e+02
1.036595005911767515e+02
1.050145928393404375e+02
1.040711290776390570e+02
1.031898558295251718e+02
1.023524266152005708e+02
1.026265011999298622e+02
1.024900408069301676e+02
1.027887062680288182e+02
1.023745802310385926e+02
1.025618874252576092e+02
1.026840052207030993e+02
1.027159071205985441e+02
1.025850209001998792e+02
1.027334813245372089e+02
1.031321216379468950e+02
1.025599365009374395e+02
1.025138451833620223e+02
1.023697191399976845e+02
1.021072697594007792e+02
1.024583230179962214e+02
1.026633715305204078e+02
1.027592678310961531e+02
1.017576019526451176e+02
1.022969529541477840e+02
