2.860874222155512712e+02
2.861237432534325649e+02
2.860892068958372079e+02
2.861521064849968070e+02
2.860639220652031440e+02
2.859801761042170369e+02
2.861395269861843076e+02
2.859902680360825684e+02
2.860188425071925735e+02
2.858845638282918458e+02
2.859301298177919648e+02
2.860898719695962313e+02
2.858749721355845281e+02
2.858786567202260471e+02
2.859278852017253598e+02
2.859127114827493301e+02
2.858746252034292752e+02
2.859002664088317829e+02
2.859918934938148709e+02
2.858068349682391158e+02
2.856181459228124595e+02
2.858344523678940163e+02
2.859120333164104863e+02
2.856616680355176641e+02
2.857544699535123414e+02
2.857415089969628070e+02
2.858876713259741109e+02
2.860916923036327830e+02
2.859332968103610710e+02
2.857435255420367071e+02
2.857667179455843893e+02
2.857219798074846153e+02
2.856593990935426746e+02
2.856343071470404311e+02
2.854263271225760832e+02
2.856356818285562440e+02
2.857187484590398867e+02
2.857322657698463786e+02
2.859661570008642570e+02
2.858855655004882692e+02
2.857639680301566045e+02
2.857529863725908967e+02
2.859769015499790044e+02
2.857485300344499706e+02
2.857690049709343043e+02
2.858436167360483182e+02
2.857654478813290666e+02
2.855581696939867129e+02
2.856435818700256277e+02
2.859714389064338889e+02
2.858214047351708587e+02
2.856722134896126590e+02
2.857377604179056902e+02
2.856421942428931402e+02
2.856708455369250146e+02
2.857597550901317618e+02
2.858577667949228385e+02
2.856902034451990744e+02
2.856949218046804617e+02
2.857196583717914677e+02
2.857605548326901044e+02
2.858400257758108296e+02
2.855252535938494702e+02
2.855857867937574497e+02
2.856745194627974911e+02
2.856461752882354972e+02
2.857550606227400749e+02
2.859417752988734378e+02
2.860369264685290318e+02
2.859330791059906574e+02
2.858357006994915537e+02
2.858708019543237810e+02
2.858943238754274603e+02
2.859028524044195478e+02
2.860153124723420888e+02
2.860871475801097290e+02
2.860049947939047001e+02
2.860769462402055296e+02
2.861870990073034022e+02
2.859501218630165909e+02
2.860593156428147381e+02
2.862123565346176406e+02
2.859988511895128909e+02
2.860126793050888523e+02
2.861441777759815182e+02
2.862888593015523497e+02
2.861862426218841620e+02
2.861264511051837758e+02
2.861752430425645457e+02
2.863866488742723391e+02
2.862678694612264962e+02
2.863624730378655272e+02
2.861037988949819351e+02
2.861947798288904323e+02
2.862449406849681850e+02
2.861429344839210103e+02
2.861205907557539945e+02
2.862614813836408416e+02
2.864951494815989008e+02
2.863772856313229909e+02
2.862440774499719964e+02
2.862513991020004482e+02
2.861611718518678913e+02
2.861981636511409874e+02
2.862081339543391323e+02
2.860319105842781369e+02
2.860718267592697543e+02
2.865402740781839270e+02
2.864498869023850602e+02
2.861680148931729377e+02
2.863174379024461018e+02
2.863147846160148902e+02
2.860891598066268102e+02
2.861422531714391653e+02
2.861764746866676319e+02
2.862629990210846245e+02
2.862428875711166825e+02
2.861321747800238313e+02
2.862183431795603497e+02
2.864398293584460475e+02
2.863044689056494576e+02
2.863843100891994595e+02
2.863552468072676902e+02
2.864278148547760452e+02
2.864338901490408489e+02
2.864447424448043193e+02
2.863150411188947260e+02
2.863123115872218136e+02
2.863921530910646993e+02
2.864988743937997810e+02
2.866093989349580511e+02
2.865250539352366559e+02
2.864302627785700111e+02
2.863595693628636241e+02
2.863931697079961509e+02
2.863203599064655123e+02
2.864942525391750223e+02
2.867303547536161545e+02
2.870378643991106742e+02
2.870874363608920135e+02
2.868334519164426410e+02
2.867475400075340417e+02
2.866532115085531132e+02
2.865771787393176737e+02
2.865665860268878191e+02
2.867547623770101382e+02
2.867853155740465354e+02
2.868517815218718283e+02
2.869845249394525695e+02
2.871040706475914135e+02
2.871916442175876227e+02
2.871024606667607486e+02
2.869810836148978979e+02
2.869765309852897985e+02
2.870724167491760568e+02
2.869865326401621246e+02
2.870859662770191107e+02
2.869561033194025867e+02
2.870074895770848684e+02
2.870563334158661633e+02
2.873358194297141495e+02
2.872973849162260649e+02
2.870902987171044742e+02
2.870800117235756375e+02
2.873922759175585497e+02
