2.871534120064902140e+02
2.872943769343898452e+02
2.872858314979903867e+02
2.872779273413127044e+02
2.871640941393999356e+02
2.873679703584834328e+02
2.873430648045272164e+02
2.871863161570962006e+02
2.872138243980377297e+02
2.869324528252859636e+02
2.868569545735745692e+02
2.871337971692194628e+02
2.870505684895931040e+02
2.868814705533962410e+02
2.869644786725434074e+02
2.869130616364988668e+02
2.868211468362457595e+02
2.870501410516512237e+02
2.869761539983779244e+02
2.867596952064776019e+02
2.869068500217065889e+02
2.870801143298861575e+02
2.870228584673470209e+02
2.867212361169641781e+02
2.867664174022962129e+02
2.870703880233146492e+02
2.871407147690790111e+02
2.869013032852973311e+02
2.869900814591196081e+02
2.869392218991908976e+02
2.870039770851510639e+02
2.869984181121125744e+02
2.871783879346384651e+02
2.871510005419066829e+02
2.868127018941515303e+02
2.868194597226666360e+02
2.871306679872078575e+02
2.872023438730860221e+02
2.870874653556530802e+02
2.869405935555875544e+02
2.868980109957288391e+02
2.868861193001056904e+02
2.871406138693408252e+02
2.869781117691091481e+02
2.868115709764506960e+02
2.870292717074577808e+02
2.870867947546960295e+02
2.871551809105268944e+02
2.872158010453434258e+02
2.871566461934186236e+02
2.871706493980719301e+02
2.870755507418873549e+02
2.871659010531777767e+02
2.871616512180457335e+02
2.869526856636510388e+02
2.871224518062643369e+02
2.873868975398118550e+02
2.872054761232465694e+02
2.869886834052367703e+02
2.869462702974610124e+02
2.872037989721342797e+02
2.873010064459146520e+02
2.873379400726824429e+02
2.872026000964767718e+02
2.869304211351831668e+02
2.870113514645228747e+02
2.870540249266250044e+02
2.872632355943508173e+02
2.871052257021719356e+02
2.868644132190141249e+02
2.870433469581596455e+02
2.871930405515528832e+02
2.869518365915060372e+02
2.870314109702242718e+02
2.870147310882296665e+02
2.870067160913957309e+02
2.870973220800904642e+02
2.872192305659637555e+02
2.871554748483808908e+02
2.870810638691798431e+02
2.871547056199121926e+02
2.872938909783076156e+02
2.872887576636247218e+02
2.870904848854235638e+02
2.871872475569665539e+02
2.871746316120739948e+02
2.873558315996474448e+02
2.873433348653401254e+02
2.871336299177217484e+02
2.871177316432361408e+02
2.870970636752068685e+02
2.873481944991987689e+02
2.872554280436373233e+02
2.871744361343340870e+02
2.869661149288405682e+02
2.871511483424056337e+02
2.872553612354651023e+02
2.872170706138709306e+02
2.873729415490518591e+02
2.873400183154259935e+02
2.873440059181453989e+02
2.872933641116433705e+02
2.876284001982329528e+02
2.873402878876532327e+02
2.873703367154417947e+02
2.873752778100524097e+02
2.875301739186458576e+02
2.874880142474794980e+02
2.872660738029920253e+02
2.871462824809966037e+02
2.873112456970451944e+02
2.872709840330888369e+02
2.872332653945963443e+02
2.872711737832174208e+02
2.872457969059615266e+02
2.872893784082401112e+02
2.874303286888765001e+02
2.873180489809089408e+02
2.873049910018590367e+02
2.872729924811491742e+02
2.871828390019036874e+02
2.873784413528606478e+02
2.874349582755412484e+02
2.873014200770399498e+02
2.874086898487664712e+02
2.875296435673623705e+02
2.873422836537189937e+02
2.875087650411313120e+02
2.875003376833690822e+02
2.873212245958911240e+02
2.873431534762241313e+02
2.873336185795964752e+02
2.874360642794041496e+02
2.874094023494733960e+02
2.871935396117780215e+02
2.873810076707582652e+02
2.874862653873618115e+02
2.874375146553215359e+02
2.875711090163306949e+02
2.875072345880446392e+02
2.874443878439253126e+02
2.875104993690860624e+02
2.876024584403803033e+02
2.875838076288928278e+02
2.875304996043303731e+02
2.874344069397587305e+02
2.875394470459022500e+02
2.877201930741564411e+02
2.877591072534420391e+02
2.874907521848924716e+02
2.876175498362848657e+02
2.877184001101025501e+02
2.875064010790990210e+02
2.877855520878050584e+02
2.879288746083390720e+02
2.877103140052200843e+02
2.879777602669869339e+02
2.879489201823772078e+02
2.876768417608208779e+02
2.879482638168596509e+02
2.879189893831741074e+02
2.879074643682483270e+02
2.879797906430410421e+02
2.879825275017260537e+02
2.881048108774007233e+02
