1.004358194843086807e+02
1.008802639372785848e+02
1.009714761475556912e+02
1.012804073891912395e+02
1.008366955935104130e+02
1.008353241818746682e+02
1.002689747418660886e+02
1.004651610230810803e+02
1.001745897150144202e+02
1.006342927871633606e+02
1.005969145708551196e+02
1.007373431715741816e+02
1.005702368089892644e+02
1.005892191221429783e+02
1.007160761875242088e+02
1.006065609140827064e+02
1.003016264366672772e+02
1.005630981536551332e+02
1.004292210665964689e+02
1.011564927382121368e+02
1.010473078728799550e+02
1.006522357915395105e+02
1.006825935564614838e+02
1.006396444236717684e+02
1.006696427913120147e+02
1.010280688217875849e+02
1.011082646958573577e+02
1.007945817200550209e+02
1.006918570199714367e+02
1.006261989692419121e+02
1.007186490084233270e+02
1.007852436332793218e+02
1.007737944207366354e+02
1.005341719701306289e+02
1.002588880943996088e+02
1.004084255612016250e+02
1.003117693660770300e+02
1.005759606384799127e+02
1.003612635944401319e+02
1.003582331852223177e+02
1.009758829390261354e+02
1.007967350408060980e+02
1.000709764958972556e+02
1.008041672070715435e+02
1.009797582931293363e+02
1.005752662438411420e+02
1.002579164331457946e+02
1.003259656277660241e+02
1.006671577160949909e+02
1.005211695575995350e+02
1.004971694346073718e+02
1.005461651023228455e+02
1.007070442558264745e+02
1.002077674927131881e+02
1.003742735255780048e+02
1.003245804057361141e+02
1.004682900682422684e+02
1.005306802782578615e+02
1.003956526657565718e+02
1.001830095431039780e+02
1.007833900869150057e+02
1.006551693797530334e+02
1.001263407416095816e+02
9.998937750056018103e+01
1.001680310240161447e+02
1.001782391925468829e+02
1.005913452815957072e+02
1.009382100284760213e+02
1.006604253384266343e+02
1.000084944172701853e+02
9.990294622153466264e+01
9.994757429821761718e+01
1.004843148064328489e+02
1.008183807022601854e+02
1.003656047497165673e+02
1.004696530628393703e+02
1.003405360933797397e+02
1.007062634583764265e+02
1.006059832669402567e+02
1.004857168253966506e+02
1.002829573649920007e+02
1.001443202981698306e+02
1.001590607491501288e+02
1.001635171675053328e+02
9.988966900928102177e+01
1.000682285325600560e+02
1.003303287136973125e+02
1.005108438103583950e+02
1.001728405339696479e+02
9.976886401847526997e+01
1.000575068038327657e+02
9.987334897458468674e+01
1.001487668430982581e+02
1.002765364487016626e+02
9.991368815039415097e+01
9.991406255620741206e+01
9.987491792883018604e+01
9.997902410102987858e+01
1.000597010287106201e+02
1.000665003610969279e+02
9.975648381015464849e+01
1.001315621147624597e+02
9.986233508774573409e+01
1.001494881405852340e+02
1.001961368696723298e+02
9.999518771863814948e+01
9.954144645916416323e+01
9.979982081483687750e+01
9.989638042602676649e+01
9.980952250862166863e+01
9.987629667921686405e+01
1.001611295051802131e+02
1.001512269975853542e+02
9.955095600216442620e+01
9.963599670615222692e+01
9.965036293063421624e+01
9.986649611027458207e+01
9.982273241307558465e+01
9.965476627693207945e+01
9.971469449496406412e+01
9.979312767619667568e+01
9.949274750384550714e+01
9.958766592775975823e+01
9.961042243044801126e+01
9.953044346523931551e+01
9.980368171316091264e+01
1.001454972735293580e+02
9.967251370740878258e+01
9.954594519507384121e+01
9.979007992760222123e+01
9.992867655077925804e+01
9.983021066600618099e+01
9.956392715236619040e+01
9.958306522852831222e+01
9.937520274365977002e+01
9.963007686646942318e+01
9.919828607003177012e+01
9.946080894308914822e+01
9.995577632064900797e+01
9.954847403820478746e+01
9.918098167550071764e+01
9.898630653391363410e+01
9.945867890835113201e+01
9.917791856178548926e+01
9.921834944693826230e+01
9.915278761747198644e+01
9.899310031713400804e+01
9.962173126451706651e+01
9.910282454467234459e+01
9.932327619421228349e+01
9.936042033020062547e+01
9.918570375425643704e+01
9.907444474128878653e+01
9.919916150202870142e+01
9.954705577404172345e+01
9.943939582550370915e+01
9.926479765306699221e+01
9.890314373867322217e+01
9.902315093598623719e+01
9.927366843554163722e+01
9.909122048672669791e+01
9.914200391184562022e+01
9.911842550332988822e+01
9.959194241776903311e+01
9.902034300847013526e+01
