2.868722281917798682e+02
2.869851713974661038e+02
2.869669364106268858e+02
2.868253317495304486e+02
2.869471523728199145e+02
2.870018341021881838e+02
2.868335746518154110e+02
2.869255355149624052e+02
2.869312761615510112e+02
2.868660913413012281e+02
2.869332059202487812e+02
2.869457795866537140e+02
2.869931855809008425e+02
2.869438738390238655e+02
2.869547184186869799e+02
2.868180297731854012e+02
2.868715530234243829e+02
2.868886196710533341e+02
2.868993980551458094e+02
2.869660967385439676e+02
2.870943758234329835e+02
2.869785746750795283e+02
2.870734806767356417e+02
2.871421911122672554e+02
2.869645185756381238e+02
2.870561387411904093e+02
2.869174279139356827e+02
2.870231358649342610e+02
2.870210875982263019e+02
2.869875789036644846e+02
2.869446785424909194e+02
2.870349508723622876e+02
2.870706666287405824e+02
2.870802105452539195e+02
2.868085719109883485e+02
2.866678021877816605e+02
2.866920635706041480e+02
2.867738964888258693e+02
2.867774585223695567e+02
2.867597912321271565e+02
2.867930843358047355e+02
2.867400605272933376e+02
2.868338203314361294e+02
2.867580862294083772e+02
2.868558206885354025e+02
2.867867505118054510e+02
2.868791146087236825e+02
2.869495248673622427e+02
2.867146356649274708e+02
2.866947390539138496e+02
2.868241422137177210e+02
2.866819299122377629e+02
2.868059206253550997e+02
2.867178664025294097e+02
2.869281265795841023e+02
2.869073268332797966e+02
2.869669659747806350e+02
2.869600713469002926e+02
2.868944953674252361e+02
2.869684701289468762e+02
2.869521209688577414e+02
2.868408403703396061e+02
2.866577761584815107e+02
2.866343727512918917e+02
2.866993041176286283e+02
2.866991402803461710e+02
2.868804277326632359e+02
2.867754316617368886e+02
2.866786805136684961e+02
2.867080714831886894e+02
2.868766526838467144e+02
2.868655391122606488e+02
2.869041180118455827e+02
2.869274323018622113e+02
2.869735276348583852e+02
2.869863370404620468e+02
2.870466217254365802e+02
2.869914228912295471e+02
2.869478388998699643e+02
2.868663134656106308e+02
2.868390008905859077e+02
2.869029037625064689e+02
2.871765109957409550e+02
2.871386015093754054e+02
2.869269911468257419e+02
2.868573699160290289e+02
2.869292955489775068e+02
2.869128367220369000e+02
2.870138922842249372e+02
2.869576003849070389e+02
2.869658776377543177e+02
2.870764885227603713e+02
2.870247658179756058e+02
2.869725944955262094e+02
2.868889729156599060e+02
2.867862260939817816e+02
2.868193065929206682e+02
2.868293356191193197e+02
2.869129356710184311e+02
2.869899306715529406e+02
2.869578216746138537e+02
2.871399918024761178e+02
2.872563076825758230e+02
2.872144770664546058e+02
2.872393178002783429e+02
2.871636390190271300e+02
2.871177102107496353e+02
2.870979313710337806e+02
2.869158924331863432e+02
2.869583083354887663e+02
2.869761751745541574e+02
2.869778773899802786e+02
2.869967942058308950e+02
2.868579702312180757e+02
2.866156309671033000e+02
2.867756210034037849e+02
2.868351713841210540e+02
2.868190787263182528e+02
2.867908353592816297e+02
2.868653607787549049e+02
2.869156368365516983e+02
2.869299507686452557e+02
2.868279101038679642e+02
2.869751940073052765e+02
2.869947935443877327e+02
2.868662916886809171e+02
2.869311410667148721e+02
2.870711919593314292e+02
2.869261025948711108e+02
2.869063983222394540e+02
2.870206271070643993e+02
2.869593736313620980e+02
2.870566416507405165e+02
2.869639373122965367e+02
2.868850685334051036e+02
2.868788334359027772e+02
2.870825064716315751e+02
2.872251436326188809e+02
2.872835302822105064e+02
2.872058256634045392e+02
2.872648471243590507e+02
2.872762295541597268e+02
2.869337797119544007e+02
2.869352810548268167e+02
2.869347533505902561e+02
2.872369912512920109e+02
2.873202427839734128e+02
2.871957015808351912e+02
2.871814360955232246e+02
2.872304757369086587e+02
2.872862331166966783e+02
2.874958195186035255e+02
2.874812397007210052e+02
2.875252355220758886e+02
2.876001372667624878e+02
2.876984764426906054e+02
2.876848265729311152e+02
2.875823052474211181e+02
2.875813073095385448e+02
2.877546456227657359e+02
2.878245979780812149e+02
2.878380862302116725e+02
2.878334827283488835e+02
2.879767100456097637e+02
2.880680399502052182e+02
