9.968228772905882806e+01
9.886532214630142334e+01
9.934605371666010853e+01
9.937032492918689286e+01
9.894558148958111587e+01
9.936516123987865967e+01
9.934317248132828126e+01
9.916126926456080071e+01
9.913850115026600918e+01
9.950551821344386383e+01
9.890544891782472803e+01
9.895105141194532905e+01
9.933148533261066859e+01
9.872561671775247305e+01
9.849052449966215761e+01
9.905633833931322840e+01
9.900444320450814928e+01
9.863459729059168524e+01
9.892299847977079708e+01
9.859888873730666603e+01
9.892625201950441749e+01
9.900083953130918246e+01
9.866093368399816654e+01
9.887089494823167968e+01
9.895858882645363508e+01
9.849656100705942663e+01
9.871987816477263777e+01
9.833393735594619045e+01
9.858734558969676698e+01
9.859126437630283135e+01
9.861825338285338205e+01
9.841277316611062531e+01
9.870909092408139429e+01
9.901705379653049022e+01
9.828549897417747161e+01
9.877633847295247449e+01
9.882867980952816822e+01
9.883719454619102862e+01
9.814727580740584756e+01
9.874450245982046681e+01
9.823503197694317635e+01
9.828460271311574559e+01
9.857129556508373014e+01
9.839057789711910118e+01
9.842297465905777187e+01
9.865094243584729838e+01
9.843674534651607644e+01
9.843674398673938697e+01
9.867197203033212816e+01
9.810924899382831654e+01
9.836085746174114774e+01
9.861008657476686778e+01
9.831460481353984449e+01
9.799953131409044715e+01
9.853162458305286009e+01
9.836512236153875222e+01
9.803769443768858594e+01
9.819499147285272045e+01
9.810511981270850868e+01
9.812981298850455403e+01
9.843357256602108407e+01
9.803581917493535514e+01
9.821920299102565366e+01
9.828257101787765748e+01
9.783149914752407028e+01
9.782791911941421859e+01
9.813635088274388352e+01
9.796848280921089724e+01
9.779855980557941564e+01
9.812312226253231984e+01
9.780306038248960476e+01
9.790110526200025731e+01
9.813033340428755480e+01
9.777133881637210777e+01
9.797437452977040095e+01
9.798075385279088323e+01
9.799168852009763953e+01
9.778858039073224973e+01
9.808118496571186995e+01
9.807578052957892112e+01
9.770958842927932153e+01
9.785812139952132327e+01
9.743901342087998785e+01
9.768507481953959370e+01
9.783446076687930315e+01
9.787463313789284314e+01
9.739017663538017189e+01
9.767241909510725861e+01
9.775345638565850948e+01
9.747918213325134218e+01
9.763491399599440967e+01
9.800592175964123953e+01
9.751718213148637915e+01
9.809636081817775732e+01
9.721034469552118651e+01
9.715703950261763566e+01
9.709366135254674646e+01
9.781093682636135611e+01
9.727976245073530492e+01
9.775906898594790562e+01
9.804635354358056532e+01
9.773541593288054230e+01
9.725830414513590938e+01
9.733870707864655003e+01
9.739436153128576734e+01
9.739836161695086503e+01
9.770340303557735240e+01
9.755824871037231105e+01
9.783703183199889963e+01
9.714818313586776810e+01
9.790645025371752297e+01
9.777906639584735160e+01
9.741118062135863909e+01
9.724705321415342496e+01
9.749988111147865766e+01
9.747819321218783273e+01
9.707417290479325800e+01
9.752040832190910180e+01
9.729482229138888272e+01
9.737060361275405285e+01
9.759947978146561809e+01
9.732045722279532640e+01
9.696549519092532421e+01
9.725921914739056717e+01
9.711882153949339624e+01
9.729017927231338092e+01
9.718723612545140611e+01
9.685712384775600015e+01
9.698538268840842136e+01
9.737137395934765038e+01
9.674948560394597052e+01
9.691108653660329253e+01
9.701920186787664591e+01
9.676259919892601147e+01
9.666976140357387237e+01
9.690645323062575756e+01
9.628807471121649542e+01
9.733866933264071974e+01
9.639023046697421648e+01
9.666935863847152177e+01
9.680923443737721357e+01
9.683188560779763066e+01
9.689720808943532404e+01
9.659710699624439201e+01
9.635238776335148714e+01
9.668232829643574178e+01
9.627885305272603489e+01
9.635628733767619281e+01
9.630196779180575106e+01
9.606929774086047757e+01
9.624132325458930382e+01
9.622759331262274429e+01
9.625581280503588744e+01
9.622832942629717934e+01
9.635603463769820110e+01
9.605267092561706477e+01
9.646328238136912603e+01
9.614930663153192825e+01
9.588630832810612503e+01
9.605518053824931712e+01
