2.274500497347462158e+02
2.284504511600551950e+02
2.289345052020653384e+02
2.297111925893860587e+02
2.301036044980167219e+02
2.303778565313971285e+02
2.303685470080048390e+02
2.312174459520465462e+02
2.310392839167020895e+02
2.309456276054304453e+02
2.312772035887462607e+02
2.311837560376437750e+02
2.312451352824339210e+02
2.315156841045664748e+02
2.314080021484872987e+02
2.317072636108332233e+02
2.312472803050371510e+02
2.316936283415938078e+02
2.316291562517021418e+02
2.319691449518686852e+02
2.318419013609068031e+02
2.321637344844851896e+02
2.321628760209963502e+02
2.320292480794578580e+02
2.318048984905105669e+02
2.322077806752674860e+02
2.322548879066887366e+02
2.322505642463293327e+02
2.319971435683948755e+02
2.324021553207386717e+02
2.320247731934675528e+02
2.324015778546447279e+02
2.322394356480086799e+02
2.323777557996385212e+02
2.321299787729345496e+02
2.323568474448535142e+02
2.323349253692023240e+02
2.321342540062242676e+02
2.322420932928917807e+02
2.319025561239220963e+02
2.322513763721521798e+02
2.325991535216802220e+02
2.322743591411632451e+02
2.320419393567020734e+02
2.323454172104014503e+02
2.321136059092504809e+02
2.321434200527127416e+02
2.322187440927775981e+02
2.322172685984561440e+02
2.324805508508297862e+02
2.325008311732659934e+02
2.330568128778733410e+02
2.326021590602940705e+02
2.323142379975153915e+02
2.321879432677993691e+02
2.326109893375123931e+02
2.328856835589455443e+02
2.325691848268510000e+02
2.327900593746935556e+02
2.321312607398033094e+02
2.325734133749127750e+02
2.326755626182661274e+02
2.326627141824351668e+02
2.326739424632588680e+02
2.320931946621777797e+02
2.325845910625361910e+02
2.324728655411009015e+02
2.327218881401960573e+02
2.324659344900254325e+02
2.326987485125891055e+02
2.328010631690772243e+02
2.330168045001015855e+02
2.328093988057858041e+02
2.330374196971073673e+02
2.328728097641387649e+02
2.328224090985404757e+02
2.328069772133137292e+02
2.322634179353885600e+02
2.327053798649604062e+02
2.327966385673800005e+02
2.328791355326129633e+02
2.326127583141759203e+02
2.328514742167462543e+02
2.328419540215775498e+02
2.332905263048164954e+02
2.330798564136740652e+02
2.325166555359405436e+02
2.335212578040934943e+02
2.331622120571032610e+02
2.332767424679680062e+02
2.334408287311121342e+02
2.332530154752754754e+02
2.334552130353606572e+02
2.331471101522846823e+02
2.331427272935953852e+02
2.332656314365667640e+02
2.331024622928664485e+02
2.336603961329755919e+02
2.332070898388890043e+02
2.330556761061581312e+02
2.333690986531566693e+02
2.332198811170344186e+02
2.333422880828738641e+02
2.336187405523460541e+02
2.331973666789124309e+02
2.334806568107430564e+02
2.333911501752436095e+02
2.333226955611852702e+02
2.332003220600312261e+02
2.336069978721090763e+02
2.333016268599617433e+02
2.330598872308447653e+02
2.336614249867651552e+02
2.337980783304997203e+02
2.333642766733898952e+02
2.335561692250290378e+02
2.334967731851238852e+02
2.336551332708612847e+02
2.340818109523021349e+02
2.336076222253625190e+02
2.338423709516865472e+02
2.345570026370073435e+02
2.337012191400761196e+02
2.336568963491330067e+02
2.335435287773666175e+02
2.336597928798294390e+02
2.339164135172843260e+02
2.333583985968549825e+02
2.336352753309592174e+02
2.339561105735626541e+02
2.335928081641696110e+02
2.333508522575349104e+02
2.338174005363335084e+02
2.337691246704956427e+02
2.342185478486024692e+02
2.338995569309790596e+02
2.340164465879375939e+02
2.339789639768920608e+02
2.340055033830151672e+02
2.339853136447752320e+02
2.337761909549381301e+02
2.341506578303245476e+02
2.337894564596665816e+02
2.340795987801102740e+02
2.343808417777281363e+02
2.341853037260313783e+02
2.342007548115197721e+02
2.343844944466150082e+02
2.340592031127547443e+02
2.345902662653404604e+02
2.343428980634136281e+02
