3.403446252606424309e+02
3.403448457738799675e+02
3.403532983338151325e+02
3.403444040832294490e+02
3.403446252606424309e+02
3.403448457738799675e+02
3.403532983338151325e+02
3.403444040832294490e+02
3.403446252606424309e+02
3.403448457738799675e+02
3.403532983338151325e+02
3.403444040832294490e+02
3.403446252606424309e+02
3.403448457738799675e+02
3.403532983338151325e+02
3.403444040832294490e+02
3.403446252606424309e+02
3.403448457738799675e+02
3.403532983338151325e+02
3.403444040832294490e+02
3.403446252606424309e+02
3.403448457738799675e+02
3.403532983338151325e+02
3.403444040832294490e+02
3.403446252606424309e+02
3.403448457738799675e+02
3.403532983338151325e+02
3.403444040832294490e+02
3.403446252606424309e+02
3.403448457738799675e+02
3.403532983338151325e+02
3.403444040832294490e+02
3.403446252606424309e+02
3.403448457738799675e+02
3.403532983338151325e+02
3.403444040832294490e+02
3.403446252606424309e+02
3.403448457738799675e+02
3.403532983338151325e+02
3.403444040832294490e+02
3.403446252606424309e+02
3.403448457738799675e+02
3.403532983338151325e+02
3.403444040832294490e+02
3.403446252606424309e+02
3.403448457738799675e+02
3.403532983338151325e+02
3.403444040832294490e+02
3.403446252606424309e+02
3.403448457738799675e+02
3.403532983338151325e+02
3.403444040832294490e+02
3.403446252606424309e+02
3.403448457738799675e+02
3.403532983338151325e+02
3.403444040832294490e+02
3.403446252606424309e+02
3.403448457738799675e+02
3.403532983338151325e+02
3.403444040832294490e+02
3.403446252606424309e+02
3.403448457738799675e+02
3.403532983338151325e+02
3.403444040832294490e+02
3.403446252606424309e+02
3.403448457738799675e+02
3.403532983338151325e+02
3.403444040832294490e+02
3.403446252606424309e+02
3.403448457738799675e+02
3.403532983338151325e+02
3.403444040832294490e+02
3.403446252606424309e+02
3.403448457738799675e+02
3.403532983338151325e+02
3.403444040832294490e+02
3.403446252606424309e+02
3.403448457738799675e+02
3.403532983338151325e+02
3.403444040832294490e+02
3.403446252606424309e+02
3.403448457738799675e+02
3.403532983338151325e+02
3.403444040832294490e+02
3.403446252606424309e+02
3.403448457738799675e+02
3.403532983338151325e+02
3.403444040832294490e+02
3.403446252606424309e+02
3.403448457738799675e+02
3.403532983338151325e+02
3.403444040832294490e+02
3.403446252606424309e+02
3.403448457738799675e+02
3.403532983338151325e+02
3.403444040832294490e+02
3.403446252606424309e+02
3.403448457738799675e+02
3.403532983338151325e+02
3.403444040832294490e+02
3.403446252606424309e+02
3.403448457738799675e+02
3.403532983338151325e+02
3.403444040832294490e+02
3.403446252606424309e+02
3.403448457738799675e+02
3.403532983338151325e+02
3.403444040832294490e+02
3.403446252606424309e+02
3.403448457738799675e+02
3.403532983338151325e+02
3.403444040832294490e+02
3.403446252606424309e+02
3.403448457738799675e+02
3.403532983338151325e+02
3.403444040832294490e+02
3.403446252606424309e+02
3.403448457738799675e+02
3.403532983338151325e+02
3.403444040832294490e+02
3.403446252606424309e+02
3.403448457738799675e+02
3.403532983338151325e+02
3.403444040832294490e+02
3.403446252606424309e+02
3.403448457738799675e+02
3.403532983338151325e+02
3.403444040832294490e+02
3.403446252606424309e+02
3.403448457738799675e+02
3.403532983338151325e+02
3.403444040832294490e+02
3.403446252606424309e+02
3.403448457738799675e+02
3.403532983338151325e+02
3.403444040832294490e+02
3.403446252606424309e+02
3.403448457738799675e+02
3.403532983338151325e+02
3.403444040832294490e+02
3.403446252606424309e+02
3.403448457738799675e+02
3.403532983338151325e+02
3.403444040832294490e+02
3.403446252606424309e+02
3.403448457738799675e+02
3.403532983338151325e+02
3.403444040832294490e+02
3.403446252606424309e+02
3.403448457738799675e+02
3.403532983338151325e+02
