1.072061154138975354e+02
1.071165962391340400e+02
1.065126708525319827e+02
1.061858206723932199e+02
1.066916878205288413e+02
1.061706565886980798e+02
1.060857752543185626e+02
1.054830138005353746e+02
1.060263884341073748e+02
1.061164515731761071e+02
1.059155441499584214e+02
1.060452230471771031e+02
1.063977738859855009e+02
1.059182484237544486e+02
1.057853734460303912e+02
1.060618725887944720e+02
1.060167093762006516e+02
1.056061185410113552e+02
1.057717368805617042e+02
1.054373479569947420e+02
1.060967174617977662e+02
1.052337796045740816e+02
1.057959041772086124e+02
1.056118783874172351e+02
1.060259758243872170e+02
1.055700886669091574e+02
1.052324186633967855e+02
1.053478167403789598e+02
1.056763796480810242e+02
1.057628337454225544e+02
1.057852768883100651e+02
1.058060073463498156e+02
1.054281617711024097e+02
1.057322481284742395e+02
1.055646078077320880e+02
1.055383022696415338e+02
1.061083826063300108e+02
1.056154973247802644e+02
1.063934287538283598e+02
1.060026687074542764e+02
1.052675741342346072e+02
1.057058824295211110e+02
1.055945919168288611e+02
1.059670080058574513e+02
1.057510727725937016e+02
1.060558258300187617e+02
1.055512418555588710e+02
1.057980936883233340e+02
1.055823497934117512e+02
1.055640551273714891e+02
1.051911697253959090e+02
1.052370318031927354e+02
1.050452827941566056e+02
1.053684784473959439e+02
1.062032982949850606e+02
1.054452897716766273e+02
1.055832422472672647e+02
1.053844443643280329e+02
1.056371026064149561e+02
1.059316779943187612e+02
1.053415503153003527e+02
1.059077578518599552e+02
1.052717822171089210e+02
1.055957464662617298e+02
1.059188520610617843e+02
1.054444980316229845e+02
1.053405192746566854e+02
1.053648052026574220e+02
1.052602331791300543e+02
1.053987257619620408e+02
1.047720982609130971e+02
1.056115590995105862e+02
1.054177776052440549e+02
1.052449783161884369e+02
1.054684073799416950e+02
1.056210833119386479e+02
1.056557710385655895e+02
1.057898239138377647e+02
1.052385968742120070e+02
1.059103547891569974e+02
1.052064321638023188e+02
1.053733498235696828e+02
1.051609406866088534e+02
1.052232406347181382e+02
1.052068943835995896e+02
1.054075658429100599e+02
1.048399621839890301e+02
1.044379590528725004e+02
1.052218060041428060e+02
1.049802013447949918e+02
1.050980288555090425e+02
1.048667111683577247e+02
1.051537175857817061e+02
1.051943991012649491e+02
1.051289620012278903e+02
1.051734473830014736e+02
1.050648951035350365e+02
1.047089664110482232e+02
1.049985076727232780e+02
1.049268518864247568e+02
1.050293952818001912e+02
1.046955235006957849e+02
1.050173084367397536e+02
1.048644007703596799e+02
1.047439750614196328e+02
1.053602858112125915e+02
1.050387895705009527e+02
1.050502491553096007e+02
1.047343195583457032e+02
1.049074285277660152e+02
1.050189485503102986e+02
1.051458265462467097e+02
1.048155488187906030e+02
1.048212460361250038e+02
1.044822034624638718e+02
1.050964166443355481e+02
1.051423971292858681e+02
1.044601492858356551e+02
1.045601237720290300e+02
1.046746738992336532e+02
1.043755275569116634e+02
1.039925803396069597e+02
1.047332850237146857e+02
1.045108919672699699e+02
1.050805201567826117e+02
1.046437612257787606e+02
1.048464343509196084e+02
1.053923602310339334e+02
1.050306713024423999e+02
1.046257943899490925e+02
1.048034317781070826e+02
1.049984007995877135e+02
1.049363949570671508e+02
1.048514055270676550e+02
1.044404999227242001e+02
1.044949293981561453e+02
1.037209683587589524e+02
1.046670377899170745e+02
1.046500200137550110e+02
1.047635245714586603e+02
1.045528414996860107e+02
1.044796175786018892e+02
1.048108234262950447e+02
1.042176688047957214e+02
1.043702989283921312e+02
1.041924275217565565e+02
1.044112276858697186e+02
1.048211170461814135e+02
1.042253240241787893e+02
1.039842117011758234e+02
1.043363598256130018e+02
