2.872731636710802263e+02
2.876989677492134092e+02
2.879349078587594590e+02
2.883619050136034048e+02
2.886548169128706718e+02
2.886768349920570813e+02
2.888404404259363218e+02
2.891182944739678646e+02
2.890679301682683899e+02
2.892286191290219222e+02
2.892689989069655780e+02
2.893743036005286626e+02
2.893912095168541327e+02
2.892812483722182719e+02
2.893944238630643895e+02
2.893224875899766175e+02
2.893521571188083499e+02
2.894594374592517738e+02
2.896031131435200905e+02
2.896521991057541641e+02
2.895716842635113721e+02
2.897067222635535586e+02
2.898275445406894164e+02
2.897594844341272164e+02
2.896713505382611515e+02
2.899157941134391763e+02
2.898933145530772322e+02
2.898285549588621848e+02
2.898822508801049480e+02
2.898579653300086534e+02
2.899497420950877995e+02
2.899121419238920225e+02
2.898206719098894837e+02
2.899448212023850715e+02
2.899163175607805556e+02
2.900498219268795879e+02
2.899459140171588842e+02
2.898304377437443122e+02
2.899129356631984251e+02
2.897432708600265983e+02
2.899717101623364783e+02
2.899394003209114885e+02
2.898823277788209793e+02
2.899039879934172745e+02
2.898568849003123091e+02
2.897961253289552133e+02
2.897183547597933284e+02
2.898295987134703751e+02
2.898716383975148005e+02
2.899013661626890439e+02
2.899358594100729647e+02
2.900856525393080574e+02
2.899290720719720298e+02
2.898363968912717610e+02
2.898709426414475274e+02
2.901084790251727554e+02
2.901001308788918891e+02
2.900003921760405206e+02
2.901079487296391903e+02
2.897930337248040473e+02
2.900395725970356011e+02
2.900201955464716548e+02
2.899330202884414120e+02
2.900991024990673850e+02
2.899221152225900937e+02
2.899322761803927619e+02
2.900902167501599820e+02
2.899397418463419740e+02
2.899930496928305388e+02
2.901001855583816678e+02
2.902106392130996255e+02
2.902606863173017473e+02
2.901201206060288769e+02
2.902132521620432613e+02
2.902600275525827556e+02
2.902250022139914449e+02
2.902950749617513111e+02
2.900950490096495287e+02
2.902405825020030647e+02
2.901275252844882857e+02
2.901287799245895940e+02
2.901770300027986309e+02
2.901138424861651970e+02
2.903010536240466308e+02
2.904106491743007723e+02
2.901408139664289365e+02
2.902385722442630822e+02
2.904835875255191127e+02
2.903244701661233194e+02
2.904853453111390991e+02
2.904805521594204833e+02
2.904782897532413131e+02
2.904559538432997101e+02
2.903511366366038260e+02
2.903267677177774431e+02
2.903719131806495284e+02
2.903752456648500697e+02
2.905959513840127215e+02
2.903825668487532425e+02
2.904525508832018659e+02
2.904825372202308245e+02
2.905356011364465871e+02
2.904962583373944085e+02
2.904210891898006253e+02
2.906038741565303667e+02
2.905457245342280430e+02
2.905042228779696529e+02
2.903857481002913801e+02
2.905840600247772159e+02
2.906391528798765194e+02
2.903975061566193858e+02
2.903952228628349417e+02
2.906483990046328358e+02
2.906000311928177666e+02
2.905123332462999315e+02
2.907037445497246608e+02
2.905742652383111704e+02
2.906325019369162987e+02
2.907567023137002025e+02
2.906805753219688881e+02
2.907405887613758182e+02
2.909125983129918041e+02
2.906585403673782366e+02
2.906960803865530352e+02
2.906905546776884535e+02
2.908254973541950790e+02
2.907497876940770425e+02
2.906813790750273370e+02
2.907286536645135584e+02
2.907636359446624965e+02
2.906972800938924024e+02
2.907639790660673498e+02
2.907656799475054754e+02
2.906879465843227877e+02
2.908188983858769348e+02
2.908136333004218272e+02
2.909464289312011260e+02
2.909014306043375768e+02
2.908819254752629035e+02
2.909001656728470948e+02
2.907636928567079053e+02
2.909837561894267424e+02
2.907991488454856608e+02
2.909496708364517303e+02
2.910472819693050610e+02
2.909422428158537173e+02
2.910029639700478583e+02
2.908722957209429865e+02
2.908478016869326552e+02
2.909443412456384976e+02
2.909070186304566050e+02
