2.299739538147422593e+02
2.309203852722811234e+02
2.316722247052770456e+02
2.324349396060225672e+02
2.325909065956431334e+02
2.326954508231058298e+02
2.330574776251285130e+02
2.335232335611999304e+02
2.331885123083142162e+02
2.337688644183515407e+02
2.343607307889385538e+02
2.337940460502205440e+02
2.341810275726226109e+02
2.344010465165046924e+02
2.340360789292185473e+02
2.341316489526124371e+02
2.347996877160464635e+02
2.344722307483402801e+02
2.342694913177095941e+02
2.348466099554214281e+02
2.346238254940908234e+02
2.346063891474758236e+02
2.345276700003203132e+02
2.348403933700584219e+02
2.350379034603289483e+02
2.353592525722278026e+02
2.349104796681081950e+02
2.348665697165366453e+02
2.350429176563666260e+02
2.349250157632764910e+02
2.347796498172671136e+02
2.348798377601105756e+02
2.351332866196755731e+02
2.349141081389748251e+02
2.348377520676242227e+02
2.353366462121967970e+02
2.354296390453149286e+02
2.351025406528900987e+02
2.347990207453832454e+02
2.350255970133624714e+02
2.350648041139766917e+02
2.349761251029667903e+02
2.347164178034448412e+02
2.352553575327442843e+02
2.354123703537191261e+02
2.354330708282274145e+02
2.353001889722702060e+02
2.359364312667009074e+02
2.354778033897515570e+02
2.355670818368153903e+02
2.354022129780933028e+02
2.353996649713338911e+02
2.354456420032655899e+02
2.356057935740376763e+02
2.353286219385851155e+02
2.355882188195259914e+02
2.360056758077703307e+02
2.357620740106021060e+02
2.355797614446107957e+02
2.359346618066856820e+02
2.360706452756420219e+02
2.359858734062204348e+02
2.359516145937170677e+02
2.357737474152954462e+02
2.361578287174454829e+02
2.356760600682170264e+02
2.359333758443415263e+02
2.358095736405581704e+02
2.357067995830048801e+02
2.360688126173327817e+02
2.358532038142149929e+02
2.359653685184839560e+02
2.357374532507041351e+02
2.359942078393401346e+02
2.362461778562910695e+02
2.359325912788767425e+02
2.357753647795086636e+02
2.360124326418772398e+02
2.361331805140580400e+02
2.364156936210434878e+02
