3.402701038940912213e+02
3.402701038511518732e+02
3.402701038769955062e+02
3.402701038875352992e+02
3.402701039170875674e+02
3.402701038795008799e+02
3.402701039072563276e+02
3.402701038952981776e+02
3.402701038908796249e+02
3.402701039014089588e+02
3.402701038940807621e+02
3.402701038984916408e+02
3.402701038507551061e+02
3.402701038881608042e+02
3.402701039339391400e+02
3.402701038792528720e+02
3.402701038788752044e+02
3.402701038988240612e+02
3.402701038276219379e+02
3.402701039055974661e+02
3.402701038774939093e+02
3.402701038872010599e+02
3.402701038637883926e+02
3.402701039009076567e+02
3.402701039512854209e+02
3.402701038811695753e+02
3.402701039000897367e+02
3.402701038872214099e+02
3.402701038640838078e+02
3.402701038467062631e+02
3.402701038685150365e+02
3.402701038495709440e+02
3.402701038558325308e+02
3.402701039137182306e+02
3.402701038438632963e+02
3.402701039336233748e+02
3.402701038879006319e+02
3.402701037968454330e+02
3.402701038837553824e+02
3.402701038439320769e+02
3.402701039095844635e+02
3.402701038976842369e+02
3.402701038629965637e+02
3.402701039212484488e+02
3.402701038561536961e+02
3.402701038739731985e+02
3.402701038598094669e+02
3.402701038800274205e+02
3.402701038916514449e+02
3.402701038735789894e+02
3.402701038850890995e+02
3.402701039404971084e+02
3.402701039295026817e+02
3.402701038739202772e+02
3.402701038915400318e+02
3.402701039206185669e+02
3.402701039359881747e+02
3.402701038918624477e+02
3.402701038264589783e+02
3.402701038900252684e+02
3.402701038755502054e+02
3.402701038764921009e+02
3.402701038687757205e+02
3.402701038536597480e+02
3.402701038764071200e+02
3.402701039053209229e+02
3.402701039123734859e+02
3.402701038972527954e+02
3.402701038967966838e+02
3.402701038738333637e+02
3.402701038583981585e+02
3.402701038328295908e+02
3.402701038341659228e+02
3.402701038825750288e+02
3.402701038946241283e+02
3.402701038991874043e+02
3.402701039146616608e+02
3.402701039132338110e+02
3.402701039353597139e+02
3.402701038916987386e+02
