9.983054162676820908e+01
1.000690235643007640e+02
1.002367112572200512e+02
1.003672690773977223e+02
1.004212016031138575e+02
1.005049403409306024e+02
1.000835450639681738e+02
1.003499664665610567e+02
1.001762660878725342e+02
1.001054641239672520e+02
1.000177282662105398e+02
1.009378938723860841e+02
1.008431185717264498e+02
1.000631638200884623e+02
1.004272593439055754e+02
1.000689988562783128e+02
1.002911810802670942e+02
1.001146753261741509e+02
9.978642214248431230e+01
1.004860703710048568e+02
1.002155088290540306e+02
1.000253441482446419e+02
1.003567909067155171e+02
1.005224881734944375e+02
1.000571762910610687e+02
9.987780661950814931e+01
1.000194372937271510e+02
9.999997791904668532e+01
9.990454272996224461e+01
1.002905538501924951e+02
1.002434037605337807e+02
1.001095681755506348e+02
1.000147822436956773e+02
1.012480643093955877e+02
1.031693236644831444e+02
1.010356600596558110e+02
1.003209777647438870e+02
1.005100843568345539e+02
1.006067137211323370e+02
1.001331573640093069e+02
1.001811364417558678e+02
1.005307287813751032e+02
1.005940189482668501e+02
1.002396491385902095e+02
9.969960973219008338e+01
1.002378499911411183e+02
9.988749787265969360e+01
1.001196613360934720e+02
1.000837007435400920e+02
9.992932071963338103e+01
9.978431494093156573e+01
1.007011579927269196e+02
1.007312049530978584e+02
1.018477780038046490e+02
1.009639367568505435e+02
1.005362367785562725e+02
9.986839865953311346e+01
1.003297977607437588e+02
1.007709325718466289e+02
1.001725264774906492e+02
9.995599566967082694e+01
1.007090062208359456e+02
1.011886951572305264e+02
1.013857005708900232e+02
1.008705007934377704e+02
1.005764061212894234e+02
1.004430274331341479e+02
1.002061339265973174e+02
1.005699956504919896e+02
1.003452841518907661e+02
1.000700216804693952e+02
1.004596125230986985e+02
1.003268837601986974e+02
1.005655727665739079e+02
1.002593755878307320e+02
1.003995495541052634e+02
1.006769499298643495e+02
1.004358442104922915e+02
1.003876400391798853e+02
1.006767270284777851e+02
1.002328826901712517e+02
1.004352171378006915e+02
1.005112875884338877e+02
1.002448992975995594e+02
1.004318414233471799e+02
1.000191116102940185e+02
1.004136020526732409e+02
1.008518187096934895e+02
9.979848594053561328e+01
1.002652914472661081e+02
1.000439724331186966e+02
1.004690735238573893e+02
1.005226884691158062e+02
1.003453549079326450e+02
1.006728798715467832e+02
1.002269893164964714e+02
1.003252233849418644e+02
1.000298483418349207e+02
1.000609981691054742e+02
1.002698194412283215e+02
1.001015482733641875e+02
1.003062260263604912e+02
1.006683524444231921e+02
1.009989840734554463e+02
1.001165247477101303e+02
1.001148029436097318e+02
1.004475570851363528e+02
1.007457634294729445e+02
1.006043615625309968e+02
1.007131044728030815e+02
1.008984651590660633e+02
1.005641834509743688e+02
1.007397128908020250e+02
1.020973042593887072e+02
1.022113050598840687e+02
1.009089680602898369e+02
1.007683533648519614e+02
1.008105477645303836e+02
1.008971204421185206e+02
1.009355777881582554e+02
1.013460534030309219e+02
1.006195639995660258e+02
1.012168793077565994e+02
1.012113524324257696e+02
1.012402703763201970e+02
1.015282572057546417e+02
1.009921381681908628e+02
1.006936234011073878e+02
1.004866837527459325e+02
1.007225193471937672e+02
1.007172594651811863e+02
1.008409990357272221e+02
1.002989643595858382e+02
1.015521400143449995e+02
1.011673821764422740e+02
1.006598183726695055e+02
1.008084530571541677e+02
1.004891745518635275e+02
1.006155230762664132e+02
1.002605465247734600e+02
1.002013578162832772e+02
1.016094256636162640e+02
1.028605315430690297e+02
1.021760529320672646e+02
1.003577978196540670e+02
1.001051301361940915e+02
1.003253240134481672e+02
1.000444307459867446e+02
9.978180417375301658e+01
1.000031391513618360e+02
9.993574991146367381e+01
1.003140504046807422e+02
9.954587027410167366e+01
9.948480379342713320e+01
9.984270576881932868e+01
1.001860372797223704e+02
9.945962992230793986e+01
9.933923092860301551e+01
9.915771121074332939e+01
9.968485116903819687e+01
9.922873101252122297e+01
9.924048743784310034e+01
9.887654942669939828e+01
9.916276729336466644e+01
9.905190077952698857e+01
