2.865418802800420508e+02
2.865396052641021925e+02
2.866034196009322272e+02
2.863784874664526114e+02
2.863102835993628332e+02
2.863503878931128952e+02
2.863013810561439527e+02
2.863824174891779535e+02
2.863838908115478148e+02
2.864453555847628650e+02
2.864894918531786630e+02
2.864706436863906447e+02
2.863511928651520861e+02
2.863903085743710903e+02
2.863735861763998969e+02
2.863477119283648449e+02
2.863767886171749524e+02
2.864364750922463259e+02
2.865317116652129812e+02
2.864978745884018849e+02
2.864874023236414473e+02
2.865270468552201351e+02
2.865323237114708945e+02
2.864153889390280483e+02
2.865048786388363737e+02
2.865739047034213058e+02
2.866023882594101337e+02
2.864598167838123004e+02
2.865849392438998393e+02
2.865243034899822305e+02
2.865410488371899191e+02
2.866495354304117313e+02
2.866545528087403909e+02
2.866967202675627391e+02
2.863283632917161299e+02
2.863595628506454887e+02
2.864179748097799916e+02
2.864901803285328015e+02
2.864276631923972332e+02
2.863370682031201682e+02
2.865174895716434662e+02
2.865808382785226627e+02
2.864326086311636459e+02
2.866255505558376058e+02
2.866607391457218910e+02
2.865657950644892367e+02
2.865738052292562656e+02
2.866084122211080398e+02
2.866731518204118743e+02
2.867041854999557131e+02
2.868589448383466447e+02
2.865739684981704158e+02
2.864473560602393150e+02
2.861939411667671607e+02
2.863079324792890930e+02
2.864069097749576827e+02
2.866495407050423978e+02
2.866871189681493775e+02
2.865188778222542396e+02
2.864584297688494985e+02
2.866434018546692073e+02
2.864197143382339732e+02
2.864185036172414698e+02
2.863229882312518839e+02
2.862711298288243711e+02
2.863856798857871695e+02
2.863949938857390975e+02
2.865720983027287616e+02
2.865701118726399841e+02
2.864758917823934894e+02
2.866736288301656828e+02
2.865631135286714084e+02
2.865394351423847752e+02
2.865107669951905791e+02
2.865858540428643551e+02
2.866289779543444638e+02
2.864904793192728789e+02
2.864177572216052567e+02
2.865960684176176301e+02
2.866621445003569306e+02
2.865566024209049374e+02
2.866388253656085681e+02
2.865773437108058488e+02
2.866179458387845784e+02
2.865379321561462689e+02
2.866176663468013999e+02
2.867229144940878882e+02
2.865978159569655190e+02
2.866551166227704357e+02
2.867364450520890955e+02
2.866973895282418994e+02
2.868138357662861040e+02
2.867822595213223167e+02
2.867180773712220230e+02
2.866444937742541583e+02
2.866731989407847436e+02
2.868199795335416979e+02
2.867782314730968096e+02
2.869367757226303297e+02
2.869685968116082790e+02
2.870109471140106052e+02
2.870421621912985870e+02
2.868410809608272416e+02
2.865966405001379940e+02
2.866482382464473062e+02
2.869085166753154112e+02
2.869462639982133965e+02
2.867579617372487064e+02
2.868196965666389247e+02
2.867838391407763652e+02
2.865807576295288186e+02
2.866301260350791722e+02
2.867720341928356333e+02
2.868318463467420543e+02
2.865428650838159115e+02
2.865588260916630361e+02
2.867176183365434099e+02
2.868014327749914969e+02
2.868631605956801991e+02
2.868207394310271638e+02
2.865197897661221873e+02
2.866383055091772007e+02
2.867774773182003969e+02
2.867938051641256152e+02
2.867385436957989668e+02
2.866131787058341729e+02
2.866371617652068835e+02
2.867442286364926645e+02
2.869685980218711734e+02
2.869934489514691904e+02
2.870142833422415265e+02
2.869159660441817437e+02
2.870344156950670254e+02
2.870448140272912951e+02
2.870120356495240230e+02
2.869281431668954383e+02
2.870816036595884384e+02
2.872537761220980883e+02
2.871055633425314682e+02
2.873908438760290096e+02
2.873962964017594572e+02
2.871788246198487968e+02
2.870931697715220707e+02
2.870378729508731226e+02
2.871143488906904508e+02
2.873829319365570427e+02
2.873679025906678248e+02
2.872276885836698739e+02
2.875021097326413155e+02
2.875625761101839544e+02
2.875799486622345853e+02
2.873721541970266458e+02
2.876103675511463962e+02
2.878146068251128327e+02
2.877351338928346536e+02
2.875862762405097897e+02
2.876886913812198827e+02
2.879637898168023185e+02
2.880375971152948296e+02
2.879014232755259286e+02
2.878185477145448203e+02
2.878481164105327821e+02
2.883371766077745519e+02
2.884135495208428210e+02
2.882040407308101635e+02
