2.383463267389506939e+02
2.384170568515153263e+02
2.390447018995913595e+02
2.398596527048756855e+02
2.407005097206900928e+02
2.406149270537883638e+02
2.409406932376307395e+02
2.411665989255398301e+02
2.411935528887775888e+02
2.414498745934465660e+02
2.416221853178027175e+02
2.414962900026248462e+02
2.416620003680317268e+02
2.423145203295641466e+02
2.422328960849506814e+02
2.417566036241692302e+02
2.421181798462536392e+02
2.423100080300199863e+02
2.426841786325183250e+02
2.421073921467333037e+02
2.423703493173224217e+02
2.423857572342240303e+02
2.426696964389369953e+02
2.429193537180503029e+02
2.427048960608991592e+02
2.430159108139106365e+02
2.427377198383731240e+02
2.425365753210965067e+02
2.428677618174831139e+02
2.424842375822276779e+02
2.429792391460524357e+02
2.426670964053995192e+02
2.431202623853551756e+02
2.427124362733871124e+02
2.424794703304542054e+02
2.429152103110989174e+02
2.435210262209534449e+02
2.427004033774292395e+02
2.428002830425856189e+02
2.431734974458083514e+02
2.432875677700058077e+02
2.427514159661013480e+02
2.433494324618618521e+02
2.430579479601839239e+02
2.428308481530754079e+02
2.427475742712386193e+02
2.429391129660557169e+02
2.432248851805196352e+02
2.428162977482102463e+02
2.431352655856224203e+02
2.433750342863433787e+02
2.429944950647813187e+02
2.432456696004366279e+02
2.431198543865664305e+02
2.434874603801031583e+02
2.433711789744014311e+02
2.432036865043431817e+02
2.432481895025592848e+02
2.434624988500382017e+02
2.433103175966147944e+02
2.436720122160650135e+02
2.426419224087200917e+02
2.431006275269515697e+02
2.432514861055488211e+02
2.430063592416265976e+02
2.431994471782472544e+02
2.435017871635028825e+02
2.429822244677403660e+02
2.431483902562642925e+02
2.434685301650850988e+02
2.434419946488634139e+02
2.437083111511706193e+02
2.433308364876008909e+02
2.432788709383387697e+02
2.435561480120948943e+02
2.437831533487984359e+02
2.431102756769643065e+02
2.438465336540624548e+02
2.431688075215784863e+02
2.435636148930991567e+02
2.437756432185136930e+02
2.433803191491373070e+02
2.438472357203671947e+02
2.440334056802023213e+02
2.434016657931407792e+02
2.433924588628786694e+02
2.443019451595487510e+02
2.437123603341969726e+02
2.436428529351187819e+02
2.439021864928006380e+02
2.440097590770909619e+02
2.434754723752565724e+02
2.441232782715769360e+02
2.436400448407290753e+02
2.439970634779972443e+02
2.438875006912784329e+02
2.442618838657669755e+02
2.440817283741452854e+02
2.438768079944291287e+02
2.441472053699561400e+02
2.438852341204119512e+02
2.441928319889075283e+02
2.441504177682822103e+02
2.439904539936275398e+02
2.445232756821853002e+02
2.441246510263995617e+02
2.440074158702142313e+02
2.446151398112389188e+02
2.441612716758019133e+02
2.443332700015895682e+02
2.444499454943769763e+02
2.439763594943971157e+02
2.444106361165497390e+02
2.444992262147528947e+02
2.438714967535467792e+02
2.443243177366182408e+02
2.442092213482357863e+02
2.445464299327735205e+02
2.449302861257221764e+02
2.442945267165887628e+02
2.443841476272370983e+02
2.446397899567856200e+02
2.440975367004466534e+02
2.442096322101964176e+02
2.444355950934775592e+02
2.446191246306140101e+02
2.442804614627141291e+02
2.448708304681090624e+02
2.449181598067441143e+02
2.441685788626133728e+02
2.448251424928375855e+02
2.451464871223831778e+02
2.442537307313433530e+02
2.446635564328726105e+02
2.448638729116625257e+02
2.442069233245474607e+02
2.449904215155848988e+02
2.449870042886973351e+02
2.446331969821981147e+02
2.448333570400205019e+02
2.448893542128993488e+02
2.441811710321862563e+02
2.446201993097955381e+02
2.452773562963862162e+02
2.444284748413162163e+02
2.450344666623589376e+02
2.448921934302273655e+02
2.447771085327093488e+02
2.450834247386519564e+02
2.449558279496794455e+02
2.451088520151234889e+02
