9.593471064913383373e+01
9.543746673221910726e+01
9.531405540586574432e+01
9.433552376021231112e+01
9.431072715233915460e+01
9.469971353298444683e+01
9.487717023159667917e+01
9.434481536146161318e+01
9.459546429238230303e+01
9.455874687109410104e+01
9.448829243711753634e+01
9.429616377288721196e+01
9.415356415943153934e+01
9.397136303959058523e+01
9.429614789659579799e+01
9.422405133864283755e+01
9.399392324756165351e+01
9.403874592136072863e+01
9.423672994235168687e+01
9.405139119852958629e+01
9.392104126148717569e+01
9.377398646007385707e+01
9.370002845223990562e+01
9.386409966625552670e+01
9.399275351073278273e+01
9.367769519409712586e+01
9.404139464371218082e+01
9.362996490991395149e+01
9.421145761807800056e+01
9.396447976562967597e+01
9.372328291411365342e+01
9.390040019545450889e+01
9.390501549564807249e+01
9.416550777019186569e+01
9.386317843139686090e+01
9.396361403378757871e+01
9.371543127566599196e+01
9.431563131821820889e+01
9.381706578552184794e+01
9.357007921340003520e+01
9.360030339254633702e+01
9.394187439636498027e+01
9.387966032534785654e+01
9.396208916343361750e+01
9.413877092004101144e+01
9.372563377030428455e+01
9.377335410109355962e+01
9.415833617403406208e+01
9.365179924806595579e+01
9.362851595593430432e+01
9.379438822085110417e+01
9.379032393294693293e+01
9.353359806932375875e+01
9.348294664602747162e+01
9.375822767157460191e+01
9.383485041206277799e+01
9.353310725784926660e+01
9.332629123778741587e+01
9.378277660292746987e+01
9.331528296504762920e+01
9.434294990606581166e+01
9.402240552927986528e+01
9.400508356338504257e+01
9.430425793426354630e+01
9.374627536244143755e+01
9.378868616670108338e+01
9.381007443071723628e+01
9.364374686384246615e+01
9.339310796306416762e+01
9.369541768963271977e+01
9.345652709500352273e+01
9.411050149993677394e+01
9.412730024981294719e+01
9.356988661056868750e+01
9.349881015826797181e+01
9.404971785051105826e+01
9.265877672447028601e+01
9.389851905355055806e+01
9.391260464305423739e+01
9.314144601050624317e+01
9.323950203319974150e+01
9.355975118199728513e+01
9.353842621537580726e+01
9.356853503819075968e+01
9.370031030727024302e+01
9.329344143508097886e+01
9.300004553581146638e+01
9.370176003809615395e+01
9.315449694223946153e+01
9.352436424756376709e+01
9.374815611276773097e+01
9.339872208735204140e+01
9.348930816942636568e+01
9.324734787105766998e+01
9.338626561267396653e+01
9.343624823747995833e+01
9.330334999718094480e+01
9.310616277110845829e+01
9.318865485684057148e+01
9.330172749879932326e+01
9.301203316023715217e+01
9.321294566387176417e+01
9.345206035419722923e+01
9.312626955502190640e+01
9.318885497777868920e+01
9.344465201999446435e+01
9.289919637186022783e+01
9.325933048501076428e+01
9.305849211679203847e+01
9.364373891102400194e+01
9.324525036151995039e+01
9.271008865776362029e+01
9.336272869153960130e+01
9.291323593916843038e+01
9.308717143332688693e+01
9.329081918113730865e+01
9.296687007309628825e+01
9.258387610864907913e+01
9.287446478204668665e+01
9.296120289230441358e+01
9.331569125985826929e+01
9.341627292755588030e+01
9.318264688827321152e+01
9.321406225384191657e+01
9.327278529294100906e+01
9.289722711010476530e+01
9.299240034337866234e+01
9.283588038329008896e+01
9.348611690999257462e+01
9.238046627209529049e+01
9.245230190976253937e+01
9.302887963281858674e+01
9.310089327666743486e+01
9.280057570338281892e+01
9.331217454931459088e+01
9.283845671380605324e+01
9.285210942554091673e+01
9.301416096494300234e+01
9.283575396597954921e+01
9.304674337377696247e+01
9.289632050545060338e+01
9.275848021010193634e+01
9.267512752744308102e+01
9.306758662948261929e+01
9.262344361351016175e+01
9.262273123244581541e+01
9.276385400820225868e+01
9.249245830038718452e+01
9.284514851674937574e+01
9.282430129873897329e+01
9.230644027811337082e+01
