2.382398659378241348e+02
2.383563213649315458e+02
2.380970660100257135e+02
2.378140474951707404e+02
2.379654187292199765e+02
2.378408034385928715e+02
2.379638878896565473e+02
2.382044984629016255e+02
2.380057608639956470e+02
2.378669079916378735e+02
2.381533852169665124e+02
2.381427790106433804e+02
2.382213513724067298e+02
2.380432957519128934e+02
2.379944587103274500e+02
2.381791442291603289e+02
2.381310832852725810e+02
2.379416002103821484e+02
2.383501138310236058e+02
2.384993786172751697e+02
2.385030186817210733e+02
2.382657049278095656e+02
2.380621777793495255e+02
2.383210325135389951e+02
2.379827218133874283e+02
2.377595397129270793e+02
2.381475887955596988e+02
2.381334601871372740e+02
2.378296580674699783e+02
2.380623322258641394e+02
2.380075935276405232e+02
2.384082348507527058e+02
2.381651652127829095e+02
2.379252697671125532e+02
2.373906345255252290e+02
2.376019111306670766e+02
2.378588941436806579e+02
2.380875643352680129e+02
2.379172027919846926e+02
2.380511734058602258e+02
2.379434063604722951e+02
2.380491967016208719e+02
2.377726207342329019e+02
2.380084932781005591e+02
2.382150222016793748e+02
2.380960718215649194e+02
2.378960733369623313e+02
2.382486736022171954e+02
2.384990694232506030e+02
2.386901767936616068e+02
2.383453802628251594e+02
2.381156678787225758e+02
2.383388755129509207e+02
2.377435626381009115e+02
2.379906506127239254e+02
2.380354117571920085e+02
2.384333517032763154e+02
2.379896662637223983e+02
2.382470204355828400e+02
2.378919161278259082e+02
2.381032705877882165e+02
2.377729068065401918e+02
2.375229533669428577e+02
2.376608468109369312e+02
2.377490013929542840e+02
2.378598920638424659e+02
2.376475827149398299e+02
2.374907348796006090e+02
2.378971474494645690e+02
2.378470197581404761e+02
2.376244839113474825e+02
2.378534684820135396e+02
2.381492869132454189e+02
2.378922600899110193e+02
2.378050982373536328e+02
2.377644894817496208e+02
2.376408442231170000e+02
2.378194632155810098e+02
2.379178376782339512e+02
2.375978002105933911e+02
2.373596373950640839e+02
2.378848353407497314e+02
2.377378225125891049e+02
2.379154546280034026e+02
2.378840104355283529e+02
2.376240799839715976e+02
2.378579923564882392e+02
2.380201837311034296e+02
2.378249021580471947e+02
2.382668250043521709e+02
2.379089865526858887e+02
2.380251022960951275e+02
2.377851251863523032e+02
2.374815709562300015e+02
2.371445137981329481e+02
2.374024906347231365e+02
2.375602830470466813e+02
2.374976350726055614e+02
2.378045724595527588e+02
2.374976413318657080e+02
2.378065513162378011e+02
2.378159505002818150e+02
2.376874298059575210e+02
2.377645685343534012e+02
2.377645461196548240e+02
2.376491677701516494e+02
2.373439805857961176e+02
2.377139491605685180e+02
2.378634493892424189e+02
2.376603385695958366e+02
2.375416603165180902e+02
2.377648261043636921e+02
2.376612651388560096e+02
2.374783975948153909e+02
2.375334882194142949e+02
2.372052901697742016e+02
2.373743194573661128e+02
2.375317044669186544e+02
2.376620084880619572e+02
2.375096137994421781e+02
2.376477213080966067e+02
2.373402006610448325e+02
2.376328003581290034e+02
2.373627448504726942e+02
2.375666267008175510e+02
2.373734975215983525e+02
2.374688166716327942e+02
2.372853985697954329e+02
2.371633115572514043e+02
2.374241867944986097e+02
2.375256338395052751e+02
2.375148569659681641e+02
2.375857950035424437e+02
2.369843252750422380e+02
2.373991936780925300e+02
2.371509110681146524e+02
2.371241409998835650e+02
2.375197081473247920e+02
2.372594537913846580e+02
2.375079687376923800e+02
2.376094743739751038e+02
2.370434726034747825e+02
2.368119866100529691e+02
2.372311643432515211e+02
2.370773736130575742e+02
2.372148725136695191e+02
2.372537436275709979e+02
2.377192340912682482e+02
2.375087901090064122e+02
2.376395411538656219e+02
2.379874786655683181e+02
2.379472205905603062e+02
2.378614799174285679e+02
2.376515356930921143e+02
2.376914637301804305e+02
2.379819527167678928e+02
2.379962040179022722e+02
2.378170997688586397e+02
2.378227951200013592e+02
2.378270674117351291e+02
2.379243523975616199e+02
2.382114316982468551e+02
2.380418829786005688e+02
2.381196517027274240e+02
2.381971862327916085e+02
