1.027120677383868355e+02
1.025110378943319773e+02
1.035599574569845771e+02
1.029920078581526042e+02
1.025743919251985830e+02
1.029883939211910189e+02
1.028143970842883306e+02
1.028400303782227780e+02
1.026202612589627989e+02
1.028168304200200964e+02
1.030833106117298286e+02
1.031198179456666253e+02
1.025778580615631626e+02
1.036802344606167168e+02
1.024313001771989065e+02
1.027857044194764740e+02
1.029229741527759643e+02
1.026459378863587091e+02
1.025152587612375896e+02
1.023220429282988562e+02
1.027973625318717978e+02
1.026108187708796748e+02
1.024049871535693796e+02
1.032841167799626305e+02
1.032854842824976345e+02
1.029422800552879238e+02
1.027167679774570814e+02
1.031639861381256225e+02
1.025769275532855289e+02
1.024652622782228804e+02
1.028409989872827879e+02
1.028966037069559434e+02
1.032583277384727154e+02
1.034147199911374315e+02
1.048557090888403565e+02
1.031416729762474915e+02
1.034518158275693622e+02
1.030546149299485705e+02
1.027961941336095464e+02
1.023746676963302775e+02
1.027162528589587964e+02
1.032124855604509577e+02
1.027464437536283981e+02
1.026024507153593248e+02
1.029183037459737733e+02
1.029194090919369415e+02
1.021612069379197720e+02
1.021671419483828487e+02
1.025164989964402054e+02
1.026150424019171936e+02
1.025792836074872980e+02
1.024858753963629852e+02
1.031387933919792772e+02
1.038733605313669699e+02
1.032130924388523709e+02
1.023102542012450726e+02
1.027509751872078283e+02
1.030858031719544243e+02
1.024265541307337344e+02
1.029648086721322215e+02
1.033031813918636317e+02
1.025834668234487594e+02
1.037030778979940777e+02
1.032205239810738675e+02
1.029253032553499025e+02
1.030440258071417219e+02
1.037034615514578917e+02
1.028144353370145012e+02
1.032149442266250645e+02
1.033848839482617024e+02
1.027968478135989585e+02
1.029679419050682583e+02
1.025648210117667389e+02
1.031379984727687571e+02
1.031119451836492544e+02
1.027179482610634267e+02
1.029457102888855502e+02
1.030735263762609861e+02
1.034658377597566101e+02
1.032927903815246964e+02
1.027369825581756260e+02
1.026662928363515874e+02
1.030924978165841850e+02
1.030259027116083104e+02
1.027047498689474736e+02
1.028774034950377398e+02
1.033305492189856949e+02
1.022575066136240451e+02
1.028258197502730269e+02
1.031118098752189240e+02
1.031539501867733293e+02
1.029456679783571502e+02
1.034358020376362219e+02
1.031027321321626431e+02
1.031150351092865520e+02
1.037099860332987618e+02
1.032625855644795791e+02
1.030765622541141369e+02
1.032980229936050165e+02
1.028979549297775407e+02
1.028782198125907570e+02
1.033980393031387024e+02
1.027714366570688185e+02
1.028391211907018743e+02
1.031876835388345199e+02
1.032771821131495500e+02
1.029322768066617613e+02
1.035364839182379484e+02
1.032486101163537597e+02
1.032045178919960478e+02
1.028306173527012248e+02
1.033892649501781307e+02
1.026789213572119905e+02
1.036840235941834720e+02
1.035646407227973924e+02
1.036229154598282776e+02
1.030917565849375848e+02
1.037993478197024189e+02
1.033826039420020351e+02
1.029567715516581217e+02
1.037320467800659998e+02
1.030475962800813221e+02
1.032197913545329584e+02
1.030841375563332321e+02
1.036073788616904494e+02
1.028458442571508158e+02
1.032375982516561521e+02
1.035964837562994489e+02
1.029887014433269457e+02
1.036132369812336123e+02
1.029681083812975970e+02
1.025840498020688898e+02
1.035559792805190114e+02
1.042009110693353904e+02
1.041350500107871113e+02
1.029690703806531786e+02
1.033216900871007198e+02
1.029884031399255804e+02
1.027780615911245405e+02
1.031437062397979361e+02
1.030728256037979094e+02
1.037410638393231039e+02
1.051625703639373910e+02
1.041468300631312189e+02
1.032500849337443043e+02
1.028602434381268012e+02
1.026781742385976344e+02
1.025809257357135067e+02
1.025872300624684073e+02
1.020590024723840230e+02
1.026525603120887808e+02
1.024831324945482010e+02
1.024851463471776043e+02
1.025526129741906658e+02
1.020571335285998771e+02
1.023642487340433718e+02
1.025655242174226487e+02
1.020799302624183866e+02
1.023703351525125100e+02
1.023109046066100660e+02
1.018361754253077294e+02
1.019867882644386299e+02
1.019380306253204935e+02
1.022868938053273240e+02
1.023553936544187906e+02
