2.860920110952139908e+02
2.861959338655365741e+02
2.860393590489329085e+02
2.858357483549906419e+02
2.859669379615048115e+02
2.860217599688057817e+02
2.859741400350914660e+02
2.860831118071546371e+02
2.858984416066960534e+02
2.860143743453316461e+02
2.860686211852892598e+02
2.859832679581239745e+02
2.861168022726518529e+02
2.860629565429125591e+02
2.860053597834942138e+02
2.861254425836452242e+02
2.861141046977192559e+02
2.861192283705124169e+02
2.862609165352428136e+02
2.862917590979615738e+02
2.862472267785520899e+02
2.860279553026464896e+02
2.860520249259698176e+02
2.861776032288980218e+02
2.858589379382034963e+02
2.859071320027062484e+02
2.860758541910817598e+02
2.860545940560401164e+02
2.859575498253263390e+02
2.860319735857235059e+02
2.861989320516752855e+02
2.863845113381697161e+02
2.861007555713777037e+02
2.860591354517193281e+02
2.856840938224950150e+02
2.858919812874470949e+02
2.860899785879914248e+02
2.860860117856934153e+02
2.860153731961003132e+02
2.860486932068833426e+02
2.861175336589658968e+02
2.859916866371418678e+02
2.859023423768502994e+02
2.860765016516568835e+02
2.862024682489497422e+02
2.860032122733269375e+02
2.860275604757547399e+02
2.862744856341815307e+02
2.865519068760505093e+02
2.864635824194941165e+02
2.862927189073449199e+02
2.862728471098464524e+02
2.863911624215794518e+02
2.860003157337186508e+02
2.860565137488502501e+02
2.861794977191240719e+02
2.863251553617430432e+02
2.860707851285424681e+02
2.862188486138101666e+02
2.861936570588241011e+02
2.861559875595698372e+02
2.860188141223464413e+02
2.859411821224310302e+02
2.859254838880269176e+02
2.860585939145593670e+02
2.860498550812673102e+02
2.858572829719773267e+02
2.859103392828972119e+02
2.860917369718698069e+02
2.859352055024122023e+02
2.859699983926207665e+02
2.860717303341535285e+02
2.862344924340839611e+02
2.861074940419803738e+02
2.859831448194286736e+02
2.860290531906038609e+02
2.859683578135859534e+02
2.861492897392378723e+02
2.860653859024009193e+02
2.858852505751374906e+02
2.858887069127206928e+02
2.860907508234465126e+02
2.861901210474889581e+02
2.860684229872392734e+02
2.860194104586797152e+02
2.860971247161493238e+02
2.860251900325205838e+02
2.860790783837189792e+02
2.862506375966644896e+02
2.864722044628438198e+02
2.861206982970684862e+02
2.861774279190271955e+02
2.859723791193174520e+02
2.857726786282696025e+02
2.858873926591670056e+02
2.860674854318924076e+02
2.859140271080407842e+02
2.860102404335843858e+02
2.860879090334433386e+02
2.860077526369120164e+02
2.863686294757855535e+02
2.862966936554431641e+02
2.860587465427108782e+02
2.862153007182344595e+02
2.861338400926219379e+02
2.860034328320193140e+02
2.860642683949710090e+02
2.862866252118811872e+02
2.860230764273715636e+02
2.860548628717021415e+02
2.860479171151068840e+02
2.861626011254863329e+02
2.860758257656864885e+02
2.862766222978813744e+02
2.861680968633562543e+02
2.859647526080732973e+02
2.861579791173792842e+02
2.863191779724816115e+02
2.861476493091838620e+02
2.861927797244066483e+02
2.860864799980844850e+02
2.860784426949668955e+02
2.862530292082023493e+02
2.861415561876959259e+02
2.861852374470080349e+02
2.861494776419780237e+02
2.862258735573071817e+02
2.861481212439715023e+02
2.863443984418002515e+02
2.862705936309068875e+02
2.862798565493976071e+02
2.864069737478650381e+02
2.866948710473585038e+02
2.864574960710647247e+02
2.863928653777276168e+02
2.862885940066626631e+02
2.864987175570941531e+02
2.864744523019655844e+02
2.863909734766475594e+02
2.865955682108800602e+02
2.866084695619995273e+02
2.864910737991295377e+02
2.865260729810746625e+02
2.866000649856909490e+02
2.864315114142020207e+02
2.867180395318425781e+02
2.868262330676676584e+02
2.869864076057512534e+02
2.867881819150801448e+02
2.870572535865437658e+02
2.873223704357827728e+02
2.870676023269000439e+02
2.870674434877874432e+02
2.869272475917671272e+02
2.871100752321416962e+02
2.874094652180340859e+02
2.872664828401486261e+02
2.872025161691028643e+02
2.872039394656882791e+02
2.871314914580407844e+02
2.872951743404305489e+02
2.874813818187665788e+02
2.873969787683880668e+02
2.876060999678155667e+02
2.875993678735111985e+02
