9.968709146639416474e+01
9.920946954782483829e+01
9.953216566563691003e+01
9.939511575940099419e+01
9.946253608388367695e+01
9.971196895404541749e+01
9.944000204634316731e+01
9.940995454884843241e+01
9.959208942799919839e+01
9.932171404759924371e+01
9.956270185032718700e+01
9.970410524453723156e+01
9.886128680878607611e+01
9.899394516383289044e+01
9.940070095555813623e+01
9.895658135986990089e+01
9.883041815325412927e+01
9.906794967925473827e+01
9.878151250428415153e+01
9.896114746474587776e+01
9.900871169638708125e+01
9.911209593114149641e+01
9.927908698375121332e+01
9.858999792996456790e+01
9.916848684488256538e+01
9.894399625860928893e+01
9.943544380389444370e+01
9.895115203626200184e+01
9.847990426902858019e+01
9.918876702738243978e+01
9.874550458217369453e+01
9.886722572745752302e+01
9.848496788090768916e+01
9.851798423968135410e+01
9.860450810436599056e+01
9.843081864330331143e+01
9.864748198318214634e+01
9.833786077187328090e+01
9.835730307690010932e+01
9.829918664249647975e+01
9.869663530542972296e+01
9.835010451879004734e+01
9.815436035130089465e+01
9.847584086154495253e+01
9.818783337780367049e+01
9.805408797577025837e+01
9.845559767807414175e+01
9.808242084993626975e+01
9.848664671565525452e+01
9.828268396951345665e+01
9.850097752641063664e+01
9.831905549352785556e+01
9.848985965183521785e+01
9.814141812386344554e+01
9.830003253781160311e+01
9.849068441015715791e+01
9.782870241800391398e+01
9.843043696921741059e+01
9.846474154853528660e+01
9.796001223691536097e+01
9.797036696879861495e+01
9.831520107312287848e+01
9.814416331927439785e+01
9.794702586638358355e+01
9.835751937973340375e+01
9.852820047347022125e+01
9.771133083754925508e+01
9.807366065782183284e+01
9.883171269062496833e+01
9.799470450716638936e+01
9.800365610723650889e+01
9.823081046452720955e+01
9.802195541033806592e+01
9.726911141678438355e+01
9.783012715018706729e+01
9.809514867331886023e+01
9.730045830601005719e+01
9.789394260887326027e+01
9.821725116616272544e+01
9.762579302164438388e+01
9.806743719528513736e+01
9.804934002241913049e+01
9.830118386914283235e+01
9.773621999875643951e+01
9.737237552478681835e+01
9.808204772408873851e+01
9.776847550771189788e+01
9.772299713929766085e+01
9.799722755406462227e+01
9.824777071959012176e+01
9.795420846537651016e+01
9.785115117799078632e+01
9.760649836111167588e+01
9.775786548273043763e+01
9.791656834124438546e+01
9.745161283025898058e+01
9.795677566286347826e+01
9.758419885216115119e+01
9.793036405251872623e+01
9.700277836470185377e+01
9.775443836681792220e+01
9.728343239628138406e+01
9.739038286969632452e+01
9.750818372374538967e+01
9.688393095454215143e+01
9.745543765729333074e+01
9.739313187839901786e+01
9.716476975759655943e+01
9.769087037094114123e+01
9.771377634736990103e+01
9.759381896358318897e+01
9.777761772253671779e+01
9.735883858114804923e+01
9.710139560248462942e+01
9.721220401108143960e+01
9.717218790811274687e+01
9.744712056203739792e+01
9.705990882496901406e+01
9.703912352754935000e+01
9.715591411628054175e+01
9.747729938413135642e+01
9.769070511986124927e+01
9.704969485362067871e+01
9.746736980424533670e+01
9.688635631750226196e+01
9.703808074413984741e+01
9.700653655193012526e+01
9.747561200806323711e+01
9.675958844554556038e+01
9.677334986356284219e+01
9.731040626757338430e+01
9.692440616560860178e+01
9.689196103682671435e+01
9.755311392352918176e+01
9.635531866063627149e+01
9.705686569718822909e+01
9.710874502817257792e+01
9.685515715394500091e+01
9.676304677031642143e+01
9.664078030454265900e+01
9.678318608712761772e+01
9.668001660229334959e+01
9.682635640177032599e+01
9.642699825084410747e+01
9.609057228341418977e+01
9.670344099099214930e+01
9.656611965814239795e+01
9.657435049661586390e+01
9.648901931372701313e+01
9.660760659591609567e+01
9.673792603345579266e+01
9.648743028464370752e+01
9.604490156606108542e+01
9.641008440006733338e+01
9.628997160020607282e+01
9.651270776921158756e+01
9.650320074367964196e+01
9.638394106027546115e+01
9.639980561337267773e+01
9.607261368044612482e+01
