2.859229950671249298e+02
2.858461922992823361e+02
2.859855962210808116e+02
2.858434964202407969e+02
2.859519531383991762e+02
2.858599531145230230e+02
2.858312760416102378e+02
2.859658123820174751e+02
2.860285681019630033e+02
2.858586656441933656e+02
2.859829345452856728e+02
2.861724502509823083e+02
2.859578355257531825e+02
2.861516663663391569e+02
2.863327069392044564e+02
2.860112726267498147e+02
2.861904316903089693e+02
2.864318845238292965e+02
2.862486772063438139e+02
2.862501982642688745e+02
2.865397731566222888e+02
2.865674684681925442e+02
2.864703171023469963e+02
2.864368918989690087e+02
2.865799137017646672e+02
2.863978080046633750e+02
2.865787255168689285e+02
2.866790021065807537e+02
2.866366952779664530e+02
2.867092480361102389e+02
2.866801455774880196e+02
2.867214789069749372e+02
2.866051332387816615e+02
2.868356430785013913e+02
2.867684132832704336e+02
2.868209388986852559e+02
2.870188866068602920e+02
2.870448898487711631e+02
2.868814760705283220e+02
2.870293416031979632e+02
2.871807247378869761e+02
2.869461920545635962e+02
2.870343178172251442e+02
2.874153963577852551e+02
2.873215123786177969e+02
2.873551286886494722e+02
2.874476768904176538e+02
2.871337692119189455e+02
2.873299970088866075e+02
2.875105875481679618e+02
2.874111351139756607e+02
2.874723702542552246e+02
2.876486575044597771e+02
2.873786096098873486e+02
2.876052397137049752e+02
2.875878942490903682e+02
2.874287809322477756e+02
2.876900642210444516e+02
2.878464830970985417e+02
2.875790572691614102e+02
2.876899688479178963e+02
2.880595571072876169e+02
2.878846589166951730e+02
2.877279321734286555e+02
2.879487151931330686e+02
2.879532316158202434e+02
2.877693613280010254e+02
2.879446199515886065e+02
2.879998909138582803e+02
2.877820546612581438e+02
2.879623010130317766e+02
2.882004585123077618e+02
2.880564377436858763e+02
2.880411804050954174e+02
2.882476499891441790e+02
2.884212806222470249e+02
2.881827574876621725e+02
2.885457470561717059e+02
2.885754296314383964e+02
2.883950402657379755e+02
2.884637874820143679e+02
2.886655862267714383e+02
2.886248558443883212e+02
2.883541084392444986e+02
2.885063195044883173e+02
2.887788870504994634e+02
2.884898002062731734e+02
2.885715838186647488e+02
2.889085261964500546e+02
2.887582674381910692e+02
2.886724648501257775e+02
2.890748064846504235e+02
2.888646529665252842e+02
2.887508816903113029e+02
2.889989829580852074e+02
2.888938911762987232e+02
2.888780198189588759e+02
2.890059466951306035e+02
2.891466946696337459e+02
2.889616495951426600e+02
2.891833502770517725e+02
2.891318102374497698e+02
2.893249469816494752e+02
2.894312741540484240e+02
2.891309686198076747e+02
2.892954032649604983e+02
2.895971885473710472e+02
2.895501462590102619e+02
2.895516190659768085e+02
2.894731468629152573e+02
2.894904815859717360e+02
2.897229964342018889e+02
2.894834125109092042e+02
2.896272830505988054e+02
2.898425676011840437e+02
2.897725551090074418e+02
2.899269810070686617e+02
2.901069273309271352e+02
2.899603631188685426e+02
2.899552988814134551e+02
2.900581967444564953e+02
2.898118412848963885e+02
2.898161052179236208e+02
2.902693947889754895e+02
2.901191739930761742e+02
2.901298058996423492e+02
2.902488353348206829e+02
2.900296260050111528e+02
2.903117104237564945e+02
2.905509173996063623e+02
2.903111820903945386e+02
2.903396466769443691e+02
2.905901207706442051e+02
2.905429858790234334e+02
2.904895447064581617e+02
2.907084061400469182e+02
2.905097334873448176e+02
2.905502467749602147e+02
2.909758838778465133e+02
2.906978997200855588e+02
2.907478555808856981e+02
2.909880614860266519e+02
2.907877534378728797e+02
2.910172951829856061e+02
2.909904327250249594e+02
2.911611623575898307e+02
2.911684118201309275e+02
2.910947531149067231e+02
2.911692932129452061e+02
2.913362231370604718e+02
2.912015394764306393e+02
2.912569385967580615e+02
2.912341915543142363e+02
2.914876360149095831e+02
2.914430854098052919e+02
2.914983756610757268e+02
2.915517750922749656e+02
2.915692324126152357e+02
2.913734017558867890e+02
2.914985976653260309e+02
