2.423842657386506119e+02
2.428226704126050208e+02
2.423005672775319681e+02
2.424558870714359102e+02
2.428991734741228186e+02
2.422769869389138648e+02
2.422727239476595287e+02
2.422837071363983057e+02
2.423393407702075422e+02
2.426382379612533384e+02
2.423770505336759697e+02
2.420623004672379750e+02
2.422923130452182647e+02
2.425070700128849523e+02
2.422463578082472395e+02
2.418548507740254365e+02
2.421374663551286233e+02
2.422062053520246820e+02
2.419961511254499840e+02
2.419905367890883099e+02
2.427832156967842820e+02
2.422752613297628557e+02
2.426761876258586881e+02
2.418535459902238642e+02
2.420970742055957317e+02
2.422953561009091743e+02
2.419731151600426813e+02
2.419593895635199203e+02
2.421054220219901651e+02
2.420719984988692488e+02
2.425220886329856000e+02
2.420076926525082115e+02
2.423139922517588900e+02
2.421359343832335469e+02
2.426540060414201037e+02
2.418397871914761765e+02
2.417473115176366036e+02
2.422740878951209140e+02
2.425100890074630797e+02
2.424938968125809140e+02
2.422795877639973412e+02
2.420512661313917135e+02
2.421957278084941265e+02
2.422302556215171592e+02
2.418479961455925320e+02
2.418638835936565386e+02
2.418686968970849875e+02
2.420883983369614896e+02
2.422255535953565868e+02
2.422963060009224989e+02
2.420890340021067288e+02
2.419062358513869242e+02
2.420086384906994397e+02
2.421405006651998235e+02
2.423603240072303322e+02
2.428119972269917355e+02
2.421782960493760868e+02
2.423481126601737969e+02
2.419720337296796231e+02
2.427291418983713527e+02
2.420536958156853018e+02
2.418380145568002888e+02
2.418621966409743891e+02
2.420199318562316364e+02
2.424234116456129016e+02
2.427366471861099342e+02
2.418947278893095643e+02
2.417941599403722250e+02
2.418456541013784999e+02
2.425798101409140770e+02
2.420066257167244430e+02
2.418721039252672256e+02
2.423485971732920632e+02
2.423163345599797651e+02
2.418940690625429397e+02
2.419996157347558210e+02
2.417169473792885128e+02
2.416736327325617424e+02
2.422305962252934535e+02
2.426503859690899674e+02
2.419579711241375151e+02
2.420701662805956857e+02
2.423670225103861355e+02
2.418152041290067871e+02
2.423432160464867877e+02
2.423785357326967187e+02
2.419360792544673302e+02
2.417947182786605254e+02
2.417290673720878829e+02
2.419013654092741490e+02
2.417234551840930692e+02
2.421525814131153993e+02
2.427960432474816059e+02
2.423584818676577299e+02
2.424045690439000680e+02
2.425556388190883297e+02
2.424487206711247893e+02
2.427363333601910824e+02
2.424898133128176312e+02
2.423816845581146993e+02
2.422854539435065533e+02
2.425859905816970183e+02
2.424775166809880318e+02
2.422014854627272769e+02
2.426312709359116297e+02
2.422732063202751078e+02
2.425288841514750118e+02
2.427014333085287490e+02
2.422140068139407560e+02
2.422064849347403026e+02
2.421970315879889313e+02
2.419413141446253803e+02
2.422129970839488635e+02
2.423727808833185691e+02
2.418805079503206343e+02
2.425598538748940030e+02
2.428429331615282081e+02
2.427149796821779262e+02
2.426998407843023813e+02
2.421792141109680472e+02
2.424266082885722255e+02
2.424334700520779222e+02
2.429905302053754212e+02
2.422572222175018908e+02
2.422785167682498297e+02
2.423890308190656526e+02
2.423087581825481323e+02
2.427969427333103738e+02
2.425103214773317575e+02
2.425506986584947811e+02
2.425603781169545528e+02
2.429158072721022847e+02
2.427257074898583653e+02
2.429008647605556632e+02
2.426537162029455033e+02
2.424400387764096934e+02
2.431718775179622583e+02
2.426928978502915015e+02
2.424170054242938761e+02
2.424715636073185578e+02
2.428337538142128267e+02
2.422826315680284779e+02
2.426417294848056656e+02
2.424414169709931741e+02
2.423528155175573886e+02
2.420357989010525159e+02
2.421138501228746520e+02
2.423330194028493167e+02
2.421377164161828830e+02
2.424494818448663693e+02
2.427827172854456705e+02
2.424074308784722689e+02
2.424867595809982106e+02
2.423484654671794090e+02
2.428125610354301500e+02
2.431203125719647460e+02
2.424512812344953829e+02
2.420393152997455388e+02
2.422911999368326690e+02
2.424462804194432977e+02
2.421507975225042344e+02
2.419037296697840986e+02
2.419637296152369572e+02
2.420662113464101424e+02
2.420886135716172305e+02
2.425996905232073857e+02
2.420130512200540807e+02
2.423529065017077357e+02
2.421885391587228185e+02
2.424490249091032581e+02
2.423764027378202002e+02
2.422040739282898301e+02
2.423504481785161886e+02
2.424679886594456377e+02
2.420775810285412319e+02
2.420459496482419297e+02
2.424696172969408110e+02
2.420919088604229898e+02
2.425404752679446574e+02
2.426046873402739550e+02
2.425671149978009851e+02
2.425269177484498186e+02
2.422880343001550045e+02
2.419473278249162149e+02
2.423724631542039845e+02
2.426511166575941161e+02
2.419819018279851264e+02
2.422938487033455601e+02
2.425352476407047391e+02
2.420564082321783133e+02
2.425196551041344719e+02
2.425991989774781530e+02
2.426162107271996717e+02
2.428309138692933118e+02
2.431689378613855297e+02
2.429883192192226886e+02
2.423133346946316067e+02
2.427105308595382382e+02
2.428839163939304342e+02
2.432937288260750393e+02
2.426087176389635545e+02
2.426416944092955816e+02
2.428836714838937496e+02
2.425704656620183357e+02
2.425907235010720342e+02
2.426089396970167797e+02
2.428336640233145545e+02
2.425913230164107688e+02
2.427217569168323905e+02
2.427272038059635406e+02
2.424312065485434289e+02
2.425396450264116481e+02
2.425939898171545792e+02
2.427413314318610276e+02
2.425204511335881818e+02
2.424838100690780038e+02
2.424329491269344032e+02
2.425017982655610069e+02
2.426339965086577593e+02
2.425082563604074721e+02
2.427927183848094046e+02
2.430824155738069976e+02
2.426039644949619003e+02
2.431049762673004579e+02
2.430220468874150868e+02
2.425793108099982192e+02
2.426986045988620333e+02
2.426532639901884068e+02
2.430011633178487784e+02
2.421355261305232318e+02
2.418755828326777646e+02
2.425054839538323392e+02
2.428743061266980021e+02
2.425038700068887465e+02
2.429182563486464232e+02
2.425164141071360575e+02
2.426746827325335119e+02
2.427559771350323672e+02
2.424357912005006312e+02
2.422741015175231212e+02
2.421030156896241294e+02
2.421154094649670014e+02
2.417827979308667352e+02
2.421555923137074444e+02
2.426303399882999372e+02
2.423290093127527598e+02
2.428159376829082703e+02
2.425510818352673823e+02
2.425132895655690106e+02
2.428694677757059708e+02
2.423918701920922274e+02
2.425169031136991009e+02
2.426278082159474252e+02
2.425340515129816197e+02
2.424172853209317680e+02
2.429651883643302881e+02
2.427060273970964772e+02
2.425254509593967214e+02
2.426471583274352213e+02
2.429478816687259553e+02
2.423818982260700352e+02
2.424769848398017018e+02
2.429764852325460254e+02
2.428584396836314170e+02
2.432342532948870542e+02
2.423784748687283752e+02
2.425788869835643879e+02
2.427654065995937742e+02
2.423926862630651158e+02
2.423506046830742378e+02
2.431274451398779775e+02
2.433156599699825335e+02
2.428790540079127425e+02
2.427407862960720877e+02
2.428922019305399260e+02
2.427527184091605932e+02
2.433347663005785932e+02
2.426912437005866821e+02
2.431159528510952725e+02
2.427704378577374200e+02
2.425270038806752098e+02
2.429377161577336039e+02
2.432558298149664324e+02
2.428079597556500175e+02
2.428422372127321296e+02
2.430037465639961738e+02
2.427486338233763945e+02
2.429741769514866974e+02
2.427879078961118182e+02
2.430763268409542377e+02
2.433714951777172644e+02
2.433701211616782132e+02
2.428051517247160973e+02
2.429107169378395099e+02
2.429514137388387951e+02
2.436013007149520320e+02
2.429115097684358773e+02
2.424879009156142899e+02
2.427491930333695791e+02
2.431396866828556824e+02
2.429276730644748170e+02
2.434946584431837664e+02
2.426883097747275713e+02
2.426877617958700739e+02
2.431692948054701162e+02
2.426221376126419216e+02
2.427210802024628435e+02
2.427933706337379647e+02
2.431404544885905352e+02
2.429133635494812040e+02
2.431487387124342376e+02
2.428729786868200620e+02
2.431306965188014999e+02
2.431832183038744688e+02
2.435180105661641790e+02
2.428218946547699773e+02
2.427372688039143895e+02
2.427439593256135595e+02
2.431526014398527025e+02
2.430056353683913528e+02
2.427992253526753359e+02
2.435950244433297485e+02
2.429583248440170564e+02
2.430617354012125872e+02
2.430567767201948470e+02
2.430818671695895148e+02
2.431842852385764218e+02
2.428197257813270937e+02
2.426311004067320312e+02
2.426662331525783145e+02
2.431614174082685338e+02
2.433839003120196764e+02
2.429235202457142861e+02
2.433816943539060276e+02
2.430015507410539897e+02
2.429147795709380659e+02
2.428744462249107698e+02
2.429648501315481042e+02
2.431041349287995956e+02
2.431395054032561518e+02
2.424302598671895339e+02
2.428278373146431477e+02
2.433652737877656307e+02
2.429887806765318885e+02
2.425490242911043595e+02
2.430892767717824370e+02
2.435765839434841098e+02
2.429134805526742866e+02
2.423527355130517265e+02
2.427237303872601615e+02
2.435701035376199854e+02
2.428894006634268408e+02
2.428474674247998735e+02
2.425541971021322354e+02
2.423322149927858220e+02
2.426818240507431028e+02
2.433780154269750255e+02
2.428393983288921163e+02
2.427222391138081719e+02
2.424586322615071765e+02
2.426700888339148321e+02
2.429516006586856065e+02
2.432247343238645954e+02
2.430197631639991869e+02
2.432152030434108667e+02
2.426679818201610317e+02
2.425408108478718532e+02
2.432032962659883140e+02
2.434680112257076701e+02
2.432056019631910715e+02
2.427651607635783932e+02
2.428096715493695683e+02
2.430611564922262744e+02
2.430396334642182694e+02
2.426476355133168852e+02
2.427426244569830942e+02
2.432897207493332417e+02
2.428905525353186192e+02
2.429743592683599900e+02
2.428519176795029750e+02
2.428302865323247772e+02
2.427577604632263046e+02
2.425205083531919854e+02
2.425702385734818165e+02
2.427877869208172115e+02
2.424885658594431845e+02
2.429832088786281474e+02
2.429021845651033402e+02
2.432367974492116218e+02
2.426575009996228403e+02
2.428800932247796993e+02
2.432928300446390040e+02
2.431067479354726686e+02
2.429057802997049009e+02
2.426965989416787579e+02
2.425155190098244020e+02
2.428023601018915087e+02
2.429793997119847120e+02
2.424242480999720613e+02
2.429609685372869023e+02
2.431654489867044902e+02
2.433877585943737358e+02
2.428628900768628966e+02
2.427030690430285915e+02
2.427631374068172079e+02
2.428933853890891044e+02
2.430331439861838305e+02
2.430012575844606033e+02
2.430069043953950256e+02
2.432988155637640375e+02
2.429405680856627896e+02
2.430433904164235344e+02
2.435352042805166946e+02
2.427704243402768896e+02
2.431244161902729104e+02
2.435173217738988853e+02
2.430912424486958798e+02
2.427872412883584445e+02
2.433064331994185352e+02
2.431843662423316061e+02
2.431565691133628491e+02
2.432386774119446784e+02
2.426882956393829716e+02
2.428139791860739649e+02
2.432124174813827437e+02
2.435544935385167094e+02
2.430652434984883712e+02
2.428571702168930813e+02
2.427901250086008815e+02
2.434239216382226516e+02
2.431212653638728796e+02
2.425541615068778185e+02
2.430257636508136159e+02
2.438389004957096233e+02
2.432309666018667542e+02
2.429369532413849413e+02
2.426389763287850485e+02
2.434104120818129786e+02
2.433143452894277061e+02
2.434841329746941483e+02
2.435397923739788268e+02
2.433364749053268667e+02
2.438700665938156362e+02
2.430162770597929409e+02
2.429047293494260487e+02
2.434885523253094846e+02
2.433496091985260534e+02
2.432392814470023268e+02
2.428989968237259802e+02
2.435730599085309223e+02
2.435218944367286156e+02
2.435336227206696549e+02
2.432712495903205365e+02
2.435365675652035407e+02
2.434663486404475634e+02
2.436491421305912297e+02
2.437059202507245743e+02
2.435817270630803080e+02
2.433616441116887472e+02
2.429425767652024888e+02
2.433932475273004741e+02
2.433050646550565546e+02
2.430468283352728065e+02
2.429585970406113802e+02
2.433065607588528110e+02
2.427272380381700998e+02
2.429659064248773177e+02
2.431618472788309191e+02
2.437631924307279121e+02
2.430514386200826777e+02
2.430338657849466699e+02
2.433154735740542094e+02
2.431344005333317284e+02
2.432251524005384624e+02
2.433029525668611370e+02
2.430401751531057926e+02
2.428366707174872374e+02
2.432264182345155632e+02
2.433914213703901339e+02
2.433267092999797114e+02
2.433227714271228024e+02
2.436249689540879046e+02
2.429743784030781626e+02
2.429669762716666526e+02
2.435196000643033756e+02
2.434063981529640444e+02
2.433463668173875476e+02
2.433208036535455676e+02
2.428927088346516712e+02
2.430590723903927710e+02
2.428473841928120862e+02
2.435868774010736217e+02
2.426906074645982017e+02
2.430976929741032961e+02
2.431703077276636122e+02
2.435871802862232016e+02
2.437871640873552508e+02
2.437293928570870492e+02
2.436869109103641904e+02
2.436530604805300300e+02
