9.749605877162109380e+01
9.755740660518813456e+01
9.735309079274748001e+01
9.731974216635165931e+01
9.741127546375331292e+01
9.804284825395474456e+01
9.778507752308682655e+01
9.739031539455100983e+01
9.767475481612149224e+01
9.762534608600005015e+01
9.798223663022554319e+01
9.806701753477302930e+01
9.783447945628911668e+01
9.775697748381459462e+01
9.761594250123077643e+01
9.778878714560657670e+01
9.783468730122000068e+01
9.787835817750169554e+01
9.788604531489841065e+01
9.780350571768276779e+01
9.779808701254683001e+01
9.784552497483717559e+01
9.782228517867645223e+01
9.770993017263155878e+01
9.816420051630262833e+01
9.794040945978234447e+01
9.797616316432093697e+01
9.798289983379522994e+01
9.784946003308499485e+01
9.786450224370783246e+01
9.794914561218172366e+01
9.789197366799010069e+01
9.783305937669656771e+01
9.780229573673021548e+01
9.756124729091084191e+01
9.843509966061037630e+01
9.805078408844730120e+01
9.766062347746567696e+01
9.752841127025688195e+01
9.759432655946386603e+01
9.803518346383968662e+01
9.809067221361654276e+01
9.792144266982360534e+01
9.799940153396612175e+01
9.799779467293735991e+01
9.795165240536550755e+01
9.813973613971019461e+01
9.768613742430746072e+01
9.788652160700659977e+01
9.785346109830673811e+01
9.773081673564301752e+01
9.814503200493271606e+01
9.803948730907445963e+01
9.759846896685455420e+01
9.739762687441975686e+01
9.749957329071712309e+01
9.740689879101269355e+01
9.764162872324074272e+01
9.751649483106062632e+01
9.776068120291637342e+01
9.780498680455291094e+01
9.800927945726529344e+01
9.787687597314796051e+01
9.804084310946372227e+01
9.735844055437780753e+01
9.785584322362653609e+01
9.809464910002446913e+01
9.800436718861674024e+01
9.754538465271691905e+01
9.767395838252713247e+01
9.818085401517764410e+01
9.792779555522321289e+01
9.795901060186396592e+01
9.789028639784498864e+01
9.795216797141760878e+01
9.807695527378960776e+01
9.803053342209921084e+01
9.799928683601210366e+01
9.792537333198981742e+01
9.788996913126057109e+01
9.802190999970882501e+01
9.776082035378051671e+01
9.780174590641757959e+01
9.773599805057388323e+01
9.788171967127904338e+01
9.809221136151229814e+01
9.829040960697933826e+01
9.800352386986588726e+01
9.801754379576334486e+01
9.808700923679380423e+01
9.782990856895115428e+01
9.742869519116187860e+01
9.714500628700763230e+01
9.745154389908161363e+01
9.722685171827275497e+01
9.765363876161903534e+01
9.722375350701388186e+01
9.708280294032635993e+01
9.774575424810666391e+01
9.766383940322684509e+01
9.754983826151904225e+01
9.737777629772618582e+01
9.751769728402361181e+01
9.760642498354587815e+01
9.775988348393578065e+01
9.759218833404214877e+01
9.751597116301445567e+01
9.777263609680385059e+01
9.772375424708194203e+01
9.784963330753906519e+01
9.786930792171513360e+01
9.797959425454176596e+01
9.767518818165096661e+01
9.785511164204761769e+01
9.765424861257169198e+01
9.749175841838292911e+01
9.716692085282763003e+01
9.722829248942895219e+01
9.759199424284879854e+01
9.728495378423464501e+01
9.773681472078637000e+01
9.751226616116922230e+01
9.741336940235737529e+01
9.780836090283951023e+01
9.764702569860911296e+01
9.784544601487345972e+01
9.754737499357577235e+01
9.728026035247512482e+01
9.736723556398446533e+01
9.722690992383256514e+01
9.729633385131351986e+01
9.741099764128706795e+01
9.719250919283216206e+01
9.690196576569208275e+01
9.729798614898980702e+01
9.739585686667538766e+01
9.726964110839007560e+01
9.730931602937293690e+01
9.724283619666083212e+01
9.763083918684249340e+01
9.750094787775871907e+01
9.731285639307543534e+01
9.777300744832024293e+01
9.758780048106653737e+01
9.803159954106244811e+01
9.775456882417792315e+01
9.765769738886415041e+01
9.771182592228963415e+01
9.769003130835410786e+01
9.749892865794612362e+01
9.742877803149461613e+01
9.733996651612682172e+01
9.763997698843893147e+01
9.754656394934380614e+01
9.722169170037032870e+01
9.764467951935601775e+01
9.758920116293006686e+01
9.799552227385392200e+01
9.807236080187146854e+01
9.767365283249210961e+01
9.798477172225051390e+01
9.800344523776657013e+01
9.806324991288596493e+01
9.768401146642513311e+01
9.781654936297265124e+01
9.788044455371421293e+01
9.764661943672403766e+01
9.806733730656513615e+01
9.745736160465213516e+01
9.752717359042053147e+01
9.774436440206324050e+01
9.774751056072562960e+01
9.789509304847923943e+01
9.789537326795687022e+01
9.754145988203624995e+01
9.784510596078068545e+01
9.784736735374779926e+01
9.738862464628829230e+01
9.756914231521317049e+01
9.732345943486905071e+01
9.758172441245598350e+01
9.780817587277124403e+01
9.824536059012096700e+01
9.784260920479333379e+01
9.765964268305488361e+01
9.776689065707903126e+01
9.780121801091225109e+01
9.776904283713422217e+01
9.757777089422138772e+01
9.731005470683709291e+01
9.745536834151026540e+01
9.745424850322280008e+01
9.720329234239750349e+01
9.742384041109757220e+01
9.716621540102302390e+01
9.706744087355377815e+01
9.758521524194300412e+01
9.711183633979868546e+01
9.700637746515099025e+01
9.699423961536611216e+01
9.728874318306321811e+01
9.707637904662480821e+01
9.743804539049646962e+01
9.733187539829704349e+01
9.760740370009075662e+01
9.711287684718710977e+01
9.739108292776158748e+01
9.712268863760964166e+01
9.725545975326741654e+01
9.709172288966493625e+01
9.744730304987366765e+01
9.759434087726570795e+01
9.725594675204558825e+01
9.738783004460323411e+01
9.773467343263685336e+01
9.736274786430935535e+01
9.754564079526085152e+01
9.732886335229007102e+01
9.752596634292329725e+01
9.722671434668247059e+01
9.733819041170318087e+01
9.696175343255616497e+01
9.718100028936218848e+01
9.692302924037961986e+01
9.739838875338661239e+01
9.686041399699143994e+01
9.713542520114641832e+01
9.749834096099316127e+01
9.768128293986747224e+01
9.759722709655919459e+01
9.740540195192862427e+01
9.737409671920721621e+01
9.747635970384253312e+01
9.705437838070270118e+01
9.738833503382009837e+01
9.749812639752299503e+01
9.757379478793085070e+01
9.761656751401278598e+01
9.751246318324079709e+01
9.774642284770813205e+01
9.806783354221404636e+01
9.807847782898430467e+01
9.809260534498936579e+01
9.785040500860345958e+01
9.762778124867325857e+01
9.748522599646280185e+01
9.762577613007103139e+01
9.727960107687562186e+01
9.712110501774782279e+01
9.753989848035594434e+01
9.755317287130344539e+01
9.753550925431017049e+01
9.733016340873639649e+01
9.767231743409290345e+01
9.732452118347966064e+01
9.718560485191120790e+01
9.751495238769969376e+01
9.738691833486358007e+01
9.726884556021134642e+01
9.698725659589217685e+01
9.746007434573647288e+01
9.735071677199198348e+01
9.733132543821169236e+01
9.694371376569442589e+01
9.736030460702227174e+01
9.714158465088446803e+01
9.739259112713500599e+01
9.735715743424866275e+01
9.726628681224001127e+01
9.730840545577672174e+01
9.675219082453016028e+01
9.705637439530455879e+01
9.721547344376529054e+01
9.698998438338566075e+01
9.719369458229851944e+01
9.723847020466871527e+01
9.703990260311171312e+01
9.713367646848850256e+01
9.707150719886057288e+01
9.748902992238437548e+01
9.722245580267427556e+01
9.718470244935149083e+01
9.736181090928749882e+01
9.727834349425398841e+01
9.694013570978478356e+01
9.695272542037436381e+01
9.716846617368319983e+01
9.683697934555287645e+01
9.707316218860098900e+01
9.677895394426315079e+01
9.671867143116401166e+01
9.689416935827432553e+01
9.699029188347672914e+01
9.725801344835834072e+01
9.699811484151773300e+01
9.707101915421617377e+01
9.714339901464468596e+01
9.722391456194360160e+01
9.716862123532746409e+01
9.705277021692461403e+01
9.695862948544061055e+01
9.701204997299340960e+01
9.739682904900132598e+01
9.728222442320218022e+01
9.723700356023471159e+01
9.731965943946998721e+01
9.740299135436532652e+01
9.690836725059976686e+01
9.681177606545610104e+01
9.697184353944845725e+01
9.690523092337180344e+01
9.699232639162515568e+01
9.682835710205451107e+01
9.692701159030724511e+01
9.686524418400898639e+01
9.711391496952781210e+01
9.734699003793799932e+01
9.727398349952841272e+01
9.676444535930058066e+01
9.733835249800402778e+01
9.676821134046862483e+01
9.688995306141164576e+01
9.678903858531577953e+01
9.692895359092932495e+01
9.700946111263550620e+01
9.665727692734428445e+01
9.706460213791420699e+01
9.731952114230041673e+01
9.711330117411681329e+01
9.746652775674506586e+01
9.677814671312803796e+01
9.696627107306534299e+01
9.680397212774168736e+01
9.697516509923748629e+01
9.706680899675411922e+01
9.703239713967643354e+01
9.731809158254293379e+01
9.683462615587247058e+01
9.699529510559175094e+01
9.687991221862772306e+01
9.762765502663872041e+01
9.687957120501033614e+01
9.694364149712548340e+01
9.749075882358603451e+01
9.696710742560726715e+01
9.675838234859558895e+01
9.666598069736444643e+01
9.739080311200542894e+01
9.703378396563952890e+01
9.719017202893104468e+01
9.677666530063817163e+01
9.706523826261469878e+01
9.693376819758931617e+01
9.729177474388490054e+01
9.755544795902817157e+01
9.715004630344942882e+01
9.712218725912883599e+01
9.709987281558248640e+01
9.723963503129259323e+01
9.759284747742860588e+01
9.729913360890445517e+01
9.687982075177757224e+01
9.700945857942311079e+01
9.704821361027603643e+01
9.734771390839074456e+01
9.729260509538555368e+01
9.700099148946465277e+01
9.680748613810568770e+01
9.664342691712859335e+01
9.709773497744980375e+01
9.735545603285795835e+01
9.705486889581403886e+01
9.715223423388373192e+01
9.723621136988002434e+01
9.704994256249882767e+01
9.709282701238532809e+01
9.700806423215134089e+01
9.715850047402953749e+01
9.707723125585103219e+01
9.726274710271827928e+01
9.723540630419820729e+01
9.706603344337908368e+01
9.750466933288720384e+01
9.743302123167948992e+01
9.728202607973116756e+01
9.728635214909179751e+01
9.697343423119023953e+01
9.719537570231078405e+01
9.704214517883946201e+01
9.716179708092674616e+01
9.711447524054757707e+01
9.710789964549026365e+01
9.727591042914242792e+01
9.703940854677559003e+01
9.736292661557662598e+01
9.723430628661181174e+01
9.716200835848862027e+01
9.729788839690650093e+01
9.727190910233947818e+01
9.712094548884607548e+01
9.691379745008562452e+01
9.711072761581566226e+01
9.694644626676870303e+01
9.702317995846915721e+01
9.699127373469370639e+01
9.703648038763155625e+01
9.688919480902369230e+01
9.716756161310361506e+01
9.693711063453785926e+01
9.691581623999348949e+01
9.709628165725472115e+01
9.679949329005995651e+01
9.670228808492640837e+01
9.699410689344961156e+01
9.702117339923951533e+01
9.683699886084724540e+01
9.675360535084037394e+01
9.683961845659320034e+01
9.676012163021816548e+01
9.689723614105002980e+01
9.677296702064695921e+01
9.712649182408445370e+01
9.685651943846556833e+01
9.689285267877052377e+01
9.683519709974090972e+01
9.686573837017805033e+01
9.716720549131615314e+01
9.714007609059468962e+01
9.711802594217614626e+01
9.706331693307821240e+01
9.708780843492058921e+01
9.727096069681475399e+01
9.696259968873944501e+01
9.652534922884404978e+01
9.687646185837752455e+01
9.711057701429899680e+01
9.695395121619448275e+01
9.676131780228486434e+01
9.680818456243189019e+01
9.667607498571709357e+01
9.646158100415789249e+01
9.667260328643874345e+01
9.679400448145277380e+01
9.642069906540264412e+01
9.720517582618987262e+01
9.688011493066176172e+01
9.665944520493036407e+01
9.670098157930799232e+01
9.658360451190121410e+01
9.672154299349132600e+01
9.640276675466697043e+01
9.646991258104935696e+01
9.673753722170435765e+01
9.629095757191204541e+01
9.643744363560428212e+01
9.646397783452384544e+01
9.624119845245718352e+01
9.688896580800322056e+01
9.677775944749902237e+01
9.696134862168838708e+01
9.686219158477075553e+01
9.697468896854314835e+01
9.703796393373984586e+01
9.676483448446738578e+01
9.723033850570051584e+01
9.709438952881144758e+01
9.669823054928203021e+01
9.669630492052014858e+01
9.662533568362005099e+01
9.672718823192570881e+01
9.685081571991169369e+01
9.682097663269389898e+01
9.701398112568523402e+01
9.684413636751799004e+01
9.674180312033411155e+01
9.689497032140938870e+01
9.696176258130149961e+01
9.674641833477006969e+01
9.691828622624787215e+01
9.680666977221655145e+01
9.648638888935852265e+01
9.690689217652096943e+01
9.704688098927368856e+01
9.648603150900403591e+01
9.668833149829488605e+01
9.667598210894458077e+01
9.690263908990681330e+01
9.709619417226205940e+01
9.689020279908437772e+01
9.704936131788214482e+01
9.696981955014653920e+01
9.706784668772759517e+01
9.700638432905195430e+01
9.664905784726560967e+01
9.661056574798534768e+01
9.656451989659562685e+01
9.619545434033007325e+01
9.645760515602427176e+01
9.663696887391768087e+01
9.644086857238295352e+01
