2.871813259548041515e+02
2.872316768954564736e+02
2.871102485704290643e+02
2.871893543252417089e+02
2.872381479758435603e+02
2.870869818174359693e+02
2.870630707125006325e+02
2.870690570390190146e+02
2.870667335047753568e+02
2.871805676287935398e+02
2.870510198605066421e+02
2.869899212349422442e+02
2.870887743146485604e+02
2.870747033476930028e+02
2.870180312313035529e+02
2.869386025617650375e+02
2.869880364409369804e+02
2.870199292820823302e+02
2.868989843499686572e+02
2.870197426326556638e+02
2.870686502921837473e+02
2.870613222205502666e+02
2.870319370013162938e+02
2.869099089980743997e+02
2.869536098192540976e+02
2.869457637132688319e+02
2.868677410917060229e+02
2.868472606179477111e+02
2.868951964160388570e+02
2.869440070082687839e+02
2.870075921764143914e+02
2.869651577980008028e+02
2.870450417617337848e+02
2.870015177718370296e+02
2.871445721299762681e+02
2.868567434103533174e+02
2.868459484084517612e+02
2.870318815089072473e+02
2.871253558395997629e+02
2.871172937444945887e+02
2.870133861997520057e+02
2.869779660289132153e+02
2.870033284361801975e+02
2.870401839277804470e+02
2.869430447386561696e+02
2.869781469173955202e+02
2.869739990325064696e+02
2.870877779316015790e+02
2.870459049879852387e+02
2.870356163890645007e+02
2.869931934667693554e+02
2.870091798471437414e+02
2.869703533959452102e+02
2.870301757162946501e+02
2.871866658973054882e+02
2.872552741946691981e+02
2.870763567369187967e+02
2.870504679725066239e+02
2.870107664505648017e+02
2.871283435234063290e+02
2.869969045281176250e+02
2.869046563833866799e+02
2.868947681205900153e+02
2.869840355148633080e+02
2.871888838120810874e+02
2.871971434324458414e+02
2.868407165247043622e+02
2.868311290273304053e+02
2.869816481412688631e+02
2.871244211338071750e+02
2.868773612149050223e+02
2.868597927057506922e+02
2.870556788403379755e+02
2.869834064114491525e+02
2.868493275685232788e+02
2.868916373927584686e+02
2.868697277282197433e+02
2.868469846375233487e+02
2.870027435482077749e+02
2.871089825326600931e+02
2.869098789041115083e+02
2.869806009285642290e+02
2.869749277782604509e+02
2.869719616298945084e+02
2.870457082596723808e+02
2.870243008499892312e+02
2.868659982672130013e+02
2.868727734435166781e+02
2.868794096960929210e+02
2.868156209037654776e+02
2.868775986288491708e+02
2.870719547597632868e+02
2.872156837242853840e+02
2.870986303623175218e+02
2.870907317104628760e+02
2.871474269512053183e+02
2.871474756452620909e+02
2.872454606832529862e+02
2.871523473723602820e+02
2.870855493562779088e+02
2.870946382131340329e+02
2.871815835958469165e+02
2.871387919992400271e+02
2.870220630772908521e+02
2.871362275072482930e+02
2.870605453006941730e+02
2.871742074812556211e+02
2.871253605053287288e+02
2.870135985571453716e+02
2.869103895042713361e+02
2.869488563270176655e+02
2.869606377387902398e+02
2.870891191349158476e+02
2.870654443474423374e+02
2.869202231053264427e+02
2.872319456798682609e+02
2.871742118683270633e+02
2.871674796069601712e+02
2.871726826375629003e+02
2.870747265076087160e+02
2.870747826324940775e+02
2.870875628615460187e+02
2.872153443770884564e+02
2.870423235399539408e+02
2.870739122448698595e+02
2.870769116732224688e+02
2.870831251686129804e+02
2.872916734667049354e+02
2.872553305500628085e+02
2.871947230538226563e+02
2.872466068050848094e+02
2.872648494457792481e+02
2.871961817161532622e+02
2.873238069265166246e+02
2.872010375952147001e+02
2.871489353624409091e+02
2.872905818602978911e+02
2.872256677210903035e+02
2.871149616696323505e+02
2.871983156781047910e+02
2.871548265264111706e+02
2.871088909513694603e+02
2.871854662510324374e+02
2.870863353754639888e+02
2.870114092751807675e+02
2.869240902806714644e+02
2.869980607722271202e+02
2.870897434978999740e+02
2.870168037624792419e+02
2.871934874321651137e+02
2.871923610190067393e+02
2.871220718854351048e+02
2.870932796734820158e+02
2.871061278697657713e+02
2.872590129278289055e+02
2.873212905257175294e+02
2.870321537765668154e+02
2.870206916645279307e+02
2.870165365994625972e+02
2.871208547705740557e+02
2.869591211650868559e+02
2.868569075434989486e+02
2.868379904760681143e+02
2.868924854769554145e+02
2.870124921858278526e+02
2.870724361169795316e+02
2.869687850116885670e+02
2.870346863090061902e+02
2.870227421296513626e+02
2.871494820891356881e+02
2.870495184045095129e+02
2.870617967870300049e+02
2.870958231508729455e+02
2.870999261276263610e+02
2.869983305476653754e+02
2.870236984039626691e+02
2.870147298033497805e+02
2.871048541307184223e+02
2.872234548434135490e+02
2.871322301928075262e+02
2.871074662161800006e+02
2.871324886252109536e+02
2.868936178825025536e+02
2.869063091816198607e+02
2.870373901814078863e+02
2.871127609892462260e+02
2.869555628882140468e+02
2.870880375829818831e+02
2.871267493530390880e+02
2.870707683968248034e+02
2.871825223423135753e+02
2.871384072649835275e+02
2.872575610291877979e+02
2.873005485391101388e+02
2.873824291835593954e+02
2.872653329426460118e+02
2.871093911927835052e+02
2.873296312727056261e+02
2.874324080888168851e+02
2.874565966251441864e+02
2.872478840067115016e+02
2.872465308224893761e+02
2.873170503087255270e+02
2.871912981322782912e+02
2.872163750390617452e+02
2.872542285443461765e+02
2.872717110799583793e+02
2.872548381097942638e+02
2.872801657807934816e+02
2.872070502123700635e+02
2.871569321066326665e+02
2.870954510061230280e+02
2.871587070277938096e+02
2.871578979388553421e+02
2.871313787763596679e+02
2.872216670042798796e+02
2.870869132519710547e+02
2.872024534238989872e+02
2.871555112112877737e+02
2.871694475281612426e+02
2.872630353997203088e+02
2.873617920693849896e+02
2.872454135300590110e+02
2.874184654859272428e+02
2.873449438486766780e+02
2.872070982828743126e+02
2.871890219076109929e+02
2.872194374309785303e+02
2.872653734667190406e+02
2.869848755233479096e+02
2.870153359221920368e+02
2.872030344853944257e+02
2.872026942134296519e+02
2.871779211775841532e+02
2.872597281764068953e+02
2.871841666345401904e+02
2.872217161792764273e+02
2.871606717972986758e+02
2.871143657739927448e+02
2.869683791777254100e+02
2.869632777307087395e+02
2.868994963403400220e+02
2.869545927321804015e+02
2.870515956446581072e+02
2.871543286516526905e+02
2.871361715280284557e+02
2.871884905582393230e+02
2.871469531756754918e+02
2.872373117605944230e+02
2.872541897649186922e+02
2.871614464802271414e+02
2.871603899336759582e+02
2.871785489645314442e+02
2.871204780903765368e+02
2.870989667152167044e+02
2.873600592653143622e+02
2.872105640535987163e+02
2.872169552810636901e+02
2.872306319434446209e+02
2.873410256641944329e+02
2.871845671414288290e+02
2.871940804601745185e+02
2.872795747407946578e+02
2.873614725703356498e+02
2.873484557868469551e+02
2.872260849363989905e+02
2.872694003417131512e+02
2.872849269301628397e+02
2.871622578021499521e+02
2.871801139799350153e+02
2.874365408551475980e+02
2.874584802775991079e+02
2.873027122870330459e+02
2.872723691892007878e+02
2.873054662802625217e+02
2.872967432894986359e+02
2.874429690387674441e+02
2.872677649484634799e+02
2.873676649168611448e+02
2.872562471844185552e+02
2.872240245011185493e+02
2.873694143168095820e+02
2.873786280579465142e+02
2.872250372932826963e+02
2.873165144898029553e+02
2.873813401556209897e+02
2.872589611785754187e+02
2.873264565919379834e+02
2.872901383508556705e+02
2.873982821323443773e+02
2.874535057193419334e+02
2.874307281232803462e+02
2.873324362252510014e+02
2.873544669583544078e+02
2.873817786277681421e+02
2.874914630985495592e+02
2.872321030569384561e+02
2.872304634739697917e+02
2.872222943869754772e+02
2.874022674690602344e+02
2.873610589191687836e+02
2.874570185598210514e+02
2.872043429698230170e+02
2.873001222842680704e+02
2.873549103995023302e+02
2.871997826105927629e+02
2.871399115234980286e+02
2.873801050529229997e+02
2.874543301215265956e+02
2.874238666581776442e+02
2.874372784892378832e+02
2.873291149285644792e+02
2.874732286823771688e+02
2.874690305041821148e+02
2.875244724115642043e+02
2.872794252812413447e+02
2.871846417647591920e+02
2.872702146051505565e+02
2.873880163531503058e+02
2.873371714818082410e+02
2.873315475173259870e+02
2.875196646726845415e+02
2.873712456860852740e+02
2.874229389091310054e+02
2.874297042873311625e+02
2.874549641327720337e+02
2.874008400852516729e+02
2.872805063720399517e+02
2.872196845884282652e+02
2.872407496237221380e+02
2.874287891074537242e+02
2.874251861348439547e+02
2.874123595768393784e+02
2.874899108271756063e+02
2.874205618372300250e+02
2.873884167683847863e+02
2.873537290465849878e+02
2.873668866234572192e+02
2.874568395993493937e+02
2.874480750750811353e+02
2.871898639146540404e+02
2.873790226942619483e+02
2.874894437409138277e+02
2.872799648336452947e+02
2.872306038717271122e+02
2.874040085298173040e+02
2.875389225161315494e+02
2.872764006186469601e+02
2.872253024426353250e+02
2.873467450484425854e+02
2.874856084126268456e+02
2.873556723004991795e+02
2.872392087648002530e+02
2.872002988490540929e+02
2.871320941955034982e+02
2.872679225460274779e+02
2.874142447096012916e+02
2.872683151652323090e+02
2.872635859998105730e+02
2.872476678549103326e+02
2.872533333127159381e+02
2.873410335752377591e+02
2.874157693282444939e+02
2.873853953322873735e+02
2.873675292197252134e+02
2.872000598703354513e+02
2.872411038697760546e+02
2.874583821362029994e+02
2.875267056477615597e+02
2.874021999239824368e+02
2.872575964183461679e+02
2.873356207738417538e+02
2.874166767191898657e+02
2.873045363184227767e+02
2.872581991130803658e+02
2.873444094259854751e+02
2.874627971130674382e+02
2.872944022796282297e+02
2.872913373303185267e+02
2.872948465330341605e+02
2.872896147877747808e+02
2.872384645074013747e+02
2.871059868115098652e+02
2.871802043930927653e+02
2.872679745706106473e+02
2.871732943347737432e+02
2.873886042365433582e+02
2.874120574809356867e+02
2.874238384420655734e+02
2.872733469375706932e+02
2.873525405769818235e+02
2.874095599996024930e+02
2.873373350501305481e+02
2.872838334361791794e+02
2.872737637627751042e+02
2.871617591002366794e+02
2.872924305583448472e+02
2.873059880254384666e+02
2.871101093989421997e+02
2.873139855219912420e+02
2.874506001702842468e+02
2.874574009896363691e+02
2.872921089358498534e+02
2.873047160074731892e+02
2.873473797636053746e+02
2.873166958816739793e+02
2.874107098124172239e+02
2.873303316743153459e+02
2.874265619520321593e+02
2.875053775519550641e+02
2.873503828836388152e+02
2.874516684400301187e+02
2.875072493837296292e+02
2.873042261821518082e+02
2.875247171010972806e+02
2.875463995169224063e+02
2.873833877960604468e+02
2.873637099411980103e+02
2.874790287711821861e+02
2.874170847120665258e+02
2.874243720561241844e+02
2.874376383970543429e+02
2.873334574942070958e+02
2.873617064741942499e+02
2.875150261237174050e+02
2.875155310211604842e+02
2.873879485780948357e+02
2.873770188650148043e+02
2.873790668445686833e+02
2.875193908533118474e+02
2.874153817973351011e+02
2.872381580303387523e+02
2.874344566810114543e+02
2.876600683064600048e+02
2.874268165685878671e+02
2.872993430708116307e+02
2.873245396490657981e+02
2.875534791356918163e+02
2.875296311223822840e+02
2.875825363235618966e+02
2.875374674885852073e+02
2.875707892618660821e+02
2.876684215595522005e+02
2.873976239201898011e+02
2.873511977429754438e+02
2.875346646702226963e+02
2.875223569911105983e+02
2.874576195189637815e+02
2.873946414718146798e+02
2.876199054344468209e+02
2.875584715669355660e+02
2.875655573566171483e+02
2.875023956061137937e+02
2.875828030538241933e+02
2.875934342565373072e+02
2.876784029466297170e+02
2.876893554628700258e+02
2.875795736736318986e+02
2.875110281191100512e+02
2.874545557727442997e+02
2.875001206851197253e+02
2.874250015549384898e+02
2.873710535360569338e+02
2.874656142892654884e+02
2.874306174902589532e+02
2.873467597685818191e+02
2.874018490423104595e+02
2.876027593197076726e+02
2.876465314760260981e+02
2.874434450677868540e+02
2.874605812710864825e+02
2.874800255245452831e+02
2.874109966680924231e+02
2.874619055523361908e+02
2.874675273964573421e+02
2.873664068987275186e+02
2.873820117499128060e+02
2.875064403190642679e+02
2.874895928763763209e+02
2.875363267739198250e+02
2.875979923027009590e+02
2.875421311547426058e+02
2.873268120263951459e+02
2.874095580364287343e+02
2.875758787428339360e+02
2.875398323660688220e+02
2.875732731473116814e+02
2.875070742684184211e+02
2.874029371909509223e+02
2.874270167608068505e+02
2.874276123066154014e+02
2.874832687524728385e+02
2.873078714028278569e+02
2.874475696330884489e+02
2.875478163811577588e+02
2.876898205816041241e+02
2.876898575068515242e+02
2.876360453816341192e+02
2.875893416660545086e+02
2.875990214855036129e+02
