2.858814837583133226e+02
2.860606709915663259e+02
2.861266744428760376e+02
2.858478623321337295e+02
2.860107350035205513e+02
2.859033053304632972e+02
2.859014865799823610e+02
2.859405362347363848e+02
2.857375726628105213e+02
2.858076003140892567e+02
2.858866342594857883e+02
2.856911075265500699e+02
2.857752202033782396e+02
2.856191660832863590e+02
2.857845946395462420e+02
2.859806211287274778e+02
2.859107816945001446e+02
2.857795274396996774e+02
2.860232924836595316e+02
2.860770086534514576e+02
2.857385057999675837e+02
2.859260748589578043e+02
2.860963552547024165e+02
2.858851096637278602e+02
2.859727858773342746e+02
2.860106464531089046e+02
2.859377881337867962e+02
2.861570152994386262e+02
2.860948500116168702e+02
2.859142338087602297e+02
2.860253763542808088e+02
2.858916535450010201e+02
2.858199731282733751e+02
2.860364578973926086e+02
2.856364689512538462e+02
2.853995345547601232e+02
2.857419374608624594e+02
2.858643490628205086e+02
2.858357406064827728e+02
2.859458066339241782e+02
2.857051916243029268e+02
2.856276967732581511e+02
2.858090842367959681e+02
2.856472601166606751e+02
2.858726968124206564e+02
2.859147066637720513e+02
2.856820666761610141e+02
2.857436399421214901e+02
2.859874785182216215e+02
2.857841736505698123e+02
2.860262264289074778e+02
2.861722155381650055e+02
2.858941330590931216e+02
2.856673482610036103e+02
2.858930526126042651e+02
2.859406142971599252e+02
2.860072018073424829e+02
2.859473886457800518e+02
2.859132260657798952e+02
2.861570401738885039e+02
2.861725258695477692e+02
2.859282185173554467e+02
2.860926327865473127e+02
2.858995767045170737e+02
2.859870821635738025e+02
2.860771885534405214e+02
2.859981633138366419e+02
2.860666443699450951e+02
2.861145020571879627e+02
2.860214677780820125e+02
2.858341308746605591e+02
2.858730968609883689e+02
2.859752904983448047e+02
2.858980081983380046e+02
2.856590059761842895e+02
2.859998839765982552e+02
2.860972867220112903e+02
2.857579918320802221e+02
2.859323827391091868e+02
2.861060549850025723e+02
2.859406712323538500e+02
2.861600241009097658e+02
2.862466396448647288e+02
2.862295576481340049e+02
2.859838855648720255e+02
2.860402249235978047e+02
2.863015949465547578e+02
2.862449786583486571e+02
2.859134921069726829e+02
2.861299106641295680e+02
2.862075300031356733e+02
2.859515064397070887e+02
2.860766236643725051e+02
2.862458678491789783e+02
2.859768239216235202e+02
2.859265783546217108e+02
2.862293848986143985e+02
2.861563460578632316e+02
2.859315924296078606e+02
2.862300750925639363e+02
2.862445620449718149e+02
2.860543894729909766e+02
2.862551302022409914e+02
2.863185677941983727e+02
2.859296333825049601e+02
2.860626134286521278e+02
2.863517067910564151e+02
2.860385831399688072e+02
2.860749011819959833e+02
2.862926855607900620e+02
2.862329404400439330e+02
2.862397489100097232e+02
2.863769819610750460e+02
2.860660189706713936e+02
2.859955912463687469e+02
2.861853231239493311e+02
2.859397850444536857e+02
2.860898247942110402e+02
2.862039194234910724e+02
2.860324705176015527e+02
2.863290180244136423e+02
2.864124837252812767e+02
2.861370422337176933e+02
2.863248405075513006e+02
2.865508402204483787e+02
2.863667284756028266e+02
2.861979285047519852e+02
2.864796707168029570e+02
2.864090453893950894e+02
2.863089577554176230e+02
2.865177727027884771e+02
2.864797780312076725e+02
2.863996526325727245e+02
2.864684104243492584e+02
2.864388474811960918e+02
2.862514604397017024e+02
2.864746812094667803e+02
2.865920559178395592e+02
2.864036839157387249e+02
2.865743138130743546e+02
2.868193683958933207e+02
2.865509560238309064e+02
2.863569007105718924e+02
2.867079932802440112e+02
2.867584044513506569e+02
2.866493871548952370e+02
2.868271618852077722e+02
2.868714443910157001e+02
2.868356307638400722e+02
2.868479754137204623e+02
2.867994104817009884e+02
2.868944097932698583e+02
2.870870484576224726e+02
2.869321294506333970e+02
2.870892165998062069e+02
2.870990322065446207e+02
2.867883704904329534e+02
2.870389574434857991e+02
2.872918034447295099e+02
2.868080600520625580e+02
2.869251899248978930e+02
2.871099700648738349e+02
2.870211945082309057e+02
2.871112839593238846e+02
2.871840500569911114e+02
