2.374237158630678834e+02
2.392346690114157752e+02
2.409885357117625233e+02
2.413190636055080347e+02
2.423764330304431667e+02
2.433660005041944032e+02
2.437355718873583612e+02
2.440185158843857209e+02
2.448285001322928167e+02
2.451229805308584844e+02
2.448521650715910027e+02
2.454956136375925269e+02
2.454813638549543100e+02
2.460402161965128016e+02
2.469159904301169774e+02
2.460734524162982382e+02
2.460726851855104940e+02
2.466353507213136993e+02
2.475766091566646026e+02
2.472784336617894780e+02
2.468569760756963660e+02
2.473022550717235220e+02
2.478888948012181572e+02
2.470201640111806682e+02
2.471627326442767014e+02
2.481496838878669280e+02
2.481960246851185730e+02
2.480523808377574824e+02
2.482394188555892924e+02
2.484368400963786883e+02
2.484448865876654793e+02
2.486333220115778602e+02
2.494417903849878542e+02
2.488271283390565713e+02
2.486275203682372421e+02
2.490443252189633938e+02
2.496897764001691655e+02
2.493063760927898045e+02
2.491471879115714216e+02
2.490761514724853498e+02
2.498295066159092528e+02
2.494986226769325128e+02
2.496037377770673231e+02
2.499430076482671268e+02
2.499754558809789557e+02
2.500245107030782492e+02
2.499519690371920717e+02
2.500841392900188112e+02
2.504835196599190397e+02
2.503173630540819659e+02
2.499768190757052082e+02
2.501870417431572378e+02
2.500509328264286921e+02
2.503887444461052780e+02
2.505793058570742176e+02
2.505547117448840311e+02
2.505975559009871461e+02
2.505391127571539016e+02
2.506085105302842067e+02
2.512261664610700507e+02
2.504002593680156963e+02
2.504589226967194406e+02
2.512309215813304775e+02
2.510844545714005278e+02
2.508760367173548218e+02
2.515515219493772463e+02
2.513349856567434983e+02
2.508793830451503482e+02
2.515647131374844321e+02
2.516613957157681227e+02
2.510385114878759225e+02
2.509635899676287636e+02
2.514862760797470003e+02
2.514748295021022386e+02
2.514122520405406931e+02
2.518698054997006182e+02
2.517548103668248132e+02
2.517269062532602959e+02
2.522141187992934590e+02
2.514664835038880994e+02
2.515133794928034661e+02
2.518298074543410792e+02
2.517916389552490273e+02
2.515776253601831911e+02
2.514278836471210354e+02
2.519842267602479922e+02
2.515842802801662401e+02
2.516368357727749014e+02
2.516500840211110415e+02
2.519092187685873796e+02
2.518975702064757627e+02
2.517108321996196310e+02
2.519402232252706142e+02
2.520458871145138176e+02
2.519773727060911312e+02
2.518976414747621675e+02
2.522643519700700381e+02
2.519894327476149556e+02
2.518810420076177934e+02
2.519819249965252936e+02
2.523523056423447031e+02
2.524292155315351067e+02
2.518302767886156062e+02
2.521753755193655877e+02
2.524929092118541405e+02
2.520586542364972331e+02
2.523511763799431549e+02
2.527129553337698837e+02
2.524298374054930889e+02
2.524483898311191581e+02
2.527952411142581184e+02
2.522509466798175879e+02
2.524889867887461321e+02
2.526465514086713995e+02
2.523664794000330858e+02
2.523518792521273042e+02
2.530292968231752866e+02
2.527673353910966227e+02
2.528011380709641287e+02
2.528352415089337910e+02
2.526692661348028821e+02
2.531075377892484255e+02
2.524665387679172284e+02
2.530202464446515194e+02
2.529879196531726109e+02
2.527901823226861779e+02
2.528824403107227283e+02
2.526954651557130092e+02
2.528529594694727791e+02
2.529484474357467718e+02
2.528452640934556541e+02
2.527699721994665936e+02
2.533404500413425069e+02
2.526098607179696103e+02
2.530336408467419176e+02
2.531063279946970681e+02
2.528229986497893549e+02
2.528750685801892644e+02
2.528670729888297330e+02
2.531533077348566110e+02
2.531483517399394430e+02
2.528801171378773063e+02
2.534890414042070006e+02
2.530146461648743070e+02
2.527525152492416964e+02
2.531441196658239789e+02
2.531209114086398415e+02
2.533398380785753261e+02
2.534855840454634972e+02
2.538922713910969833e+02
