9.561558193593037913e+01
9.452444324496754291e+01
9.389916396523375397e+01
9.347298462332771862e+01
9.258135984011154562e+01
9.218370746212286804e+01
9.185092899879361994e+01
9.155681606635266689e+01
9.104308673578788103e+01
9.113870798075224400e+01
9.108436738264445864e+01
9.070371873809096996e+01
9.054425193799231408e+01
9.015571075846487759e+01
8.991957785713272244e+01
9.016283218216010198e+01
8.997422699747590968e+01
8.976038332695958388e+01
8.919733680835389578e+01
8.967276939382746548e+01
8.952285825332019442e+01
8.904366939383294266e+01
8.897066056196810280e+01
8.940236052308524961e+01
8.935765959165193806e+01
8.878067504481593630e+01
8.885385125428695119e+01
8.884552890989783691e+01
8.864860160204453621e+01
8.848218663437251053e+01
8.843205521367083577e+01
8.822524624916894709e+01
8.798871590328097625e+01
8.842503601539864633e+01
8.814421267010014560e+01
8.811741343732437315e+01
8.755719662755619481e+01
8.776732609261314622e+01
8.804299609939494076e+01
8.807908772239680673e+01
8.748719017043733004e+01
8.729617725346189161e+01
8.745832481128849167e+01
8.718966396391270735e+01
8.737655088795033009e+01
8.738684376197574011e+01
8.751365995176740853e+01
8.723230459683811944e+01
8.724038688437245526e+01
8.710439665199487536e+01
8.717985668132995158e+01
8.728972471882241280e+01
8.732183412829084546e+01
8.691443664024883731e+01
8.684175029550077340e+01
8.687998450510851001e+01
8.685241410426193909e+01
8.704940929713455944e+01
8.655981191318058166e+01
8.659191650616286040e+01
8.697387238451102576e+01
8.663160166447330823e+01
8.636420304093257982e+01
8.636537156252985881e+01
8.650498049366535724e+01
8.607716567823574394e+01
8.625859492335005996e+01
8.645039842724105483e+01
8.610291757866821172e+01
8.608226506470799677e+01
8.670062536382921792e+01
8.646028395106760911e+01
8.612791357272203641e+01
8.637366113409211721e+01
8.628374293326457689e+01
8.577683969410855980e+01
8.596262105735513614e+01
8.593620678069153485e+01
8.557380292820823797e+01
8.617060365934690935e+01
8.619614883381591142e+01
8.611650861715487792e+01
8.604641174619239052e+01
8.604036541302811258e+01
8.609807568756600915e+01
8.589579501986851540e+01
8.606062094787237982e+01
8.630636714521556030e+01
8.599189511532387087e+01
8.584634581290623601e+01
8.607253828946858221e+01
8.603433245478112212e+01
8.596061896172227534e+01
8.575020949732150655e+01
8.560097182537559490e+01
8.589774688519450763e+01
8.574555166046560828e+01
8.585691103351440745e+01
8.601636929463229819e+01
8.579986578932606278e+01
8.563260164966158072e+01
8.580958352488170249e+01
8.568053614549570796e+01
8.565244600366615657e+01
8.576394905687247672e+01
8.571293168643650517e+01
8.520471678733134979e+01
8.536197619877547993e+01
8.551616002297190278e+01
8.555185950425534713e+01
8.527726410377049149e+01
8.532498578184394944e+01
8.555895727599789780e+01
8.533303656855296992e+01
8.539022667739963879e+01
8.549018275883908302e+01
8.519735267949728552e+01
8.513301700293619945e+01
8.508714799651511385e+01
8.517216159518814322e+01
8.531531460807183009e+01
8.510298841787286506e+01
8.524542070936236371e+01
8.500095276533510003e+01
8.507420084085873668e+01
8.542597305365380578e+01
8.524926965205921192e+01
8.508291704682953593e+01
8.503731104402038454e+01
8.504724433351736934e+01
8.506212417021683336e+01
8.504721568883405780e+01
8.523296271363538779e+01
8.515686758057115924e+01
8.499953177684936634e+01
8.483960637720224440e+01
8.489944241101431999e+01
8.515042681253220280e+01
8.485981628116708464e+01
8.499192089229414648e+01
8.513012077942219946e+01
8.510943303622842393e+01
8.464525734783508426e+01
8.503809542915833219e+01
8.503412374639027860e+01
8.485502143474765546e+01
8.488062130170281705e+01
8.496042785006052611e+01
8.480458909143371216e+01
8.443312536678617164e+01
