2.879527730787404494e+02
2.887869626858351921e+02
2.892914934005510190e+02
2.896492515423377085e+02
2.899962000293002689e+02
2.904018218341376496e+02
2.905917709530546631e+02
2.907525895026671492e+02
2.910487328113495664e+02
2.911645855256065829e+02
2.911667102630404429e+02
2.913056445658668849e+02
2.914166590975028726e+02
2.916220154524154964e+02
2.919051435448280358e+02
2.916677536950154490e+02
2.917507714559471879e+02
2.920001822335231623e+02
2.922327241597637908e+02
2.920984682078617993e+02
2.919933733876722499e+02
2.922545951989338278e+02
2.923725992237188507e+02
2.921101830196715810e+02
2.922747881801728909e+02
2.925229608828784080e+02
2.925754953986136684e+02
2.925529992330427831e+02
2.926015485294053065e+02
2.926551644694280299e+02
2.926891074768458907e+02
2.927999806821655397e+02
2.930973218685665529e+02
2.927971331092610967e+02
2.927903141611514570e+02
2.929723617510190934e+02
2.932160032030516277e+02
2.931053256275093304e+02
2.929860046331127705e+02
2.930338959567476991e+02
2.932911587022854292e+02
2.932362534044080462e+02
2.932330921287494903e+02
2.933591733487191959e+02
2.934699695850203511e+02
2.934045216984602007e+02
2.933317592906046798e+02
2.934747545622763596e+02
2.935713014655892721e+02
2.935362103598634462e+02
2.934277827022976339e+02
2.934183503133260160e+02
2.935305009263206557e+02
2.936309323049914610e+02
2.936429130674997054e+02
2.936632332290537306e+02
2.936606657915620531e+02
2.935972972779631505e+02
2.937661803662062994e+02
2.938278259216252195e+02
2.936121376813182451e+02
2.936340117076994716e+02
2.939124630415050206e+02
2.937839653207092852e+02
2.937993863701760233e+02
2.940926939552131216e+02
2.940454262942285482e+02
2.938121318769432833e+02
2.940526670495239046e+02
2.941581397213394098e+02
2.938559746516289692e+02
2.938981145398927310e+02
2.941231216836470708e+02
2.940372476967879720e+02
2.940119300361636760e+02
2.942284485401339680e+02
2.941993148372857263e+02
2.942051368030730032e+02
2.943988212189723868e+02
2.940658463172505321e+02
2.940687554075298635e+02
2.941225236781671128e+02
2.941774816147340061e+02
2.941121794093709241e+02
2.940395482788218828e+02
2.942921022760074834e+02
2.941693966073553952e+02
2.940731522974455743e+02
2.941568827610425956e+02
2.942878789223032072e+02
2.942554680294819605e+02
2.941734429425665098e+02
2.942546851103339236e+02
2.943343759198775729e+02
2.943284879714865951e+02
2.942629140117477959e+02
2.943374016114078700e+02
2.942336758934457634e+02
2.942456703812633236e+02
2.942693874890550774e+02
2.943951845204670121e+02
2.944625954969714030e+02
2.942958389844251315e+02
2.943528380553496504e+02
2.944305515159500715e+02
2.942913138160536732e+02
2.944939994622378094e+02
2.945854165038794008e+02
2.944861745686953896e+02
2.945127426967428050e+02
2.945363019461060503e+02
2.944424551751519061e+02
2.944761278141661478e+02
2.945964972606485617e+02
2.944786878011559565e+02
2.944992630218058025e+02
2.947117183076967990e+02
2.946090033608778072e+02
2.946027596604371297e+02
2.947213638641787270e+02
2.945894075661886404e+02
2.947720299662832417e+02
2.945436436114759999e+02
2.947124972106454379e+02
2.947386612289936920e+02
2.946106581990612767e+02
2.946638100214806855e+02
2.946784913414315952e+02
2.946381106868518032e+02
2.947548414306829727e+02
2.946932701441414224e+02
2.947125536211354415e+02
2.948034489872110839e+02
2.945805048107934567e+02
2.946771382427884873e+02
2.947653373230143075e+02
2.947169610137547124e+02
2.946760445293408566e+02
2.947235921921605950e+02
2.947557660341792030e+02
2.948587921151760156e+02
2.947890084072838590e+02
2.949462432717223237e+02
2.946455578139219256e+02
2.947051178871848265e+02
2.948279472848890350e+02
2.947962750075149643e+02
2.947975596628349422e+02
2.949963048073223604e+02
2.950683624077085483e+02
