2.394651966498502134e+02
2.398181756561966722e+02
2.399085298824345500e+02
2.398784710616145333e+02
2.397967556597700138e+02
2.397788223593759085e+02
2.400829489978843014e+02
2.400373911936202376e+02
2.402091319319348486e+02
2.401735543853168053e+02
2.398745183061720354e+02
2.400004942625907063e+02
2.397920254809360188e+02
2.396489580147569995e+02
2.394497655180429376e+02
2.396537627087172098e+02
2.397543332321681362e+02
2.396240361756042887e+02
2.397875823398599948e+02
2.399201106271424635e+02
2.398322052648836404e+02
2.401061602301570872e+02
2.398759352033048344e+02
2.396079687029017293e+02
2.399738863061039638e+02
2.397025273527285378e+02
2.396898014001630770e+02
2.401132085536318925e+02
2.402182528902941101e+02
2.399419649031646031e+02
2.397068804493671053e+02
2.397487952665568400e+02
2.398196053478579586e+02
2.391242945697595133e+02
2.383718426157735450e+02
2.390407389313118358e+02
2.391911026751823499e+02
2.392989660824369196e+02
2.395357526760234066e+02
2.397246976766694786e+02
2.395634023796113752e+02
2.395606166293721344e+02
2.396446331413158930e+02
2.396579703799176002e+02
2.398795032834692904e+02
2.398532745297296458e+02
2.399097289587722628e+02
2.394195961234539993e+02
2.395040973394776245e+02
2.396855084585926932e+02
2.396782398690982063e+02
2.397420158313457250e+02
2.396353237348889422e+02
2.389095902860400429e+02
2.393270586088285654e+02
2.397119990920068915e+02
2.394744977441644380e+02
2.393224683422133978e+02
2.396768339277137727e+02
2.394870529757881457e+02
2.393992338989027928e+02
2.396852450469960161e+02
2.394176647407313965e+02
2.389273296291736131e+02
2.391297234965940959e+02
2.396855490841681160e+02
2.392628280333630357e+02
2.397313806901230748e+02
2.397329953657050226e+02
2.398752025534858205e+02
2.397638829467363450e+02
2.398865561374751962e+02
2.399007439935748209e+02
2.397316799987856655e+02
2.399129125847981356e+02
2.397893355716720123e+02
2.396248305623208523e+02
2.398449421090014937e+02
2.398362670608156861e+02
2.397832544329523614e+02
2.397853311017953502e+02
2.392786794088359272e+02
2.396570833998646037e+02
2.396403549684594054e+02
2.397701651244155130e+02
2.398663998487946856e+02
2.398419641942547003e+02
2.398376662437099185e+02
2.396015702515421708e+02
2.398213331878715735e+02
2.397038143682775626e+02
2.395609443863275771e+02
2.396411810751659743e+02
2.400381155336532117e+02
2.402839299930152777e+02
2.399532894438172264e+02
2.398829215074045749e+02
2.400114913412054705e+02
2.398091411905196537e+02
2.399746342607780889e+02
2.400627349867420151e+02
2.397697655304255306e+02
2.394011789081060897e+02
2.396749631303442527e+02
2.395363042787628558e+02
2.396469244386548496e+02
2.397304877637280924e+02
2.396580644020091029e+02
2.398446510499150861e+02
2.399551544991757339e+02
2.398249799202786789e+02
2.395971108103313156e+02
2.392186311872363547e+02
2.388678532269882737e+02
2.390383784368800377e+02
2.395257352999276179e+02
2.393602364957270936e+02
2.391010750000922087e+02
2.393589450389843876e+02
2.394685508219754695e+02
2.393638303600528161e+02
2.392076787516382410e+02
2.391814631891713532e+02
2.389624024091777699e+02
2.391133719841608638e+02
2.388885883771986300e+02
2.388870423360496034e+02
2.388802808336028818e+02
2.389997765176657083e+02
2.391470741283710311e+02
2.392677107580159657e+02
2.392127914750297180e+02
2.390092096780254849e+02
2.386426082442107770e+02
2.389541236057638969e+02
2.391368836488992144e+02
2.392808906343655337e+02
2.393846038877241824e+02
2.392030420780872646e+02
2.392712799619292809e+02
2.394499739955227540e+02
2.390149965854079426e+02
2.379952214581096825e+02
2.381131138683746258e+02
2.386685734353453938e+02
2.391386783121639326e+02
2.389433063512511524e+02
2.392814188283996089e+02
2.393321330958216038e+02
2.393294188999950904e+02
2.395298979708655907e+02
2.392601469073786973e+02
2.397693162985005699e+02
2.398877932505824901e+02
2.398011963489276468e+02
2.396332425451736583e+02
2.398978614582756279e+02
2.392490987635794397e+02
2.397783638523092407e+02
2.396540252130921544e+02
2.396433745129390900e+02
2.399300921900673131e+02
2.397946613230414243e+02
2.399216425985344756e+02
2.398503001344035681e+02
