2.862917763823732571e+02
2.865052615635720485e+02
2.864210509683752548e+02
2.864639775728398376e+02
2.864823054026440445e+02
2.865205932338599837e+02
2.865900624291157897e+02
2.866414141339830053e+02
2.867469160317903061e+02
2.867111036254542569e+02
2.867209149650463473e+02
2.867102821271337234e+02
2.865378867764275697e+02
2.863401531833783338e+02
2.862955207514791596e+02
2.864489940273337538e+02
2.864826684944550266e+02
2.864034298602130093e+02
2.864294732239306427e+02
2.866360020376018838e+02
2.865890672228813401e+02
2.866693267401922753e+02
2.865287097910316447e+02
2.864960698119680842e+02
2.865610082981356186e+02
2.865507166893131057e+02
2.865798503702147855e+02
2.866312828394665075e+02
2.867287149833658191e+02
2.865880127414665139e+02
2.864291672370206356e+02
2.865636169999712024e+02
2.864951888526359198e+02
2.864850465487498354e+02
2.862488335154949368e+02
2.862596668242818509e+02
2.862544378270904986e+02
2.863420177362618233e+02
2.865260331899971220e+02
2.864525448666644820e+02
2.864411564840108326e+02
2.865002814738123220e+02
2.863735941038978012e+02
2.865303986605276805e+02
2.865698801409560588e+02
2.867118861466647672e+02
2.866548063170014302e+02
2.864259993722538979e+02
2.864655668545535718e+02
2.864534732806338866e+02
2.865227413275642903e+02
2.866651196056999993e+02
2.865465195798832951e+02
2.863158591040088936e+02
2.864461154385617192e+02
2.866278216425739060e+02
2.864532288409948819e+02
2.864472027652768134e+02
2.865450964308371908e+02
2.864787308397355332e+02
2.865132359532486248e+02
2.866605682244250488e+02
2.864529424497594050e+02
2.863223610177794853e+02
2.864133679864400506e+02
2.865714435435834844e+02
2.864549770018014669e+02
2.867170742550896421e+02
2.866828192941549673e+02
2.866337435362720498e+02
2.867973944970019033e+02
2.868055447579593533e+02
2.869130789545333187e+02
2.867438359689619460e+02
2.867639602214335923e+02
2.867719500523833176e+02
2.866755458232658498e+02
2.867991374062676755e+02
2.868164659577248585e+02
2.867508202970526554e+02
2.867240529107137377e+02
2.865748973426225348e+02
2.866969798562908522e+02
2.867771141317410866e+02
2.868273545018111577e+02
2.867719260501875738e+02
2.867225996197104791e+02
2.867266703103120449e+02
2.867222904106993155e+02
2.868602465470524407e+02
2.867590526461747800e+02
2.867689188477584139e+02
2.868352407783168019e+02
2.870174695000286533e+02
2.871212118118101557e+02
2.869661453934784845e+02
2.869762498073114898e+02
2.870040219887438866e+02
2.869355198111261984e+02
2.869885985213149411e+02
2.870991769729383805e+02
2.868636522341946602e+02
2.867711445694458803e+02
2.868573653329384001e+02
2.867936372924410193e+02
2.868991346538178391e+02
2.869032897128496984e+02
2.868449930171182132e+02
2.869826782915567378e+02
2.869402597385619629e+02
2.869694689383140371e+02
2.868408726002448361e+02
2.868202437857265181e+02
2.867213392733374349e+02
2.867937044312455441e+02
2.868959696752929176e+02
2.868154262510524859e+02
2.868000422798184559e+02
2.869350879139371386e+02
2.869548188414728997e+02
2.869371271119861717e+02
2.868571227967748314e+02
2.868453756034833191e+02
2.867949985526558407e+02
2.868550845896170358e+02
2.868062942643754809e+02
2.869011197125700505e+02
2.868396403599016935e+02
2.869232671054130037e+02
2.868888304638438171e+02
2.870456057337167408e+02
2.871847093337878505e+02
2.870518738717143492e+02
2.869792165469772840e+02
2.870939793463705314e+02
2.871842696560808577e+02
2.872865801773301655e+02
2.873320362392104812e+02
2.872410637377194575e+02
2.873087665573125378e+02
2.874127874752555272e+02
2.873755901332784219e+02
2.870558968447795110e+02
2.869598017922218673e+02
2.871284033533495972e+02
2.874013625612172405e+02
2.874015202230321506e+02
2.874094721571599962e+02
2.874308140871651176e+02
2.874499536146441301e+02
2.876062641040443282e+02
2.876222310205334907e+02
2.879141746419198853e+02
2.880236872795655358e+02
2.877848704304158218e+02
2.877609433409779740e+02
2.879070462412149141e+02
2.876892676473930806e+02
2.878437713772546545e+02
2.879676233471303135e+02
2.880002942367443097e+02
2.880240663223549404e+02
2.879660967825661260e+02
2.881458611310643505e+02
2.881280719066921847e+02
