1.001411049250736909e+02
1.003622695287473192e+02
1.003756247175927427e+02
1.002634512572641938e+02
1.001037627936547239e+02
1.000966913889969163e+02
1.007433957550904751e+02
1.003035950678824264e+02
1.000742045380209078e+02
1.003951505361657865e+02
1.003828809105925615e+02
1.003304893235682727e+02
1.006171953295021808e+02
1.003278260067541368e+02
1.000900836344684848e+02
1.005799649783874798e+02
1.000655451387089698e+02
1.002005625929252659e+02
1.002881171104006057e+02
1.004589254042762860e+02
1.004326088136716493e+02
1.001977231894660036e+02
1.000771739558238096e+02
1.002020441210444233e+02
1.006453196594170691e+02
1.002711939275109643e+02
9.992806715354782909e+01
1.004703036832348744e+02
1.001097003199586055e+02
1.001745603716357067e+02
1.001562919422686520e+02
1.003920356676409398e+02
1.003376275723114759e+02
9.998351579219291807e+01
1.002310132136250758e+02
1.004629371451330115e+02
1.002880643965187915e+02
1.003696714087843560e+02
1.007313426798595941e+02
1.004855226888535782e+02
1.000842592821572197e+02
1.001549550265855970e+02
1.003348040383078370e+02
1.004234690313575271e+02
9.998912980662510108e+01
1.000733294734482541e+02
1.000384261410523550e+02
1.000266267522298449e+02
1.003719606788873335e+02
1.006356136842634470e+02
1.002027852201241558e+02
9.976304738878023670e+01
1.003939010780312202e+02
1.002945049595082878e+02
1.003193500567225414e+02
9.978820548016294367e+01
1.002521716884899234e+02
1.000885300166093685e+02
9.975906157921885153e+01
1.002342097815059105e+02
1.004322125794848404e+02
1.002798530433935724e+02
1.003038942604302264e+02
1.003792154794073923e+02
1.001656127370388703e+02
1.003038488463769795e+02
1.004054814875515689e+02
1.002370443440167236e+02
9.991475469688695910e+01
1.003652319909770085e+02
1.003039527001568558e+02
1.001063892199817502e+02
1.006159961947487460e+02
1.001556395388925012e+02
1.000935065655047680e+02
1.003050886120648215e+02
1.004838899129125167e+02
1.005249478675185060e+02
1.000205033307197482e+02
1.002254844409262518e+02
1.004686511013246673e+02
1.002459260828977108e+02
9.999260436406422059e+01
9.985108260307067951e+01
1.003026067417404761e+02
1.002092295686952781e+02
1.001429784946657264e+02
1.004529362837749886e+02
1.003670205337706562e+02
1.001730404576449729e+02
9.999713586454301151e+01
1.001600286540520983e+02
1.000660638777429199e+02
1.002920417399601121e+02
1.000283128165839770e+02
1.004200917563050410e+02
9.997456304435526420e+01
1.002050943599011958e+02
1.006171943397300765e+02
1.006512816859348050e+02
1.003959409480717255e+02
9.973404731903008269e+01
1.005601303665509221e+02
1.002128129113913957e+02
1.002025906416907333e+02
1.000692323828850903e+02
1.004471800830561250e+02
1.000274231398502138e+02
1.004643195179299795e+02
9.990172876795092805e+01
1.010178709391657321e+02
1.000580064484229297e+02
1.004130720355060618e+02
9.991062465914895085e+01
1.002996011952327535e+02
1.005134286388121865e+02
1.008474407257370586e+02
1.004411013994158424e+02
1.003424969822718111e+02
1.004732263767068758e+02
1.002355353693716182e+02
1.000179910768135159e+02
1.003645679822742096e+02
1.006756784470549206e+02
1.005551966294257795e+02
1.000606617335279083e+02
1.001797515594911374e+02
1.005983583949941220e+02
1.001035727768755237e+02
1.001983029044852316e+02
1.003219292321553127e+02
1.003986720332191993e+02
9.991640422473119543e+01
1.001303874083180148e+02
1.005604633157167740e+02
1.006905580580935862e+02
1.001676834050632579e+02
1.004762424981930593e+02
9.983430140923059071e+01
1.006961837076784150e+02
1.002884659763279416e+02
1.004805445863489268e+02
1.002622677013795425e+02
1.003560730300913946e+02
1.002324350219792137e+02
1.002234460670935476e+02
1.002159393848615423e+02
1.002535775263846887e+02
1.004781702042467941e+02
1.003784550662788888e+02
1.003853354044270105e+02
1.006542874572632513e+02
1.004166468110435488e+02
1.007829801532938205e+02
1.004644338187731734e+02
1.003015194047733729e+02
1.008058965418717463e+02
1.002965508428919179e+02
1.004724947325919544e+02
1.006182370814585312e+02
1.005202252736232253e+02
1.004186262469057169e+02
1.002148984242858347e+02
1.004821187926476256e+02
9.996399111851752650e+01
1.000351915930795599e+02
1.002347128751451351e+02
9.994689221581167260e+01
1.001864234101265652e+02
9.992685693764114774e+01
9.984600842011771249e+01
1.001294455645996777e+02
1.006475030244653226e+02
1.001200974054273303e+02
1.000903893036755221e+02
9.969376195085779102e+01
1.000490151752217542e+02
1.002839192453504182e+02
1.003925430737821642e+02
1.002985766920071455e+02
9.997813717475098372e+01
1.000990868514986829e+02
1.003785720398678336e+02
1.000829282172883694e+02
1.004035194124568307e+02
1.003531625433603409e+02
1.000514157675577707e+02
1.002099268534086463e+02
9.994004477828524102e+01
1.004120520363945275e+02
1.006132261997289135e+02
1.004346586232806686e+02
1.003418247761477460e+02
1.000283470423015473e+02
9.998553087327273659e+01
1.002992540104089727e+02
9.988141660176188452e+01
1.000185275534004603e+02
1.002927683968779888e+02
1.002491278823718091e+02
1.003417427497022345e+02
1.005448342364059187e+02
1.003022905070681219e+02
1.003270271243764142e+02
1.003466246382951113e+02
1.001092859423521446e+02
1.005459596063857504e+02
1.000625072381820218e+02
1.003839388761211353e+02
1.007206410737615414e+02
9.996873860205199946e+01
1.002708012668172017e+02
1.001821155680337938e+02
1.001398957730610988e+02
1.005636575851939511e+02
1.007039915661920872e+02
1.004317132766328342e+02
1.005849956890327803e+02
1.002625859611286927e+02
1.004878684627924343e+02
1.008919584523180646e+02
1.005133691695162526e+02
1.002232775690592348e+02
1.003450821294577651e+02
1.001535104686890350e+02
9.997267491366422121e+01
1.001819441358805420e+02
1.008673510402715152e+02
1.006338015847077827e+02
1.001592785461310768e+02
1.000086014107252907e+02
1.009002715677238058e+02
1.003363919018949986e+02
1.004042626536044622e+02
1.002702592662696475e+02
1.002465117315165486e+02
1.000343935086255698e+02
1.002723743320009788e+02
9.991890982160172996e+01
1.003445747824310956e+02
1.003054667407556053e+02
9.990732386946041288e+01
1.000553440234528324e+02
1.003774856739955794e+02
1.003501807279507858e+02
9.982294851741885111e+01
1.004443133009187932e+02
1.003571773256481947e+02
9.982374226923447225e+01
9.974570127232220784e+01
1.001992549349303232e+02
1.003710976842252620e+02
1.002077903343025014e+02
1.003500837190940018e+02
9.973792331982627957e+01
1.003173791849146284e+02
1.002421246836173481e+02
9.976395092818023613e+01
1.000915152901706193e+02
1.003594928780706113e+02
1.001791816600189691e+02
1.003786722667910709e+02
1.005952379041831364e+02
1.001869737304152039e+02
1.000663966810126198e+02
1.002515770949257927e+02
1.007382862552773730e+02
9.995271876748454076e+01
1.003741552067646694e+02
9.978417480493385483e+01
1.000866071723123270e+02
1.004195504125692651e+02
9.993605205822031223e+01
1.001407557339384056e+02
1.004242667635351154e+02
1.003430743274706316e+02
1.006194927406657911e+02
1.005575903946137117e+02
1.004825501810573769e+02
1.001807659170855658e+02
1.004133214060205574e+02
1.003613388022592545e+02
1.002320745293427535e+02
1.002248791057219819e+02
1.003898780443335426e+02
9.996539756532769161e+01
1.003108405462765091e+02
1.001311969952994474e+02
1.006011227989704366e+02
1.003440826286000060e+02
1.001729216834376501e+02
1.000802243471229076e+02
1.002177075617002373e+02
1.005745413914578563e+02
1.004741255792370254e+02
1.004629708996511823e+02
9.967528632366752106e+01
1.001097747125295001e+02
1.002949690427413998e+02
1.005178258020915649e+02
1.001884665208053917e+02
1.001855221067344388e+02
1.000283823029587751e+02
9.989988888102811870e+01
1.004491031624131807e+02
1.006845401246413303e+02
1.003799047032899381e+02
1.006685222548543521e+02
1.001234388602033363e+02
1.006913686656980218e+02
1.005461382585394148e+02
1.003720338577735447e+02
1.005856459146860971e+02
1.001431360456433737e+02
1.004699304750792521e+02
1.002684695526284600e+02
1.003729816093183302e+02
1.000105616439133058e+02
1.001548973986621149e+02
1.004519658752137872e+02
1.003806590262748841e+02
1.003212543908806964e+02
1.005641849052058205e+02
1.004092867706387437e+02
1.008183206887499779e+02
1.003701713977568915e+02
9.995416957088504262e+01
9.997543885245740114e+01
1.001344768172622395e+02
1.005675584569535914e+02
1.003533170834376591e+02
1.002041146292432359e+02
1.002099671543133610e+02
1.003500759439004497e+02
1.000525886679247236e+02
1.002151015946670896e+02
1.007493543200602630e+02
1.007220761662236583e+02
1.003845729714284261e+02
1.000848949662810554e+02
1.002159587637203799e+02
1.004804008072239867e+02
9.998008241742782332e+01
1.003586259105778566e+02
1.001760817844535723e+02
1.002171924009332287e+02
1.004094751539042250e+02
1.004207750909043710e+02
1.004194240153840809e+02
1.000728739169927763e+02
1.004017583849686162e+02
9.980081942378110682e+01
1.006142093508611879e+02
1.002146845411761689e+02
1.007066746115709748e+02
1.007205321839682171e+02
1.000876032984741784e+02
1.007343901763629788e+02
1.005830551036841030e+02
1.006771182577143691e+02
1.004116215899263267e+02
1.004355384570658458e+02
1.003239090838424659e+02
1.002282181728302390e+02
1.002334675088709446e+02
1.005266290857859417e+02
1.000626338965638382e+02
1.000836879408153663e+02
1.004179224417774208e+02
1.001915528800834210e+02
1.005037183574747246e+02
1.003766277401207532e+02
1.005580794141326351e+02
1.007730754100493300e+02
1.006036462676670311e+02
1.000123314475281546e+02
1.001864095935213754e+02
1.007059753064440457e+02
1.007616359150840708e+02
1.001454209345451005e+02
1.002689664072624538e+02
1.006363645916559193e+02
1.005118389361787905e+02
1.002607361073270340e+02
1.004135820571275559e+02
1.001971661476327284e+02
1.000326102972957756e+02
1.004377068412989047e+02
1.003185729919600391e+02
1.004341008424093360e+02
1.000088626255814717e+02
1.002126405061694641e+02
1.001951492098093013e+02
1.004554549953763711e+02
1.004702881609459837e+02
1.001636500421483333e+02
1.004443915138965622e+02
1.002472064798691918e+02
1.003358514321718076e+02
1.006455539920338964e+02
9.997452572435842910e+01
1.003634884143015000e+02
1.000411542600604804e+02
1.000419039993967232e+02
1.012361220199016572e+02
1.004283645172927777e+02
1.005108713028570406e+02
1.005814265059453447e+02
1.005315300670860239e+02
1.002692399448840774e+02
9.999238729291151628e+01
1.004594880946155655e+02
1.005844240779802732e+02
1.004910334533821157e+02
1.002441431318140985e+02
1.003700407628600288e+02
1.003246866329766505e+02
1.006226307768776991e+02
1.006852788469359439e+02
1.000829960131610363e+02
1.004349547005336802e+02
1.005641867660013560e+02
1.006016529160181108e+02
1.005960025287975697e+02
1.004889635088631650e+02
1.007391799168329811e+02
1.003650880609773708e+02
1.006033608497691461e+02
9.989740507692157223e+01
1.002137888405932955e+02
1.002689099346377333e+02
1.003646540758708170e+02
1.002532493308719381e+02
9.996677258722195347e+01
1.007476518920439759e+02
1.005527938032244037e+02
1.000951083110860935e+02
1.003720317268939226e+02
1.005142755324939117e+02
1.002980529467497064e+02
1.003145564420600948e+02
1.003958058313383646e+02
1.003334531034256969e+02
1.008086210952424153e+02
1.004656663411538062e+02
1.001204279054670252e+02
1.007404595308211697e+02
1.004379061958781563e+02
1.004413031303507182e+02
1.000642951781506298e+02
1.006139040252861179e+02
1.004690924946229416e+02
9.994666693709363869e+01
1.001269649317082013e+02
1.003290457412997085e+02
1.003398878113268324e+02
1.003276560304991563e+02
1.010929162289167351e+02
1.005849851566759412e+02
1.004076953953231879e+02
1.006415905543701257e+02
1.005339966514108454e+02
1.006711019890550460e+02
1.001536374125547582e+02
1.004598130595837659e+02
1.004313499354744721e+02
1.009306052806881979e+02
1.006254546426000474e+02
1.001692989974021799e+02
1.003156959523333285e+02
1.003529134886787091e+02
1.004381048384075399e+02
1.006743409881765814e+02
1.003298697494095819e+02
1.002846277252049987e+02
9.993072017036861610e+01
1.002777352462148173e+02
1.002904227902825056e+02
1.003223757742039339e+02
1.005693424204965680e+02
1.001021224721421135e+02
1.001022870425909588e+02
1.002518600379659688e+02
9.989220101112270811e+01
1.003321831613558288e+02
1.005440505098149941e+02
1.001624511858555735e+02
1.008461288166643186e+02
1.003769295082349799e+02
1.008487903406089572e+02
1.001766974299864188e+02
1.007509285818132838e+02
1.004721825534868032e+02
1.003748168447438758e+02
1.005244890082786355e+02
1.008716073352360354e+02
1.003419591658680474e+02
1.004752281620882712e+02
1.005089481484009184e+02
1.005645484720960781e+02
1.007796961518271814e+02
1.011567440354422303e+02
1.009092450248628126e+02
1.001593797161028192e+02
1.006326226565910815e+02
1.002271870997402203e+02
1.003791054394303472e+02
1.006268234665521533e+02
1.004729377010290960e+02
1.006132297859580405e+02
1.004168243849438369e+02
1.001218504503373623e+02
1.004495975665747096e+02
1.003083072503634412e+02
1.002033161594417976e+02
1.003198374179089427e+02
1.006621216799759964e+02
1.000837584833834057e+02
1.002898373716212888e+02
1.006915888311426102e+02
1.004428815934633121e+02
9.980455057850782907e+01
1.002145699925752496e+02
1.003317911515922134e+02
1.000541993992627425e+02
1.001643627863076631e+02
1.000565576180070053e+02
1.007823742234990192e+02
1.002954482601417538e+02
1.006620214962530895e+02
1.004447780819948122e+02
9.990661123776963848e+01
1.002567891902252768e+02
1.005238209529641011e+02
1.005735075559240386e+02
9.979684648855406692e+01
1.003058344980265701e+02
9.982842278513646761e+01
1.002084030991371719e+02
1.004213799490525929e+02
1.003667173426590153e+02
1.002119558283096836e+02
9.987264765152968948e+01
1.002855785920133513e+02
1.004600566590071224e+02
9.992717092921465394e+01
1.007043334731840929e+02
1.003524896740956933e+02
1.003584562914199267e+02
1.005836521200581757e+02
1.003047743207509370e+02
1.000364367787632887e+02
1.002400466222167523e+02
1.003505137936066376e+02
9.997550228043161269e+01
1.001502652821097996e+02
1.000148740731157631e+02
1.006374320872047861e+02
1.000200077639290583e+02
1.005352902878857293e+02
1.004389696042772613e+02
1.008127584400805148e+02
1.004191853645255179e+02
9.999554139499848304e+01
1.001947672954833735e+02
1.001802785844329406e+02
1.001818794191765960e+02
1.004831590408637823e+02
1.002784159677169527e+02
1.001058395823032043e+02
1.005115225703495270e+02
1.003698018363015763e+02
1.004758003624725688e+02
1.001669497969299840e+02
1.002018481512317294e+02
1.003073820106182410e+02
1.002182777881711928e+02
1.009056701953326893e+02
9.983981415399250636e+01
1.007361115807162832e+02
1.004064438274568118e+02
1.003564631664537359e+02
1.003563010256458341e+02
1.007417475154273347e+02
1.004014786892661419e+02
1.002459778796414298e+02
1.008317176838224185e+02
1.005112947402282657e+02
1.003040357691437379e+02
9.979586367551775083e+01
1.004692768218868508e+02
1.007714741406358030e+02
1.001834516209639077e+02
1.001542772625310391e+02
1.002212028598692513e+02
1.001871105118568295e+02
1.004751026330992545e+02
1.006092614278958735e+02
1.004379115733015766e+02
1.005229035087563005e+02
1.001120550417440427e+02
1.001932320316947198e+02
1.003652664410548141e+02
1.004391789167512883e+02
1.000791998401425644e+02
1.003636086107209877e+02
1.003336021187657821e+02
9.992033811492014195e+01
1.004701341544544704e+02
1.008301149220212523e+02
9.997280380910443398e+01
1.000046072528701160e+02
9.999934244239453562e+01
1.007106705986720527e+02
1.001657016904480741e+02
1.001961873730065378e+02
1.002132706735704204e+02
1.005992315074949630e+02
1.004536820656747977e+02
1.005598213099887488e+02
1.006803704154045391e+02
1.004939744970945981e+02
1.005290020189023181e+02
1.005007682930602044e+02
1.006644820508716833e+02
1.002566647320384874e+02
1.000775547005117119e+02
1.006266369212461740e+02
1.005576705010867045e+02
1.006209939190039933e+02
1.001405257862170828e+02
1.002929646232669114e+02
1.005000189609397268e+02
1.004259475644259254e+02
1.003084710073816694e+02
1.001801860552180301e+02
1.005751554255260913e+02
1.001324520063152903e+02
1.006416373520715553e+02
1.003440776286274030e+02
1.006105319426839060e+02
1.003249610414600141e+02
1.002659166877745065e+02
1.004226400831316965e+02
1.001221508262144226e+02
1.002603064018681494e+02
1.002219756027148634e+02
1.005651738478545809e+02
1.001861262334740132e+02
1.001660086626494177e+02
1.002341725790785887e+02
1.004924617476460043e+02
1.003040785865448328e+02
9.997300168874677695e+01
1.001685435075053334e+02
1.004389699989093714e+02
1.001649360451297639e+02
1.001558391544206330e+02
9.999084276997263032e+01
1.005215839698042828e+02
1.006879352448705731e+02
1.002443707159049637e+02
1.003515603960645279e+02
1.000261462105336960e+02
1.005465867101183477e+02
1.007825384794926578e+02
1.002099957590558716e+02
1.005870767854988088e+02
1.007258549870919495e+02
1.002884604591549191e+02
1.006251055046568723e+02
1.004451346369895504e+02
1.003410800388449928e+02
1.003437637835259153e+02
1.004543742044762098e+02
1.002784231754812225e+02
1.003334200303727357e+02
1.001186182683149042e+02
1.003478254347561887e+02
1.005654357840086419e+02
1.007178009773735567e+02
1.011540155770088205e+02
1.004521341915687600e+02
1.004626848930430612e+02
1.006076580513170455e+02
1.003046095862307965e+02
1.007606163922861668e+02
1.003105868747886831e+02
1.004085321527221737e+02
1.005475351436979849e+02
1.001148414661937949e+02
1.004337513056296274e+02
1.006091737420549066e+02
1.009460429201920562e+02
1.004198958458563169e+02
1.001079361870877591e+02
1.002963648928574827e+02
1.004689096399171859e+02
1.010894786969561068e+02
1.004042875724906168e+02
1.004969944595151361e+02
1.001357448906077963e+02
1.004217991646488599e+02
1.001087716052735033e+02
1.004420760921465643e+02
1.002654919161401068e+02
1.008170171293461976e+02
1.006671962938095959e+02
1.004908258242551398e+02
1.005104859340845564e+02
1.004999649239807695e+02
1.006340602790560865e+02
1.002595442200416187e+02
9.995137524150510444e+01
1.002799893736529810e+02
1.004263929442763157e+02
1.005580473296414965e+02
1.001329609053542669e+02
1.006546646542228132e+02
1.004799638500063423e+02
1.004683375644097509e+02
1.004487311450243965e+02
1.002518282690104598e+02
1.004579948557769740e+02
9.992063203917753356e+01
1.000611441784035378e+02
1.002113956516618174e+02
1.002950979924191302e+02
1.008028300502186738e+02
1.005035262604696271e+02
1.006106102633729762e+02
1.003650595356378545e+02
1.000575688154109457e+02
1.006433911016078611e+02
9.996319180576261942e+01
1.004167281109593972e+02
9.996890465735611997e+01
1.004368218664721013e+02
1.009531392208465945e+02
1.001319079160528389e+02
1.002597044924155369e+02
1.002409239768291371e+02
1.000529386525496278e+02
1.006417689724367648e+02
1.002231712267992378e+02
1.005735557023497790e+02
1.004075244250320935e+02
1.000222522842986024e+02
1.007428656950076089e+02
1.003184865513630228e+02
1.004658940539455472e+02
1.004494922230478693e+02
1.003529271411002100e+02
1.004547953507470908e+02
1.002191953873071952e+02
1.001069083332165519e+02
1.001782771179846492e+02
1.000219372969334160e+02
1.001001259687994178e+02
9.982416565690532195e+01
1.005149637861669021e+02
1.002574580638988522e+02
1.003553272835673624e+02
1.002303359323972956e+02
1.001381777747604218e+02
9.997145411097038448e+01
1.004384220525614495e+02
1.005292752525387385e+02
1.003362093783735105e+02
1.004174454595292474e+02
1.001818866006599791e+02
1.001721296874519567e+02
1.004846625925261634e+02
1.005021368947076894e+02
1.008306939889742893e+02
1.002091192955678451e+02
1.003477856296443491e+02
1.003527776504993625e+02
1.002687601427749655e+02
1.008146352189260710e+02
1.007257422033265613e+02
1.003415745684951190e+02
9.996124378041498915e+01
1.000562190852318736e+02
1.003127439081503809e+02
1.003589524124370769e+02
1.004955759196787568e+02
1.003240464714265130e+02
1.002110090765049222e+02
9.988158938667334041e+01
1.001947742327771493e+02
1.002433858932856054e+02
1.002067504735771735e+02
1.003370382938721832e+02
1.000149800419694230e+02
1.004542927503535310e+02
1.001038888692009010e+02
1.005487517663341919e+02
1.004872102948607591e+02
9.998838653266930976e+01
1.000682832147493997e+02
9.981179119254535692e+01
1.003909763114078260e+02
1.008270043532005928e+02
1.005327522763245867e+02
1.007531311915145125e+02
1.003333998369361524e+02
1.002762509873170984e+02
1.004497086994845887e+02
1.004868858142998675e+02
1.001589679305989051e+02
1.006031448663390364e+02
1.004858960077476269e+02
1.001111531357258144e+02
1.001045616417944188e+02
1.009104908065876174e+02
1.003739576864054044e+02
1.005940483527258493e+02
1.006229992066922847e+02
9.999890277293731344e+01
1.003041224029294227e+02
9.998158451936460267e+01
1.004974636090277471e+02
1.006221725884412308e+02
1.004065846796000443e+02
1.004586286941256645e+02
1.003651424010020747e+02
1.005786700028710214e+02
1.004898106273022762e+02
1.005666212244694435e+02
1.001745772819929812e+02
1.006988591954674774e+02
1.001763735414072443e+02
1.003670602722229859e+02
1.004658272244636663e+02
1.002578278427134251e+02
1.007948180731481358e+02
1.003958378527117219e+02
1.003143264635274363e+02
1.004380764614655988e+02
1.001424818714484815e+02
1.007534928943416759e+02
1.002800935587430189e+02
1.005221094727744457e+02
9.969827855712459552e+01
9.988623894289882799e+01
1.002018370188313128e+02
1.001605179233656173e+02
1.001191287627480051e+02
1.003232243841183617e+02
1.002520238647745145e+02
1.001265084049321104e+02
1.001861618553289333e+02
1.005778455214988725e+02
1.010293838516386273e+02
1.001152954173914935e+02
1.001977275072842559e+02
1.007257211264816164e+02
1.001822743541933534e+02
1.002896051929299830e+02
1.003991356735319869e+02
1.006284207036435987e+02
1.000189700065637908e+02
1.001559154010412698e+02
1.003478726974894784e+02
1.001428207298434927e+02
1.006784748953169100e+02
1.000423925620925019e+02
1.004617666842876957e+02
1.003238020786537845e+02
1.002349973840123312e+02
1.004022321230136185e+02
1.006557421839634117e+02
1.006981280624598156e+02
1.007308588282655961e+02
1.006165723927876883e+02
1.004592374705946298e+02
1.002582819014719320e+02
1.007466269210328136e+02
1.005288424472703497e+02
1.006148291663505034e+02
1.008549461501722391e+02
1.005209736635040372e+02
1.006647474254551895e+02
1.001935376433778941e+02
1.006560448262201817e+02
1.008825654275448613e+02
9.980268394709266033e+01
1.006808857088534950e+02
1.007718609096119309e+02
1.003069488747720897e+02
1.004702150489735999e+02
1.003288914144314390e+02
1.007817714734642465e+02
1.006969993250065301e+02
9.979269007288446858e+01
1.004509666353311701e+02
1.003949745602435542e+02
1.003955495732396770e+02
1.002341542158107330e+02
1.000674868800603576e+02
1.004007332441767204e+02
1.008255862644297878e+02
1.003045359597941228e+02
1.001413077795417195e+02
1.001931160416562534e+02
1.006336619274751882e+02
1.005489822397271240e+02
1.002717438254419591e+02
1.004260176482117828e+02
1.007120372134572222e+02
1.004365469608182480e+02
9.996032122564015765e+01
1.007179706216404043e+02
1.005626843883269856e+02
1.000201159461084472e+02
1.009505526356494585e+02
1.006896011217181552e+02
1.006969965349566110e+02
1.005372284006189290e+02
1.004493867092557338e+02
1.006564657927424946e+02
1.005207700136491695e+02
1.002341820949321942e+02
1.004456358407344254e+02
1.006371617652149979e+02
1.004634168929050446e+02
1.002546645268726024e+02
1.004039305747437965e+02
1.006125639676837835e+02
1.001915767764413090e+02
1.004887667401379332e+02
1.006316759027512120e+02
1.001649746160711061e+02
1.006458978345608983e+02
1.004533121311259123e+02
9.999892313978394043e+01
9.985899057355685215e+01
1.000600089865409359e+02
1.004252835536091908e+02
1.005304900950458915e+02
1.003985668136349432e+02
1.001898479521161534e+02
1.004293089158202434e+02
1.000371794984535398e+02
9.978098812823998287e+01
1.000858546554806026e+02
1.001504196248819341e+02
1.002855860074855627e+02
1.006377576254907922e+02
1.004304661718309291e+02
1.002006491355542721e+02
1.008821938393902116e+02
1.002799084442429631e+02
1.006701822798368795e+02
9.994403090306154525e+01
1.000749494932804282e+02
1.003115125042780988e+02
1.004729223080889255e+02
1.002841694152539986e+02
1.005514118969830974e+02
1.004064522113909135e+02
1.007497698857319648e+02
1.003871070844820110e+02
1.006175549403740064e+02
1.004474254556973420e+02
1.006884510164992861e+02
1.007026001127818944e+02
1.007108201142634272e+02
1.003703881503635813e+02
1.003993458485436037e+02
1.004351159939572682e+02
1.007657813471749932e+02
1.002756134946848618e+02
1.006324917436802053e+02
1.002375497491687071e+02
1.008102079275293050e+02
1.005089918262326449e+02
1.001592372796377362e+02
1.004267706095125874e+02
1.007604091906824948e+02
1.006359309197022753e+02
1.006648942835425515e+02
1.005245012476245137e+02
1.008035641196424876e+02
1.004225786772301348e+02
1.004758550792081024e+02
1.006807912008911785e+02
1.001239154808484386e+02
1.003496027253811462e+02
1.004234868897981272e+02
1.004605543502443794e+02
1.007809248056411349e+02
1.005351955348076700e+02
1.005598087604001734e+02
1.002987978968058229e+02
1.004853654457202055e+02
1.002218111306520854e+02
1.004232742251401902e+02
1.004166878590272063e+02
1.001257806269277353e+02
1.003086470105091621e+02
1.009676867774331726e+02
1.008753074326587011e+02
1.001443116215190372e+02
1.000710508254366715e+02
1.004764834522961650e+02
1.002767730836882265e+02
1.001360102677952568e+02
1.003491823298576122e+02
1.003417954663545544e+02
1.002540475996430729e+02
1.002654153842836564e+02
1.005398915947225049e+02
1.008946473055087836e+02
1.002727368067359492e+02
1.008234124658191604e+02
1.007420841603993296e+02
1.008074022018047486e+02
1.007274685787886739e+02
1.005080820373984238e+02
1.005289731393555002e+02
1.004970263068917262e+02
1.002530166142807957e+02
1.006535256037172417e+02
1.002219789639096774e+02
1.004096575988233440e+02
1.003110399837271416e+02
1.005856170209596030e+02
1.002482231897699734e+02
1.006644263432678628e+02
1.004266994148472349e+02
1.000871126028741998e+02
1.002485911638441962e+02
1.006355175379523956e+02
1.001710453309557494e+02
1.007861430989403715e+02
1.005180593038246144e+02
1.005213988684246829e+02
9.995052721550773356e+01
1.004706227800966332e+02
1.006149237538025858e+02
1.006179542718297739e+02
1.001733459965475532e+02
1.002323672461302095e+02
1.003304788287630203e+02
1.003697041424244958e+02
1.002356682731715978e+02
1.003014532072947844e+02
9.992636151799676725e+01
1.004154486142904830e+02
