2.865397238552536123e+02
2.865370624247173623e+02
2.864834852468729309e+02
2.864823791451578359e+02
2.864848572329244121e+02
2.866260626109640839e+02
2.865913518905289834e+02
2.865290198321023922e+02
2.865438761188544845e+02
2.863889547324867522e+02
2.863799445195724616e+02
2.864124424848882882e+02
2.863163081842112661e+02
2.863156091521386202e+02
2.864494016968704955e+02
2.864348028397737949e+02
2.864497114470352130e+02
2.865717508315157716e+02
2.865501595147058538e+02
2.863792795003513447e+02
2.863461561515808853e+02
2.864061978998084328e+02
2.864851196837016118e+02
2.865745144989097639e+02
2.864707528385999353e+02
2.863716390019755522e+02
2.865794287058932355e+02
2.864696648183293064e+02
2.864952532942344874e+02
2.864596350475531494e+02
2.865650057167806608e+02
2.864828119608253587e+02
2.864568044034541003e+02
2.864818815029470898e+02
2.866429432857215147e+02
2.864455308395571933e+02
2.863872305005933754e+02
2.865436261106216875e+02
2.863867370151169212e+02
2.862904157162006982e+02
2.863399707945421255e+02
2.864647259552732521e+02
2.865393408553038057e+02
2.863511908776500263e+02
2.864896474334233858e+02
2.865253743740626646e+02
2.865761720914252351e+02
2.866840083379926796e+02
2.865351058994252185e+02
2.864193940798821814e+02
2.863154785220822305e+02
2.864667245811213547e+02
2.865323040652197051e+02
2.865922235619351000e+02
2.865286084893364773e+02
2.866423124391897090e+02
2.865738958780607959e+02
2.865678505993808471e+02
2.867051054226103588e+02
2.866657085986635138e+02
2.864749781670796551e+02
2.865137236759611028e+02
2.865379742427265342e+02
2.864899986854433678e+02
2.864574809385296135e+02
2.865089496633448221e+02
2.864382707307119063e+02
2.864041259675543074e+02
2.865760425201107751e+02
2.865392247122708795e+02
2.864353389990967003e+02
2.864195593585334905e+02
2.864222289164201243e+02
2.864173090865537574e+02
2.865788160459342748e+02
2.865140082794903265e+02
2.864354052929680279e+02
2.864306317203768231e+02
2.864458496378247787e+02
2.863975915001959152e+02
2.864275936629279045e+02
2.864406126247124575e+02
2.864926522391464800e+02
2.867415161382438669e+02
2.866197223253486186e+02
2.864780246357898363e+02
2.865640420439005425e+02
2.864882795651701031e+02
2.865285852493008178e+02
2.865215114300087293e+02
2.865720471936897980e+02
2.865198172590322088e+02
2.864962194157855606e+02
2.864313922872511853e+02
2.866187319721776703e+02
2.865306190387919401e+02
2.866354116527053861e+02
2.866737475174607539e+02
2.864208114502150124e+02
2.863494039476274224e+02
2.864138266529710677e+02
2.865382897179950419e+02
2.863815804015368940e+02
2.864185707636660823e+02
2.864349094985655597e+02
2.865032519156281978e+02
2.864858105704336708e+02
2.866387133352636170e+02
2.864238349138927333e+02
2.864805682825331701e+02
2.862728661718869603e+02
2.863516532354842070e+02
2.864222017228216828e+02
2.865773836392665999e+02
2.865987660292645955e+02
2.864907626746351070e+02
2.863138783474732350e+02
2.862741387666648620e+02
2.864416167552705019e+02
2.863952489933186598e+02
2.863672894078103468e+02
2.864450462016347387e+02
2.864795701427947847e+02
2.864631154720269137e+02
2.863639498243690014e+02
2.865310797195305099e+02
2.865270104924467205e+02
2.863195452192006201e+02
2.863808131217890605e+02
2.865224129892260976e+02
2.864676409830690318e+02
2.864783622414873889e+02
2.864493900285279437e+02
2.864907646312043994e+02
2.864771511072266890e+02
2.864280575272397300e+02
2.864151125363117103e+02
2.863787675390321965e+02
2.863385067717003949e+02
2.863669598626248671e+02
2.863635223323917671e+02
2.864488739888209352e+02
2.864972592205804176e+02
2.865619466561737454e+02
2.865171578221862205e+02
2.864911976402822233e+02
2.864674677449542060e+02
2.865424645577077740e+02
2.864382985337539935e+02
2.864372367413856182e+02
2.864483877187321355e+02
2.863583777371865722e+02
2.863220110330398143e+02
2.863904524092567954e+02
2.863554332131288334e+02
2.862883457067316044e+02
2.863525677268356731e+02
2.863899635984196266e+02
2.864644776326746296e+02
2.863913660654399678e+02
2.863764046662322471e+02
2.862630768482947587e+02
2.864234692026229254e+02
2.864456781554980580e+02
2.864882144801331947e+02
2.866365646623517591e+02
2.865433431326346749e+02
2.866925871560168275e+02
2.866419161355928509e+02
2.866537867032529334e+02
2.867654659953971077e+02
2.867248331693729710e+02
2.865496657184697256e+02
2.865083780864242158e+02
2.865806896316325378e+02
2.867783131352350097e+02
2.867628072140362292e+02
2.866320352619287064e+02
2.865095117657709238e+02
2.863683268885549751e+02
2.864547687139449863e+02
2.865798561287089683e+02
2.865161875788803627e+02
2.866174848921993430e+02
2.865369882554793435e+02
2.865070215416306496e+02
2.864455111939249150e+02
2.865333433743695082e+02
2.866801935946097615e+02
2.865552366088479062e+02
2.864639019779088471e+02
2.864029086135917055e+02
2.864891921392659810e+02
2.865321597618198552e+02
2.866067534164519657e+02
2.865576595459774012e+02
2.866279805901359055e+02
2.867206162161603515e+02
2.867154669725504164e+02
2.865588276412602227e+02
2.866999652046495157e+02
2.865307434888588318e+02
2.864762069422297941e+02
2.864645033465420170e+02
2.864261222619704768e+02
2.865240373308500352e+02
2.864915634716063551e+02
2.864571077318758512e+02
2.864881932940314186e+02
2.863471294628155306e+02
2.863971382183728451e+02
2.864611080129359379e+02
2.864737910428665941e+02
2.866279297739889671e+02
2.865958987983278803e+02
2.862862864954207112e+02
2.862113669701926710e+02
2.862416835666870725e+02
2.862988201350490840e+02
2.863952205985802379e+02
2.862291097914204556e+02
2.862087915191996217e+02
2.863444098612004041e+02
2.865178469238703656e+02
2.864545586280722773e+02
2.865199085959409899e+02
2.866066239803803342e+02
2.863147649670850683e+02
2.862283239822631344e+02
2.863076750916986839e+02
2.864651580181077861e+02
2.864548936848192398e+02
2.864599910533281673e+02
2.865267569109183796e+02
2.864186198475175047e+02
2.864328869231403587e+02
2.864874245491444640e+02
2.864236520312115886e+02
2.866373318714011020e+02
2.866580917571240548e+02
2.865351433365661933e+02
2.865977404247467462e+02
2.866081785263722281e+02
2.866481966323884194e+02
2.864532049780530087e+02
2.865209767380334256e+02
2.864847385202756982e+02
2.865117788806911108e+02
2.865961598747732637e+02
2.868132700096771828e+02
2.868320292363567319e+02
2.865849815294265568e+02
2.865219102612282427e+02
2.864239951976438192e+02
2.866046703066313626e+02
2.865453858652934400e+02
2.865296833552619660e+02
2.865666159936147892e+02
2.865943054367931495e+02
2.865617796804331761e+02
2.866208236128728117e+02
2.865150585432752450e+02
2.863809889864211868e+02
2.863955213285328796e+02
2.865332944322273647e+02
2.865691012773951911e+02
2.864618635703117207e+02
2.865633585638979639e+02
2.865749202357877152e+02
2.865780153429448660e+02
2.866411429785712812e+02
2.865844709087337492e+02
2.865424130867098711e+02
2.865151126615571684e+02
2.865587750569690684e+02
2.864556224587261113e+02
2.864232863251885988e+02
2.863991507982788107e+02
2.863799441595003259e+02
2.865311336673880191e+02
2.864377493308161888e+02
2.864455548793452522e+02
2.864661165397172908e+02
2.865229134983618451e+02
2.864224980887872221e+02
2.865618591268842579e+02
2.865837577560116074e+02
2.865114396058291391e+02
2.864095157991498013e+02
2.864104839223963950e+02
2.863013892148177320e+02
2.865066310657278450e+02
2.866204689406420698e+02
2.865056432495059653e+02
2.863746129522255615e+02
2.863166666537869105e+02
2.866118404607277057e+02
2.865901959751290065e+02
2.865225400679213976e+02
2.865129231931612139e+02
2.865015521844751447e+02
2.865802066689071239e+02
2.866107601480750304e+02
2.866798085664302675e+02
2.864331879536226779e+02
2.864154657813460858e+02
2.863034472325556408e+02
2.863037322416695929e+02
2.864106159548985602e+02
2.864145834536188318e+02
2.864055503778141656e+02
2.864040438372783228e+02
2.863780446553828938e+02
2.863254595929540187e+02
2.864130179595001664e+02
2.863959461967963875e+02
2.863591507991034746e+02
2.863473132456097687e+02
2.865166543335689653e+02
2.864698052673192592e+02
2.863773086548870310e+02
2.863967975373293484e+02
2.863875552057850769e+02
2.864134771350318829e+02
2.863054882526830056e+02
2.863348012117276085e+02
2.865387527516394357e+02
2.866616954696856965e+02
2.866435105033249897e+02
2.864457697312130335e+02
2.862801366505856322e+02
2.863439213574911832e+02
2.864260637751029321e+02
2.864692896414780989e+02
2.865507282201795647e+02
2.865702415364345370e+02
2.863932556397840017e+02
2.862893791996032746e+02
2.863554665901025942e+02
2.865235920647212424e+02
2.865037845490922450e+02
2.864398303865595494e+02
2.864558414497976742e+02
2.864494301478446801e+02
2.864718778045360636e+02
2.865208358395391883e+02
2.864599424672344981e+02
2.863915924206315253e+02
2.863466930574583102e+02
2.864155361650466034e+02
2.865357232482971881e+02
2.866610947035844106e+02
2.864987626417649267e+02
2.864775718197996639e+02
2.863174286516263010e+02
2.862291229588553847e+02
2.863439889154996649e+02
2.863601203396177652e+02
2.864036618171180635e+02
2.863115439311732757e+02
2.863021495623333976e+02
2.864302345616076764e+02
2.863791050227342225e+02
2.864979542350779411e+02
2.864785559602127591e+02
2.863987398766202546e+02
2.863829337787013287e+02
2.865400452903794530e+02
2.864298646067518348e+02
2.864759658952664836e+02
2.863936375195843311e+02
2.863610165598362869e+02
2.864150175616794058e+02
2.862883864117854387e+02
2.861458635591108646e+02
2.862647396486519824e+02
2.863822090460134859e+02
2.863792385169359704e+02
2.862844390961946033e+02
2.863392422724012931e+02
2.864636937015570766e+02
2.863642481738473862e+02
2.863511102303019698e+02
2.864567857430129720e+02
2.864623323493069051e+02
2.864293420331634366e+02
2.864138371690308986e+02
2.864805648529880955e+02
2.866158779012240529e+02
2.864125992559220890e+02
2.865146100971383021e+02
2.864886330656754012e+02
2.865128794234047405e+02
2.865415539837191545e+02
2.864562644623052847e+02
2.865485295032896147e+02
2.864197457930693531e+02
2.864473829058560455e+02
2.865490095468799723e+02
2.864555015436324652e+02
2.865226287568644921e+02
2.865739908521005077e+02
2.865339138503099434e+02
2.865834620487747770e+02
2.863007348514555019e+02
2.862325260820834956e+02
2.861934118979881987e+02
2.862772574577414844e+02
2.862929110722855626e+02
2.863351863265031056e+02
2.865153271597811226e+02
2.866285084500252651e+02
2.863825743471181227e+02
2.863200066537661996e+02
2.864692446647243287e+02
2.864757886880216233e+02
2.864540609620787563e+02
2.863910843603036938e+02
2.863575105691828639e+02
2.864491961269902163e+02
2.865554702686414430e+02
2.863934646985905488e+02
2.862731669140016493e+02
2.862324738403942206e+02
2.862650628870532046e+02
2.862577112740128200e+02
2.862814580108321252e+02
2.862877787031328012e+02
2.864181416888175704e+02
2.865360162673525224e+02
2.863814129140981777e+02
2.864233615686697476e+02
2.865529157172559849e+02
2.865691924713342473e+02
2.863642619619766378e+02
2.861834072728461820e+02
2.862753060827097897e+02
2.863538368454852048e+02
2.864588831679009786e+02
2.864686818675219797e+02
2.863199175123907594e+02
2.864552633103403991e+02
2.865199791367119246e+02
2.863251212173391309e+02
2.863306645841641398e+02
2.864499078118935245e+02
2.863969732099588441e+02
2.863335554133991536e+02
2.863575070462993040e+02
2.865183817929124075e+02
2.864638454091216317e+02
2.864057806532821928e+02
2.864927881147056610e+02
2.866700882803195327e+02
2.865577086688454642e+02
2.863731481946352346e+02
2.864080201876304272e+02
2.862822086800219950e+02
2.862990512108311805e+02
2.863290101798318688e+02
2.863738576277744983e+02
2.862988726337344474e+02
2.862492050571483446e+02
2.863351129967797419e+02
2.864120158219370182e+02
2.864468278699752659e+02
2.863817838802845017e+02
2.863408940877100122e+02
2.864286727575420741e+02
2.864865896092571802e+02
2.865223195055309020e+02
2.864064949817217212e+02
2.862379004615889357e+02
2.864117362181843305e+02
2.864802359405455832e+02
2.865892215082328107e+02
2.865306455318012127e+02
2.864613045750371043e+02
2.864179607310018696e+02
2.863529514344639892e+02
2.864796671080381998e+02
2.865171638564274872e+02
2.864727636458499092e+02
2.866170190818011747e+02
2.866364815035333322e+02
2.864813535564681501e+02
2.865386961182300070e+02
2.863601824812530481e+02
2.863998638276314637e+02
2.862703275002061787e+02
2.864438863973830394e+02
2.863241594711738003e+02
2.864160477219746213e+02
2.864175326266059187e+02
2.863350323929753358e+02
2.862346135619263805e+02
2.863930385399170859e+02
2.863506550133592441e+02
2.863553961627718536e+02
2.864030689630802158e+02
2.863564729974456782e+02
2.860106529266916482e+02
2.860442355882221364e+02
2.861776207718834826e+02
2.864185195403735520e+02
2.863426451342677979e+02
2.863349401226103055e+02
2.863369221188825691e+02
2.862878158111904554e+02
2.862476087442381072e+02
2.862719948818408398e+02
2.864052019399921392e+02
2.863467782261357684e+02
2.862810127919408956e+02
2.864736139114107232e+02
2.865043493039717646e+02
2.863369687932773218e+02
2.864139976155658474e+02
2.865316799869318061e+02
2.863025202308006101e+02
2.862026311934601495e+02
2.865083781765194431e+02
2.865153890935122263e+02
2.864771538908505022e+02
2.865604348178065948e+02
2.865123571661400774e+02
2.865673025773926383e+02
2.864263777031733866e+02
2.863837992160711678e+02
2.863818047105478968e+02
2.863783897157028946e+02
2.866646621812553235e+02
2.866878088123997372e+02
2.865022289688398018e+02
2.864380329086603183e+02
2.864693450049505259e+02
2.864787842391141908e+02
2.865746403093559138e+02
2.865680690153668024e+02
2.864704323836867275e+02
2.864640264455001670e+02
2.864689475688684297e+02
2.865363678674311245e+02
2.865370230995492307e+02
2.864829666230879184e+02
2.865501094241878377e+02
2.864862814845608341e+02
2.864257710287924397e+02
2.865457423364694591e+02
2.864690822247931692e+02
2.863946325261139805e+02
2.865245529602889860e+02
2.865834791941950357e+02
2.865017802240641345e+02
2.865746415420179005e+02
2.864214357128187771e+02
2.866100853104381940e+02
2.864490886126724831e+02
2.865509748111531394e+02
2.865275642971766388e+02
2.865377476495997939e+02
2.864277507717135336e+02
2.863829342735928094e+02
2.863233550752129872e+02
2.865242480708062089e+02
2.864992038198506066e+02
2.865630666578740033e+02
2.864524361596063500e+02
2.865074119000992141e+02
2.865108010881240830e+02
2.865369445765350633e+02
2.864413371765237457e+02
2.866017834033255554e+02
2.865892195407799363e+02
2.865962494312252034e+02
2.864901191518924861e+02
2.865193822189499997e+02
2.863730598874945485e+02
2.865517654292527823e+02
2.864359537424559221e+02
2.863958082826061968e+02
2.864137136079766606e+02
2.863457517939145873e+02
2.863200920711569211e+02
2.864847005678256551e+02
2.865868299106139148e+02
2.864081984453673044e+02
2.863657911660755531e+02
2.863604595766612988e+02
2.863859134290263455e+02
2.864680595599397179e+02
2.862037126225482666e+02
2.862697069578268838e+02
2.863294680318348924e+02
2.864095078814125372e+02
2.865463364869546581e+02
2.866185314364425381e+02
2.863952494734189145e+02
2.863670697838765591e+02
2.863909874454498663e+02
2.864139705285579112e+02
2.864437244468786616e+02
2.864305451819883501e+02
2.864005735794986549e+02
2.863119165863762987e+02
2.864082616240278298e+02
2.864397426673236282e+02
2.865444867081448024e+02
2.863988567573766773e+02
2.861431341542243558e+02
2.863959084576255805e+02
2.865166627393218164e+02
2.866523182677501609e+02
2.864277918948990305e+02
2.865153090589350882e+02
2.865849175337835391e+02
2.865366757694678768e+02
2.863818115505710580e+02
2.864304581490542319e+02
2.863301037890274756e+02
2.863370954832261077e+02
2.862393146496834788e+02
2.862682192502800831e+02
2.863612267859465987e+02
2.862647654511018231e+02
2.863220076882341232e+02
2.865114496650846263e+02
2.864263216835416870e+02
2.862961750570311779e+02
2.862595416225053100e+02
2.863839437235634477e+02
2.865346775127757155e+02
2.865310873011845842e+02
2.864451757384285315e+02
2.863989871958328308e+02
2.864994145940235057e+02
2.864173641130291230e+02
2.864969125744850089e+02
2.863971385120330524e+02
2.864190590025127676e+02
2.862860301606232838e+02
2.863133244903708032e+02
2.864073021902111691e+02
2.863274657257770741e+02
2.864490227452096747e+02
2.863950024708896649e+02
2.864398145323232825e+02
2.864747011335115872e+02
2.865009852871893941e+02
2.864837942530724035e+02
2.865883761227955802e+02
2.864533569814693124e+02
2.863727644402832766e+02
2.864442490583093104e+02
2.865498467376999656e+02
2.865288572434658931e+02
2.864850260983936323e+02
2.864408566421769819e+02
2.865657865360612391e+02
2.865635300607461318e+02
2.863975555117801832e+02
2.863875824937265406e+02
2.864192267100465870e+02
2.865271293051624184e+02
2.864821691779595767e+02
2.863571974492922436e+02
2.864099638872368701e+02
2.865094897785812122e+02
2.863618136616602214e+02
2.862796967352460342e+02
2.862480068937643978e+02
2.863876869235164122e+02
2.864495264765145635e+02
2.864320038846908005e+02
2.864331481004928150e+02
2.865048688804117205e+02
2.864384735137627445e+02
2.864726320024079769e+02
2.865428364906888419e+02
2.863733254657828979e+02
2.863665846602038982e+02
2.861986132050680567e+02
2.862313090938009736e+02
2.863342718371375213e+02
2.863994482679317457e+02
2.864613151889516871e+02
2.862637181583598363e+02
2.862822419475502898e+02
2.863250886584925183e+02
2.863636402905119098e+02
2.863719756745945233e+02
2.863734073835103686e+02
2.863048447527492044e+02
2.861767182896355735e+02
2.862221922833805934e+02
2.864770269278252499e+02
2.864580193431691555e+02
2.864508687866643868e+02
2.862099780122600237e+02
2.863269270891370866e+02
2.863252208843334756e+02
2.864854971737847791e+02
2.864228079434748793e+02
2.864331860387474080e+02
2.863720586913496504e+02
2.863578237675089326e+02
2.862245449779452997e+02
2.861616357494472140e+02
2.862313842664472645e+02
2.862432814503599161e+02
2.863516900272948078e+02
2.862883400398499134e+02
2.863632123893001449e+02
2.865188228228062712e+02
2.865792902704603762e+02
2.864901850943365957e+02
2.863325497141871097e+02
2.863612960878571698e+02
2.863749064290304318e+02
2.863817276964136909e+02
2.864756312773837976e+02
2.864761226938658751e+02
2.864122840650305193e+02
2.864640564662274187e+02
2.866165600160390454e+02
2.865741591389004270e+02
2.865192592025940144e+02
2.865103179327950897e+02
2.863213331235546661e+02
2.863314930964809832e+02
2.863457128361330319e+02
2.864363362510389379e+02
2.865984476705613702e+02
2.863793145106606630e+02
2.865028692259086256e+02
2.864445218670886675e+02
2.864180433655610045e+02
2.864843827847096236e+02
2.862382620870117194e+02
2.863272868410139722e+02
2.864839580381971587e+02
2.864454643559917599e+02
2.865050097085283483e+02
2.863957332984614936e+02
2.863350454975401931e+02
2.863837455215528394e+02
2.863753792054291694e+02
2.865546518249035444e+02
2.864146402504539424e+02
2.864010945153315220e+02
2.863962989448114627e+02
2.863518376970325221e+02
2.863417593913135875e+02
2.862417946543284302e+02
2.862782132929667682e+02
2.864920757728490912e+02
2.865971997982423431e+02
2.865471841983369359e+02
2.866496928048300674e+02
2.866198414118310893e+02
2.865184182018435308e+02
2.864173499326228125e+02
2.864720318994087052e+02
2.864365432766841764e+02
2.865392167185763697e+02
2.866641420068620505e+02
2.865293047042159174e+02
2.864610248217542789e+02
2.864656799908224230e+02
2.864049401586075305e+02
2.864120995072854043e+02
2.865300332995856820e+02
2.864778226814855202e+02
2.863972123494521043e+02
2.862496979964907382e+02
2.862662103338089423e+02
2.864227047637436385e+02
2.864270722089145806e+02
2.865252579183763828e+02
2.863169416126051487e+02
2.862548950825182033e+02
2.862100657509730013e+02
2.864342452807281347e+02
2.865021520146428315e+02
2.864528707810979995e+02
2.863895114749272466e+02
2.863584924363581194e+02
2.863536379259892328e+02
2.863794967048698368e+02
2.864781140600067602e+02
2.866245613584700322e+02
2.865313384945949338e+02
2.865526586236492790e+02
2.864753893693632563e+02
2.865669016960252975e+02
2.864757383568389173e+02
2.865073697279884755e+02
2.864217608394744161e+02
2.863651871114034861e+02
2.864724097326706556e+02
2.864328683152205031e+02
2.865408684893116060e+02
2.865965031440135817e+02
2.864304340406339406e+02
2.863485934577057037e+02
2.863620290476264927e+02
2.863197125377503767e+02
2.863281543391279911e+02
2.864530083845918966e+02
2.862933202798553225e+02
2.864368010141238301e+02
2.862564287804226524e+02
2.863682591441926775e+02
2.864777372011489547e+02
2.865916551449687972e+02
2.863119514085307742e+02
2.863290256075629827e+02
2.862780329283565379e+02
2.862791745598001967e+02
2.863939754704862821e+02
2.863411531513484647e+02
2.864778680922594845e+02
2.864721327264676916e+02
2.862628597975476623e+02
2.864143259909708945e+02
2.863741580402566456e+02
2.864467758141387890e+02
2.864731758950243261e+02
2.863483312212461556e+02
2.862879859068183919e+02
2.863321891595510351e+02
2.863069602333546868e+02
2.864125848221446518e+02
2.864048891546717073e+02
2.863962018991886680e+02
2.865076114082946219e+02
2.864081764614725785e+02
2.864138393603116128e+02
2.863681466732354011e+02
2.864048271134348624e+02
2.865109762358656553e+02
2.864785692728436288e+02
2.865299306233045513e+02
2.863761660663002999e+02
2.865152602648302604e+02
2.866986544804693153e+02
2.865970046675498111e+02
2.865804485119310243e+02
2.865588706440239548e+02
2.865807479796268922e+02
2.864698181979003380e+02
2.865792347474591111e+02
2.864796019419458730e+02
2.865841923573861436e+02
2.864068254803054288e+02
2.863499776170122573e+02
2.864636584657587832e+02
2.863196852406499033e+02
2.864191660890350022e+02
2.864608950124094804e+02
2.864661401593270966e+02
2.865054930378809104e+02
2.863941114505797714e+02
2.864155617747870792e+02
2.864503282903641548e+02
2.866113622779399179e+02
2.864315688980104255e+02
2.865250368913577290e+02
2.865315643632258116e+02
2.863595914219147289e+02
2.864934877267239699e+02
2.864240107391277093e+02
2.863421398552794130e+02
2.863685597987226856e+02
2.863100571947817912e+02
2.863272373227305820e+02
2.863437794871345545e+02
2.865120864862846588e+02
2.863639930425239299e+02
2.862659306856206172e+02
2.863233305568072069e+02
2.863083429024187581e+02
2.862681189462045950e+02
2.862359679372513028e+02
2.863023593021244437e+02
2.863220650882412315e+02
2.861309762412382156e+02
2.863516444597216264e+02
2.862583446617766754e+02
2.861264373345208014e+02
2.862130172853965746e+02
2.863061129535785199e+02
2.864519631997694091e+02
2.863897263391750698e+02
2.862021068692744734e+02
2.863336327454267689e+02
2.864511397568148823e+02
2.864074934871330811e+02
2.863567617750886143e+02
2.863959484583473341e+02
2.864724928139839335e+02
2.865095583215338593e+02
2.862836582160687158e+02
2.862518899009774600e+02
2.864691507245905768e+02
2.865115703362494628e+02
2.864820425938557378e+02
2.863429999978101819e+02
2.863836450506831284e+02
2.864880379970877016e+02
2.863238059896664822e+02
2.862539658613048346e+02
2.864802335453272804e+02
2.865383768921678325e+02
2.863974074615575205e+02
2.864668425129158891e+02
2.862635270650972643e+02
2.863093977564298598e+02
2.862486869364486779e+02
2.862200444743220373e+02
2.863171349484626944e+02
2.863357758532417279e+02
2.862868529730095020e+02
2.863478121497096822e+02
2.864181900102739178e+02
2.863548155126730421e+02
2.863737747156694127e+02
2.864078203592027876e+02
2.864770867306318110e+02
2.863717791864929723e+02
2.865244093006984940e+02
2.864334207517453024e+02
2.862956704987973353e+02
2.863638109492355852e+02
2.863708238466493867e+02
2.863406173192232131e+02
2.863959044529062226e+02
2.865942065800292653e+02
2.866450117184765531e+02
2.865294491844501295e+02
2.864193196621698121e+02
2.863889464981124888e+02
2.865217115316007721e+02
2.864047921292334422e+02
2.863759003640233232e+02
2.867856888194423277e+02
2.867263250496289402e+02
2.866843806066775642e+02
2.865054543531163631e+02
2.863976507005855296e+02
2.863350140581280243e+02
2.864061125438340127e+02
2.863040704833314862e+02
2.863766450959801091e+02
2.863170552184007533e+02
2.864241775399183894e+02
2.864934964380979068e+02
2.865099400859037360e+02
2.864670929974684555e+02
2.864113539803343542e+02
2.864424962324108037e+02
2.864064119111699256e+02
2.862545543740217795e+02
2.863211906604965407e+02
2.863248233573413586e+02
2.863369644921568238e+02
2.863653554390555200e+02
2.863335975692878606e+02
2.861733669023221864e+02
2.862698046183297151e+02
2.863179789631967083e+02
2.863595538367616768e+02
2.862836902558543670e+02
2.862837583869547871e+02
2.863955544579459342e+02
2.864445749107366623e+02
2.863876346877023025e+02
2.862695096391826723e+02
2.864821184878312010e+02
2.864649659441541303e+02
2.863477801812622374e+02
2.863153779035367847e+02
2.862883036327326067e+02
2.862671545955847137e+02
2.862531571217727446e+02
2.863536377857997763e+02
2.865318383405015652e+02
2.863345965962537321e+02
2.863655104816255630e+02
2.864282199906440951e+02
2.863554312524768761e+02
2.863117135248200498e+02
2.861785218374214423e+02
2.862456631970819103e+02
2.862512315160677758e+02
2.863015287865317191e+02
2.863723539557552158e+02
2.864196923330458162e+02
2.865091805794546076e+02
2.864635473226105091e+02
2.864308815154867602e+02
2.864681414211688661e+02
2.863142380135334975e+02
2.861691305810239214e+02
2.862538673717896813e+02
2.864293851722883915e+02
2.862986955346455602e+02
2.863811023393487289e+02
2.865476782604825416e+02
2.865412680551440303e+02
2.864043391919809096e+02
2.863749653267873327e+02
2.864321488573600050e+02
2.863907518388341487e+02
2.862749337804372090e+02
2.863669751854791343e+02
2.862457584138530251e+02
2.862643055457466517e+02
2.862965904559863475e+02
2.861895293153527291e+02
2.862460899766060720e+02
2.861722193950553788e+02
2.862368531477240481e+02
2.862565429545252300e+02
2.862759864653522186e+02
2.863282606589805823e+02
2.863376671780570746e+02
2.865158576935435235e+02
2.865543262100219408e+02
2.866337504980388644e+02
2.862905413401179544e+02
2.862857666799771437e+02
2.863288061229782784e+02
2.863888949159925801e+02
2.862724098631726974e+02
2.862229479419787594e+02
2.862139860682933659e+02
2.862173435677380553e+02
2.861305514316180165e+02
2.862443242084693225e+02
2.863950792979572384e+02
2.863749095700691214e+02
2.862132940476482190e+02
2.863651972634932577e+02
2.865728226032161956e+02
2.864134879621661298e+02
2.863607726986220428e+02
2.863585213990191392e+02
2.864672876229698772e+02
2.865889465280298509e+02
2.864990606178091639e+02
