2.393524861656580072e+02
2.392956565242877502e+02
2.395983539468357151e+02
2.393727109418896362e+02
2.394882918212158813e+02
2.392082806786251865e+02
2.393845233886228243e+02
2.392582255327281189e+02
2.394347098772148286e+02
2.398156933239285138e+02
2.394488890512629666e+02
2.394675539116962852e+02
2.395358437174604660e+02
2.393552748767265257e+02
2.393358780080301642e+02
2.392709814774323434e+02
2.393261293503527156e+02
2.396680782997458152e+02
2.395010745280655158e+02
2.391940507432294396e+02
2.395222963717714322e+02
2.392058506798227029e+02
2.394902140870669598e+02
2.392343784802310154e+02
2.392854066484152327e+02
2.394713838817760632e+02
2.394220560700877911e+02
2.394864356252101913e+02
2.393816851001561474e+02
2.393798325429275735e+02
2.391638521411956333e+02
2.392814298156639836e+02
2.395228174928108444e+02
2.391335607326410866e+02
2.393926793874267389e+02
2.395441882605043418e+02
2.392496828438766840e+02
2.390784533537797643e+02
2.393256551366492033e+02
2.397065683553528288e+02
2.392772276133931371e+02
2.392507654789686455e+02
2.394877130109668144e+02
2.390619040575656129e+02
2.391234045703137099e+02
2.394005018618310316e+02
2.396076004032421451e+02
2.393582807293485928e+02
2.394967568319595728e+02
2.396833320373675917e+02
2.392799013171930653e+02
2.395373212610657276e+02
2.394664865367782625e+02
2.393471191551285244e+02
2.392885498387018686e+02
2.395120655832718910e+02
2.394371588116085832e+02
2.396173116554258229e+02
2.397211903100151460e+02
2.396320592738086646e+02
2.400862221183197107e+02
2.398767175713323923e+02
2.395645342366271962e+02
2.395183594452265368e+02
2.399115918828121892e+02
2.398446687663398222e+02
2.399336509940329734e+02
2.397025867820735527e+02
2.399325083643198866e+02
2.397355155239897897e+02
2.398396186856470251e+02
2.397276467917745606e+02
2.399521791669518791e+02
2.396959782297412573e+02
2.396262627036733477e+02
2.398839479795573482e+02
2.397872853796038441e+02
2.396380878442889468e+02
2.398325055788025111e+02
2.399887710829093521e+02
2.395981517173293867e+02
2.397730136163819168e+02
2.398223566404294615e+02
2.398605370292026464e+02
2.397273772625474919e+02
2.399035863323248350e+02
2.398876349639372449e+02
2.398350654778829494e+02
2.397873113370764884e+02
2.398270199971340162e+02
2.400027541010522043e+02
2.399038255810077089e+02
2.394225623239678100e+02
2.393763420589850455e+02
2.397038750650141594e+02
2.398073484040977803e+02
2.396981040714936455e+02
2.397353938657402068e+02
2.396607277853045446e+02
2.395872512741372304e+02
2.397969099817233598e+02
2.395306654190941344e+02
2.398395058434670091e+02
2.395773630171408684e+02
2.396909059673420472e+02
2.396415632971609568e+02
2.395844145805424716e+02
2.393104733867042739e+02
2.394689183228812226e+02
2.394277046977506700e+02
2.396975758165106072e+02
2.393216103278356570e+02
2.393189660727297223e+02
2.397649693824659209e+02
2.394350995745578814e+02
2.392068786268359588e+02
2.397698990602851552e+02
2.394819278241084533e+02
2.396083219908555293e+02
2.395118238768997401e+02
2.392377049049785001e+02
2.390684522082617605e+02
2.395920819833121413e+02
2.396575507451218527e+02
2.395183504916680306e+02
2.397691595273986707e+02
2.397845315079252089e+02
2.394540873953281732e+02
2.393322124283651249e+02
2.396160950289601033e+02
2.392670640001786353e+02
2.395376200958864672e+02
2.396459208766697202e+02
2.396570895846064957e+02
2.395973876322526905e+02
2.397777173822908310e+02
2.395440726685467325e+02
2.396065803221747217e+02
2.394032014296359705e+02
2.397332249216079560e+02
2.395606892131005168e+02
2.394298195790439649e+02
2.393149532840249094e+02
2.391404935633682101e+02
2.394015542952172382e+02
2.393957951486880802e+02
2.392572042639614267e+02
2.394647470979020909e+02
2.394146598874210952e+02
2.395250887062017284e+02
2.392676327812276611e+02
2.393921893856618226e+02
2.392333185699553439e+02
2.393176337152352744e+02
2.394447513498732576e+02
2.393760778876788606e+02
2.397097855239399280e+02
2.396543225732108056e+02
2.396950420260988039e+02
2.399957120174250349e+02
2.395475422785078763e+02
2.395692720686590746e+02
2.394636744480863229e+02
2.393180989389207127e+02
2.395842053338986091e+02
2.394983587565555752e+02
2.396995987054510806e+02
2.395674834092188803e+02
2.395813589725114525e+02
2.393907693874361939e+02
2.394607715419698195e+02
2.396709775860839500e+02
2.395591667029203506e+02
2.393160560732232227e+02
2.394906870812071418e+02
2.396996608649993732e+02
2.396752033520670011e+02
2.393660292753620809e+02
2.396312333643963655e+02
2.393285040954740168e+02
2.395734611761667736e+02
2.394389691015668689e+02
2.395927124018492975e+02
2.399798668660230305e+02
2.396630081838148101e+02
2.401189475369764921e+02
2.399959826189568446e+02
2.398307419744976130e+02
2.396385109847378772e+02
2.398644470615803073e+02
2.394578542838054602e+02
2.396288500819995591e+02
2.395120724386190147e+02
2.397168035688576140e+02
2.396147611275505653e+02
2.397809679384061781e+02
2.394852613264529282e+02
2.392818211688683334e+02
2.396769332712918583e+02
2.394713569326966933e+02
2.395262764703077494e+02
