1.001750473422940786e+02
1.001102641741813528e+02
1.002901096826779082e+02
1.001000167298237074e+02
1.002896123797528816e+02
1.001654848588375302e+02
9.999812398875174324e+01
1.003993708442587831e+02
1.000014187004653650e+02
1.000218231992665636e+02
1.000875705240976146e+02
1.000452354906546333e+02
9.968224673607035413e+01
1.001873771852136628e+02
1.003872187726478700e+02
1.003191540250213620e+02
1.004021777001388642e+02
1.001761110264797736e+02
1.000829379232301193e+02
9.986378739979504360e+01
1.002871739287070767e+02
1.000688307746818850e+02
1.000934743461162810e+02
1.002437299104507105e+02
1.006731725375035325e+02
1.003891435901389286e+02
1.003733738993018818e+02
1.002259948987786942e+02
1.001576657687433425e+02
1.004782488575418569e+02
1.004349238380378466e+02
9.977412255380421868e+01
1.001515868857787837e+02
1.002611397954520953e+02
1.002786394524706424e+02
1.003275753198577576e+02
1.001474913060178693e+02
1.003969088485785477e+02
1.003838213543581901e+02
1.003381175394877118e+02
9.982786882734960443e+01
1.004132795181939883e+02
1.005641143830188327e+02
1.002578805816785206e+02
9.987554805233469324e+01
1.002449818445785468e+02
1.001312567888077183e+02
1.000926283773713976e+02
9.989903234320365755e+01
1.003035983695459521e+02
9.988491394555511249e+01
9.994938981853202620e+01
1.002918320715859153e+02
1.002344109819918145e+02
9.992826868869832424e+01
9.988008200272888359e+01
1.000894743296938856e+02
9.953056223038566941e+01
9.974266687039232693e+01
9.939402281168838726e+01
9.990620864972299842e+01
9.943618469875680432e+01
9.993361082397841244e+01
1.000421865651866256e+02
9.982215292972178133e+01
9.995862862285173378e+01
9.963890427301051034e+01
9.953526255147001223e+01
1.001509555016884434e+02
1.001746557755266025e+02
9.977089987866980891e+01
9.994581511270611429e+01
9.982055076734889099e+01
9.962693114247650783e+01
9.969926726538388095e+01
9.978710920954357277e+01
9.987248293216511286e+01
9.968104128967223687e+01
9.936853055226657716e+01
9.970270580102919666e+01
9.991757047736440711e+01
9.969771724834625104e+01
9.965519701071521297e+01
9.953964286256814376e+01
9.977262816750184982e+01
9.959876825052458571e+01
9.978405996123034072e+01
9.988383178927379902e+01
9.993820911182184830e+01
9.985977660863080985e+01
9.986730605958560147e+01
1.007195807993656302e+02
9.982261986317126912e+01
9.987375927212805493e+01
9.996542640019917769e+01
1.004759799255874668e+02
9.961842047144828882e+01
9.971256845247330602e+01
1.000330931352910255e+02
1.000428225451127560e+02
9.999843327596545350e+01
9.956247513796726878e+01
9.962370666446430789e+01
9.979362384660191765e+01
9.989000362052603066e+01
9.985722314913654429e+01
1.004410581998995013e+02
1.004516584468445188e+02
9.984955111222279811e+01
9.993552728774197647e+01
9.975407645447948823e+01
1.002428590708250908e+02
1.002082242637594192e+02
1.000254968613125328e+02
9.960228158294226830e+01
1.004817413819653211e+02
1.003334887545236143e+02
1.001696599019284690e+02
1.000988474480007113e+02
1.003036161639697070e+02
1.004462510282794341e+02
1.004517182523056675e+02
9.993925023385251905e+01
1.001285595019918304e+02
9.982260538326465849e+01
9.969431568677390487e+01
1.000904858787919380e+02
9.986993892746657764e+01
1.003690540938546718e+02
1.004665399245185853e+02
1.001781617099612589e+02
9.973603390414324110e+01
1.000204001507019456e+02
9.969522797952510018e+01
1.000254265034919143e+02
9.999766516681815176e+01
9.959332852222206611e+01
9.952247562167524109e+01
9.996593579658434692e+01
1.001595635439611129e+02
9.987943763760425497e+01
1.002897849266122989e+02
1.004585669058317734e+02
1.002320526629979867e+02
1.003598219436511982e+02
1.000442860276209700e+02
9.996194568261266511e+01
1.002477656957770478e+02
1.005328758859414648e+02
1.003448539289617543e+02
1.000950187252461916e+02
1.003716676024303496e+02
1.002523328288138060e+02
1.005124983311184366e+02
1.001781760046250298e+02
9.968912387339968006e+01
9.970885519195348934e+01
1.000281452302341023e+02
9.956944765731827829e+01
9.956427272893006375e+01
9.975755418682969378e+01
1.005546515948515207e+02
1.000459038233050961e+02
9.993294697918518921e+01
1.000495879248656621e+02
9.988619682129397859e+01
9.999325849545404310e+01
9.980130620464255742e+01
1.002414878592296503e+02
9.995514556353413127e+01
9.997797406553496558e+01
1.003543844589706424e+02
1.003356356168801398e+02
1.003920761909934072e+02
9.995513199252120273e+01
1.000707600272047557e+02
9.975445901310773422e+01
1.003989959224957289e+02
1.002207234526091497e+02
1.001862037072865377e+02
9.953986279175366292e+01
9.989071550686685441e+01
1.000078215096447849e+02
9.991478630614824397e+01
9.947682034815625229e+01
9.957336753146894637e+01
9.955185143063465603e+01
9.996372987412654254e+01
1.000939020272106035e+02
1.001463029561412554e+02
1.000268363522066153e+02
1.000355053662423046e+02
1.001564625489277631e+02
9.965548114613174846e+01
1.001085979841395215e+02
1.001675380636740442e+02
1.000936170091008108e+02
1.001493553509584871e+02
1.000706922834186656e+02
1.003306972984268981e+02
1.002155985142796197e+02
