2.402346595461276593e+02
2.401356200201145441e+02
2.400608667185200886e+02
2.402590046523293097e+02
2.404258329420107145e+02
2.403179746476629077e+02
2.405203026712002838e+02
2.401730622695261275e+02
2.401143216718739950e+02
2.406160729460556240e+02
2.403199543916066716e+02
2.402959713938816719e+02
2.398590794444257881e+02
2.399332504826504362e+02
2.397427110189836412e+02
2.401513929889155463e+02
2.401574195591556702e+02
2.401626504529505155e+02
2.401279737991914374e+02
2.404135756904148877e+02
2.404043265575468524e+02
2.401342607569970085e+02
2.402537267616729650e+02
2.401774548252279544e+02
2.401790000221476760e+02
2.400791278696741529e+02
2.399523998485127834e+02
2.402308064486816193e+02
2.402387563248263405e+02
2.402273036322168309e+02
2.400857006472798503e+02
2.403423499570361344e+02
2.404568121890791588e+02
2.398199781002640520e+02
2.382760873290794734e+02
2.389141137390351730e+02
2.395727557591864354e+02
2.397487846759590013e+02
2.397873591645521003e+02
2.397918711350872627e+02
2.397258553031752228e+02
2.394331124114504803e+02
2.394523559945068030e+02
2.398441808649785969e+02
2.395580440852288859e+02
2.395992434959106276e+02
2.398724115294373576e+02
2.400137861077448633e+02
2.400597332506606278e+02
2.397878699734692702e+02
2.398111457311465244e+02
2.397970192665463003e+02
2.398744940660035354e+02
2.391440875188952475e+02
2.394266257034508669e+02
2.395302943143960590e+02
2.394292427102128613e+02
2.395031892932758808e+02
2.396464632275038866e+02
2.401624987544776388e+02
2.400870306851186626e+02
2.399632013245639257e+02
2.393492518677018950e+02
2.393248983299463362e+02
2.396147668838020479e+02
2.398964656461490677e+02
2.399094509084233948e+02
2.397633338459651213e+02
2.396695076973785206e+02
2.397812267194470621e+02
2.397583327650616241e+02
2.397830881020654772e+02
2.398381531705200871e+02
2.396829565467797636e+02
2.397504838287696884e+02
2.397517336178558480e+02
2.399197907785909365e+02
2.399849306546639127e+02
2.401544557303816134e+02
2.394542884563645941e+02
2.397774758308909213e+02
2.397742519083443540e+02
2.396883548936246200e+02
2.398988251715685749e+02
2.395923654726066161e+02
2.397571739622928817e+02
2.396870369646707104e+02
2.398846664627800749e+02
2.397217709843583577e+02
2.401485039197415290e+02
2.403327284064980347e+02
2.400823931694150133e+02
2.401438176938851541e+02
2.400248147462527868e+02
2.397679074351628969e+02
2.399253086984699621e+02
2.397581273292604180e+02
2.399586663019722437e+02
2.399442054892588487e+02
2.399905852804198787e+02
2.402113645829451514e+02
2.400035038037019604e+02
2.398217460423475416e+02
2.399500805123072098e+02
2.400695999865991723e+02
2.403335906693725974e+02
2.400200507808183374e+02
2.398299362381596893e+02
2.398905286399638896e+02
2.400233724411066589e+02
2.400708793623531108e+02
2.397326448406160182e+02
2.398630392486817016e+02
2.388099915857095823e+02
2.390204188595846517e+02
2.390932945668837135e+02
2.388735199475349873e+02
2.389942894173794059e+02
2.393460383137964129e+02
2.394228809907731375e+02
2.396944797773058724e+02
2.391515031554990003e+02
2.394425060127485665e+02
2.396233112992938743e+02
2.393779779060058388e+02
2.391901448489491884e+02
2.391395675139400794e+02
2.391278242757409487e+02
2.390774561012318884e+02
2.394296472740857951e+02
2.394551224943985517e+02
2.394205891586134385e+02
2.394152800632430171e+02
2.390206171178708701e+02
2.389149841297072214e+02
2.390884724645825656e+02
2.390955592904385014e+02
2.391665225608139735e+02
2.389843061807367803e+02
2.391566203220271234e+02
2.392729499732632803e+02
2.391079482954313846e+02
2.384118881514793600e+02
2.385769017963181966e+02
2.388003424825375305e+02
2.387673203757581462e+02
2.391537065312295454e+02
2.391676849928302602e+02
2.393813013968735106e+02
2.395941202378454875e+02
2.396372242107397597e+02
2.398908059303448397e+02
2.397651111417572736e+02
2.398005047300204069e+02
2.398539250195141506e+02
2.395398879569603707e+02
2.396877180324325991e+02
2.395055032450457304e+02
2.395526496409092090e+02
2.397670883101037589e+02
2.400111881135190686e+02
2.400274911219465821e+02
2.401530280372682284e+02
2.399213135735046762e+02
2.400807525547693615e+02
