9.982398153364994187e+01
9.979023475444860480e+01
1.002218223389481722e+02
9.962736068412105794e+01
9.979398615537222383e+01
9.975667525819640957e+01
9.954792835148799668e+01
1.000483485042126262e+02
9.969371313341878249e+01
9.948986509091417929e+01
1.000661585203125554e+02
1.005831911382756374e+02
1.005001884939686221e+02
1.007235499665820129e+02
9.993327728227409068e+01
9.985112076853469887e+01
9.981043598410694528e+01
1.000490670911161146e+02
9.990257533523818267e+01
9.963613705022466149e+01
9.948639985404707886e+01
9.962496272252218432e+01
9.946205222912389843e+01
1.002747953874620777e+02
9.951404803395735144e+01
9.993010791263664316e+01
9.998149514820725869e+01
9.967130208684126558e+01
9.972088480548256939e+01
9.995740379333660997e+01
9.966989500430169358e+01
9.966230050715040534e+01
1.000438053546768487e+02
1.015976958047011323e+02
1.033826751505756505e+02
1.009016684225868659e+02
1.004382559050894912e+02
1.001742350047773584e+02
1.001419029028397887e+02
9.962060753910206756e+01
1.005175921666721450e+02
1.005805277243414935e+02
1.006472256733701869e+02
9.995201118083706149e+01
1.006005623202681818e+02
9.978989577391301680e+01
1.000037747545393358e+02
9.984236251456813704e+01
9.991446030045743498e+01
1.000865880950969853e+02
1.001445020792037752e+02
9.998672655780696061e+01
1.003556992763878810e+02
1.015992287521377335e+02
1.008763160653507924e+02
1.008962981617508348e+02
1.001407329709139731e+02
9.999005085395920389e+01
9.990227466255146282e+01
9.972422340391845808e+01
1.001303100342456673e+02
9.998376041983645734e+01
1.007349006309148649e+02
1.009525110994807164e+02
1.003947272485009563e+02
1.004291400268974570e+02
1.001466117353088663e+02
9.996932980534460000e+01
1.001316971410484911e+02
1.000715182948825941e+02
9.991537367210371201e+01
9.987689931812627719e+01
1.003082036460390185e+02
1.001648221829171490e+02
1.000232595021229116e+02
1.000278498336312509e+02
1.000501170541279379e+02
1.001011781959297906e+02
1.002446843916746388e+02
1.006202540148759823e+02
1.001827242919234777e+02
1.002909083874552607e+02
1.001622738689033696e+02
1.001636111542984509e+02
1.002598050619275085e+02
9.976542638813533870e+01
1.002294619112241065e+02
1.002390460050326766e+02
9.969447532331292905e+01
9.969145917471685436e+01
1.000007843121597517e+02
9.994664371259243296e+01
9.972072614914584676e+01
1.002910149614681359e+02
1.002374379530263724e+02
9.992638231212367828e+01
1.002048876230752086e+02
9.985484294508019332e+01
1.003607594217075416e+02
9.962459507250638069e+01
1.000170395793622902e+02
9.981014677981811190e+01
1.002569022494373030e+02
1.001131939771957491e+02
9.928870518280211854e+01
1.000258276997218445e+02
1.002244925182427693e+02
1.002899998116105422e+02
1.003987084107778855e+02
9.993562171575734965e+01
1.004487879754396573e+02
1.005183227784545608e+02
1.005086064622264388e+02
1.025603445524448460e+02
1.014089557914595616e+02
1.016113107011250776e+02
1.009148686960100463e+02
1.009831320174938583e+02
1.008253647659872883e+02
1.002922595930814396e+02
1.006309137544993888e+02
1.007782753345601492e+02
1.004085911388119712e+02
1.002761942378630948e+02
1.006966491792125709e+02
1.008241750672514172e+02
1.003740858538148046e+02
1.008529609894363830e+02
1.007054316201581941e+02
1.000260038259635280e+02
1.005516168211544681e+02
1.001621653296884347e+02
1.008435994559786053e+02
1.016888445246539874e+02
1.007377078858411181e+02
1.007104077560941704e+02
1.005560496634082455e+02
1.002335066970341586e+02
1.005217090532372026e+02
1.002006394075556699e+02
1.000866195549328239e+02
1.008064811863794574e+02
1.028256927219775747e+02
1.015305156812416811e+02
1.006060512305304684e+02
9.993344608915354854e+01
1.001731007221825820e+02
9.976193788585383970e+01
9.981028261750719821e+01
9.949985682145940302e+01
9.932410515043791577e+01
9.944759058136128260e+01
9.962094213345852722e+01
9.913702341734483525e+01
9.960042686572010950e+01
9.963146567655218178e+01
9.933137454165951397e+01
9.957082522496989441e+01
9.909154910740913635e+01
9.953737857135290312e+01
9.884808348273440970e+01
9.953827029497705325e+01
9.919289513708253025e+01
9.891414784458218890e+01
9.867862501110910500e+01
