2.865639887646277657e+02
2.867161072765979952e+02
2.866908765223141131e+02
2.867948146829360780e+02
2.868379368168866677e+02
2.868194017504795852e+02
2.868781717660171466e+02
2.867004421079922736e+02
2.867067185684112474e+02
2.869942231491617690e+02
2.868106956958204137e+02
2.867979587600630680e+02
2.867019794080484303e+02
2.864922809290638952e+02
2.865636763459182248e+02
2.866508260836705517e+02
2.867110635099924707e+02
2.866563337698026430e+02
2.867047852995109452e+02
2.868284527910679458e+02
2.868588623784943934e+02
2.867173605200706561e+02
2.868180961766811379e+02
2.867171250178198534e+02
2.866990251264598442e+02
2.866533403897095695e+02
2.867311995590485481e+02
2.867026727055555853e+02
2.868522697210669890e+02
2.868012852359813110e+02
2.867339558854984602e+02
2.869189572310274912e+02
2.869534173545923750e+02
2.866832872721484478e+02
2.861166631858004621e+02
2.862691821696525949e+02
2.864534880257535292e+02
2.865191642504838114e+02
2.865148478300968691e+02
2.866775010772342966e+02
2.865759085351455155e+02
2.864789965413490904e+02
2.864394968926187062e+02
2.865400421258213441e+02
2.864318926323322216e+02
2.865618157789638758e+02
2.866485540536869507e+02
2.867045196002290481e+02
2.867265229813932024e+02
2.866496328905515156e+02
2.866657623192718916e+02
2.866667517455518350e+02
2.867542148219034175e+02
2.865053761505061516e+02
2.865456029413045940e+02
2.864165775495636126e+02
2.864567983210478701e+02
2.865794618079819429e+02
2.866236698992993297e+02
2.868818726916035189e+02
2.868915191968853264e+02
2.867489454331819729e+02
2.866457140458520598e+02
2.865955045347283772e+02
2.866040244678374052e+02
2.866560561675908616e+02
2.866348615989966788e+02
2.866432649878411780e+02
2.867226140756894779e+02
2.867041732642719012e+02
2.866645247715660503e+02
2.867449676548258140e+02
2.868095283486458698e+02
2.868018950816820620e+02
2.867589564880518651e+02
2.868821620454430104e+02
2.869219542798688849e+02
2.869626821554708727e+02
2.868469631572685330e+02
2.866584935570816128e+02
2.867705539130236616e+02
2.867522659204143451e+02
2.866934048119329645e+02
2.868384736149811260e+02
2.867355092970826149e+02
2.868088248875733939e+02
2.868331611108739594e+02
2.868105311085858489e+02
2.868605213357801063e+02
2.871704133214212220e+02
2.870618379277800614e+02
2.870132424202471952e+02
2.871894247946478913e+02
2.870336718522753472e+02
2.869137798383754330e+02
2.868648926773684025e+02
2.868709092351148797e+02
2.869252336081898989e+02
2.868969196603152909e+02
2.870474779779999039e+02
2.870558401674546189e+02
2.870709570426237747e+02
2.870952280435789703e+02
2.869834099280931810e+02
2.871124230346587751e+02
2.872793511081452493e+02
2.870504292875596661e+02
2.870652999216165426e+02
2.869864628464279690e+02
2.870602056614677053e+02
2.870310570037357252e+02
2.869675415438788946e+02
2.870857854761891303e+02
2.867382391905493364e+02
2.866943563057832307e+02
2.867256617607025078e+02
2.866556345062106743e+02
2.867060301648611471e+02
2.868390992901227605e+02
2.870784176027109424e+02
2.871306230429187281e+02
2.869595194643316631e+02
2.870392501281355067e+02
2.871647111492368936e+02
2.870584986153144200e+02
2.870342568431012182e+02
2.869907379034141286e+02
2.869726839244344774e+02
2.870647215457019570e+02
2.871668311216431562e+02
2.872274656955831915e+02
2.871902585815814177e+02
2.872512178677196175e+02
2.871505998295477866e+02
2.871884146881250786e+02
2.872123149683138195e+02
2.871394403737248240e+02
2.871721421159011811e+02
2.872004159497781757e+02
2.872281693049858404e+02
2.874183392470089871e+02
2.875456708726641182e+02
2.874435799832364751e+02
2.872635015624825883e+02
2.871868559961225174e+02
2.872617289554186186e+02
2.873698637240518678e+02
2.875310885884858294e+02
2.875358407821469200e+02
2.875933162611805187e+02
2.877583217469087344e+02
2.879253230163581065e+02
2.878661035601987237e+02
2.878848808834056285e+02
2.879480017962640090e+02
2.877796262213586829e+02
2.878759659207282766e+02
2.877462649054271537e+02
2.879390847244396809e+02
2.880071742713282106e+02
2.881744456952369546e+02
2.880505996007223644e+02
2.881614794998484399e+02
2.881568433159794154e+02
2.882717691952029213e+02
