2.397851009168973633e+02
2.399456087667095119e+02
2.399197019042192949e+02
2.396477256291949800e+02
2.398678229850205810e+02
2.396017217015394181e+02
2.400909469818122943e+02
2.397415337099206454e+02
2.398678182356862578e+02
2.396415429804251289e+02
2.397399102479681403e+02
2.398864551429772689e+02
2.399965343307359547e+02
2.399943665987117072e+02
2.398854358139883232e+02
2.398353160479771020e+02
2.398974945816264324e+02
2.398557984562070260e+02
2.397359254420780132e+02
2.398705568945769926e+02
2.399506124198567250e+02
2.397730862933330229e+02
2.400188522354095824e+02
2.399798469234976892e+02
2.399411927904504012e+02
2.398082800309915399e+02
2.397936764016671987e+02
2.401674261418551453e+02
2.397700308394045123e+02
2.399587502290057444e+02
2.396806089829624398e+02
2.395660879272250838e+02
2.397036264719097574e+02
2.393770887253685089e+02
2.384240896858174494e+02
2.390055300748993830e+02
2.393284822035646755e+02
2.395015008182150495e+02
2.394063509776231058e+02
2.396263565217161897e+02
2.391546836032017893e+02
2.392954392651580520e+02
2.393328823539378618e+02
2.394803237512253702e+02
2.394976882664956293e+02
2.395182780047407505e+02
2.395162881171870879e+02
2.396211312976112424e+02
2.396161060301447776e+02
2.395976418214276009e+02
2.395525855833597291e+02
2.395918553164484592e+02
2.398009069720905018e+02
2.389100260278963503e+02
2.390029905640756454e+02
2.393053905672959729e+02
2.392381406440708815e+02
2.393566617066186097e+02
2.391021906241445834e+02
2.393746469794677125e+02
2.393584549121243583e+02
2.391619521375741613e+02
2.392181364055645645e+02
2.391149224148433632e+02
2.393084643696649039e+02
2.392785535819305380e+02
2.394483326668234611e+02
2.395197705448648549e+02
2.395771009904527489e+02
2.393865387598139023e+02
2.396530268037729172e+02
2.398853199896424542e+02
2.395892914926539561e+02
2.395279141598362287e+02
2.395126301684776706e+02
2.395530144097939740e+02
2.397518474725427495e+02
2.396023818897421904e+02
2.394680109090164990e+02
2.395222810634961377e+02
2.397448043830686686e+02
2.395435752994930851e+02
2.395321315758792480e+02
2.398268664444038620e+02
2.394409906398292378e+02
2.395410672273310695e+02
2.395355773854887502e+02
2.398992075317925412e+02
2.399044078375451079e+02
2.399306702596763046e+02
2.398692051115991433e+02
2.397876077017112948e+02
2.396584409068210277e+02
2.397129779417172415e+02
2.395104303225447495e+02
2.395879019694085343e+02
2.396259274018708822e+02
2.398288313017210100e+02
2.398365604277692285e+02
2.397399575722795646e+02
2.397254055023428236e+02
2.396000026530956291e+02
2.392988040139923385e+02
2.394776660544269191e+02
2.400138576479596395e+02
2.393561490501870423e+02
2.395904834950104032e+02
2.396466698156984023e+02
2.392241388669848448e+02
2.396882806149356782e+02
2.397482806507588577e+02
2.393079281314907405e+02
2.392436053932840423e+02
2.388548289793892820e+02
2.386711621612381578e+02
2.387553850177772574e+02
2.389168328689272869e+02
2.390110728555122535e+02
2.389786183363183909e+02
2.392197993926662321e+02
2.390950202217272818e+02
2.392355451526226489e+02
2.390550132853989282e+02
2.391667275846014320e+02
2.389026866366209845e+02
2.385040538479349834e+02
2.389147177367090933e+02
2.390347605808960907e+02
2.391596830042456929e+02
2.391517329079863430e+02
2.390535376856346090e+02
2.394042947074132996e+02
2.390156289385094226e+02
2.385051937775293709e+02
2.387074741929388040e+02
2.387370654124354132e+02
2.387658591163362871e+02
2.391366955612283220e+02
2.390338465211174253e+02
2.390828914371292058e+02
2.391062078338200365e+02
2.388058749787436170e+02
2.378203469665383238e+02
2.381542234946369661e+02
2.390949257696051689e+02
2.394132260314404732e+02
2.390993070983047630e+02
2.394325645802047404e+02
2.393825001817632199e+02
2.394668158991429721e+02
2.393717074174891195e+02
2.394356324709403054e+02
2.394187700614070309e+02
2.393233602839101195e+02
2.395831891458757354e+02
2.398186588333822726e+02
2.397359634045454584e+02
2.393265138426137071e+02
2.396149954650443021e+02
2.396346733694590796e+02
2.399768100717284653e+02
2.397811664713900370e+02
2.396212916726287006e+02
2.397741614242647756e+02
2.400608751522111959e+02
