2.864365974798776620e+02
2.864946866761139290e+02
2.864491684787734584e+02
2.864028467805622427e+02
2.864426871425945365e+02
2.863987952638797765e+02
2.865013818592094026e+02
2.864012617974162822e+02
2.863747300129535347e+02
2.864138517846201353e+02
2.864847074329819634e+02
2.866332525412686323e+02
2.866592406352619946e+02
2.866019668822280551e+02
2.866078496936621036e+02
2.864671189705158554e+02
2.864959824160971493e+02
2.864625402554582934e+02
2.865230815024114577e+02
2.865476569226317451e+02
2.865337197331887751e+02
2.864736626838760571e+02
2.866781078071986144e+02
2.866500717246094041e+02
2.865978636056518098e+02
2.865103653241451411e+02
2.866263432589307172e+02
2.865843923976141809e+02
2.864630162005635725e+02
2.865835279702016010e+02
2.864472078315830572e+02
2.863153930364517237e+02
2.863559480588983774e+02
2.866005534723233268e+02
2.861901421536364865e+02
2.862669381285208487e+02
2.863685293271124124e+02
2.863076397749277930e+02
2.863689384676800955e+02
2.864110622447770425e+02
2.863493260418751447e+02
2.863285685890792251e+02
2.863120867427189182e+02
2.862668388708680141e+02
2.863676218898584125e+02
2.863796544964839654e+02
2.864454380409306395e+02
2.865212551394366187e+02
2.865414164261260339e+02
2.864425975430357880e+02
2.864663562407785093e+02
2.865359126552879729e+02
2.866350174490199265e+02
2.861617453455322106e+02
2.861837021600245521e+02
2.862465319398027646e+02
2.862970325808372536e+02
2.863419936008918398e+02
2.862873928248296806e+02
2.864365782464267340e+02
2.863898757559950923e+02
2.863656393419821029e+02
2.864465015025020307e+02
2.864094139210005210e+02
2.863884727404794717e+02
2.864217880584190539e+02
2.864691016054133001e+02
2.865550044228486968e+02
2.865123392997025462e+02
2.864577170058796014e+02
2.866893992460657614e+02
2.867024972640164719e+02
2.866106676838157910e+02
2.866675287163855614e+02
2.866043002051155213e+02
2.866207984210391828e+02
2.866341182981590805e+02
2.866172671421803670e+02
2.865958883621330529e+02
2.867099717976094553e+02
2.867450193048035771e+02
2.866380842362718226e+02
2.866728875389303539e+02
2.867920700279316861e+02
2.865879445323848813e+02
2.865893637999748194e+02
2.867306639671448352e+02
2.868178084825401584e+02
2.868919680606285851e+02
2.869132691923682614e+02
2.868530279494289630e+02
2.868627670803702472e+02
2.868565556261596612e+02
2.867706035835615239e+02
2.867499504801862713e+02
2.867419431156656628e+02
2.866826572974530905e+02
2.868856165348195759e+02
2.868458482600248658e+02
2.867590333724820653e+02
2.867373921222869058e+02
2.866589130543688384e+02
2.866066666438783272e+02
2.868421201026118865e+02
2.870350475726595505e+02
2.867303807676601650e+02
2.867354309135358221e+02
2.867695554583552280e+02
2.866653756810379150e+02
2.868908284856781279e+02
2.868672876674222039e+02
2.867164419103956448e+02
2.866909225294072598e+02
2.866794510422882354e+02
2.865265080562411981e+02
2.865957343692375048e+02
2.865576179876492802e+02
2.865332844598760289e+02
2.867134146325181518e+02
2.867498265661283199e+02
2.867155080439611652e+02
2.867734076353543173e+02
2.868287138663237101e+02
2.867893338237092280e+02
2.867310881701721428e+02
2.866812567144673380e+02
2.868003576436197477e+02
2.868970198445280175e+02
2.870042083181955945e+02
2.868856978784396006e+02
2.869796553291197938e+02
2.871311134059736219e+02
2.869772800832775488e+02
2.868258313990975239e+02
2.869928481137603740e+02
2.869823280318351522e+02
2.869870631830117418e+02
2.871598229174235826e+02
2.871332767740341865e+02
2.872925139301580089e+02
2.872827635941692392e+02
2.872125082309241861e+02
2.869521513270643140e+02
2.870607916318532489e+02
2.873660394258888005e+02
2.875276617628913982e+02
2.873608751018206249e+02
2.874738111317844300e+02
2.875109269424626746e+02
2.876572304394455841e+02
2.876036896629890975e+02
2.875531763601987905e+02
2.876367727731633863e+02
2.875951538735748159e+02
2.877598971707689657e+02
2.879274356142267379e+02
2.879126573136222191e+02
2.876691775826196249e+02
2.878226805661081471e+02
2.879082239732850326e+02
2.880253024390890459e+02
2.879839823649954837e+02
2.879133013556838705e+02
2.879261905588328432e+02
2.881260090332611981e+02
