2.351873421208509001e+02
2.359655672928136880e+02
2.368823894598208142e+02
2.372772286806727209e+02
2.374461877826424825e+02
2.378363277931426012e+02
2.383848043886185621e+02
2.384867607657523934e+02
2.390909784017610775e+02
2.385802696214801415e+02
2.388787686608958722e+02
2.393131934410060069e+02
2.393362242466542682e+02
2.393881662717363099e+02
2.397498696142981487e+02
2.397603983822777138e+02
2.394389284851840500e+02
2.400888139466134135e+02
2.399320766512578302e+02
2.399364058093658230e+02
2.398453003502418426e+02
2.401205983685753438e+02
2.399877553164876929e+02
2.402437600043740815e+02
2.408185945835336668e+02
2.402337215941041393e+02
2.406961496770805979e+02
2.405892554753477270e+02
2.401961346704063089e+02
2.408775773787734806e+02
2.406431095102458642e+02
2.405454209956557463e+02
2.406202126775546049e+02
2.409374623163927254e+02
2.406799692084206583e+02
2.409492987815611684e+02
2.409512498893827797e+02
2.408756828220405453e+02
2.407863791859791434e+02
2.410052094410209520e+02
2.407428021997592111e+02
2.406789401914779489e+02
2.410122269470368508e+02
2.409196686374266108e+02
2.408637371379472825e+02
2.411045583754311963e+02
2.414435645593134723e+02
2.411695664290701018e+02
2.415103827165263795e+02
2.409997682770070924e+02
2.415419532755614398e+02
2.412347355936050519e+02
2.419376209240034825e+02
2.413249662519586707e+02
2.415839537895009528e+02
2.419778043469391378e+02
2.413559743822875987e+02
2.414695943312941893e+02
2.418401099439215614e+02
2.415792839048851874e+02
2.417461117801105672e+02
2.416014001312820199e+02
2.419657858900479539e+02
2.415948142158431438e+02
2.419778257630727865e+02
2.415787795577441273e+02
2.418551047342025413e+02
2.415070843282568660e+02
2.418756592974419846e+02
2.414901601627875323e+02
2.422094751261296324e+02
2.415738604503302156e+02
2.422667923889814290e+02
2.418043827412566316e+02
2.421319803246476852e+02
2.416723056512367691e+02
2.416746977275792290e+02
2.422967081181277251e+02
2.418815929618398002e+02
2.420677424011490757e+02
2.423033323292387422e+02
2.416716225430317593e+02
2.422743684063058254e+02
2.418932220748825728e+02
2.420790391858862165e+02
2.424200227556299581e+02
2.420390106561853827e+02
2.420381938129606851e+02
2.419301793100912903e+02
2.421586877401096274e+02
2.424483242973619497e+02
2.419052002111207855e+02
2.419184541564596884e+02
2.423005311171669689e+02
2.417889548244591822e+02
2.420532241590775868e+02
2.419845300535406523e+02
2.421690833861399597e+02
2.422271588460747864e+02
2.425806672538026305e+02
2.419915752346579438e+02
2.419373583786971267e+02
2.424528885175902815e+02
2.422917262140755668e+02
2.423530251181170172e+02
2.425366328260594457e+02
2.422318656093975449e+02
2.422924154761992952e+02
2.422200317246618795e+02
2.425123791490278506e+02
2.425181762986472620e+02
2.421754232545083596e+02
2.425856106700285864e+02
2.422897616395086970e+02
2.419485943378574291e+02
2.424509804992143529e+02
2.423325062783013948e+02
2.420427703757376605e+02
2.423212886363158702e+02
2.422258350173023018e+02
2.424496120146618523e+02
2.421989556951342593e+02
2.423456517314871519e+02
2.423762464280689812e+02
2.419651730148086699e+02
2.423481767631404011e+02
2.423521494305731778e+02
2.425486663655283337e+02
2.421929482779159173e+02
2.420901351295797213e+02
2.423615012595964515e+02
2.426729527114896143e+02
2.418123850287632024e+02
2.425924234735452103e+02
2.417879829087054588e+02
2.425058586312855766e+02
2.423580737573135764e+02
2.423835740045037994e+02
2.425472562877296525e+02
2.422459930624111166e+02
2.429024158171823728e+02
2.421396191016588091e+02
2.424620153157536606e+02
2.422451018102611613e+02
2.424572419403196193e+02
2.423417653414237520e+02
2.427136117096344776e+02
2.425720621439315892e+02
2.422089475031571908e+02
2.423218097351488325e+02
