2.872746160428467874e+02
2.880996852253643397e+02
2.886190406778200668e+02
2.890113622098019164e+02
2.893295339218771574e+02
2.896482502571872715e+02
2.899413237850515657e+02
2.900792744559019525e+02
2.903772043073341820e+02
2.902433273440166772e+02
2.904925912292055727e+02
2.906142567566636785e+02
2.907335630295556257e+02
2.907014849467439035e+02
2.908930741829909721e+02
2.908832198413248875e+02
2.910583382545112840e+02
2.912195833763670976e+02
2.911306489078895083e+02
2.912101003356817159e+02
2.910840057292639926e+02
2.912388607289024094e+02
2.913309991454007104e+02
2.914684647416526673e+02
2.915629657235872401e+02
2.914131090452272588e+02
2.916490181855161836e+02
2.916345594158892709e+02
2.914995159991052560e+02
2.918059271645861941e+02
2.916509840280414210e+02
2.915823434275002342e+02
2.917523858558057555e+02
2.917730420802108142e+02
2.917892637796351210e+02
2.919131806274821770e+02
2.918191454531234399e+02
2.916438788386760734e+02
2.918292356148734825e+02
2.918523487993068102e+02
2.917284745537254480e+02
2.918077906328810514e+02
2.919243312909800352e+02
2.918739546194543095e+02
2.917655653269050049e+02
2.919995693428003847e+02
2.921100512543070522e+02
2.921409643386191419e+02
2.921295315650483531e+02
2.920195631222184716e+02
2.922278515436875068e+02
2.922464217998099230e+02
2.923391871702767162e+02
2.921611204124588994e+02
2.923619952260107766e+02
2.923108043362424837e+02
2.922914920821588680e+02
2.923015588038923056e+02
2.924032463331821532e+02
2.923089325919115709e+02
2.924189546039246466e+02
2.924476068508803905e+02
2.924558741778478179e+02
2.923347107494979014e+02
2.925761519487805344e+02
2.925294983195021814e+02
2.924464525199728655e+02
2.923900903364765895e+02
2.924918909756580092e+02
2.925337953297729996e+02
2.925756911610766906e+02
2.925579213739575835e+02
2.927384533061361367e+02
2.924730409284592270e+02
2.925534492397729309e+02
2.924692449206209517e+02
2.925274541685088820e+02
2.926527324879138519e+02
2.924576374342153713e+02
2.926483767540745475e+02
2.926387362252566504e+02
2.925311450622036205e+02
2.926925605135473347e+02
2.926009034352807134e+02
2.928437119594357227e+02
2.928388714739698457e+02
2.926744433636736744e+02
2.926673915873923875e+02
2.925925831420182703e+02
2.928363848376254737e+02
2.928303939994113421e+02
2.925357850057546898e+02
2.926283153844871094e+02
2.927140768362415315e+02
2.926396142744824260e+02
2.926528940146972104e+02
2.927346385606925878e+02
2.928225281730331631e+02
2.928644320972311448e+02
2.927992639501160284e+02
2.926155327478639947e+02
2.928094077137184286e+02
2.929298537429741032e+02
2.928379424630118137e+02
2.929441346084616384e+02
2.928923098288112783e+02
2.927600969634852390e+02
2.928832974450686493e+02
2.927406445012141489e+02
2.929326125814298507e+02
2.930160012075861573e+02
2.929482620740238872e+02
2.929533132852091057e+02
2.929003579625608040e+02
2.927191864959527834e+02
2.929534543839825460e+02
2.928747075025340223e+02
2.927035709300438384e+02
2.928178698245228020e+02
2.929185288947330150e+02
2.928833330711004805e+02
2.928413310736863764e+02
2.929073217515684746e+02
2.928264302369516372e+02
2.927018870117474876e+02
2.928977906553782873e+02
2.929667416870212264e+02
2.929162246369918989e+02
2.927527007321449446e+02
2.927509716758133322e+02
2.928865665353369536e+02
2.929593428800129118e+02
2.926853478759819041e+02
2.928307835567579218e+02
2.927880566776245814e+02
2.929390274101833143e+02
2.928492824027724168e+02
2.928740944025601607e+02
2.928101645097245296e+02
2.929192462961728438e+02
2.929700483169008862e+02
2.927604939889394586e+02
2.929052572940723280e+02
2.928082641197932503e+02
2.929214927868102336e+02
2.929499147689267033e+02
2.930204524563754944e+02
2.929147110842606594e+02
2.928338160261420740e+02
2.930614684282465419e+02
