2.380901620548426934e+02
2.381373433339573182e+02
2.376238798513080326e+02
2.378946526055618449e+02
2.379253065688160120e+02
2.380060501442043517e+02
2.381008191950369337e+02
2.380577572471763972e+02
2.379641255360218963e+02
2.382377174829626938e+02
2.381226205204427515e+02
2.381818837026820290e+02
2.380160962023675211e+02
2.379315290909402449e+02
2.382443649758303934e+02
2.379415011165029910e+02
2.379331863744576765e+02
2.381485496010901954e+02
2.380103673294165390e+02
2.379177912141267370e+02
2.379150472218569519e+02
2.379377228106612847e+02
2.379465174987500404e+02
2.380014275011780285e+02
2.383207190445437220e+02
2.381196194400051525e+02
2.378741465687537300e+02
2.381269735393708800e+02
2.379360665523260820e+02
2.382006693863060320e+02
2.381308872827982270e+02
2.380497448457973348e+02
2.377218854562418926e+02
2.380327458827909766e+02
2.380057867152959545e+02
2.380474940548580491e+02
2.379337777056169898e+02
2.379350882469050248e+02
2.380075657019838218e+02
2.381734951605816661e+02
2.379472161430801123e+02
2.380858613864411666e+02
2.381802813665146061e+02
2.378221175271538641e+02
2.381893291694411801e+02
2.380124013835647929e+02
2.379390654204744067e+02
2.381064013214963779e+02
2.381829475485414775e+02
2.382130022534500142e+02
2.379211995712310852e+02
2.379511261987959188e+02
2.379551690219423392e+02
2.384214854098071612e+02
2.381882820730014316e+02
2.380754675334268029e+02
2.380052230889359635e+02
2.381148412318154044e+02
2.381070101210864038e+02
2.380456604168457488e+02
2.382399450597503119e+02
2.382320726460585263e+02
2.381316744074547387e+02
2.380691704905821098e+02
2.377654210173086256e+02
2.380952653512993038e+02
2.378653973542770927e+02
2.379515811530799567e+02
2.380012375083086624e+02
2.381431837380809782e+02
2.379678897958937966e+02
2.381376876480684075e+02
2.384357589046568080e+02
2.381078333402869021e+02
2.381077506758506104e+02
2.382758393340872942e+02
2.381822876367512265e+02
2.382054720075007310e+02
2.381378198984813537e+02
2.384743614032430514e+02
2.383351709564728935e+02
2.381618709550285757e+02
2.379285914461172808e+02
2.382389762811129401e+02
2.381388869227876910e+02
2.383052507680160659e+02
2.381263495196861868e+02
2.380864370295742845e+02
2.382423608884924988e+02
2.383727903319416725e+02
2.381423600919298735e+02
2.378598935736922613e+02
2.381310341570085995e+02
2.383296920215261423e+02
2.379127478782264404e+02
2.380313276656479218e+02
2.378863594629687270e+02
2.381635853395390825e+02
2.380297366857564612e+02
2.381558998150820798e+02
2.382480471745919601e+02
2.380074451763438219e+02
2.383317517145696911e+02
2.382638154323349227e+02
2.380799007742574247e+02
2.381417283554367259e+02
2.381264300117183268e+02
2.382111819691735946e+02
2.380965095566438094e+02
2.381529617768666469e+02
2.380591472205323953e+02
2.379667060956755051e+02
2.379051951977530450e+02
2.380970007707241791e+02
2.380801377431134540e+02
2.383080008490317994e+02
2.382381312438825489e+02
2.380756929776085826e+02
2.381194326282841303e+02
2.383954333808237323e+02
2.382552064910873639e+02
2.380079571713725102e+02
2.382126872399665274e+02
2.381805834049830537e+02
2.382144793853047986e+02
2.381512086770080430e+02
2.380934237199342363e+02
2.380505167145541918e+02
2.384342580164899630e+02
2.382657924759608079e+02
2.382905514411720276e+02
2.385568182118615539e+02
2.383463206024845249e+02
2.381702976265308109e+02
2.385548207300073500e+02
2.385645041146559322e+02
2.385538906095218579e+02
2.385702554078710591e+02
2.384525241493258534e+02
2.385863456753653509e+02
2.389240101535215501e+02
2.385036546680933895e+02
2.387172259707054707e+02
2.388024254192132219e+02
2.384714221874737916e+02
2.385628163424401293e+02
2.384230335304092705e+02
2.388957879198462422e+02
2.385440890832114462e+02
2.385737555874726752e+02
2.382928508416220268e+02
2.384787188609529949e+02
2.384895103090076134e+02
2.386912420474819783e+02
2.382781159739024872e+02
2.384750556138220645e+02
2.384057170235021204e+02
2.384399656663026690e+02
2.382998830320225352e+02
2.383130679027713938e+02
2.383893739902647440e+02
2.384220388448562460e+02
2.381791945956382506e+02
2.381471061645836755e+02
2.383065150151238640e+02
2.384818558832514555e+02
2.382127230559161433e+02
2.382146940726791797e+02
2.383631554668639865e+02
2.381804497514984860e+02
2.380085710296161778e+02
2.382579678834130448e+02
2.381801955042988936e+02
2.382643626615664516e+02
2.379523892340947668e+02
2.379272881589636199e+02
2.385570544253899641e+02
2.383753844643683522e+02
2.379970080154327832e+02
2.380058733572591336e+02
2.379687805268560226e+02
2.377713905540516919e+02
2.381660118421414154e+02
2.380422795703179588e+02
2.380712925458367692e+02
2.380375330137364642e+02
2.380165081780153571e+02
2.380757159059085097e+02
2.381424103318844345e+02
2.383314377281766383e+02
2.380837645954763104e+02
2.380604531830981614e+02
2.383204095259471842e+02
2.383767953094935876e+02
2.385143468893490137e+02
2.386539665428742012e+02
2.384645445652550109e+02
2.385100579152140483e+02
2.389395402737663971e+02
2.384572004118325879e+02
2.386731595914125137e+02
2.388429208057618780e+02
2.386169176140097079e+02
2.386384175104195435e+02
2.386669963931427958e+02
2.386750499249179427e+02
2.385505303699141848e+02
2.388574340496906245e+02
2.387574582078908918e+02
2.385900906384812004e+02
2.389319755315880229e+02
2.385923250166199807e+02
2.383937523440839357e+02
2.388793699476641734e+02
2.387256467642789914e+02
2.386237218726921583e+02
2.383902034966530152e+02
2.384317510439308592e+02
2.386011925457844143e+02
2.384910597184868095e+02
2.383646627526438522e+02
2.385964567836493018e+02
2.384221451550298809e+02
2.383758335263568426e+02
2.384035692074449742e+02
2.383187524975994620e+02
2.382908098050407091e+02
2.384611601860130179e+02
2.383370630463632835e+02
2.382423861352249048e+02
2.382593782643310760e+02
2.384047606337140905e+02
2.383271811949858545e+02
2.383107604275093081e+02
2.381231082594055977e+02
2.383448449289913924e+02
2.383239960557316124e+02
2.385029667949777092e+02
2.382765879088863414e+02
2.381079164449442942e+02
2.383279815967078719e+02
2.379622044089513508e+02
2.385105730673493554e+02
2.384348537647725550e+02
2.381461963709776910e+02
2.382675167434227035e+02
2.383939239355080417e+02
2.385784190795224049e+02
2.382862669011457228e+02
2.383228657135923925e+02
2.381527024868733236e+02
2.383351174897013891e+02
2.384772532498275268e+02
2.384318561259857177e+02
2.384882204700256523e+02
2.383814934710324280e+02
2.384721125104471469e+02
2.386558001869449299e+02
2.382384384491592471e+02
2.383061239443671582e+02
2.386350634127585124e+02
2.385355426695951166e+02
2.384885171841870886e+02
2.387705594736948740e+02
2.386290515500245704e+02
2.391525371815327219e+02
2.388288717711187985e+02
2.389504500053191975e+02
2.388076999742542341e+02
2.388168622781144279e+02
2.388707256847535234e+02
2.389703799729522586e+02
2.390805037938535804e+02
2.391576973274076181e+02
2.388490530205704374e+02
2.389046984744626343e+02
2.388380800850864318e+02
2.387540161095899975e+02
2.389574141110397250e+02
2.385953644491976036e+02
2.388403567554735218e+02
2.389191207305845239e+02
2.386446857707136360e+02
2.386479786523594555e+02
2.386923905229053844e+02
2.389109884334764047e+02
2.384804349589278161e+02
2.383660924379061896e+02
2.383866578806329528e+02
2.384358967137761738e+02
2.385097275387296349e+02
2.384210383491596019e+02
2.382057283284171945e+02
2.384919131391045255e+02
2.382820604354459419e+02
2.382384048883504022e+02
2.385225433807654269e+02
2.384702953708724635e+02
2.383681349560377214e+02
2.386425966328978063e+02
