1.009438547700733011e+02
1.008663564022116788e+02
1.009980352785291302e+02
1.009224580675697780e+02
1.009511824479030793e+02
1.006910363260894457e+02
1.006620545551712667e+02
1.004585780674940878e+02
1.005737928820740876e+02
1.007927877364354714e+02
1.007197621257953557e+02
1.007461455545914788e+02
1.006081568098721846e+02
1.006836962716329680e+02
1.006938295403922581e+02
1.010416145638893823e+02
1.009017324341420476e+02
1.007217227173530318e+02
1.008017433312690656e+02
1.006840704247694163e+02
1.008366536719038464e+02
1.005387430605292849e+02
1.008650376103143600e+02
1.005648134158754061e+02
1.004923874077092592e+02
1.007170165000073325e+02
1.006537957193203283e+02
1.008133013519465209e+02
1.006137641915893823e+02
1.007136463425116517e+02
1.010460480756944577e+02
1.005762632752263244e+02
1.007780487661800635e+02
1.007931629507181555e+02
1.008615208492076505e+02
1.007624857843017026e+02
1.009063092649902842e+02
1.007438163032310143e+02
1.005112135059273584e+02
1.007061231675624668e+02
1.005285220937663127e+02
1.008899873864360188e+02
1.005455017740460306e+02
1.007497127150867300e+02
1.009331879801248277e+02
1.007764181626259443e+02
1.008624569279228922e+02
1.007322170948778961e+02
1.006119155626034427e+02
1.004487382315932678e+02
1.006668371931996262e+02
1.006108950279601686e+02
1.004324418985621463e+02
1.006683002970382148e+02
1.007633781841631304e+02
1.005813317095016117e+02
1.005300218698048411e+02
1.008387531651071640e+02
1.006320673534361276e+02
1.008827311870240351e+02
1.007424563724974433e+02
1.005487521351336682e+02
1.007856616074711695e+02
1.008339436717963054e+02
1.006855509415885308e+02
1.012483547302414451e+02
1.009120066401527112e+02
1.008210391042646847e+02
1.008170455224756239e+02
1.006013476921492469e+02
1.008398740123251827e+02
1.005330102514466830e+02
1.005671309473463992e+02
1.004456425051071022e+02
1.007047608150920297e+02
1.007707397885075125e+02
1.004803004741634851e+02
1.006672605329359271e+02
1.005959739347878070e+02
1.005020119024794241e+02
1.005456139779250151e+02
1.006971179113495509e+02
1.006343574037916682e+02
1.008386349426680937e+02
1.006099198786944982e+02
1.006006987494693448e+02
1.005395837095376379e+02
1.005609980327272552e+02
1.006230012744087645e+02
1.007169939003788386e+02
1.008332042560594033e+02
1.008432085071761577e+02
1.007733636654915017e+02
1.007460415177039152e+02
1.009223246524421285e+02
1.007482074380735213e+02
1.008395630851816236e+02
1.008854883606197603e+02
1.006648560372761239e+02
1.007726047590305143e+02
1.005511280992948713e+02
1.005586200678715301e+02
1.006954890903284081e+02
1.005537663288818209e+02
1.007372367973583067e+02
1.006190987779182251e+02
1.004306664630724413e+02
1.007343779549367611e+02
1.007474548707710937e+02
1.007073596796211064e+02
1.006953503358561193e+02
1.008164308210206173e+02
1.005887691576659648e+02
1.009048528315623798e+02
1.006340558551964932e+02
1.005519256231978602e+02
1.005394752496094526e+02
1.006899311375093049e+02
1.004834346225283497e+02
1.005804300353116787e+02
1.003712690890036612e+02
1.004803126337499606e+02
1.004162531116317609e+02
1.005327624751033255e+02
1.006180382918445133e+02
1.005911229268921403e+02
1.005918863229754407e+02
1.007118175283441701e+02
1.007018459640008672e+02
1.003262125535113114e+02
1.002170922474056312e+02
1.001762281415995659e+02
1.001259921580888914e+02
1.002657025771143680e+02
1.000877748376136083e+02
1.001015750058153770e+02
9.988795569930664442e+01
9.987616220538778578e+01
9.994362091691773742e+01
1.000284097070077678e+02
9.970988516902052368e+01
1.001080921682194997e+02
1.000058058721610337e+02
1.000334672806712888e+02
1.000092888559063340e+02
1.002650363122635895e+02
1.002617344078716997e+02
1.002302291626412654e+02
1.003586953805424855e+02
1.000750536338463945e+02
1.004004778260561324e+02
1.004774576287529158e+02
1.004979399553114945e+02
1.004316735089964681e+02
1.004907298700636744e+02
1.005709990076363027e+02
1.004816280027755369e+02
1.004713046304656388e+02
1.005100447082163555e+02
1.006423730505669027e+02
1.009231712680635837e+02
1.005955509871798199e+02
1.008249284510720258e+02
1.010678719016504488e+02
1.008293808329547261e+02
1.004998538023058927e+02
1.006728105581630501e+02
1.006711506060596122e+02
1.007361867887920539e+02
1.006736839504610401e+02
1.010104270488539981e+02
1.005832654805534929e+02
1.005505634312980732e+02
1.008896782767110949e+02
1.008372223559233163e+02
1.006177653688275626e+02
1.005963965040677977e+02
1.004091201140891059e+02
1.008348211437537572e+02
1.010020410949831984e+02
1.008228304148394159e+02
1.007737021197144287e+02
1.009056324949517460e+02
1.007643072879302935e+02
1.006063863661802316e+02
1.008312714416334330e+02
1.008584686587404207e+02
1.006523445607690377e+02
1.006650954165386906e+02
1.006379453200282654e+02
1.007028723610981302e+02
1.001501139851029620e+02
1.002526120415386828e+02
1.000636682431124740e+02
9.994427859138606607e+01
1.000504096758962049e+02
9.982702007035550196e+01
1.000139225077721790e+02
9.988055770039193249e+01
9.991017418627485824e+01
1.000192438384887055e+02
9.983734282418596706e+01
9.991201932029866839e+01
9.992423142664763702e+01
9.987666195270357150e+01
1.000513422065076128e+02
1.000949006248346222e+02
1.002829799750015098e+02
1.000256312573484507e+02
1.000352308591114507e+02
1.001657161176429298e+02
1.003232967012253312e+02
1.003144002629722991e+02
1.003671500222725541e+02
1.003389062057674010e+02
1.001165202387535373e+02
1.004698478312436691e+02
1.004623252488748903e+02
1.003897034616272066e+02
1.005951545545680119e+02
1.003939448087233330e+02
1.005914405071388984e+02
1.007206113612036091e+02
1.006092969861437609e+02
1.006816891584363844e+02
1.007938025518916305e+02
1.006456378764230521e+02
1.007389357830799668e+02
1.003979473929289128e+02
1.004698748652456430e+02
1.004741321173410000e+02
1.003984157807619368e+02
1.005468709884147103e+02
1.005979654642651013e+02
1.006960786232130403e+02
1.007353403359955593e+02
1.006762339918430911e+02
1.004972483078448136e+02
1.006566635048601626e+02
1.006727669152326143e+02
1.007264835843504329e+02
1.006069736204959923e+02
1.006400165420910042e+02
1.004385498953000706e+02
1.004854367930829113e+02
1.003924869691363568e+02
1.006003705077285417e+02
1.003268080157307480e+02
1.005423917381094725e+02
1.004413554507515727e+02
1.004315716120322577e+02
1.003554576662032360e+02
1.004270713384891707e+02
1.002231797073742285e+02
1.002127351451046025e+02
1.004988113128923715e+02
1.004669906053465382e+02
1.004238755558776433e+02
1.002679890459902481e+02
1.000646156094235835e+02
1.003625436986549317e+02
1.000797943112473689e+02
9.981720848047878292e+01
9.999508356689155164e+01
1.000310969050876793e+02
9.983248541779990148e+01
9.977918460934324685e+01
9.971406286944296937e+01
9.983895404049678746e+01
9.975226705085680123e+01
9.972070423413929063e+01
9.955092369464279045e+01
9.969849177433191301e+01
9.966915933969706032e+01
9.980303779914224549e+01
9.977237314420231939e+01
9.976058320083825492e+01
1.001430350803630773e+02
1.001177155212353256e+02
1.003092377281415821e+02
1.001547907435853944e+02
1.001741999802122649e+02
1.005440854474083352e+02
1.004635403713052710e+02
1.003630540268069353e+02
1.007644921869899122e+02
1.005142085947797597e+02
1.005390354009749672e+02
1.005299175432396765e+02
1.003917611426649472e+02
1.007857039785400133e+02
1.007846086477998142e+02
1.007383856968129976e+02
1.008150984276578583e+02
1.007155679347275594e+02
1.006334185401938583e+02
1.003458929555511645e+02
1.005031294067374432e+02
1.006075930776222975e+02
1.004820232534159032e+02
