2.855774992549632429e+02
2.854884002937464516e+02
2.853507144522290560e+02
2.855177508412895691e+02
2.855468089239519145e+02
2.856039310076159268e+02
2.856632422843317727e+02
2.856080791419181537e+02
2.855729169534799325e+02
2.856906466881401343e+02
2.856401147315354478e+02
2.856082808026941393e+02
2.854999063514970885e+02
2.855696579268271762e+02
2.856032099417784593e+02
2.855340456708861439e+02
2.855416968017339627e+02
2.856208027678500230e+02
2.855458382593932924e+02
2.854907498414542033e+02
2.855272619448297178e+02
2.855571850509243177e+02
2.855117310223438949e+02
2.855931120812143149e+02
2.857858926367953813e+02
2.856564893586250378e+02
2.855836250525590572e+02
2.855768184392336480e+02
2.856464205107138241e+02
2.856870972704675751e+02
2.856153985578920924e+02
2.854613879174499402e+02
2.854374371423597836e+02
2.855381725734999350e+02
2.855027334639846117e+02
2.856196715195872571e+02
2.855683444601100405e+02
2.855720328626646847e+02
2.856439046032699594e+02
2.855982383365272312e+02
2.855903959337483116e+02
2.856550141178611852e+02
2.856013765323264124e+02
2.855308266210202532e+02
2.856145932110848094e+02
2.855018920297347336e+02
2.856120030714046720e+02
2.856383602635455645e+02
2.857118198378362877e+02
2.856201228746098764e+02
2.855230995306062027e+02
2.855643957827241479e+02
2.856123200843680934e+02
2.857737931622542078e+02
2.856382153519080589e+02
2.855288147426179535e+02
2.856348641857416624e+02
2.856454807445845177e+02
2.855704616537511242e+02
2.856536394033929014e+02
2.856952899703409230e+02
2.856678263458153424e+02
2.856621142106519642e+02
2.855536154199147063e+02
2.855103411650559337e+02
2.855650740150517777e+02
2.855041211462605020e+02
2.854909226806172455e+02
2.854873907587037820e+02
2.856005675175346141e+02
2.855352724552296877e+02
2.856784681555530483e+02
2.857800127391716956e+02
2.856825090366480708e+02
2.856248756417553523e+02
2.856334398261143974e+02
2.856230587805142136e+02
2.856697424765515620e+02
2.857231794253279418e+02
2.858296979729506688e+02
2.856817851114498694e+02
2.855771136786971169e+02
2.856684446545644391e+02
2.856883130683576724e+02
2.856382991296380283e+02
2.856603749660666267e+02
2.856955951978908956e+02
2.855848148857215278e+02
2.857805743242116137e+02
2.857936456573818873e+02
2.856153232670808393e+02
2.855116792469262350e+02
2.855757828091700503e+02
2.856279148849203580e+02
2.855472879671235660e+02
2.855575385019785131e+02
2.855682470549269283e+02
2.856137520644103347e+02
2.856180440464175376e+02
2.856678668581287752e+02
2.856625749762899886e+02
2.856534588310979075e+02
2.858421149876500635e+02
2.857407369275697420e+02
2.856361502435795501e+02
2.855568038207959489e+02
2.856635842643353840e+02
2.856935995001606443e+02
2.856616922418137960e+02
2.856342547732951971e+02
2.855889226354860284e+02
2.855315648271630948e+02
2.856601083747212897e+02
2.857163109479650416e+02
2.856644257082009517e+02
2.857012393622226796e+02
2.857321653852345094e+02
2.856139746559865102e+02
2.857162979213629228e+02
2.857708768920131206e+02
2.857376432694412074e+02
2.856710829662527544e+02
2.857290836166404802e+02
2.857044018040854212e+02
2.856584713520655328e+02
2.857634829778740482e+02
2.856464490414810484e+02
2.857455957547359162e+02
2.857929289817923859e+02
2.856597325424526161e+02
2.857700934900779544e+02
2.858794235703479103e+02
2.857436590423172902e+02
2.858192273154377858e+02
2.858939760361225240e+02
2.858797123392194521e+02
2.859185758883169797e+02
2.858561924000712793e+02
2.860396181071990327e+02
2.860434388297129544e+02
2.860832894221971401e+02
2.858994230459304049e+02
2.859950103682941744e+02
2.860085315080737587e+02
2.858639081676867022e+02
2.859738045783338407e+02
2.859325057271731225e+02
2.860343064635744099e+02
2.859351157504808612e+02
2.858985400013861522e+02
2.858573502918879399e+02
2.858720847387281196e+02
2.858999732423500859e+02
2.858876747858381009e+02
2.857636795592811154e+02
2.858105794432940456e+02
2.857749202213274771e+02
2.858045394006352922e+02
2.857531126487273809e+02
2.857719488499847103e+02
2.858256349357556587e+02
2.857172696714657718e+02
2.856745747082287608e+02
2.857012357754676373e+02
2.857519372939821665e+02
2.857756367906213200e+02
2.856824016232544068e+02
2.856583129386651763e+02
2.857822644007836175e+02
2.855446514653642112e+02
2.856401590631266458e+02
2.857000817099665824e+02
2.857175899749143468e+02
2.857084336056158236e+02
2.854631656652300649e+02
2.856384596985488997e+02
2.858328802752370166e+02
2.857162224593117230e+02
2.855876389311353591e+02
2.855661168264759340e+02
2.854977591055067592e+02
2.855413246836508847e+02
2.856363376278300734e+02
2.854957427141713993e+02
2.856209958035465775e+02
2.856207338399162268e+02
2.855926553240235535e+02
2.856002282619803054e+02
2.856546426753970991e+02
2.857224035266094120e+02
2.855187021682964996e+02
2.856668591308065857e+02
2.858357350712912535e+02
2.858792553493875630e+02
2.859297453213037556e+02
2.859748326370455516e+02
2.859307620695711307e+02
2.859186003500863080e+02
2.861108123322276242e+02
2.859636865215985040e+02
2.860124110306149419e+02
2.860931474955650629e+02
2.859836823519908080e+02
2.860748702907139318e+02
2.860143738813749792e+02
2.860120275132741767e+02
2.860206569123699865e+02
2.860942469838313968e+02
2.859617256912276275e+02
2.860165635960289592e+02
2.860979552612124621e+02
2.859062977005409607e+02
2.859326610191524196e+02
2.861402993277911833e+02
2.859594866009138627e+02
2.859247718201959287e+02
2.858382683414033067e+02
2.858816038674437436e+02
2.858959942575412470e+02
2.858990192888871320e+02
2.858205467960305555e+02
2.858769647641353799e+02
2.858760977099227034e+02
2.857732582846852551e+02
2.857499507644023993e+02
2.857286909245506763e+02
2.857880297905140310e+02
2.858110009373190792e+02
2.857254172213178549e+02
2.857285546248243122e+02
2.858119938380183953e+02
2.857516577904815449e+02
2.857784954450095256e+02
2.857548370703994465e+02
2.856871909954416537e+02
2.858052584412951092e+02
2.857986962843291394e+02
2.857697870019931656e+02
2.857253468840781352e+02
2.856776436412447424e+02
2.856372146302263104e+02
2.856396561222717878e+02
2.858146270858777029e+02
2.857977853610345278e+02
2.856967963718554415e+02
2.857731914623830676e+02
2.858845268247567333e+02
2.858927890995879011e+02
2.857258945130183179e+02
2.858231835994781136e+02
2.857790531875459692e+02
2.858235381276624025e+02
2.858462972522613654e+02
2.857772428798332953e+02
2.858580519934623680e+02
2.858438670725536781e+02
2.858225758272349708e+02
2.859128742957063878e+02
2.857430074489181493e+02
2.858203418746400644e+02
2.859367710003445495e+02
2.859501064344536303e+02
2.858706635870740342e+02
2.860588448888559583e+02
2.860700926714952175e+02
2.861454725108278012e+02
2.860745220870387016e+02
2.861740964870816128e+02
2.861103951335923625e+02
2.861664521471267904e+02
2.861595552472493296e+02
2.862066045959418830e+02
2.862556566207405808e+02
2.862462961677362614e+02
2.861181703937071461e+02
2.860542362437673205e+02
2.861023769058263611e+02
2.860936002836940020e+02
2.861223514474620515e+02
2.860525340220210069e+02
2.861257534743070323e+02
2.861385556452589185e+02
2.859720828346157759e+02
2.859667267924908742e+02
2.860827466139651278e+02
2.860485169914274479e+02
2.857963525976614960e+02
2.858747457314043459e+02
2.858194513243445840e+02
2.858591655099060631e+02
2.858593774983103799e+02
2.858261234981582675e+02
2.856833149474708762e+02
2.857567073206998316e+02
2.857214326312256389e+02
2.857402185418545173e+02
2.858099928059110084e+02
2.858343649427887954e+02
2.859194072579584258e+02
2.859505803302914160e+02
