2.400121872114409598e+02
2.398906957257486283e+02
2.397363600867388698e+02
2.397546989022988839e+02
2.399990734333128160e+02
2.400149848664256922e+02
2.402273000562316554e+02
2.398197520940998402e+02
2.398576829861039812e+02
2.401302610120376073e+02
2.401519753156060517e+02
2.399900325504758314e+02
2.394743544326523477e+02
2.395085353727855590e+02
2.397710814927996523e+02
2.398660625476911719e+02
2.398605050615852008e+02
2.401227904551707013e+02
2.398124315763331253e+02
2.399963061774598145e+02
2.398918150975671324e+02
2.397846791594360809e+02
2.398218780725537727e+02
2.398418629434608818e+02
2.399240506088723635e+02
2.399149296049575639e+02
2.396828480814151874e+02
2.399641953985372140e+02
2.401416203037282742e+02
2.400337450592065807e+02
2.401100838541890141e+02
2.398200224229135529e+02
2.397894321322725375e+02
2.391762658850641401e+02
2.383253368761031936e+02
2.390449813766930731e+02
2.392911281286726251e+02
2.396015146200100787e+02
2.393733463633127485e+02
2.392638302498060341e+02
2.395369150564785343e+02
2.395959670200324183e+02
2.394757956942219437e+02
2.395934181810887651e+02
2.397582187903516058e+02
2.399403239167626509e+02
2.397319624022084383e+02
2.399696473835303721e+02
2.395863794567534626e+02
2.394047045564390146e+02
2.395252219299280796e+02
2.397645125043154906e+02
2.398721405816260130e+02
2.392770639357918014e+02
2.391854251332826209e+02
2.393840426023026566e+02
2.392216585487136626e+02
2.393408507839002652e+02
2.396250317151043703e+02
2.397068955900140281e+02
2.397894836347792307e+02
2.395290513619914918e+02
2.391533202902765254e+02
2.395249623586150562e+02
2.394594615674849365e+02
2.393810671476298921e+02
2.396213517383614260e+02
2.397748002880732940e+02
2.395122586016402693e+02
2.394742905260820578e+02
2.396611146846376244e+02
2.397229032474312191e+02
2.393914915781184902e+02
2.395498756093234363e+02
2.394866761281172103e+02
2.396210839056542738e+02
2.395877849491077995e+02
2.398363156598103672e+02
2.396207632966109031e+02
2.394943261795500575e+02
2.395360450167114266e+02
2.395247572131363540e+02
2.391535284047417633e+02
2.394804563738186971e+02
2.394656194717317419e+02
2.397108828695893123e+02
2.397930040679625279e+02
2.395108832100284815e+02
2.394267566040283270e+02
2.395875322560786174e+02
2.396891133934398113e+02
2.400038769155028149e+02
2.397510400586489538e+02
2.396584376980191280e+02
2.393720087287244951e+02
2.395820884045337777e+02
2.394392492185889694e+02
2.394723258155987367e+02
2.396710581232601669e+02
2.395729368759203908e+02
2.397032198101828442e+02
2.397028785016868540e+02
2.395260050276541790e+02
2.393029355360283432e+02
2.397408197877361715e+02
2.400589534160620531e+02
2.395109819896828469e+02
2.396719551554753025e+02
2.398719459794561146e+02
2.395078861971336153e+02
2.396157053975177860e+02
2.396366841343115937e+02
2.393533752017490031e+02
2.390395633560380872e+02
2.389540407127026072e+02
2.388669830470181523e+02
2.388336042072288308e+02
2.387305126790116390e+02
2.389081034476564867e+02
2.395293239637582303e+02
2.391148931645053608e+02
2.390793914308885348e+02
2.394185299143036048e+02
2.391804756634280409e+02
2.387542206617665386e+02
2.388066792495076527e+02
2.391162918462274547e+02
2.388259759073027055e+02
2.388959932980896781e+02
2.390868736983327096e+02
2.389608969029690400e+02
2.389339033444592815e+02
2.387997563529413867e+02
2.387946517930992059e+02
2.391077671311547590e+02
2.391339157325432723e+02
2.387215037589250244e+02
2.387878861244299742e+02
2.388325774986924444e+02
2.389576038635555335e+02
2.389871283645626647e+02
2.386771190927397299e+02
2.377823928672811178e+02
2.386217302218358327e+02
2.390407866957446288e+02
2.388488074832160066e+02
2.387746302477983988e+02
2.391072396647625453e+02
2.391389714600440186e+02
2.390684123778862613e+02
2.393055194043755307e+02
2.395464219518906930e+02
2.393110803762616285e+02
2.395316060766902808e+02
2.397768530756078746e+02
2.398662107763792903e+02
2.395171064364170945e+02
2.397448757344956505e+02
2.398498374241170552e+02
2.399250268439826357e+02
2.396484434774544354e+02
2.395726055814605218e+02
2.398761779027480543e+02
2.400776001709307650e+02
2.401770254407227867e+02
