1.000040555725286708e+02
1.002759605496313497e+02
1.003786278688470333e+02
1.000140330202582533e+02
9.989169175381168486e+01
9.979406160466282927e+01
9.997147941488323397e+01
9.991689325903637098e+01
1.001451636856535288e+02
9.973841582210322088e+01
9.985171224802665790e+01
1.006744710981359390e+02
1.008762804996442242e+02
1.001567257804158970e+02
1.000770492914165430e+02
1.001094018549571842e+02
1.002585531461723320e+02
9.959657983879384346e+01
1.001297278997416385e+02
1.001686310498108128e+02
1.005409167525474885e+02
1.002036448403176649e+02
9.997907383725065245e+01
1.001373545713644830e+02
1.000177572472210272e+02
1.004330905791211563e+02
9.987882627570070326e+01
9.982006742651077502e+01
9.983989460464341903e+01
1.000672068791433276e+02
1.002741017609946539e+02
1.004618331387783883e+02
1.003566417121349446e+02
1.012104113452532346e+02
1.034689635188071151e+02
1.012674797785604142e+02
1.006681629441819297e+02
1.003362324991112899e+02
1.007164374154229023e+02
1.003818289134295441e+02
1.001373879507626725e+02
1.005399819681955478e+02
1.007018654920933187e+02
9.995303945877914487e+01
1.001134719568708533e+02
1.004146062585240173e+02
9.991029716930825089e+01
1.003868654677550438e+02
1.004773885697388778e+02
1.007386736145101622e+02
9.998655950673084192e+01
1.001354989441812080e+02
1.000464126924561441e+02
1.020262458587345265e+02
1.011163772272697798e+02
1.004910018071959144e+02
1.008038849772638628e+02
1.006808666601470605e+02
1.003225750554101552e+02
1.004815620746944234e+02
1.000568708935180666e+02
1.002422707936330397e+02
1.011400100921605940e+02
1.006161036575635990e+02
1.007234166153630213e+02
1.005369557176630764e+02
1.001391645043445351e+02
1.000631586005479932e+02
1.008913151335455609e+02
1.001814617584130929e+02
1.000573720556681252e+02
1.005349010356833190e+02
1.006342365002709727e+02
1.004070590952484707e+02
1.000120474041347620e+02
1.004771040430374569e+02
1.006862886562401087e+02
9.997350149331622049e+01
1.009027182684313431e+02
1.003944329991770843e+02
1.004363722883959582e+02
1.005520188964619734e+02
1.010158375438409593e+02
9.977645948807669640e+01
1.002092866960826854e+02
9.987338142615017489e+01
1.002950261426653213e+02
1.004955311296602645e+02
1.004233278257963349e+02
1.002421074534234577e+02
1.000378726678710990e+02
1.002703886309398627e+02
1.007229656043936785e+02
1.004273122033015966e+02
1.003880187165417937e+02
1.003560038714478964e+02
1.007782088265595775e+02
1.004566227780391046e+02
9.996300447487345764e+01
1.003482896242000635e+02
1.003417149869977578e+02
1.005926117579069796e+02
1.006515003679815976e+02
1.004501965504575764e+02
1.000299858038487599e+02
1.001866318307353367e+02
1.007560243777342208e+02
1.002194842141219482e+02
1.002848321781142005e+02
1.006152934523309881e+02
1.002275632339072331e+02
1.009895172933745613e+02
1.009201788723266873e+02
1.018995159998273863e+02
1.017108844648820991e+02
1.016130153720411045e+02
1.013232231561146790e+02
1.009842695888835493e+02
1.009831317589864739e+02
1.007804036527627431e+02
1.012503693544783658e+02
1.007415781012100382e+02
1.005171873910991849e+02
1.009587383450684541e+02
1.010062948110326033e+02
1.010063077381624339e+02
1.007169423201986689e+02
1.008937115587367117e+02
1.007003545076653239e+02
1.008934501752456754e+02
1.004980818866477961e+02
1.005793481536616838e+02
1.009876420600148919e+02
1.011896033184099224e+02
1.010936632981723591e+02
1.008222204186064772e+02
1.009184849793474115e+02
1.005959640426635104e+02
1.007230609210579502e+02
1.007209236897652431e+02
1.003316342884307488e+02
1.018108829526861570e+02
1.028897333109370464e+02
1.013944016732713038e+02
1.007122970226425451e+02
1.005549623298656883e+02
1.002062721600178747e+02
1.000250192508274694e+02
9.999419100027263596e+01
9.973134927897025648e+01
9.967137076806783114e+01
1.000569031194186920e+02
9.949391365412066079e+01
9.966731674007819208e+01
9.910375725224010068e+01
9.966103113347730869e+01
9.957097841623381385e+01
9.932983245314380838e+01
9.957895175329061033e+01
9.949235627458490683e+01
9.937887516613477601e+01
9.959335035906235589e+01
9.902425817458866675e+01
9.901244799220802406e+01
9.910879358332478262e+01
