2.865693562248390549e+02
2.865229722401933827e+02
2.865254503284176621e+02
2.865148068089538924e+02
2.865868203257040818e+02
2.867110749784044970e+02
2.866707896977709993e+02
2.865483445001675022e+02
2.865411149427225723e+02
2.865302561899836746e+02
2.866061524854567324e+02
2.865210922763697567e+02
2.863193626789350219e+02
2.864473313740177787e+02
2.864759216777251254e+02
2.865501963586202692e+02
2.865479400519551518e+02
2.866094857767126882e+02
2.865963619753296712e+02
2.866212164924280046e+02
2.865357573147086327e+02
2.864882181245067159e+02
2.865199447091713409e+02
2.865052847224021093e+02
2.865838508499581962e+02
2.864555618485271680e+02
2.865307742490972487e+02
2.866502417847105448e+02
2.867171700606074296e+02
2.866390018454283108e+02
2.866073507210921889e+02
2.865021423946967616e+02
2.865386379678498088e+02
2.865323964597384361e+02
2.861918498396799464e+02
2.862939747923126106e+02
2.863887247257641775e+02
2.864042506422568408e+02
2.863031643770881942e+02
2.862625169937041960e+02
2.864693873078468869e+02
2.865988180084135024e+02
2.864930878325801018e+02
2.864082414304435247e+02
2.866351003293841018e+02
2.866369728257314478e+02
2.866351982244648866e+02
2.866155692212592498e+02
2.865269611330039083e+02
2.863621408697393349e+02
2.863966931717597504e+02
2.864912697273272784e+02
2.866619115865777303e+02
2.864830109017057680e+02
2.863177865257625285e+02
2.863945863949928139e+02
2.863645725151552028e+02
2.863732179719801820e+02
2.866284281120342143e+02
2.865637337878171707e+02
2.866435263219132707e+02
2.865465901084956499e+02
2.864089421313747721e+02
2.865326230575716977e+02
2.865085606178695912e+02
2.865200968979101503e+02
2.865753452865881172e+02
2.866696545804837228e+02
2.865247324898949159e+02
2.865196203867820373e+02
2.866669630336065779e+02
2.867215920768696833e+02
2.866125867765086923e+02
2.865724713174398062e+02
2.866704653610378841e+02
2.866970658495038720e+02
2.865742180068767198e+02
2.868789256109130861e+02
2.866958165498458015e+02
2.866042018975421115e+02
2.866973630436276039e+02
2.866560459674151389e+02
2.864510338154070155e+02
2.866090724488146861e+02
2.866539434270915763e+02
2.868053301139848941e+02
2.867470959510451394e+02
2.866782457413135603e+02
2.865907635940432101e+02
2.867600948020248666e+02
2.868929816182343870e+02
2.869765507132297557e+02
2.868177855442347663e+02
2.866634062298237495e+02
2.866403437273060604e+02
2.866947824937466862e+02
2.866308978048782592e+02
2.866826597072746949e+02
2.868173322127798315e+02
2.867956630086779342e+02
2.868574359324255738e+02
2.868418290963557524e+02
2.867135477689359959e+02
2.866470826306201047e+02
2.869318151829123167e+02
2.870193911774035769e+02
2.867970198822394536e+02
2.868559860371664172e+02
2.869499444173482061e+02
2.868416010136043042e+02
2.869378508942095891e+02
2.869120829075540655e+02
2.868372483059424667e+02
2.868255586935683255e+02
2.867626676807823856e+02
2.865862295730099163e+02
2.865049353759957285e+02
2.865510715928779177e+02
2.867728463188183810e+02
2.870455064131222116e+02
2.867939088086512243e+02
2.868372894961654538e+02
2.869471780800631109e+02
2.868298876990912163e+02
2.867346235059416699e+02
2.867482779526824856e+02
2.868259360448874418e+02
2.867667344370083811e+02
2.868995742428396625e+02
2.869321950898827254e+02
2.868504493662648542e+02
2.868495364991993597e+02
2.869051778595014071e+02
2.871391261585623624e+02
2.872029409359845999e+02
2.870629226541242929e+02
2.869986274660907384e+02
2.870219654335975292e+02
2.870090200285865194e+02
2.870701719145203583e+02
2.871485337759693266e+02
2.871657711759291374e+02
2.870065666924630818e+02
2.873018035171904216e+02
2.872704867030209925e+02
2.871023794778732281e+02
2.871626228653168482e+02
2.872833273570110464e+02
2.873411938671058579e+02
2.874192933410669752e+02
2.875294219008707728e+02
2.875604515415960236e+02
2.875281869974087954e+02
2.877226400614699742e+02
2.878124782768580303e+02
2.878408720373955134e+02
2.877719000328158359e+02
2.879478507684603414e+02
2.880233216156603362e+02
2.879915802876474231e+02
2.879489790330367782e+02
2.879397709487557790e+02
2.880165428483797427e+02
2.881834478792578125e+02
2.882125867417940412e+02
