2.391800408546751839e+02
2.391328717527017886e+02
2.389322960125781208e+02
2.392724935444632592e+02
2.388232410181416299e+02
2.391748733624451688e+02
2.389400780035538503e+02
2.390407361936067048e+02
2.394981462879889023e+02
2.391457874537414625e+02
2.390934243251628004e+02
2.389890525973869444e+02
2.388625088932305971e+02
2.389283107985968115e+02
2.389266863245223647e+02
2.388296909862384894e+02
2.394664558747690251e+02
2.389348944241454262e+02
2.386769628493445055e+02
2.389814797573818907e+02
2.390055317523453198e+02
2.388335684849755864e+02
2.387965571652843835e+02
2.390516433248587589e+02
2.389060976222274064e+02
2.387632623036894586e+02
2.391053803868635441e+02
2.392310224618419170e+02
2.391917640929079028e+02
2.392717964531943835e+02
2.390528906278267129e+02
2.390446266875579795e+02
2.388392715978037870e+02
2.387125170556963667e+02
2.389746273832684835e+02
2.386528575666722247e+02
2.392513442680347282e+02
2.387563551201139660e+02
2.387578809031237768e+02
2.390145130636883835e+02
2.386861918102580375e+02
2.385372642736306545e+02
2.387570978996607494e+02
2.386852201465590895e+02
2.387464588340078819e+02
2.392028159716792288e+02
2.390123626681483699e+02
2.383689219647655193e+02
2.387305007480667882e+02
2.388317200153001920e+02
2.387708932013121910e+02
2.389441946904243821e+02
2.387022597138484628e+02
2.386496787678715066e+02
2.387520060420140453e+02
2.388593896177071656e+02
2.389770004313544121e+02
2.389912333254964096e+02
2.391078067610185087e+02
2.390718357535037342e+02
2.390567250665901327e+02
2.392740516604298762e+02
2.387476611483249656e+02
2.390662885013636298e+02
2.389424339830996189e+02
2.389459256877729842e+02
2.395116186106044154e+02
2.394353934212257116e+02
2.388516608030714394e+02
2.390629799145043535e+02
2.389543336411475138e+02
2.393988870542349616e+02
2.393739246940357077e+02
2.398481578780553889e+02
2.399813165187028972e+02
2.398399206034391398e+02
2.394481426283622056e+02
2.389172783657465686e+02
2.390599286736405986e+02
2.391668207497370133e+02
2.397501356496864275e+02
2.390843828083343681e+02
2.392940441767667892e+02
2.392045372875383293e+02
2.391635632223652976e+02
2.392599510495603283e+02
2.391024398720934130e+02
2.395089135392221351e+02
2.394773658318165417e+02
2.397293073630161189e+02
2.395191995129888767e+02
2.395360418236912210e+02
2.396373293449259734e+02
2.393919932634678673e+02
2.394186274227439242e+02
2.389910019871093709e+02
2.396354633322714278e+02
2.395026111271224920e+02
2.393024899669298691e+02
2.396011851171726903e+02
2.395567942748836288e+02
2.388962050101632428e+02
2.391271946930898764e+02
2.393059810148630220e+02
2.393155150187558036e+02
2.389648751779303382e+02
2.391373404149653652e+02
2.393069164533342246e+02
2.393149748979982689e+02
2.394361007604041163e+02
2.396942412265493658e+02
2.397442270488934639e+02
2.395775910004704201e+02
2.395512814132324593e+02
2.397918478793230008e+02
2.397475261925684435e+02
2.397696389416654483e+02
2.400098772930079178e+02
2.397931147495744710e+02
2.398587533105452678e+02
2.398669212142527556e+02
2.402983708513974364e+02
2.395447056766540754e+02
2.396638679148951496e+02
2.398487580199543174e+02
2.402864776175261170e+02
2.399217673746556727e+02
2.396928652441119709e+02
2.402876526792980769e+02
2.402175810777122535e+02
2.400373096679399225e+02
2.402768638599127371e+02
2.403178820023760807e+02
2.406006872136227912e+02
2.402186078323735217e+02
2.406973656658747984e+02
2.402894406941167063e+02
2.404138432612452334e+02
2.399268254929501438e+02
2.401956069708115820e+02
2.402769541026250693e+02
2.399953123375637745e+02
2.402148232680264073e+02
2.405528322013530271e+02
2.407570055884167743e+02
