1.011481789245926137e+02
1.010204384362157697e+02
1.012259929471824336e+02
1.009178961293431058e+02
1.012219069424590856e+02
1.008960668532843812e+02
1.009912509410103070e+02
1.013722685547393070e+02
1.014227400117323867e+02
1.010895015364451837e+02
1.010651123574343018e+02
1.012630503383682452e+02
1.011469428154701262e+02
1.012201294546621284e+02
1.011846867747206744e+02
1.014319186073487913e+02
1.010283118058932104e+02
1.011758384179380528e+02
1.013953443598289823e+02
1.012647491314713761e+02
1.008959621960527357e+02
1.010969771299634061e+02
1.013401258405481968e+02
1.011549081865895232e+02
1.010407820172442115e+02
1.010428873567753811e+02
1.011727146526926617e+02
1.010363576370137366e+02
1.008848936391650426e+02
1.009473383775019357e+02
1.013385261140251714e+02
1.013420948068804677e+02
1.013540255898708438e+02
1.014418572419895241e+02
1.009205604751342804e+02
1.013450345290564343e+02
1.012772930453684808e+02
1.012035156005762957e+02
1.012507446276254086e+02
1.010829976058000028e+02
1.011851973331640551e+02
1.010246232961720381e+02
1.016593657448661219e+02
1.011341156684525373e+02
1.012677187277815705e+02
1.011616707759079219e+02
1.012449048289521016e+02
1.012136350997464547e+02
1.013925610464203828e+02
1.014783749924447847e+02
1.013439395361003932e+02
1.011858024210630020e+02
1.010600782359112060e+02
1.010771142811384635e+02
1.014644063251604820e+02
1.011072862168958864e+02
1.013168269995041442e+02
1.012055772146338910e+02
1.013220232011595527e+02
1.013448113288637984e+02
1.013320323451755058e+02
1.012328885742386575e+02
1.011046745677801511e+02
1.011134439387515016e+02
1.008290821411371070e+02
1.011510535602210297e+02
1.010905682647185841e+02
1.007584755141114243e+02
1.013128522652125270e+02
1.010365722980374841e+02
1.013587443203713434e+02
1.013722070129022796e+02
1.011835615242378026e+02
1.007063141424679742e+02
1.008907081449462595e+02
1.008023106111540557e+02
1.010988192483113579e+02
1.012587142166592145e+02
1.010923585141200647e+02
1.006660685752040223e+02
1.005611856494887064e+02
1.006373057849861397e+02
1.009362654223292139e+02
1.008724403288551201e+02
1.009181544458664348e+02
1.005895681039989995e+02
1.008105227076928117e+02
1.005783194035102071e+02
1.008481530967143840e+02
1.008810298775105849e+02
1.008978804915243330e+02
1.006484529528269718e+02
1.008308414675292397e+02
1.008768603342530241e+02
1.008630405275098951e+02
1.009529763434870659e+02
1.007630241654995160e+02
1.008854485875086056e+02
1.009609130412776068e+02
1.011653452965346531e+02
1.011363289875791480e+02
1.009893642963581755e+02
1.007787768004857298e+02
1.010598928595337753e+02
1.005678033843451971e+02
1.006462733774815348e+02
1.007101778709498632e+02
1.007896105064281329e+02
1.011524707898210380e+02
1.008114324566512181e+02
1.009776999317278552e+02
1.009574028156305729e+02
1.009715808912167887e+02
1.007348152142236017e+02
1.007251030331628527e+02
1.007812417233421343e+02
1.009240807744034640e+02
1.008590241038046855e+02
1.006693803157275937e+02
1.004272574493837027e+02
1.007025214034484151e+02
1.006636266972978575e+02
1.009927283930484947e+02
1.008085074331329452e+02
1.007018766933154410e+02
1.007596000591954635e+02
1.009358861775627219e+02
1.008247708631674868e+02
1.008193991054960890e+02
1.004726033406811752e+02
1.005145718227086746e+02
1.006603010887406100e+02
1.009329454948124294e+02
1.005337445632719522e+02
1.008719631139061192e+02
1.005502673432339407e+02
1.005334739777531468e+02
1.009111762417334575e+02
1.005521441361612318e+02
1.006951965448346868e+02
1.011686186387845510e+02
1.007351300958403613e+02
1.007481733293019488e+02
1.008316287627913965e+02
1.007796926608862549e+02
