2.416988232060078587e+02
2.419508183789651241e+02
2.414460341742573348e+02
2.414382774711918103e+02
2.416646145850864968e+02
2.413923063106020663e+02
2.415684353781224445e+02
2.420280911140517048e+02
2.419699726500921315e+02
2.416909201019897466e+02
2.419823067984177385e+02
2.418413644870635437e+02
2.419094577144099105e+02
2.414335464286580191e+02
2.417565724312848943e+02
2.417819516331578882e+02
2.418769888241961041e+02
2.414902094281376606e+02
2.415523718798482662e+02
2.418889631618056910e+02
2.421173405381167356e+02
2.417875585140661769e+02
2.418576220898837903e+02
2.416030228985967199e+02
2.413469269042236931e+02
2.418971460068735269e+02
2.420265249178173690e+02
2.416566319817667363e+02
2.414756222904544529e+02
2.413431398707743938e+02
2.417760847424931683e+02
2.415604882370560347e+02
2.414470713712071017e+02
2.409424874247681316e+02
2.400667658796259900e+02
2.411493324561629379e+02
2.410286737843461822e+02
2.416091370739621027e+02
2.414089608095603978e+02
2.413039837762366631e+02
2.411017406665003762e+02
2.412362264586511174e+02
2.414514828567209861e+02
2.415830049949133524e+02
2.413190139039352289e+02
2.415243880152186478e+02
2.416608513212647722e+02
2.416303753920020938e+02
2.409935344307588139e+02
2.411790463442638384e+02
2.414662711192118252e+02
2.412168875274838911e+02
2.410368790671309114e+02
2.403272440800363654e+02
2.410292282182182646e+02
2.411894930649757498e+02
2.410561431987083267e+02
2.408724049448760525e+02
2.408168019710374494e+02
2.412280206327937151e+02
2.409328778189834566e+02
2.411522389351436004e+02
2.405783333725983084e+02
2.407907476411683376e+02
2.406986256312211196e+02
2.405421774697628337e+02
2.408754670377786908e+02
2.410516210008418341e+02
2.408466529309569353e+02
2.412945338196457215e+02
2.410177277424058104e+02
2.409629961103982794e+02
2.408854651603918455e+02
2.410313841563316544e+02
2.412526609025167943e+02
2.409088727914828780e+02
2.412091447573610310e+02
2.412847822368784989e+02
2.410045386813294215e+02
2.411457473954409352e+02
2.409421333180440570e+02
2.411555049692751993e+02
2.409682437352824707e+02
2.412191784784979802e+02
2.411567973932616269e+02
2.409900243495292216e+02
2.410145533313693420e+02
2.412787504092887900e+02
2.412367423615534960e+02
2.412127093363560562e+02
2.412588904578571771e+02
2.409542191774162632e+02
2.408054601402962760e+02
2.406736057103756821e+02
2.411213790007037971e+02
2.412702307060788200e+02
2.410240016171566424e+02
2.410864165975268918e+02
2.414798025600111941e+02
2.411338959872265093e+02
2.403644152794889806e+02
2.407161398969261654e+02
2.405824546500260510e+02
2.405937629888047411e+02
2.407315821669099023e+02
2.407672428031114293e+02
2.406697389768965820e+02
2.407188713626748040e+02
2.405260743501394529e+02
2.406365745918711525e+02
2.411074268678342207e+02
2.404565091078993930e+02
2.404897000404629637e+02
2.393729534477479319e+02
2.387807342047671000e+02
2.393702000459039994e+02
2.400437398748772466e+02
2.395325026285711658e+02
2.395467197547884552e+02
2.397867305221291190e+02
2.398849432757670854e+02
2.401450601040043864e+02
2.397508926588508018e+02
2.397447491104208837e+02
2.396206993828954239e+02
2.392502840288097161e+02
2.396044326225010934e+02
2.393823775635229083e+02
2.390870217373348794e+02
2.394525902515184441e+02
2.393242871293859935e+02
2.395342527371407186e+02
2.389331375323627356e+02
2.387431162799917104e+02
2.391841545971004734e+02
2.393140222149463909e+02
2.390875999961416767e+02
2.394217974431654454e+02
2.396686122963219248e+02
2.395458169584375412e+02
2.395923284640527697e+02
2.387588972694746019e+02
2.380565438322773559e+02
2.382768781531960940e+02
2.384453756377277216e+02
2.387989052538895010e+02
2.393952750008410533e+02
2.390563805712540670e+02
2.393930232299823047e+02
2.394180486212960375e+02
2.393215468570697624e+02
2.396721136982878591e+02
2.392465553516441616e+02
2.395384345475442842e+02
2.393615635311469703e+02
2.391367848718942071e+02
2.396418724111166796e+02
2.392587525734256531e+02
2.392024947383690687e+02
2.394571451299254647e+02
2.390213698573965360e+02
2.393904940551232414e+02
2.392173431555674199e+02
2.397197094998330442e+02
2.393078635767985816e+02
