9.753355706347637977e+01
9.777419730809543807e+01
9.811082870566151826e+01
9.724340980099204046e+01
9.782615189100549458e+01
9.720798438557356747e+01
9.714781989389234695e+01
9.705164783848896093e+01
9.750443777123616940e+01
9.762736550883248299e+01
9.769736344800149652e+01
9.757590316339548053e+01
9.776870434333839910e+01
9.779271301336744671e+01
9.757898117491133405e+01
9.683428146498543754e+01
9.777235005046470917e+01
9.766416113494308604e+01
9.744635927038977741e+01
9.713324556999702963e+01
9.721714983620087480e+01
9.752871486047503424e+01
9.734714810129429452e+01
9.801163464946932891e+01
9.780547850216652250e+01
9.772353174228389605e+01
9.768983362344879140e+01
9.771863825578793694e+01
9.817198184846675701e+01
9.724564697573545402e+01
9.751699316031165665e+01
9.802512987407341427e+01
9.802895504467693399e+01
9.890250442669726283e+01
1.001345623311548820e+02
9.835289948112064451e+01
9.777797497631354418e+01
9.761054897130453867e+01
9.786759179315636459e+01
9.776984638760563939e+01
9.826271348797335747e+01
9.786126577926374637e+01
9.790201725153231394e+01
9.771890245449968404e+01
9.788921630267161333e+01
9.739825636587663382e+01
9.790928363294797521e+01
9.844660811297234204e+01
9.842971937366591817e+01
9.752496081626374291e+01
9.789954938940793738e+01
9.799844226475566700e+01
9.864643962945491751e+01
9.922134064100502826e+01
9.825947296479846216e+01
9.785465775662760279e+01
9.808824030299702201e+01
9.861422211745026800e+01
9.822133580747085091e+01
9.776509573152577559e+01
9.804447918686526009e+01
9.799896108878233747e+01
9.899030197729608460e+01
9.894152528860740858e+01
9.917286277821818885e+01
9.853573736591458498e+01
9.860464365768486061e+01
9.826956914212466643e+01
9.758817390482630572e+01
9.820303992255956871e+01
9.824181060289681966e+01
9.819721820463841766e+01
9.798132041566212536e+01
9.815757318011868904e+01
9.820261694854052337e+01
9.807521892623385895e+01
9.794288831948334462e+01
9.845145057481259698e+01
9.793430404873298301e+01
9.869338145637770765e+01
9.813036347514163538e+01
9.770689010352553794e+01
9.812620676637702388e+01
9.794430974225780062e+01
9.804563274662739047e+01
9.843135174915983043e+01
9.796330381885250915e+01
9.805552334192331898e+01
9.799334509027823970e+01
9.813120713057740829e+01
9.815060948472422808e+01
9.875274152700283992e+01
9.836515623001172060e+01
9.839705359102593718e+01
9.810376741971577985e+01
9.806904741470809483e+01
9.806765223461997039e+01
9.819246733362435009e+01
9.796801086499696964e+01
9.877269119406081188e+01
9.876601030389537073e+01
9.823866584498431109e+01
9.890640047444018990e+01
9.834044225163295039e+01
9.854204938178797590e+01
9.900626032552899858e+01
9.872387566764938072e+01
9.899494553638642458e+01
9.903631939934940931e+01
9.848989749727429910e+01
9.902614007767205351e+01
9.873243326954379029e+01
9.910008041360627828e+01
1.017035267975502251e+02
1.007956063766544048e+02
9.955591477466815320e+01
1.000347432743649136e+02
9.960889232126355353e+01
9.972844729324503987e+01
9.945789493852043961e+01
9.910670608055339414e+01
9.961611390454550019e+01
9.978405315267904996e+01
9.955200554247291223e+01
1.002501514223761063e+02
9.966308762888724004e+01
9.987900231440316645e+01
1.000104166907281780e+02
9.982505541388144366e+01
9.968190000401288842e+01
9.988382336301718567e+01
1.000558771274599508e+02
1.002803267367776670e+02
1.007650687568198578e+02
9.948773849660756241e+01
9.965468652948062811e+01
9.994673172554507801e+01
9.938649821059375711e+01
9.973438321655355310e+01
9.945037960992569026e+01
9.983303634216377986e+01
1.012537332617908987e+02
1.021532245146668600e+02
1.015193708892807223e+02
1.004255596824830832e+02
9.917172167790209869e+01
9.962993758021174528e+01
9.962265720689673287e+01
9.941894656261513319e+01
9.919775292429996227e+01
9.950072175292986287e+01
9.989543069002240827e+01
9.939298664670404548e+01
9.913601758719563861e+01
9.943588993550140742e+01
9.936896400070719437e+01
9.932079959501449196e+01
9.926784018076629934e+01
9.906144771104912650e+01
9.973338203023637050e+01
9.897630056497655460e+01
9.929852920722406395e+01
9.880899184298505133e+01
9.953200625620013398e+01
9.979140794894755118e+01
