2.337524594882970348e+02
2.342887920552068408e+02
2.349003236560342884e+02
2.353442394964030200e+02
2.357612420216560452e+02
2.360199571421070743e+02
2.359252691393309362e+02
2.363905147405860419e+02
2.363254947983047884e+02
2.362524371767474634e+02
2.368886278165090573e+02
2.365650726790453291e+02
2.372574047913162758e+02
2.369232251018736690e+02
2.366090512630591718e+02
2.376509678110261632e+02
2.372324633338411957e+02
2.364991503446257468e+02
2.376538402749279442e+02
2.372650232376623762e+02
2.372095584014007557e+02
2.373114296433749644e+02
2.372687824831365049e+02
2.371387785398966344e+02
2.373497878684953548e+02
2.377146652960939548e+02
2.374927375696495631e+02
2.376486445018005327e+02
2.379052904012966962e+02
2.372826616161950994e+02
2.376328268931713410e+02
2.379618042660511890e+02
2.373274456827831784e+02
2.378560609734833804e+02
2.380051557731224250e+02
2.377549370129903537e+02
2.380863287488158448e+02
2.375843191951801145e+02
2.376969247187228973e+02
2.380213606668066859e+02
2.378689333564850870e+02
2.375784698424943144e+02
2.381908200387373711e+02
2.378660931080274565e+02
2.380500106451002011e+02
2.376033058204060069e+02
2.379343689522828527e+02
2.378754631997569504e+02
2.378621112480255988e+02
2.375014363155911781e+02
2.377621801087135509e+02
2.383866881932905528e+02
2.379871310257272228e+02
2.376947008630712901e+02
2.381007749831141211e+02
2.378806277921684398e+02
2.383777249729687355e+02
2.384867169250638881e+02
2.378703970725461261e+02
2.381684088214154826e+02
2.380733699521022402e+02
2.382302400184937881e+02
2.376726394220637530e+02
2.382458939204252601e+02
2.383189832589687001e+02
2.382620055923131304e+02
2.381002184673199054e+02
2.381598247858463822e+02
2.381828601938845225e+02
2.377535081324762132e+02
2.384921628643998019e+02
2.379872326436378955e+02
2.377861522959647971e+02
2.383007060729419209e+02
2.385300554344328532e+02
2.379778178110027795e+02
2.387083520726986308e+02
2.385380149053880530e+02
2.379521625820900965e+02
2.383432296140188953e+02
2.383913316291913418e+02
2.380845436547956524e+02
2.385675161265182851e+02
2.383234199043021420e+02
2.381132735647304060e+02
2.382807893664428320e+02
2.389379890272166165e+02
2.384387815049210815e+02
2.379524726154420193e+02
2.386792938619439610e+02
2.381518179686117662e+02
2.386139339483788717e+02
2.385290795369204488e+02
2.387055305974733983e+02
2.384773317608305945e+02
2.387617272148186487e+02
2.389808843974008425e+02
2.383437526441601619e+02
2.386699011943706239e+02
2.384396232249285674e+02
2.385574253720313891e+02
2.386403440872874171e+02
2.387431517825762057e+02
2.384673656167436775e+02
2.389384134208064268e+02
2.389032538192447248e+02
2.385019770697527122e+02
2.384303590943621884e+02
2.389844932613785033e+02
2.387230190319072847e+02
2.384353130681658683e+02
2.385946974449852576e+02
2.387995350770707716e+02
2.383684599499454464e+02
2.386304659243299966e+02
2.386519728253643962e+02
2.387412630180305939e+02
2.393039802519914190e+02
2.386832500593153554e+02
2.381426851403952298e+02
2.387285795060089413e+02
2.384701469073843043e+02
2.389388668260136512e+02
2.386124716675282116e+02
2.386264519387914049e+02
2.391121712361141363e+02
2.388727935361703203e+02
2.389000228731324569e+02
2.386819750710928645e+02
2.387064652125210671e+02
2.385975979641676474e+02
2.387923734518064975e+02
2.387850609439400671e+02
2.387459465796094662e+02
2.392525321220230978e+02
2.386752425631322865e+02
2.386884290513521876e+02
2.391784198095769796e+02
2.391296232307342677e+02
2.385764861335518390e+02
2.387960614742110295e+02
2.386917440921671414e+02
2.388396123637040773e+02
2.387963325527580309e+02
2.388025903911695025e+02
2.390140979591980397e+02
2.384786494658014533e+02
2.387498736339906316e+02
2.390718835188605738e+02
2.386215908261173126e+02
2.392435497787864733e+02
