2.395922180832435799e+02
2.396263067163826008e+02
2.394491649407830209e+02
2.397851338799865459e+02
2.397281934149705194e+02
2.398703259257017919e+02
2.400113502292657301e+02
2.398569613423718181e+02
2.401407997330241244e+02
2.398380480449596917e+02
2.399768571571862878e+02
2.398810061429506959e+02
2.395922020487491011e+02
2.398649769111411842e+02
2.395434844709990330e+02
2.396513117184118471e+02
2.400078373904445925e+02
2.401079583531233084e+02
2.399617261880545129e+02
2.396940812156143181e+02
2.401045283408073203e+02
2.400398888070494650e+02
2.401021985535410579e+02
2.398169172848247683e+02
2.397340250429749631e+02
2.396554805507155663e+02
2.399086177811344669e+02
2.397335669514178562e+02
2.400730380871073066e+02
2.399059872460734084e+02
2.400894076255001153e+02
2.402683730573025684e+02
2.400675233665104713e+02
2.399045456677387165e+02
2.389648664000104361e+02
2.393301019388665907e+02
2.394967984664855294e+02
2.394792598573057774e+02
2.395244709884316023e+02
2.398297613403462663e+02
2.398974942553626022e+02
2.394136854572404616e+02
2.396392942480812565e+02
2.399202705779753444e+02
2.399967074178448456e+02
2.399753379177824115e+02
2.398268533787097283e+02
2.399120486167750244e+02
2.399206349520983110e+02
2.400298537953671030e+02
2.397275492057185318e+02
2.401474159679084721e+02
2.398939810693425159e+02
2.392931256405726970e+02
2.397078245869802515e+02
2.399537910964996001e+02
2.396883159072155820e+02
2.397373816485677480e+02
2.401907466569138307e+02
2.398353514449784996e+02
2.394087048830692765e+02
2.395042141257310107e+02
2.394323148690483549e+02
2.393046705617303189e+02
2.396982221350444888e+02
2.397971627060741469e+02
2.395771725500924276e+02
2.399525976772489457e+02
2.401778657570701228e+02
2.400252295257862727e+02
2.397498242887005233e+02
2.397753875791252938e+02
2.394927489770378770e+02
2.396526943110349350e+02
2.396090968856683787e+02
2.394724818622688645e+02
2.398493385486392242e+02
2.396638563147734828e+02
2.397130890823774223e+02
2.395366154963099632e+02
2.399032910476682900e+02
2.400599614927208734e+02
2.399812547221567058e+02
2.395320753738317592e+02
2.400184830800901352e+02
2.398651074082224568e+02
2.398194674202040630e+02
2.398745532183928901e+02
2.396467807975590176e+02
2.399372279047454413e+02
2.398419188352547451e+02
2.396150606976863457e+02
2.395764789266166872e+02
2.396700021686315552e+02
2.397709624029284612e+02
2.396529393215352854e+02
2.397250443164918750e+02
2.397017772065318297e+02
2.396658813172947191e+02
2.399622202395417787e+02
2.399998082441767338e+02
2.397233838419421375e+02
2.399509310902365087e+02
2.397060942900938016e+02
2.396373450329813579e+02
2.399851647798201668e+02
2.399571128823351671e+02
2.395598675706041547e+02
2.398421109217983940e+02
2.397164000547890339e+02
2.397907240651311440e+02
2.395409000539084445e+02
2.395000808254650622e+02
2.394399978560483930e+02
2.390155947746190748e+02
2.392297165451298326e+02
2.394753650052543605e+02
2.391533285467014309e+02
2.387335398771746213e+02
2.388074484365518231e+02
2.392654334209327942e+02
2.389802001420509896e+02
2.393476745755573631e+02
2.392476929486520021e+02
2.392004965796999159e+02
2.388649127274087789e+02
2.387821382235301542e+02
2.393228545203226929e+02
2.396027906209438925e+02
2.391734784148559072e+02
2.390976215184291505e+02
2.391440963528486918e+02
2.391242448610522899e+02
2.385413921275661835e+02
2.388057662570679724e+02
2.389793122542729691e+02
2.391635751662388429e+02
2.391677644651734624e+02
2.391593007890528213e+02
2.394483021418982673e+02
2.396945950933358347e+02
2.389346463063072576e+02
2.381566920138810417e+02
2.385962502999781520e+02
2.391773566005095120e+02
2.391827206328033242e+02
2.392270631820739766e+02
2.390508654658054866e+02
2.392595133603808506e+02
2.392858087224318240e+02
2.397215070863816209e+02
2.399069168579128473e+02
2.393675334806671628e+02
2.396036235871952158e+02
2.397761941295819668e+02
2.397076724530973024e+02
2.397988015405703948e+02
2.394801229807820562e+02
2.397418035370118332e+02
2.399895759949513092e+02
2.397651759800191940e+02
2.400654478371012885e+02
2.401922728961046687e+02
2.400106830829081446e+02
2.397972286538604578e+02
