1.001565464041022011e+02
1.004247429653710810e+02
1.001286827915205322e+02
1.003794379058061281e+02
9.995968423906201394e+01
1.002202306368369591e+02
9.995185735205780020e+01
9.953161024253428479e+01
1.000641737194446250e+02
1.000463418211717368e+02
1.002580817413274872e+02
1.006192642360533540e+02
1.006244989366023646e+02
1.002634715664828633e+02
1.005605220492568606e+02
9.969343016215263731e+01
9.979328350338251141e+01
1.001178364876411564e+02
1.002206604728583130e+02
9.971391037001365021e+01
9.969094428847249389e+01
1.000226661595760476e+02
9.997159502854526636e+01
1.003596628955972818e+02
1.003684950358019563e+02
9.995220522109552519e+01
1.002957664002579321e+02
9.983223960589047863e+01
9.998383961376576679e+01
9.993416362031524613e+01
9.953314884560836617e+01
1.000006288424094549e+02
9.966881529510470727e+01
1.006333091961423776e+02
1.027782549101488456e+02
1.010033561884705335e+02
1.007221411741003720e+02
1.001965804688724546e+02
1.001800214875260622e+02
9.991711799880556555e+01
1.002646849719453002e+02
1.006167046995862933e+02
1.000540843681844763e+02
9.994518004416636359e+01
1.000550557778940544e+02
9.999197491469475096e+01
1.001019888970100169e+02
9.994432819398508627e+01
9.965489257496538755e+01
9.997795329421317945e+01
1.000993239227283453e+02
9.939527448816023991e+01
1.005444562503314501e+02
1.010822950488407201e+02
1.004706509625547852e+02
1.001509446737859577e+02
1.003060501374759497e+02
9.986426274994460073e+01
1.005881250081785510e+02
1.004920527166220978e+02
1.005170726034927924e+02
1.000893063206012386e+02
1.007548702516382519e+02
1.009229066618531334e+02
1.004096448218323161e+02
1.001669468609966316e+02
1.004293853558732366e+02
9.995583645529448802e+01
9.978005377791482999e+01
1.000409602796659243e+02
1.003547155376430311e+02
1.004802722815795022e+02
1.004150722981425048e+02
1.003763438457992834e+02
1.006029614310337053e+02
1.001147358440951081e+02
1.004344781004317468e+02
1.004375365727962048e+02
1.003833413480981420e+02
1.006036026878314971e+02
9.955481497823048187e+01
1.002848117036617595e+02
9.991861449251605620e+01
1.004380154723380514e+02
9.966333287961440135e+01
1.001650258613630626e+02
9.983266090995753927e+01
9.996389043505649852e+01
1.006033777946488499e+02
1.000237227628354475e+02
1.002329115653434997e+02
1.006146856323617982e+02
1.004844528314609278e+02
1.003446914680093300e+02
1.003051060571938109e+02
1.004711094610840973e+02
1.001039144865905541e+02
1.005262354531684537e+02
1.000773962906237529e+02
1.000460866217104723e+02
1.001663178920570516e+02
9.999892611402113118e+01
1.002585112203595799e+02
1.000026731303700700e+02
1.000370384686750640e+02
9.975311120021576983e+01
1.004288344393081189e+02
1.004568223744683451e+02
9.991671808061416016e+01
1.004210919757968128e+02
1.002973530590335400e+02
1.002686298947978827e+02
1.003145611295159370e+02
1.022220437110838844e+02
1.014250338917237713e+02
1.012356646140876393e+02
1.005781701389119576e+02
1.013442694358645184e+02
1.013816787416489547e+02
1.006995247069628050e+02
1.008935711812559504e+02
1.011285811605047797e+02
1.004137639485436040e+02
1.007177510877832418e+02
1.010059143665622088e+02
1.012427835428703276e+02
1.007253874116261585e+02
9.993686264539257991e+01
1.004571553281011234e+02
1.009802919311268283e+02
1.004668284753829681e+02
1.000236742606161471e+02
1.008231086240559762e+02
1.015361691155582662e+02
1.010912136105650490e+02
1.002865383686751244e+02
1.003821390412540495e+02
1.003278074660439074e+02
1.000047671572572909e+02
1.001551659427781260e+02
9.999814943255900346e+01
1.013124965223145750e+02
1.028195952610314094e+02
1.013365469900380020e+02
1.004225508906619524e+02
1.001136933219893450e+02
1.002589039009958043e+02
1.001234158207583249e+02
9.996078511374527409e+01
9.960588133663195265e+01
9.941054479133612176e+01
9.980498599954627537e+01
1.000752625506157756e+02
9.931279646472131617e+01
9.917541267110421188e+01
9.947633749356013766e+01
9.961482435245272882e+01
9.956986456578738398e+01
9.909783972802968322e+01
9.896926221701902193e+01
9.939620605078903282e+01
9.933325752452124391e+01
9.897103521107167978e+01
9.937004552926862289e+01
9.934375819404287711e+01
