2.862909562791666076e+02
2.863392464366132231e+02
2.863431859305703142e+02
2.863907913859208065e+02
2.864651923944753662e+02
2.865433273330352790e+02
2.865439670003804054e+02
2.866384045671744047e+02
2.865976342358398483e+02
2.865034478995164022e+02
2.865674533110710058e+02
2.865624840369471826e+02
2.864449951061812385e+02
2.866001660989189190e+02
2.864626672054691312e+02
2.865412095474934517e+02
2.866306503711930986e+02
2.867511681318472370e+02
2.865345334071059256e+02
2.864570514012525564e+02
2.866933251644248344e+02
2.866525533660087035e+02
2.866131729179933814e+02
2.865980797345528117e+02
2.865377339220739827e+02
2.865139398822447561e+02
2.865112181607306638e+02
2.865342870166719536e+02
2.866660381716275765e+02
2.866077476895044356e+02
2.867794071265069533e+02
2.868018687604626962e+02
2.867143866808700068e+02
2.868008096844139914e+02
2.865773463566185910e+02
2.864793133892104038e+02
2.864753686821504743e+02
2.864447668621048706e+02
2.864409085388317635e+02
2.866316756717240537e+02
2.866473846984690113e+02
2.865233000276485882e+02
2.865444927124396486e+02
2.866759902498342854e+02
2.866974759952370846e+02
2.866642275190254168e+02
2.865997912215551082e+02
2.866759933865387779e+02
2.867642294015227549e+02
2.867623975635298734e+02
2.867441090173953739e+02
2.868531734068077981e+02
2.867418369037043249e+02
2.865741803866374653e+02
2.867396094752652971e+02
2.867656981272162966e+02
2.866763630922676498e+02
2.868189656240826366e+02
2.868888284308081325e+02
2.866219903542734642e+02
2.864567038965079178e+02
2.865516746339738461e+02
2.865811319104097379e+02
2.866139088742692707e+02
2.867096030085947405e+02
2.867452498203593336e+02
2.866948943085188262e+02
2.867834426029152723e+02
2.869093669532270496e+02
2.868751391803795627e+02
2.867637248181698055e+02
2.867152368868706276e+02
2.866904970044347465e+02
2.867310986603893639e+02
2.866664414143377257e+02
2.866799069043508439e+02
2.868061674833326720e+02
2.867046559277010260e+02
2.866897246812544040e+02
2.866891622878009116e+02
2.868900879280768095e+02
2.868345276146852143e+02
2.868423558980641133e+02
2.867223653168666146e+02
2.868671745332546834e+02
2.867749107799212993e+02
2.868350017189907248e+02
2.868246620319065983e+02
2.867779661071688793e+02
2.868676765024052884e+02
2.868209094912758133e+02
2.867725411178176387e+02
2.867773810652244038e+02
2.868213065059084670e+02
2.868679022392996671e+02
2.867281184058081749e+02
2.868858122852174120e+02
2.868144879075434233e+02
2.867719168924254518e+02
2.869734204079899769e+02
2.870016644825921048e+02
2.869317556308354824e+02
2.869680794638186967e+02
2.868980001043639163e+02
2.868547624474269355e+02
2.870367528605596590e+02
2.869503165619153719e+02
2.868275773887012861e+02
2.869233467727403308e+02
2.869984636352709799e+02
2.868998512453171088e+02
2.869408789432837352e+02
2.869503453325784790e+02
2.870493343550292593e+02
2.867571273302006034e+02
2.867666498136359223e+02
2.868494755827343283e+02
2.866860664228013889e+02
2.865201412772225922e+02
2.865416939342144360e+02
2.868162698269225075e+02
2.868163574231452344e+02
2.869078711933315731e+02
2.869935395564564828e+02
2.869684613765155063e+02
2.867467507926114649e+02
2.868093293813561218e+02
2.869994855557436608e+02
2.871751016131274241e+02
2.869175259023916169e+02
2.869217174262805656e+02
2.870239415719201475e+02
2.870730480444011619e+02
2.868767679831259443e+02
2.870288316346449733e+02
2.871853594720795968e+02
2.871519406348265306e+02
2.871419547901362535e+02
2.872623008265826456e+02
2.874363686718199915e+02
2.875126316582872619e+02
2.873049614464505339e+02
2.871652560170244328e+02
2.872864394007888222e+02
2.874161530006898033e+02
2.874002011752788235e+02
2.873965087428792344e+02
2.874068322296919291e+02
2.874598722806630917e+02
2.876157320554699481e+02
2.878391975033879930e+02
2.879163018522453399e+02
2.877039605371038533e+02
2.876933850449877923e+02
2.877882213720518507e+02
2.878120416459310604e+02
2.877714462599731746e+02
2.877821964123954217e+02
2.879586136673238457e+02
2.881722843228071156e+02
2.880289129498005991e+02
2.881360417313599669e+02
2.881764157847049432e+02
2.881747267496074301e+02
2.880866763095323790e+02
