2.377798910816079569e+02
2.381372254214426221e+02
2.380745501663436698e+02
2.377886956883972971e+02
2.378246286074663374e+02
2.378408923491518010e+02
2.379054109372869732e+02
2.380463213162922784e+02
2.378905916904620881e+02
2.378789129486608260e+02
2.381165425021659985e+02
2.380205961553757277e+02
2.378094058812843912e+02
2.374783759222227673e+02
2.381092222900732907e+02
2.381009127578164168e+02
2.375825434424114917e+02
2.377040251107817994e+02
2.377803334262265480e+02
2.379577562398937971e+02
2.382102785540022296e+02
2.378800741521804696e+02
2.380315390815390231e+02
2.378098782513528704e+02
2.377460620631702852e+02
2.377783852452967892e+02
2.380755182606445715e+02
2.377955879898468936e+02
2.379056326802980266e+02
2.377966395221183120e+02
2.379157407677585354e+02
2.380272318628960022e+02
2.378926045479231846e+02
2.372661262332989054e+02
2.370343780216042262e+02
2.375566961288269283e+02
2.377276344104611780e+02
2.377683508638785952e+02
2.377535007945492396e+02
2.378356875343930881e+02
2.377505683565650543e+02
2.375765492932137306e+02
2.379258110864651314e+02
2.380289266222837057e+02
2.380555126825201171e+02
2.380322573295024142e+02
2.381014678594955569e+02
2.382771931765055058e+02
2.377941936946868111e+02
2.376080502174298772e+02
2.378830877790027500e+02
2.377326531071906572e+02
2.377548960282677228e+02
2.375162866910224295e+02
2.377323445901909906e+02
2.377609473924516976e+02
2.375960568065041798e+02
2.378314426611269710e+02
2.380357754683409723e+02
2.381103343765438751e+02
2.381511003736134455e+02
2.380267458175860895e+02
2.376213591503526175e+02
2.375434081414544210e+02
2.372673699224246491e+02
2.374432434580392055e+02
2.376432301131431757e+02
2.380121538477169452e+02
2.379788241587438904e+02
2.381402929819329017e+02
2.380897414736860753e+02
2.377771448309747200e+02
2.378251701312046009e+02
2.380194525951522166e+02
2.377191490934322644e+02
2.381301652373354898e+02
2.380964408258801370e+02
2.379914793892152431e+02
2.381561694059039382e+02
2.377277577341143058e+02
2.381062970062001511e+02
2.380842993671016075e+02
2.377663027203074080e+02
2.376802455909537173e+02
2.381581306562894440e+02
2.381040744142384540e+02
2.380654860327799724e+02
2.385220618396648149e+02
2.383555759068055124e+02
2.384213036059186379e+02
2.382210912256281006e+02
2.378230973595998705e+02
2.380154939020832501e+02
2.382349756249091115e+02
2.379536459991356594e+02
2.379265187573476226e+02
2.380927730315951010e+02
2.383263501779938736e+02
2.383336504527039779e+02
2.379186559019789229e+02
2.380411606123897172e+02
2.380523242108554030e+02
2.382467983834432061e+02
2.377210704926083338e+02
2.377358259204902708e+02
2.380591369052706341e+02
2.380944243952517070e+02
2.381481083820558524e+02
2.383817464248819249e+02
2.379221589955498075e+02
2.380118286587513694e+02
2.380381098972148948e+02
2.377318942957592753e+02
2.375337709966155160e+02
2.371412450017727451e+02
2.374600802771019517e+02
2.375217653715374979e+02
2.375537912410730144e+02
2.375620637086951774e+02
2.377172047449955983e+02
2.378616647733938407e+02
2.376023371435570937e+02
2.375607071808142052e+02
2.376093905711200307e+02
2.374214924716867188e+02
2.373879852263813746e+02
2.373001951529039388e+02
2.372440286584219393e+02
2.370798253812805285e+02
2.373303556259686218e+02
2.373004655371075842e+02
2.371683610882716948e+02
2.374055538929882232e+02
2.367950892056850591e+02
2.369660346407534632e+02
2.370052970534407848e+02
2.370931064642952890e+02
2.372453965806988663e+02
2.375120989857827283e+02
2.375091192613483884e+02
2.374075781938407772e+02
2.373163954155238571e+02
2.366832119103660546e+02
2.367837621186464219e+02
2.370511877153640796e+02
2.371273919988988155e+02
2.371484172367563303e+02
2.374708468892320354e+02
2.376878780330474967e+02
2.374718379939055239e+02
2.374791745658873197e+02
2.373577586608730599e+02
2.373885033869883046e+02
2.375683783750410214e+02
2.377301636822616047e+02
2.376650633009102478e+02
2.376584527326812974e+02
2.376607962258330247e+02
2.377762063331535103e+02
2.374999779068996304e+02
2.376780304560317063e+02
2.376663888270906284e+02
2.374466896071101303e+02
2.374590285041257687e+02
2.377131800155710835e+02
