1.026762847255381104e+02
1.027590356405389542e+02
1.032986175271670390e+02
1.029414565351243169e+02
1.027887021199390318e+02
1.034744261236505736e+02
1.025372219273905756e+02
1.033079883686432936e+02
1.028571656220286314e+02
1.031186723646120385e+02
1.026106155016393018e+02
1.034661476721501572e+02
1.035188291416446447e+02
1.031123279349758235e+02
1.026159081793611136e+02
1.035916045547876223e+02
1.035452665780716188e+02
1.025714625471396602e+02
1.030210274523498128e+02
1.030037499445404734e+02
1.029228091234513869e+02
1.032258529703792505e+02
1.030475697487996882e+02
1.032072231222214072e+02
1.029959171177383723e+02
1.028112610817120185e+02
1.031055073068879011e+02
1.024532099702871051e+02
1.030361217585485889e+02
1.034723463585265932e+02
1.028491592095968485e+02
1.029167367892142835e+02
1.032981616674368723e+02
1.039114342521095722e+02
1.044846542361640900e+02
1.030569241082928897e+02
1.033244805867393410e+02
1.028423465600767628e+02
1.030271869855386768e+02
1.024342792201171051e+02
1.035796645223657748e+02
1.030583061023757665e+02
1.026529558304114857e+02
1.027749886568160491e+02
1.023585148307962385e+02
1.026434858095681903e+02
1.024632669469346524e+02
1.029732440688295156e+02
1.033490175442105254e+02
1.027279616311329420e+02
1.027976221826135514e+02
1.029000893344834680e+02
1.029208451615746611e+02
1.042087454912910829e+02
1.030688872959238864e+02
1.033357171406963033e+02
1.030827220397677166e+02
1.026303851039211423e+02
1.026672765966721954e+02
1.024797941634385978e+02
1.030402155645094382e+02
1.026591379854451560e+02
1.035552023892061442e+02
1.040866189326546163e+02
1.039036130952962935e+02
1.035012251019672931e+02
1.028169203615968286e+02
1.025676760240913836e+02
1.031233824581243397e+02
1.028734857576317410e+02
1.026780941493343988e+02
1.022838631536356360e+02
1.027140879302605754e+02
1.029051185877194854e+02
1.028223188787996492e+02
1.025791273283427500e+02
1.028111177852117066e+02
1.025367753391173977e+02
1.029132829587505995e+02
1.028744439303995506e+02
1.027775993658871556e+02
1.029125697921656979e+02
1.029369419176196772e+02
1.025497514084370181e+02
1.023869191774909950e+02
1.028805830462384989e+02
1.025292472642455124e+02
1.024202209674143091e+02
1.026049027690601179e+02
1.024000358649842610e+02
1.029978210306255733e+02
1.026889639155962186e+02
1.027633217785920721e+02
1.029994693710808207e+02
1.027691558017508413e+02
1.027551900096291462e+02
1.024311626584045030e+02
1.024754077329129132e+02
1.028836008974532064e+02
1.029094817659262588e+02
1.027269019334685254e+02
1.032092949258815935e+02
1.032176663782746573e+02
1.034099172862044043e+02
1.021213357919912283e+02
1.028031767007037018e+02
1.027217811166168389e+02
1.029526743716478450e+02
1.029820949646464214e+02
1.027681820411269911e+02
1.030935727186763557e+02
1.030702840348309479e+02
1.030321217527861819e+02
1.043226657089709732e+02
1.039288463031140992e+02
1.034324290713128676e+02
1.031366147139945753e+02
1.034259335308330350e+02
1.032112950888847536e+02
1.031956147998587312e+02
1.031559021015453368e+02
1.034480007861635187e+02
1.035681118805192256e+02
1.030408989596529779e+02
1.032867988864776265e+02
1.034069029830709496e+02
1.037746009109055763e+02
1.034167804796727097e+02
1.035158049478411755e+02
1.035218492580829519e+02
1.034014693885510354e+02
1.031304876359262011e+02
1.036825189901272637e+02
1.040030882709898066e+02
1.034235686506758185e+02
1.033525956154078926e+02
1.029082934063012544e+02
1.033855718104589272e+02
1.026373824541357607e+02
1.032300557862093484e+02
1.029057796623132504e+02
1.038036392520412363e+02
1.049917007626785335e+02
1.044298383385688709e+02
1.034557362498296698e+02
1.031392230034611543e+02
1.023242419275704407e+02
1.026181838951908958e+02
1.028648877192621853e+02
1.029486364770377378e+02
1.034526335497199199e+02
1.025041198439542569e+02
1.029864375127726817e+02
1.024091980089400522e+02
1.029095272309738220e+02
1.025756486870919701e+02
1.023398456600221351e+02
1.029036051283800219e+02
1.024376583210260634e+02
1.025317165631956300e+02
1.025380195800958489e+02
1.025795374288834836e+02
1.026900623006580417e+02
1.025403269093998802e+02
1.019274211728821484e+02
