2.858839334584450285e+02
2.860294084707177262e+02
2.859592984682115571e+02
2.857898680389349124e+02
2.859680516738240499e+02
2.859614092209854448e+02
2.858263753925781998e+02
2.858890601490845143e+02
2.858207593483049891e+02
2.859624633956631783e+02
2.860180260862626369e+02
2.858942620486494093e+02
2.857479690464742816e+02
2.856653659605244684e+02
2.861294249222694930e+02
2.861229899766138942e+02
2.857204866650596955e+02
2.857804397939806336e+02
2.859804032516506709e+02
2.860250731746470478e+02
2.859514556858353558e+02
2.858643220395262006e+02
2.859259318251594664e+02
2.857018420544009132e+02
2.858787974288800910e+02
2.859762969536186574e+02
2.859700942452744243e+02
2.858600346967551786e+02
2.861373299257497820e+02
2.858565081423277547e+02
2.859059349008676350e+02
2.860340033998900822e+02
2.858183775064317729e+02
2.857587364152289524e+02
2.856146442321427799e+02
2.858056456307289750e+02
2.858964631270357017e+02
2.859229297780167371e+02
2.858896040769284923e+02
2.860739855889705154e+02
2.859285826608653451e+02
2.858533924629512626e+02
2.860577367004535745e+02
2.860442963318531042e+02
2.860752068566139883e+02
2.861009723412590233e+02
2.860964665385542958e+02
2.862091175789027488e+02
2.858384850619792701e+02
2.858388582181238462e+02
2.860850366319969567e+02
2.859824719182017816e+02
2.860112730601385351e+02
2.858460386400198558e+02
2.859018691467364874e+02
2.860383918277246380e+02
2.859036137788835390e+02
2.860006563400085611e+02
2.860873480389007568e+02
2.861674827123164278e+02
2.861689485614382420e+02
2.861532715094708124e+02
2.861229599349715613e+02
2.859312412252098738e+02
2.857884458415865083e+02
2.857415333942086022e+02
2.859679561675778814e+02
2.861315412427910019e+02
2.862334587735295486e+02
2.861779810431349915e+02
2.860764204875976588e+02
2.861988403648018107e+02
2.861619755212533960e+02
2.861540946209545950e+02
2.860686000047383573e+02
2.862258444781082858e+02
2.862321270523941621e+02
2.862024150512237384e+02
2.862177083951702343e+02
2.860972423144099253e+02
2.863395861745790967e+02
2.861805685946977178e+02
2.860642506336213842e+02
2.860828292197406313e+02
2.863082982406447172e+02
2.862325774169585770e+02
2.862676464318503236e+02
2.864534679576643725e+02
2.864070500676539837e+02
2.863911227709247100e+02
2.863239871199593267e+02
2.862125011736368378e+02
2.863751245728109893e+02
2.863530186535396638e+02
2.862878298415685663e+02
2.861893850431144983e+02
2.864015613377093814e+02
2.864261116733671315e+02
2.864443607213468681e+02
2.862499155833182272e+02
2.864884436294412922e+02
2.865184866974063311e+02
2.865763801314330976e+02
2.861466591246343683e+02
2.862311176248082347e+02
2.863610300896843910e+02
2.863616988586194907e+02
2.865403723094082693e+02
2.863386149228611544e+02
2.864145890741258427e+02
2.864356388879199926e+02
2.863475380069658627e+02
2.862831033774873504e+02
2.862223750359991072e+02
2.859350183457474941e+02
2.861207520778017965e+02
2.862135780195538359e+02
2.860954541059395524e+02
2.861974441532228752e+02
2.862918999340807318e+02
2.863532738216897542e+02
2.862619267957686020e+02
2.862590807813134006e+02
2.863639811703723126e+02
2.862485898688735233e+02
2.862179385043725688e+02
2.863140037628108416e+02
2.862107273111903964e+02
2.862492483221230373e+02
2.863207960517709694e+02
2.862086677124569292e+02
2.863891558225873268e+02
2.862984554500885679e+02
2.860968975273733008e+02
2.862208998977429815e+02
2.861262638586290450e+02
2.863308581919837366e+02
2.865820633830235806e+02
2.865553020039131411e+02
2.865593947154174543e+02
2.866011979086733277e+02
2.866822405444833635e+02
2.863899833058461013e+02
2.864622116241669687e+02
2.864849440846615494e+02
2.864826199254107451e+02
2.865803928519894157e+02
2.868851326886772313e+02
2.867163844364134206e+02
2.867768470075538403e+02
2.867796414138754812e+02
2.867001964611194467e+02
2.867351728207948440e+02
2.869983434793330730e+02
2.869851479807484793e+02
2.869291811528174208e+02
2.871304159394309750e+02
2.871288229947683135e+02
2.869905435187702665e+02
2.870669746329144232e+02
2.871721823892320913e+02
2.871324556568932849e+02
2.870977705127088484e+02
2.870229282816893033e+02
2.871423894869541300e+02
