1.003178874294193292e+02
9.970175840416379742e+01
1.000068061031883389e+02
1.006978782043149607e+02
1.000867551455216926e+02
9.979060888791899231e+01
1.002130393293951443e+02
9.981499426190600843e+01
9.969691837928951372e+01
9.981920185441099136e+01
9.994001942818742634e+01
1.004101711039767224e+02
1.007257106260056077e+02
9.999435707788585148e+01
1.003586059810049846e+02
9.994414586344113616e+01
9.952327560093954162e+01
9.974123505959916258e+01
1.002943524619348779e+02
1.002385970394843611e+02
9.966282200077687037e+01
9.977662313315528309e+01
9.995911167617249760e+01
1.000173089274833131e+02
9.995142123577080895e+01
9.975973366644721807e+01
9.987534405729623188e+01
9.999688292991056926e+01
9.999619491291916518e+01
1.001683278222421478e+02
1.003154283387159325e+02
1.002168741112515278e+02
9.998505420287381185e+01
1.013831211503397043e+02
1.033458509569455686e+02
1.009359935522106326e+02
1.005449622619667025e+02
1.004032057435594396e+02
9.988804299316596769e+01
1.000269444944779735e+02
9.994474806602205774e+01
1.002573368411144656e+02
1.007063969967274488e+02
9.978069283785936250e+01
9.942543019842490537e+01
9.992841447149329781e+01
9.987410737099293101e+01
9.968495939444470366e+01
9.974189281516648009e+01
9.942667754007835867e+01
9.989175153236129745e+01
1.002136219985040952e+02
1.003990332496486957e+02
1.010679020849532179e+02
1.008352121118218747e+02
1.001521087299771153e+02
9.982194561039587200e+01
1.004331097863299647e+02
1.001491133294319837e+02
1.000516705255580376e+02
1.004262459332891808e+02
1.003784721035074909e+02
1.008346860517666386e+02
1.008352678888660847e+02
1.002959180675521367e+02
1.000475999821088493e+02
1.003633573898230935e+02
9.998133963449906503e+01
1.002632571026794608e+02
9.981928070385175999e+01
9.972165392564886588e+01
9.960789724953217217e+01
1.002209166601697348e+02
1.005171263322197461e+02
1.002487074217840899e+02
9.996520752428050116e+01
1.004688777443473100e+02
1.006164120629949110e+02
9.985986375442222140e+01
1.002982320692630651e+02
9.987035028604167053e+01
1.000719228647636072e+02
1.005049940573209568e+02
9.977171158813257534e+01
1.004053158231382525e+02
1.002245128998369665e+02
1.002195180961235224e+02
9.997072280145208367e+01
1.001120415034630042e+02
9.998151562359628031e+01
1.001943594333451557e+02
9.957638929036021125e+01
1.002068967272476812e+02
1.000455677818715685e+02
1.002035177311424405e+02
1.002169457266753057e+02
9.990188805202649291e+01
1.001423353400001588e+02
1.003837087523408087e+02
1.005665243618121281e+02
9.965221718872243173e+01
9.979076161612870521e+01
9.988359699580348661e+01
1.003246132400970936e+02
9.968234361548191202e+01
1.000620926068735486e+02
1.000669233234410029e+02
1.001302323136497421e+02
1.006754567405949956e+02
1.001610881775046806e+02
1.004548333986295461e+02
1.005668073544739372e+02
1.001908395914442025e+02
1.019180012178787109e+02
1.014781853886294556e+02
1.015221290722453915e+02
1.005757910513109294e+02
1.010405610008743906e+02
1.009057483281966938e+02
1.004810016172140763e+02
1.011297581618716777e+02
1.009182274921134166e+02
1.008224455410863101e+02
1.008450971407228423e+02
1.008628179946543213e+02
1.014114097447622953e+02
1.005690565519311122e+02
1.005855370811822809e+02
1.011166164101678220e+02
1.001927826623895612e+02
1.003780654673238786e+02
1.006097815547840355e+02
1.007880428525585756e+02
1.012729520734072963e+02
1.004642846899783848e+02
1.003607607527467138e+02
1.005339998327269768e+02
1.002404114123908272e+02
1.002679334982086772e+02
1.003419407137861725e+02
1.002186213320932922e+02
1.010867005469816178e+02
1.031988244773803132e+02
1.015936953050396596e+02
1.000568612798267765e+02
1.001137449850343870e+02
9.943215368045558478e+01
1.000657550250708141e+02
9.981277675355578083e+01
9.935542959287987230e+01
9.891054995845270525e+01
9.984989683611075861e+01
9.957330336669558335e+01
9.914708389219963180e+01
9.909317682345293576e+01
9.981446017226924994e+01
9.909080140429587402e+01
9.912481494552734773e+01
9.924474000384127237e+01
9.932040901518627152e+01
9.892957076125037474e+01
9.900251139459216176e+01
9.873720810715535379e+01
9.873410524843778546e+01
9.871985193224567467e+01
