2.399087017013178240e+02
2.397814749897077036e+02
2.394005156390212221e+02
2.395753721524343973e+02
2.399488629947867366e+02
2.395755357301370623e+02
2.397097636761092474e+02
2.397995371319292701e+02
2.395603745059756875e+02
2.400152873683580594e+02
2.403656780101539709e+02
2.399004616646447232e+02
2.395528196804119716e+02
2.394042920551895861e+02
2.394449007912651268e+02
2.397361930731017026e+02
2.397831431447828265e+02
2.395190737797824170e+02
2.393641861206467638e+02
2.393756762589993059e+02
2.396133955649669645e+02
2.399065409143800878e+02
2.400010678149978105e+02
2.397547283345163862e+02
2.396694364877366752e+02
2.397559883505675771e+02
2.397351347718608849e+02
2.399230080827392442e+02
2.395766266409679019e+02
2.397976005170264386e+02
2.396892293846035500e+02
2.398436614800828011e+02
2.397140698273157113e+02
2.392716038291013376e+02
2.385433649284637738e+02
2.391525198292659127e+02
2.390991741068471583e+02
2.394093941736241788e+02
2.393048808902851761e+02
2.396446935595309071e+02
2.394824898932603219e+02
2.394790283837029392e+02
2.397176401424808319e+02
2.398789060397467665e+02
2.397452171698465406e+02
2.398446115530308589e+02
2.397692879320437953e+02
2.397192346802391967e+02
2.398283776498983570e+02
2.397690197276850483e+02
2.399364518464102218e+02
2.398214723305952418e+02
2.396833567607948225e+02
2.392714240084947903e+02
2.394085438335012839e+02
2.394970623127859710e+02
2.393695283660736095e+02
2.392396886680480748e+02
2.392614201734782853e+02
2.397792992377816574e+02
2.394882744658085301e+02
2.398050902095137928e+02
2.392067212641736944e+02
2.393344479489388732e+02
2.394288925357998608e+02
2.394929076174778402e+02
2.395124054834203378e+02
2.393525988714778521e+02
2.397354943141083368e+02
2.399679406352349531e+02
2.398958582719251069e+02
2.395584410829760316e+02
2.392736314996680846e+02
2.395949922946084882e+02
2.394846101080425171e+02
2.394822469380501104e+02
2.396465537030886992e+02
2.395924558159007063e+02
2.395436084574994311e+02
2.394692213633947233e+02
2.395358534503592125e+02
2.395539982414375970e+02
2.394118510058728191e+02
2.393275504664203766e+02
2.393669670173578368e+02
2.395294253768750252e+02
2.399600869616920988e+02
2.397115811132988767e+02
2.397228767775391987e+02
2.398177000037081541e+02
2.396810163521197410e+02
2.395837164690458394e+02
2.394202139603802664e+02
2.393144190125287594e+02
2.394713715542642660e+02
2.394792934186781679e+02
2.398738584958768740e+02
2.400058188516229905e+02
2.398920625653935588e+02
2.398523899929732295e+02
2.396442099021738841e+02
2.397848925587842643e+02
2.401910984929807853e+02
2.395665439166035924e+02
2.393839252629525447e+02
2.394416493492444715e+02
2.397811628311986567e+02
2.395315694585057145e+02
2.396428566147535832e+02
2.395701261869314465e+02
2.394970153180262571e+02
2.392061782563173438e+02
2.394554511249286577e+02
2.389641553643961061e+02
2.386922083914992925e+02
2.385518934644457829e+02
2.387379099605589090e+02
2.391024943394600371e+02
2.391573836975965435e+02
2.387784442033353969e+02
2.389869646005895731e+02
2.387234592918397311e+02
2.389188569942919287e+02
2.388214572024901372e+02
2.387923889367951631e+02
2.388338016005864120e+02
2.388749914159626542e+02
2.389866651251023768e+02
2.392095761489117933e+02
2.392225265966485210e+02
2.389462849362286079e+02
2.389273157782232886e+02
2.383755455082976198e+02
2.384531102528962094e+02
2.389942567466764274e+02
2.389789573961283224e+02
2.390434243366017597e+02
2.386799794310094569e+02
2.388370540903821677e+02
2.393192818192896993e+02
2.392876949689241428e+02
2.384077596801521395e+02
2.378286259250627381e+02
2.382301529202643167e+02
2.389156863174511898e+02
2.387201696161951929e+02
2.388922245353813594e+02
2.389544114741024998e+02
2.390301748748491946e+02
2.390679509269394032e+02
2.392802631133428122e+02
2.396503119162887003e+02
2.399412700147731812e+02
2.395086827438499597e+02
2.395111980274367625e+02
2.395713019322157891e+02
2.399666313988622335e+02
2.398362907471758660e+02
2.394227669904721267e+02
2.393569020129511955e+02
2.396330298649154713e+02
2.397708604961269145e+02
2.400450247023093198e+02
2.399526316309324159e+02
2.398265439497735372e+02
