9.987771782539425658e+01
1.005695222056443043e+02
1.004008921041644840e+02
1.000926608137609151e+02
1.003355250240055483e+02
1.003047291874365357e+02
1.002322010567364856e+02
1.002817354779923136e+02
9.983058748534587323e+01
9.955329529714214232e+01
1.000876162967778811e+02
1.009594353473740398e+02
1.006538185807640957e+02
1.007300142587375689e+02
1.003929417863413533e+02
9.985989070256943023e+01
1.004194401132404550e+02
1.007468383967991912e+02
1.010077403188144700e+02
1.001208775294298192e+02
1.001748583418788741e+02
9.952704769725731637e+01
1.001414798819102998e+02
1.006469896131905557e+02
1.001299201460822843e+02
1.005109308197899196e+02
1.000014968153050745e+02
1.003044251635251243e+02
9.999628725864890555e+01
1.001453133881600337e+02
1.003325589118427956e+02
1.002259837594759944e+02
1.003612329580319624e+02
1.013154068196480466e+02
1.029226963641392985e+02
1.013684029144772722e+02
1.009859466471592526e+02
1.002536613319566641e+02
1.002407902317193447e+02
9.976027175801118574e+01
1.005546793535697816e+02
1.005896084702561808e+02
1.000507315660590706e+02
1.003167684940614919e+02
9.995084942853280552e+01
1.001669344607737884e+02
1.003174530198894701e+02
1.003044522527872431e+02
1.000870151170696687e+02
1.000351991272582381e+02
1.000641890889676091e+02
1.001382229493855931e+02
1.005426630955695799e+02
1.016551067871202463e+02
1.008927750423471821e+02
1.006174992836349844e+02
1.005747189422213381e+02
1.008450462792346229e+02
9.997025775099598377e+01
1.003193808890308247e+02
1.003742862914354106e+02
9.988395778867341335e+01
1.010445682407058570e+02
1.008899135290526630e+02
1.003839202981842504e+02
1.006132620480749864e+02
1.005517980981419441e+02
1.005696160712868306e+02
1.003094725434278303e+02
9.993801510930542520e+01
1.002277971850837730e+02
1.005925378021452872e+02
1.001737453666321329e+02
1.001440435394193145e+02
1.003610051893648603e+02
1.003919981551665757e+02
1.003857139871442996e+02
1.002021304438157046e+02
1.006504832705501968e+02
1.006658496347845499e+02
1.004766133260795868e+02
1.003618520438161426e+02
1.007996426922245945e+02
1.005511772753363857e+02
1.001673091759443395e+02
1.002521849364159863e+02
1.003337525530051693e+02
1.005402996535917737e+02
9.992361312426665165e+01
1.001330531856883113e+02
1.002753031936164803e+02
1.007479981001769147e+02
1.007960034386294552e+02
1.003130494397905892e+02
1.002301511792409201e+02
1.002837580668424948e+02
1.000258362704710322e+02
1.002098789965231731e+02
1.003694088532416089e+02
1.001575538073844314e+02
1.006694842214223513e+02
9.973256722561298204e+01
1.002918806882589564e+02
1.006183324198501197e+02
1.003574544844274357e+02
1.003204342194260335e+02
1.000585270807025609e+02
1.010004838696947189e+02
1.003599973715670757e+02
1.008084211368480965e+02
1.005634863177541405e+02
1.006789850360420786e+02
1.006903847695833747e+02
1.024519267054945004e+02
1.022454804644057020e+02
1.015677364123942681e+02
1.012806824332423759e+02
1.010292031690279231e+02
1.010084425350734278e+02
1.011772518120358910e+02
1.010261772735948540e+02
1.013023919484129607e+02
1.012075758982156799e+02
1.010546240963773243e+02
1.009660828327766211e+02
1.011138997444392089e+02
1.010378247685579964e+02
1.009178457121633983e+02
1.008947025468638117e+02
1.008246394623059103e+02
1.008918700359488838e+02
1.013437686432663867e+02
1.014870636215423616e+02
1.014223177314237319e+02
1.008383553266795758e+02
1.005865646822465465e+02
1.005903008274811867e+02
1.009670703244436112e+02
1.003675791198879068e+02
1.001564723713509579e+02
1.005481730552211985e+02
1.018032085993751110e+02
1.028631631057660769e+02
1.015924385294775902e+02
1.008270389382181520e+02
1.006748776001993377e+02
9.988275350294122745e+01
9.981095163337063525e+01
1.001466334795271536e+02
9.996503478872990911e+01
1.000108553545290988e+02
9.932236611280119121e+01
9.942080128849363518e+01
9.957007114697448458e+01
9.945805380762817549e+01
9.940151550919519252e+01
9.936591680859578446e+01
9.981614302654259063e+01
9.971688857500595304e+01
9.962895373442590596e+01
9.908428136075542625e+01
9.917244430608417360e+01
9.904506285450658254e+01
9.918116854042534669e+01
9.913526509035055767e+01
