2.864382929995710469e+02
2.863049779622387518e+02
2.862168921036741835e+02
2.863982989789607814e+02
2.864791092762351354e+02
2.863585721606127095e+02
2.863624986036866744e+02
2.863523164392866533e+02
2.864139500354588108e+02
2.866053828318158025e+02
2.867141867467944962e+02
2.865417872139653923e+02
2.863816653271165364e+02
2.863570912785998530e+02
2.863287774988203864e+02
2.864745331059654632e+02
2.865460694813027658e+02
2.863548682818394013e+02
2.862024874289113541e+02
2.862958927330277561e+02
2.863209457719249258e+02
2.865326647038813803e+02
2.866083688418359543e+02
2.863976492438172841e+02
2.864518823735351702e+02
2.864186477718262722e+02
2.863927528907257170e+02
2.864497008471028607e+02
2.864468856729783965e+02
2.865258597246626664e+02
2.865264022557638555e+02
2.865714946693587990e+02
2.865240655000542347e+02
2.865040054882983895e+02
2.862840270670592986e+02
2.863466568139551782e+02
2.862688876205947395e+02
2.862638273611545969e+02
2.863088608962419244e+02
2.865022927317237986e+02
2.865055356011391723e+02
2.864110601719633564e+02
2.865692637818039543e+02
2.865156032044059202e+02
2.865047501522868174e+02
2.866545472907621388e+02
2.865317505741935520e+02
2.865442357419896666e+02
2.865692374799057802e+02
2.865746236802120279e+02
2.866136361923162781e+02
2.866189488640914647e+02
2.866085353701265035e+02
2.864042851942476773e+02
2.864982647384433676e+02
2.864061103179474230e+02
2.863984391781948489e+02
2.863742794581049225e+02
2.864928126357044675e+02
2.866087390488305005e+02
2.865374342231580727e+02
2.866694387978997725e+02
2.865019131254923650e+02
2.864215656121222651e+02
2.865527612061191007e+02
2.865290092753760973e+02
2.864846509212423484e+02
2.865329032059127030e+02
2.866473873510693693e+02
2.868074653724584664e+02
2.867656726273451682e+02
2.865222188349865746e+02
2.864667080733510147e+02
2.866024956827383221e+02
2.866164165170834508e+02
2.866548444447743123e+02
2.866390865128933001e+02
2.865396270257888318e+02
2.865708382530337417e+02
2.866290009309525999e+02
2.865695927817026245e+02
2.865807155783171538e+02
2.865554241800248860e+02
2.865312052413567585e+02
2.866373494738809882e+02
2.867670183384023517e+02
2.868370867681097707e+02
2.867299872185940899e+02
2.867537112726943747e+02
2.868160785837089293e+02
2.867202893885802837e+02
2.867123214785214600e+02
2.865751827475107234e+02
2.865139244641369487e+02
2.866137080838421411e+02
2.867432627545011314e+02
2.868874600702858402e+02
2.868481642309680524e+02
2.868658253890606034e+02
2.868272418716682637e+02
2.867767791011850704e+02
2.868430300473484635e+02
2.869849234979921562e+02
2.868272470887508234e+02
2.867143362164374025e+02
2.867166249284313153e+02
2.868764401014014425e+02
2.868410130107401415e+02
2.867942755900345446e+02
2.867186436690415690e+02
2.867360104368252109e+02
2.867098648934797893e+02
2.867995236064179494e+02
2.867244192117595389e+02
2.863766628103790595e+02
2.864005794816561661e+02
2.864442461315719584e+02
2.864753827907684922e+02
2.865787060694258912e+02
2.865312839285068662e+02
2.865892025116148716e+02
2.866058839411065833e+02
2.866597580757610899e+02
2.865944422870511517e+02
2.866447028808337905e+02
2.868027497912520971e+02
2.867917166386426402e+02
2.867806834818488255e+02
2.869382405320458815e+02
2.869021008250662703e+02
2.868561257870515533e+02
2.867732863106311925e+02
2.866683201577320119e+02
2.868042119033425479e+02
2.869794452181798192e+02
2.870972272093400761e+02
2.870928405096312872e+02
2.869778014069472079e+02
2.870351014922578656e+02
2.871874928289158788e+02
2.871831324175998930e+02
2.869785653975503692e+02
2.870026560279652585e+02
2.871620207970156002e+02
2.872017933109273713e+02
2.871379436729620238e+02
2.870988551144285452e+02
2.872820490730608185e+02
2.873282753770982936e+02
2.874317731261747326e+02
2.875011596540591086e+02
2.877373402451472657e+02
2.877959597052737877e+02
2.876582194558436072e+02
2.877698358310273647e+02
2.878560697674809603e+02
2.880599007060736767e+02
2.879689124315682420e+02
2.878028149144310532e+02
2.877029455330502969e+02
2.878336001562236106e+02
2.880390407931799928e+02
2.881406052542133125e+02
2.880518910749540282e+02
2.881187201136187355e+02
