2.335227375829790617e+02
2.334083632241418798e+02
2.330903234048865613e+02
2.323655660414368924e+02
2.326592986714020128e+02
2.330565407169678735e+02
2.326808835928228802e+02
2.324913264016729499e+02
2.328362945406512097e+02
2.327873023505880781e+02
2.327616709884486283e+02
2.324183067429005405e+02
2.330013306282268104e+02
2.328283831354808910e+02
2.327071309696588344e+02
2.330210830789522731e+02
2.330147190907371453e+02
2.328278014559199676e+02
2.333550057542385332e+02
2.331592615004863376e+02
2.329175315804688751e+02
2.331749339455016070e+02
2.328798675087168419e+02
2.326969422138391792e+02
2.325861306612206363e+02
2.332182340496375161e+02
2.331645516747859972e+02
2.327898060135810283e+02
2.325739568191872593e+02
2.326976704489181884e+02
2.333977417619375103e+02
2.330517044703206295e+02
2.327460678977772375e+02
2.327063171690724346e+02
2.331434935746425197e+02
2.331627902068333640e+02
2.326988036807959190e+02
2.327041117256617326e+02
2.332310229117486244e+02
2.329221524789473960e+02
2.333053481279309835e+02
2.328603338399203437e+02
2.327233930094993468e+02
2.332619368761066596e+02
2.329490406334525687e+02
2.333144054937877172e+02
2.332602858903821641e+02
2.328613668216838448e+02
2.335047599087221499e+02
2.334396088546195358e+02
2.327718229379775323e+02
2.337876137798430420e+02
2.336309209168791767e+02
2.332441365192225646e+02
2.337121415750503672e+02
2.337093041605378403e+02
2.336248896819738263e+02
2.326678763176457778e+02
2.327227369893353455e+02
2.334362051967970331e+02
2.336937046975624526e+02
2.332276510551616013e+02
2.334274056631924452e+02
2.336728704108661532e+02
2.333032732361133696e+02
2.339575191494733133e+02
2.333092029983378382e+02
2.325071569964684670e+02
2.333700715391797473e+02
2.334428070319055450e+02
2.333093859594489174e+02
2.336051429380638638e+02
2.331756210230149975e+02
2.335563249522001570e+02
2.332664485380217059e+02
2.326717124220359665e+02
2.334386655424733590e+02
2.330841969136695297e+02
2.330331489710869164e+02
2.334129777833491914e+02
2.332217677396339184e+02
2.335078094436338461e+02
2.330450329183314579e+02
2.334592113360544943e+02
2.334904847361058557e+02
2.332801780054037124e+02
2.335890355993715275e+02
2.326451613367667903e+02
2.330520412604937519e+02
2.338292869896788773e+02
2.337823257042110754e+02
2.334858129990143141e+02
2.329454165997638881e+02
2.334788886082745591e+02
2.332700349946769620e+02
2.337615644117125839e+02
2.336657727990919113e+02
2.328013654162453747e+02
2.336902288262528771e+02
2.334668467169842927e+02
2.325793910748629969e+02
2.332437529782720560e+02
2.336677129902705872e+02
2.336641106928597367e+02
2.334291390649425750e+02
2.326780803707190159e+02
2.328791249959404013e+02
2.336472259762078636e+02
2.338454993816759497e+02
2.338003801819417333e+02
2.328736804507849456e+02
2.332742000252882235e+02
2.337726582969734466e+02
2.334514130703019248e+02
2.337099753591955960e+02
2.331074950812648865e+02
2.329138388648064790e+02
2.336463335504493841e+02
2.337737106463914358e+02
2.337215491018060050e+02
2.326458482962709411e+02
2.328446895525220270e+02
2.336761051161235230e+02
2.329233650991753564e+02
2.327594068994225438e+02
2.335265995493200251e+02
2.335861435207734758e+02
2.334184107361290899e+02
2.328613224879819938e+02
2.332015950208512720e+02
2.337146561729524592e+02
2.335806418502326096e+02
2.335808140948546168e+02
2.329579301230551494e+02
2.332323876412488346e+02
2.338744990057595885e+02
2.337932571990422730e+02
2.339386234239292151e+02
2.334800183329226684e+02
2.339968168739334544e+02
2.339078311622176045e+02
2.330924667298246220e+02
2.336492147276369735e+02
2.336322851054976297e+02
2.328809196167076436e+02
2.333603999643733005e+02
2.332656029475132584e+02
2.328195148200154563e+02
2.327988601253119896e+02
2.337551237991101232e+02
2.336744114117012714e+02
2.330935543949688054e+02
2.335304919319154067e+02
2.336983089323814795e+02
2.333566828235588844e+02
2.338966235149182467e+02
2.336060505987977933e+02
2.337338777367685907e+02
2.330442588630038188e+02
2.333225935089869552e+02
2.337741945059064221e+02
2.335685037098376426e+02
2.338485774074152630e+02
2.337760820512529563e+02
2.330346050999622776e+02
2.335089072823649587e+02
2.334225665330058064e+02
2.328875772708115619e+02
2.329804206285968746e+02
2.337932174112405335e+02
2.337248053557799210e+02
2.334299981950095173e+02
2.335851443597175603e+02
2.335156564109903456e+02
2.329729402643936282e+02
2.334608500031795302e+02
2.331266586415827078e+02
2.326050994036149859e+02
2.329011531257806382e+02
2.335194528711490420e+02
2.333860591510773759e+02
2.335762331625393529e+02
2.330086156544525977e+02
2.333640050341221013e+02
2.336631395629007102e+02
2.327466000980485887e+02
2.337863267283739788e+02
2.335269378433623615e+02
2.329314804407248687e+02
2.335559582289273237e+02
2.336288525846653954e+02
2.330333031641960133e+02
2.333876921800994921e+02
2.334486002830980169e+02
2.335282226527163800e+02
2.332292223284750889e+02
2.329540968916122665e+02
2.337139283327922215e+02
2.334632305958346024e+02
2.327573155303371948e+02
2.337466669538876829e+02
2.332936414579755535e+02
2.330844088408331061e+02
2.331907766295960300e+02
2.338708369660904509e+02
2.336414720396302300e+02
2.338309479300849034e+02
2.332749728974507661e+02
2.336602501160388385e+02
2.336134429101382466e+02
2.332469741992659635e+02
2.333805464321364127e+02
2.334575858309304692e+02
2.334748937385976717e+02
2.329219873801152119e+02
2.336087613826769882e+02
2.333103125293519895e+02
2.336148025675995825e+02
2.335128981281260678e+02
2.333466873422056267e+02
2.326664489327743013e+02
2.331570080735705517e+02
2.332932106476862089e+02
2.326980592763309232e+02
2.333168141406666507e+02
2.338549134769447448e+02
2.331807765819475264e+02
2.327615924754721846e+02
2.340056110754622694e+02
2.339697368139573825e+02
2.333388979190096961e+02
2.338690182292493489e+02
2.337524532264870913e+02
2.333849208147773027e+02
2.336020540815552522e+02
2.335894994361630381e+02
2.337597842808213784e+02
2.334660594558040430e+02
2.328611098487170068e+02
2.332275145846624582e+02
2.333776574555994330e+02
2.329829244704122573e+02
2.334878136399225070e+02
2.334171003348909323e+02
2.336524136428559757e+02
2.335456647709637537e+02
2.328884682477035142e+02
2.335365907647069150e+02
2.334823501018356353e+02
2.329742989156195279e+02
2.333779749176832468e+02
2.334448703213955412e+02
2.329763331229042933e+02
2.331779636237265549e+02
2.334999014876087813e+02
2.329603669840867042e+02
2.329755300284555517e+02
2.335909742507041358e+02
2.329538083815715765e+02
2.335157465518672097e+02
2.336107323827251321e+02
2.328178675788522014e+02
2.326114514692027058e+02
2.341087914980585936e+02
2.337802986815829343e+02
2.329759005413238810e+02
2.336505905322983665e+02
2.336564151650437680e+02
2.332288587672881874e+02
2.337458400684411970e+02
2.330192394667867859e+02
2.327418933740363798e+02
2.337201844227452909e+02
2.338460483927636631e+02
2.335944934592192510e+02
2.329360027116819083e+02
2.335912484135603506e+02
2.338472261434486370e+02
2.333194874213432684e+02
2.327261130159756704e+02
2.336014753697607773e+02
2.335732412766072628e+02
2.338826316491656598e+02
2.329598354621494991e+02
2.326474354150884949e+02
2.335548407529018107e+02
2.334210749307088690e+02
2.328307642431353486e+02
2.329617231183932233e+02
2.336101304919417601e+02
2.335074125145489177e+02
2.330980390736992547e+02
2.327177092608672808e+02
2.337781341945046734e+02
2.339805472547468241e+02
2.335936247273274660e+02
2.331874316602036004e+02
2.338524433648599370e+02
2.336644606060024500e+02
2.334734658143508170e+02
2.334283613205587073e+02
2.336043310539687639e+02
2.331594520160524553e+02
2.334019088403935314e+02
2.338449733411486307e+02
2.336177740422108116e+02
2.337749661994096186e+02
2.332894576282963044e+02
2.332321607670733385e+02
2.338492113766691318e+02
2.334751493058889764e+02
2.331845307641918907e+02
2.337083009330334846e+02
2.338210451289380671e+02
2.340793822331206968e+02
2.334835912755997924e+02
2.327634132828189024e+02
2.330711284060998025e+02
2.334314374223871198e+02
2.334710467909701777e+02
2.325926320144385500e+02
2.332733555333421691e+02
2.337795609165190456e+02
2.334826901327764972e+02
2.332284718927567155e+02
2.333365417853855490e+02
2.336842706668394669e+02
2.332093208619760389e+02
2.336792838568394473e+02
2.334057061249128253e+02
2.332970162122385602e+02
2.329009490638679551e+02
2.338845713400710338e+02
2.339437956461541432e+02
2.335255340129782837e+02
2.327024414900198224e+02
2.336446890110039760e+02
2.336229083170521506e+02
2.329960188494447948e+02
2.336771343455715453e+02
2.334821583899120014e+02
2.327162142451909688e+02
2.338498848106792138e+02
2.332945767726877477e+02
2.330601048039291356e+02
2.333582682921932303e+02
2.327082242859482051e+02
2.332218044041246969e+02
2.336788279645632258e+02
2.335805345876352419e+02
2.336274625964460085e+02
2.334547055921600247e+02
2.328365599506103365e+02
2.337261900068292277e+02
2.334198105114708994e+02
2.328247594987437026e+02
2.326769208645887659e+02
2.337914632061928444e+02
2.339364043807842393e+02
2.334318693617867666e+02
2.333567184314926806e+02
2.335521036598590001e+02
2.336410821158489171e+02
2.336437833680384699e+02
2.330398776168500774e+02
2.338044572217753796e+02
2.335930005180353248e+02
2.331219146777705475e+02
2.333953859014170860e+02
2.335882452640585996e+02
2.334911484956512879e+02
2.338262433115940269e+02
2.329133297074674545e+02
2.335253260084699889e+02
2.335125542027064114e+02
2.327999921733205895e+02
2.333922891770820343e+02
2.336484573438602013e+02
2.333728868579696325e+02
2.335313995595775793e+02
2.333594262898035083e+02
2.334828098404548200e+02
2.328180176448100838e+02
2.327076372623735381e+02
2.336959177451768994e+02
2.337556338348382781e+02
2.337066642417954654e+02
2.336874521487093261e+02
2.332247176717785635e+02
2.336632876080912808e+02
2.334949769116286404e+02
2.331579535022567882e+02
2.335231262774694017e+02
2.334933156742887093e+02
2.329825960238138123e+02
2.333875701923218173e+02
2.337337399085624554e+02
2.336737096044640793e+02
2.326314371116940549e+02
2.335073888252372001e+02
2.335503563710292383e+02
2.332958984219247043e+02
2.334160422333656300e+02
2.337033904667163142e+02
2.332877334590684484e+02
2.337870828089028521e+02
2.336224504764831238e+02
2.334541879452007436e+02
2.336547204919219496e+02
2.337546159492289917e+02
2.333624774673728552e+02
2.331677693674197371e+02
2.337974444496590252e+02
2.333571972107880583e+02
2.334357327872035057e+02
2.334504934266289240e+02
2.331663896853060578e+02
2.336132356967017358e+02
2.334925989500451635e+02
2.330049090391039215e+02
2.330205960695881231e+02
2.337288265903828517e+02
2.334189937432748820e+02
2.328430549678193699e+02
2.331003929704792483e+02
2.337416909372162479e+02
2.333674548257945389e+02
2.335586181189168258e+02
2.335538903728814830e+02
2.328961356503133402e+02
2.335411454119631571e+02
2.338188029337796081e+02
2.332061406384080726e+02
2.334644440252828588e+02
2.336655713612114198e+02
2.329335991750683945e+02
2.335127141552266892e+02
2.333697351256024604e+02
2.327531878425771765e+02
2.335731691699802468e+02
2.331394442648984011e+02
2.325893053292749926e+02
2.335294381350051935e+02
2.338637563317867318e+02
2.329220695766155984e+02
2.336321513561726988e+02
2.333514912072040488e+02
2.329727004963712034e+02
2.335717484138887414e+02
2.337786938077148307e+02
2.328911271441505733e+02
2.338497894318554984e+02
2.336595018410901332e+02
2.331818571412994459e+02
2.337844234424090928e+02
2.335789875378061140e+02
2.331813292430159663e+02
2.334425376640267586e+02
2.334739512305077369e+02
2.334168032631572771e+02
2.333120716868880606e+02
2.328164121887218698e+02
2.334864820209021730e+02
2.331265823382737779e+02
2.337171947116768251e+02
2.335718078896654788e+02
2.335544429536793132e+02
2.333218702324647893e+02
2.337896535941088132e+02
2.335903487753245429e+02
2.330464712405986631e+02
2.334349691778926399e+02
2.336981532761531071e+02
2.326418241649541585e+02
2.328107177305723781e+02
2.339514219462787139e+02
2.336102488916983759e+02
2.327538269144085064e+02
2.332167395488121144e+02
2.340071377943874040e+02
2.339155552708643029e+02
2.335410861174464401e+02
2.329798812178220544e+02
2.328973166682135059e+02
2.335074249353049254e+02
2.337685885774376686e+02
2.331607489721656066e+02
2.334904513388752605e+02
2.337523553331416224e+02
2.330645945289957979e+02
2.336269779046074007e+02
2.336961802584455654e+02
2.331565091643359438e+02
2.329435205051198352e+02
2.336819944560843680e+02
2.335439054448773675e+02
2.335101224736063159e+02
2.333971344715888847e+02
2.336657424472882951e+02
2.339104564951690008e+02
2.336544798111309262e+02
2.334830374265249873e+02
2.335434048901459221e+02
2.336657116325627896e+02
2.330346825972919476e+02
2.336124269795560338e+02
2.335434049355721982e+02
2.331758510982447490e+02
2.339614455532627346e+02
2.333531505523752685e+02
2.329491635725528624e+02
2.335744070678537412e+02
2.338681477771540642e+02
2.336075094944420414e+02
2.334895225901147739e+02
2.331490558387665715e+02
2.336119664042813326e+02
2.335494379416163326e+02
2.333222965003002116e+02
2.337179798102178836e+02
2.334482896287171343e+02
2.326829218194277757e+02
2.332121631289073491e+02
2.337472889569251038e+02
2.329323508315916627e+02
2.333724607869950205e+02
2.335596498309016908e+02
2.332504821230612322e+02
2.337338706105887240e+02
2.336248494224115291e+02
2.330184251049527973e+02
2.338031115696004747e+02
2.335643850725003858e+02
2.335444297995011596e+02
2.330255572517237397e+02
2.336090558356859503e+02
2.334641569060977133e+02
2.338904091806419103e+02
2.336595162060596351e+02
2.329350084223665078e+02
2.331599493407439070e+02
2.333713697777982645e+02
2.331821041455803822e+02
2.333454964967696412e+02
2.335354372145676507e+02
2.329267792566438402e+02
2.335698333136748488e+02
2.336057803708046947e+02
2.332670753210003340e+02
