2.342561331169629284e+02
2.350339379027019504e+02
2.344998115164337662e+02
2.346960331775444217e+02
2.349773860448820813e+02
2.348429131781876720e+02
2.344347036936798361e+02
2.352888617011170425e+02
2.347734004761069571e+02
2.347752730135823640e+02
2.347921522252035800e+02
2.353273589077267332e+02
2.348636969535591561e+02
2.348298500702663887e+02
2.350108844125077496e+02
2.355390312871314507e+02
2.351744230289774293e+02
2.350078266832051384e+02
2.353024157522283986e+02
2.348174234480116240e+02
2.353480395966498975e+02
2.350862073956178335e+02
2.349475655217680412e+02
2.350346459793020983e+02
2.351314312236798685e+02
2.351068790899823853e+02
2.354043958159016654e+02
2.346540474457714254e+02
2.349995013650832334e+02
2.354512489625584521e+02
2.350789154891394048e+02
2.348701543190381074e+02
2.349423101365065349e+02
2.351910788820638345e+02
2.349452972773434851e+02
2.349354914905927956e+02
2.349832759404863793e+02
2.352043406550873499e+02
2.348321195429328725e+02
2.352570820945332173e+02
2.349434504929828051e+02
2.349606016022180199e+02
2.352369593231319698e+02
2.352244423543163521e+02
2.350528768328447029e+02
2.350231873596132743e+02
2.350574941111372311e+02
2.353780294611902093e+02
2.349470473477148573e+02
2.351074982140713416e+02
2.354583498454066159e+02
2.354743160433029914e+02
2.350647719246759380e+02
2.356983855342408845e+02
2.353263318117365941e+02
2.350148693793069299e+02
2.348592059070012112e+02
2.350382038820646073e+02
2.354190533728785510e+02
2.351945840867477671e+02
2.351220721356238244e+02
2.354456215888756105e+02
2.354136966959761992e+02
2.351166092185737568e+02
2.355546109079829478e+02
2.352577116154441512e+02
2.346277871586209756e+02
2.351848613288929357e+02
2.350544605569281202e+02
2.348474748277433264e+02
2.353738983448641591e+02
2.350433680298639274e+02
2.353335747599732883e+02
2.353570145788597472e+02
2.349062364123427358e+02
2.353253677115841640e+02
2.351100202130729997e+02
2.350432794523493669e+02
2.352918256938461354e+02
2.349832577802360447e+02
2.349425391504056222e+02
2.348675747835721950e+02
2.354859125535155897e+02
2.354703299717263008e+02
2.352097459203374683e+02
2.355024534990287748e+02
2.348569448317753938e+02
2.349974507316781001e+02
2.352029730288985547e+02
2.352985616448774238e+02
2.354997505253179213e+02
2.351535154843703879e+02
2.350210313938008255e+02
2.350619380608588074e+02
2.353596197967791284e+02
2.353118762489839639e+02
2.351053723683939154e+02
2.352741920848080497e+02
2.353210830861324894e+02
2.348520344825968778e+02
2.351025371399135508e+02
2.353078463896693222e+02
2.351324962269803507e+02
2.353027722132269446e+02
2.347039658356625011e+02
2.352058875511596341e+02
2.353960027799512602e+02
2.352882900518570466e+02
2.354564805892247250e+02
2.347206241965997151e+02
2.353974839508752268e+02
2.354680170505366448e+02
2.352091837028776808e+02
2.352507203902570154e+02
2.352112182485263929e+02
2.350912676564701940e+02
2.351494291954893470e+02
2.350423275472041098e+02
2.353591465050647002e+02
2.351706173170482543e+02
2.348330569629148386e+02
2.350366240315881612e+02
2.348653112063540220e+02
2.346821806852199472e+02
2.349727535312894133e+02
2.353143974663112203e+02
2.352379371287102003e+02
2.348205381346074603e+02
2.350213259371793413e+02
2.354742666069629422e+02
2.350462092499072639e+02
2.354216503722878713e+02
2.350883931938592184e+02
2.353721596183795555e+02
2.354238899799011051e+02
2.357054812423322119e+02
2.357732396594394402e+02
2.356389000688836575e+02
2.357060929409712173e+02
2.355870430003567435e+02
2.350373644421450763e+02
2.354403099465154412e+02
2.353782348517006255e+02
2.350050171306678237e+02
2.351795973369498540e+02
2.351639114814640550e+02
2.347528621657956194e+02
2.351707366716597107e+02
2.352651900516662806e+02
2.352527128157460083e+02
2.350365380748101245e+02
2.351791571246927504e+02
2.354564200698278853e+02
2.350426851171911551e+02
2.356573666988115008e+02
2.358281535609878574e+02
2.353974159481431343e+02
2.351255559860974245e+02
2.355828272050658541e+02
2.357590647026964064e+02
2.354294669987066015e+02
2.353870705132003138e+02
2.355611117552322185e+02
2.350913566584235070e+02
2.352059741162686350e+02
2.353693165816355020e+02
2.352181739807662950e+02
2.350539762361188423e+02
2.357070486178198223e+02
2.353074847469831354e+02
2.350204408155213969e+02
2.353271937767466113e+02
2.351176927136494612e+02
2.350043288988295274e+02
2.352732479751787480e+02
2.348912839131478165e+02
2.344169625557389054e+02
2.350632405170846084e+02
2.353969138271712609e+02
2.350050685125465577e+02
2.350829728358919795e+02
2.348683977668901264e+02
2.355944160337074607e+02
2.354866157844696772e+02
2.347797967527927767e+02
2.353484313309481024e+02
2.353570558160054134e+02
2.349126577461202885e+02
2.351029296822038930e+02
2.352610025742008872e+02
2.352512414031545234e+02
2.353145235875763319e+02
2.353433813492522120e+02
2.349650325541446989e+02
2.353805797479103603e+02
2.351274295261921452e+02
2.355236214503537440e+02
2.353107732355172459e+02
2.351554913280647270e+02
2.349883101489055264e+02
2.353162668401033955e+02
2.349081140765084683e+02
2.352017623515548621e+02
2.354438142063613952e+02
2.354417345358383784e+02
2.357422112424889349e+02
2.352571165967285367e+02
2.355155129109190568e+02
2.355375026649882386e+02
2.351612563035608048e+02
2.355732479390251228e+02
2.352461604510387190e+02
2.351820128702623549e+02
2.349441963652867855e+02
2.353279865106796080e+02
2.350266986588321743e+02
2.352771465394037875e+02
2.350281561678345952e+02
2.350465401727391566e+02
2.347813000704749982e+02
2.352372673685139262e+02
2.350171567717717096e+02
2.346000441129930039e+02
2.352499362693909291e+02
2.356239618377151430e+02
2.353117454839924392e+02
2.349284431692777844e+02
2.353585462211598269e+02
2.353646832400498852e+02
2.352511532810875394e+02
2.355884185216826552e+02
2.355670414231801715e+02
2.350597865139540374e+02
2.355351093691706126e+02
2.353349999576843459e+02
2.355463309686351465e+02
2.354288561322142925e+02
2.348546581568927252e+02
2.354310248676000867e+02
2.351174719786726257e+02
2.344984133705316083e+02
2.351958485743415679e+02
2.350710767545457429e+02
2.353043351533937084e+02
2.352298709228024336e+02
2.350056574760490378e+02
2.353995000481341151e+02
2.353984769522841418e+02
2.350355072252425828e+02
2.352754389768440433e+02
2.352520533572464103e+02
2.348279882645914824e+02
2.350961019661792761e+02
2.349490757957173628e+02
2.346109671086643402e+02
2.350835068081441079e+02
2.351819631637308987e+02
2.349558309519832164e+02
2.352908063099064577e+02
2.352617882623187313e+02
2.346729123122502187e+02
2.351842858639085136e+02
2.358419468652998603e+02
2.353323831721347403e+02
2.348539239517758404e+02
2.350971134748387783e+02
2.354386730685248779e+02
2.350307487267418765e+02
2.354847405044234847e+02
2.349028675343564601e+02
2.350982349076949447e+02
2.352231221907424867e+02
2.352580876787697832e+02
2.351723979471356927e+02
2.351368408288811622e+02
2.351892967734083584e+02
2.351998933668892562e+02
2.352184090595480654e+02
2.349455848048982034e+02
2.353988316360012334e+02
2.355584331042243775e+02
2.354396565603015006e+02
2.350036774094064356e+02
2.348659499400475852e+02
2.350892779241477228e+02
2.349404761494005527e+02
2.346007438077334371e+02
2.349221499949534291e+02
2.349162038836083468e+02
2.350451671753832272e+02
2.352114104165549691e+02
2.350707242454015216e+02
2.352943457350446863e+02
2.355982359066348124e+02
2.353453268235310532e+02
2.350944009963417045e+02
2.354673822506112231e+02
2.355918374858216850e+02
2.353221174861463112e+02
2.356208208043911156e+02
2.355841932149149898e+02
2.351752573743587789e+02
2.352717548713351619e+02
2.353699928125406586e+02
2.351250527552204233e+02
2.355607477668761192e+02
2.353445410886272100e+02
2.354947909312061256e+02
2.355244217679920382e+02
2.354441911627393722e+02
2.352904698928442428e+02
2.353376351809872915e+02
2.353291867513458726e+02
2.355281922071169447e+02
2.354159899971314189e+02
2.351841135098187863e+02
2.351276604172444706e+02
2.348402935974091577e+02
2.348022739304694539e+02
2.346930178089065748e+02
2.349019280897963142e+02
2.352869927695493288e+02
2.351902498428356978e+02
2.349350099530654177e+02
2.352435311443646242e+02
2.353759760707028761e+02
2.353348103557535467e+02
2.353292340749646030e+02
2.352219923746702079e+02
2.352526362541328808e+02
2.355058419609526652e+02
2.357827577531994336e+02
2.357869862201079059e+02
2.352084040824601914e+02
2.351238614742020729e+02
2.353750845681527437e+02
2.352896409269949629e+02
2.350601777276366420e+02
2.349390643582272844e+02
2.352267151590801575e+02
2.351013009142734518e+02
2.354089193583842246e+02
2.349409851045044491e+02
2.347542000491859255e+02
2.352850519677888030e+02
2.348487460520472894e+02
2.350742431077826780e+02
2.354079173229146988e+02
2.349932746596395248e+02
2.354973847805759988e+02
2.351876409086579258e+02
2.345142735260991174e+02
2.354033505153265935e+02
2.350693315749449539e+02
2.349820500077406962e+02
2.347690912246929145e+02
2.353489416664077964e+02
2.354298727887045004e+02
2.353625903219957820e+02
2.347803013663503862e+02
2.355227575928983299e+02
2.353440710491169057e+02
2.356098186981471372e+02
2.352971851792109135e+02
2.352134436442174774e+02
2.354764615619199901e+02
2.349290793887379607e+02
2.353684198321754195e+02
2.353556953345804743e+02
2.352716125569654366e+02
2.355363889283522667e+02
2.351823626829422267e+02
2.349837550491099591e+02
2.351447261821471386e+02
2.350807700130913815e+02
2.351261786817460688e+02
2.352146676562972516e+02
2.349943323780368019e+02
2.350748548518564576e+02
2.349658600264970403e+02
2.356285070314725942e+02
2.349046687059990006e+02
2.347436749332829322e+02
2.352673687761133579e+02
2.352146704462415130e+02
2.354977212824415176e+02
2.353666235677247585e+02
2.351827174755623275e+02
2.353531897105942789e+02
2.350732215822358739e+02
2.354207615320848106e+02
2.351342131934596864e+02
2.352672046417177398e+02
2.350881943152560609e+02
2.357620080241353264e+02
2.352752152333622746e+02
2.354901560628358084e+02
2.350499358442838229e+02
2.354180070982457664e+02
2.356370927805354256e+02
2.351437777220182852e+02
2.354775611992185134e+02
2.356412923803576405e+02
2.352504379231985183e+02
2.352967825449630652e+02
2.351119531579250861e+02
2.352188884925717502e+02
2.357510316615869499e+02
2.356243702680642400e+02
2.352627132378176213e+02
2.353291993609672090e+02
2.350814455119409843e+02
2.350461100967575305e+02
2.353443388581504223e+02
2.353128432095672053e+02
2.351447741088257999e+02
2.352922643676909900e+02
2.351393406890857420e+02
2.349514660830062383e+02
2.349301345807319876e+02
2.352733473118566110e+02
2.352531255338601568e+02
2.350934816510155372e+02
2.353236474696403491e+02
2.351953501479938495e+02
2.353381740437619953e+02
2.350493020324269366e+02
2.356378484116187053e+02
2.351796799731928616e+02
2.353846025586104531e+02
2.355216035501673559e+02
2.353964186564978718e+02
2.353007561819615887e+02
2.353603484685841352e+02
2.352423057026229571e+02
2.351801715508996722e+02
2.351080118371564538e+02
2.343129828139365145e+02
2.354458854958515701e+02
2.349470021603553107e+02
2.345830095769476600e+02
2.348715711443790894e+02
2.351249573341021630e+02
2.354441987015082987e+02
2.350575401876910462e+02
2.351991907000750643e+02
2.350333305561210011e+02
2.353356412335082268e+02
2.354767551545569120e+02
2.350853946927264815e+02
2.352763236529797553e+02
2.350323026152783541e+02
2.352118780931707533e+02
2.353214040352001177e+02
2.351835620976716825e+02
2.349534171502897379e+02
2.352004369263437411e+02
2.355349778142527555e+02
2.349885179357708296e+02
2.349521690391629818e+02
2.346202692163376753e+02
2.353450684773222008e+02
2.349592282628319992e+02
2.353335887973498757e+02
2.353128158128386360e+02
2.354927307910232912e+02
2.352113964072444787e+02
2.354934246418506234e+02
2.353442417918717808e+02
2.351200778419576807e+02
2.353363975559748269e+02
2.351739316671463200e+02
2.348609396115863603e+02
2.349515629785997817e+02
2.355801231905942359e+02
2.350706206077147726e+02
2.347594838383502065e+02
2.354545510796978363e+02
2.355607842200153357e+02
2.354593871077957772e+02
2.353563177949705789e+02
2.350979030315271530e+02
2.350331074951534163e+02
2.350485024566272898e+02
2.349165707059143244e+02
2.351598907160021099e+02
2.350649052430403572e+02
2.351340194074973624e+02
2.349397061983924289e+02
2.355783285249721928e+02
2.354203939635979452e+02
2.352745627744708656e+02
2.351326758119577391e+02
2.352631283322387219e+02
2.353466420161616952e+02
2.353059442706901052e+02
2.356796197492884346e+02
2.355973159504304419e+02
2.353165438750177998e+02
2.356280014786260892e+02
2.355442563676042766e+02
2.353906346323591094e+02
2.352694917966076673e+02
2.352639407679604062e+02
2.354085404860018400e+02
2.354266017076724040e+02
2.349189599358568330e+02
2.356405993356771944e+02
2.355742210416789248e+02
2.350754272115071899e+02
2.352722696230297004e+02
2.358824740298159668e+02
2.351818537627300714e+02
2.353791009850914122e+02
2.348486479833581768e+02
2.352595186798764928e+02
2.351081805041899315e+02
2.349704140077067223e+02
2.352747526327948151e+02
2.353152400139630629e+02
2.346132334971501621e+02
2.352682003062496108e+02
2.350605453442762212e+02
2.351161991670396390e+02
2.354052352087552720e+02
2.353663284933260513e+02
2.349700846397974772e+02
2.352407741798242284e+02
2.353168168976728793e+02
2.354763420621432033e+02
2.358280721076776842e+02
2.351434946938095152e+02
2.355649540775457638e+02
2.348109963388558015e+02
2.355510253240292116e+02
2.351171452727669475e+02
2.351189977064847483e+02
2.353269179117224894e+02
2.351225680580321580e+02
2.350094158518735696e+02
2.352178896095097400e+02
2.350460329914098168e+02
2.349528976093043013e+02
2.352334243787765615e+02
2.347414678882615817e+02
2.356043087800985916e+02
2.351112450711758868e+02
2.352768130219688203e+02
2.354129881959350712e+02
