2.409011715908819440e+02
2.408637698949129060e+02
2.408982704279959250e+02
2.413297074703751548e+02
2.414708879688188290e+02
2.408395292456094694e+02
2.407501870160971009e+02
2.409040766686698589e+02
2.409035981690124117e+02
2.408756805286514293e+02
2.411464593944173487e+02
2.412857858802489943e+02
2.414181432300625829e+02
2.418142471895027654e+02
2.415922474987231681e+02
2.412756057328261079e+02
2.414717093755716348e+02
2.414401024417336714e+02
2.415241054588217651e+02
2.414858389697532175e+02
2.412831365089100757e+02
2.414985455302224580e+02
2.416867754743952048e+02
2.419768056334322353e+02
2.417918023137227408e+02
2.416022953639586888e+02
2.419382571858054689e+02
2.419683660682545963e+02
2.412722854339871219e+02
2.413551751439701718e+02
2.421713411440723291e+02
2.423503412984490524e+02
2.418655471891020170e+02
2.420558586619159485e+02
2.422899411438952484e+02
2.418810923796931149e+02
2.424473568170411681e+02
2.426217661094558764e+02
2.427020393294950793e+02
2.422224254294369530e+02
2.420140867988316415e+02
2.424102088524809915e+02
2.426953734980470756e+02
2.433580422182974701e+02
2.424984791227781500e+02
2.423798193729932109e+02
2.433278251826302778e+02
2.432286351167527982e+02
2.431955966681163943e+02
2.431166875939202043e+02
2.430691098638684480e+02
2.431048544975710968e+02
2.429144112679767886e+02
2.426398944105825706e+02
2.437662832426025261e+02
2.434444366001321214e+02
2.433118954272295298e+02
2.435947920540570806e+02
2.445241087313677610e+02
2.436072334614698036e+02
2.434029172166341368e+02
2.437422004491637608e+02
2.437849986949937886e+02
2.438972962135397040e+02
2.436992821384517640e+02
2.436116039480016013e+02
2.441521200064028108e+02
2.440387521302082234e+02
2.439484539171047857e+02
2.441914300707853727e+02
2.443190828329754822e+02
2.443207525201154624e+02
2.446707006213066506e+02
2.441769968404346400e+02
2.441942910785576544e+02
2.448352229513886869e+02
2.448035745377210333e+02
2.450473528334295281e+02
2.450424862704340114e+02
2.447686808689852569e+02
2.450454966090540267e+02
2.447211929240577604e+02
2.446937591526162521e+02
2.453026591608904710e+02
2.451963019357310429e+02
2.452508231741473708e+02
2.455588726517973157e+02
2.449746638124510127e+02
2.450099062483243131e+02
2.458607047049023322e+02
2.454589027268402504e+02
2.458873219890009807e+02
2.456546563891884034e+02
2.457303576309023754e+02
2.457788663758762766e+02
2.458233420595742871e+02
2.456769325680638758e+02
2.462272873141489242e+02
2.467807977789915412e+02
2.459805959805514703e+02
2.461545395219435477e+02
2.465786136920930858e+02
2.464990440257016644e+02
2.467360643826445994e+02
2.463804999875226258e+02
2.468248830683975257e+02
2.471797129785853713e+02
2.474021732883666118e+02
2.478036243977779520e+02
2.472948599112373529e+02
2.472392271197664968e+02
2.477359802778509277e+02
2.477751622533779710e+02
2.474627327564807899e+02
2.478726574585042215e+02
2.478181562576920669e+02
2.479982487981708630e+02
2.476481624980894196e+02
2.481351890805342180e+02
2.483378422816950604e+02
2.484548392293736754e+02
2.486006054640008927e+02
2.487418340240844827e+02
2.487636958493055772e+02
2.484036906180383824e+02
2.491519951240792068e+02
2.493706096259054732e+02
2.488339191148080829e+02
2.491241459976313024e+02
2.491006786224361349e+02
2.495928203632856537e+02
2.491345350840365143e+02
2.487622550479279369e+02
2.497197203764325195e+02
2.494055498013231045e+02
2.497564983066857849e+02
2.501318261221138926e+02
2.497222908678210445e+02
2.498623613705104560e+02
2.503301064679685908e+02
2.503441072376780596e+02
2.501728568889275266e+02
2.503478893490395478e+02
2.507677698896132199e+02
2.506678925512243268e+02
2.506668757654406079e+02
2.504734583567060326e+02
2.510904760722545177e+02
2.509731338786028800e+02
2.511447910260331753e+02
