2.410569071516202655e+02
2.410130614342463105e+02
2.416479200715650961e+02
2.414063471965967835e+02
2.414704157148526065e+02
2.413170277992454942e+02
2.412525417603131928e+02
2.412726065108302862e+02
2.411159090408202417e+02
2.413223543197391052e+02
2.414811062460941002e+02
2.410359967672524988e+02
2.411298063345603566e+02
2.409092200966119037e+02
2.410164054550292860e+02
2.409620666265900581e+02
2.410525254375258726e+02
2.412574436691166682e+02
2.409509012182320475e+02
2.411154324783348954e+02
2.411471778586822268e+02
2.409902741589702657e+02
2.413140137375148697e+02
2.412676315800331679e+02
2.411423098532136748e+02
2.412042652514607255e+02
2.411255115335801236e+02
2.410889162357525493e+02
2.409653978818973883e+02
2.411091593172419891e+02
2.410233591506060691e+02
2.410337128678381760e+02
2.409653727493315216e+02
2.416532727469588053e+02
2.409631178324686687e+02
2.411131777286790623e+02
2.412892860814609151e+02
2.415493062560327644e+02
2.409471751360974565e+02
2.410539657272081229e+02
2.408585536083568002e+02
2.408618655626046063e+02
2.411737575899529702e+02
2.412925794289500629e+02
2.413014670727653765e+02
2.416513993232883593e+02
2.416430894985992097e+02
2.411165499543844533e+02
2.411705072072405756e+02
2.416233043324087646e+02
2.415669133086833824e+02
2.412733532451228768e+02
2.414775452530747089e+02
2.418386028897520816e+02
2.412966446371607674e+02
2.412829833830614632e+02
2.412074312605959676e+02
2.413548790386998064e+02
2.415328526814853660e+02
2.412193542159401716e+02
2.410510805316622225e+02
2.411401312139309141e+02
2.409982719027301243e+02
2.409729349812522230e+02
2.414573399027779033e+02
2.412779686950678695e+02
2.411541371489767869e+02
2.416845834917593550e+02
2.417268419395260253e+02
2.414498415939755489e+02
2.413244440845325016e+02
2.416224552964565930e+02
2.413050456865646822e+02
2.410968724821676687e+02
2.406181865406470308e+02
2.409747043333628369e+02
2.408282088444065323e+02
2.407567627018331393e+02
2.408102518288835370e+02
2.408731562914352935e+02
2.411749198773602529e+02
2.410986214074921463e+02
2.412474313747968608e+02
2.415739137313416904e+02
2.411483901357138677e+02
2.415927350142314651e+02
2.411213529284244430e+02
2.412976091369645246e+02
2.413413833765605148e+02
2.410840849920565176e+02
2.411219256315393977e+02
2.413552679515369164e+02
2.412650363520671988e+02
2.414805920054540991e+02
2.415135007988183133e+02
2.413890012161286052e+02
2.409302476777681647e+02
2.411746465985765155e+02
2.410078030147031711e+02
2.410901630505575497e+02
2.406652594167734094e+02
2.412078949630350451e+02
2.409868079291149741e+02
2.411472936711034265e+02
2.411551351724870358e+02
2.412098359775545475e+02
2.412825670399679439e+02
2.413446235711201098e+02
2.412990237143690138e+02
2.412707731854406177e+02
2.414113028807661578e+02
2.413513266935752597e+02
2.411802420901701964e+02
2.409755796246486170e+02
2.410171461346200488e+02
2.411193596718174206e+02
2.413597160286202836e+02
2.411139017256304271e+02
2.412512012579802843e+02
2.414784718500835936e+02
2.410306994271311396e+02
2.410549440585092213e+02
2.411889960771790982e+02
2.412137944020544467e+02
2.417209023169546356e+02
2.414612215718872505e+02
2.414429677798031832e+02
2.414334585047367057e+02
2.412999046905246985e+02
2.410723575112590424e+02
2.418551525366172825e+02
2.413987677972904464e+02
2.414146050019791403e+02
2.411847379380784560e+02
2.412595970978540834e+02
2.411465425592227518e+02
2.407524928370383748e+02
2.408845620804439420e+02
2.412707174833018371e+02
2.417524206940090608e+02
2.411316385617095648e+02
2.410092862679858854e+02
2.411448900299033085e+02
2.410259348183753048e+02
2.412751781105049531e+02
2.414205640712388288e+02
2.411199083781257002e+02
2.413819938522509574e+02
2.417455604875405015e+02
2.413136494623046531e+02
2.411546711690929214e+02
2.409655642037989765e+02
2.412781123537546364e+02
2.414322902933057549e+02
2.412033916392025503e+02
2.414141862663333598e+02
2.412679552047793266e+02
2.413093910312855712e+02
2.414357272345040428e+02
2.411232159237962094e+02
2.414526008526508747e+02
2.412093756684256505e+02
2.410994135713939386e+02
2.416091446806236718e+02
2.413279373865747175e+02
