9.922287554413077260e+01
9.895763254823771149e+01
9.911853951212275149e+01
9.911111513339538703e+01
9.904022805005492103e+01
9.877128545548445970e+01
9.865078655752074610e+01
9.942496435625749029e+01
9.895087109950316062e+01
9.902198092000082852e+01
9.944690975641232455e+01
9.939465873155950248e+01
9.934612545377142112e+01
9.896190150671405661e+01
9.991956338670263449e+01
9.897788867290495318e+01
9.885631293345120696e+01
9.891065361978105841e+01
9.909773251895444446e+01
9.889076972121000608e+01
9.915766460371817459e+01
9.980699562195526653e+01
9.918256281766230131e+01
9.913850257982858238e+01
9.847594441506201690e+01
9.906215626863048840e+01
9.947066850780673519e+01
9.930483167850064774e+01
9.957225923965906134e+01
9.894552906965883210e+01
9.910715319718121918e+01
9.940615861307327350e+01
9.839412543065810723e+01
9.914923035365215753e+01
9.954687304089428324e+01
9.911492309700589942e+01
9.901956752966761144e+01
9.939970596918500689e+01
9.938777329571387043e+01
9.927488465344679014e+01
9.947521360557855985e+01
9.892790237894200800e+01
9.848198016154509560e+01
9.911548587383360598e+01
9.853027428837150126e+01
9.873778182204470966e+01
9.975710265801971843e+01
9.866272678597471213e+01
9.845574289358474118e+01
9.874849246330080632e+01
9.894089383165403717e+01
9.882454044140105509e+01
9.852869207695989928e+01
9.901387813594708120e+01
9.888788836506999758e+01
9.894498934096816356e+01
9.889772306442245053e+01
9.900713970506861017e+01
9.931903793412563175e+01
9.890737300405862698e+01
9.907340111340687372e+01
9.860066575900368946e+01
9.928455883420922135e+01
9.943128233417589001e+01
9.922772173840428422e+01
9.930940893365514910e+01
9.825525619129321342e+01
9.847287027098251144e+01
9.884325262191191541e+01
9.911631402761680931e+01
9.894159368234791430e+01
9.908487968109893984e+01
9.927247987036025734e+01
9.931066095443452468e+01
9.937939172155530798e+01
9.887800087347068256e+01
9.965516271403049586e+01
9.911820760928149809e+01
9.948700677060746500e+01
9.917423380362045293e+01
9.904822955793002848e+01
9.923629528912333342e+01
9.897447014082906946e+01
9.905154731201484708e+01
9.829355829349287887e+01
9.933097784279046039e+01
9.914021713332597585e+01
9.901558882159334019e+01
9.940049495107361111e+01
9.892297328979110205e+01
9.918436030158846961e+01
9.913385094114143214e+01
9.900570613473927040e+01
9.827755877506372428e+01
9.897275141020072908e+01
9.912779916924364443e+01
9.935040945660171019e+01
9.947893899588615341e+01
9.889175432333058779e+01
9.926454311517080953e+01
9.985532723448147863e+01
9.914869676798436160e+01
9.931599049559122250e+01
9.904871058050889587e+01
9.889111366333776232e+01
9.920260078874919429e+01
9.848077131256530947e+01
9.874550081291853587e+01
9.873503061407286907e+01
9.911138468487257569e+01
9.888485582829220277e+01
9.917881271253332898e+01
9.856160786895549109e+01
9.908869976531771329e+01
9.934879138399456622e+01
9.939668792924322815e+01
9.933258637534919444e+01
9.880739889027853451e+01
9.881556582169730518e+01
9.979265928624931803e+01
9.923798053933377616e+01
9.893102907831594450e+01
9.885780259892997890e+01
9.867189470119133432e+01
9.857992639627271103e+01
9.897229059761549763e+01
9.864099323328781566e+01
9.917062295576090492e+01
9.907696298344285424e+01
9.855885167332407093e+01
9.908408465418669664e+01
9.885390757418207386e+01
9.931782277990161845e+01
9.887496739806933022e+01
9.917211265057461844e+01
9.934869561788862313e+01
9.940873138174974599e+01
9.902199605521228420e+01
9.857969001016429900e+01
9.897799262959149758e+01
9.923854531773137921e+01
9.907592714529859279e+01
9.959540305410088479e+01
9.912793109772481159e+01
9.878050777510422620e+01
9.860232265546072483e+01
9.874842823421958826e+01
9.891742270073797272e+01
9.964522661563209738e+01
9.905380638167736151e+01
9.898485733238551632e+01
9.896900065453611717e+01
9.860271377448465557e+01
9.903089411252697971e+01
9.899703380155371235e+01
9.917286260185090896e+01
9.911971730234061795e+01
9.860847872591848784e+01
9.950360513968318799e+01
9.894073274544483354e+01
9.931735462321206853e+01
9.915171294250558276e+01
9.882214728413030969e+01
9.915608156266954154e+01
9.940097570566223339e+01
