2.368193500711737727e+02
2.363936911483197036e+02
2.370231336039284997e+02
2.371699919194599318e+02
2.368967057883805580e+02
2.370269539412383608e+02
2.367345957719701346e+02
2.372309454318600217e+02
2.369900197661657160e+02
2.375660960256041392e+02
2.372852449200307774e+02
2.378835016224317371e+02
2.376210067339828527e+02
2.377748412485651954e+02
2.379190179749786864e+02
2.376099476705822724e+02
2.380262745355416598e+02
2.379669050142785807e+02
2.380169901124065746e+02
2.379284323765049010e+02
2.381875063620320532e+02
2.380649768551118370e+02
2.381866631339906633e+02
2.380248065702158726e+02
2.379709750263782269e+02
2.380785432360405878e+02
2.385276918889796889e+02
2.389770164950118669e+02
2.386156871712014436e+02
2.386716091165195905e+02
2.384491564748994961e+02
2.384818131384974151e+02
2.386053334628783489e+02
2.383771649916622266e+02
2.382645099614717310e+02
2.385536037701673706e+02
2.385461012320107272e+02
2.382164689272330236e+02
2.387178928718370798e+02
2.383555525649850040e+02
2.383342951636203964e+02
2.387842857726747070e+02
2.386441546762932546e+02
2.388785033904760837e+02
2.390205589398948405e+02
2.392182680860678659e+02
2.385781079225347696e+02
2.380559585599132504e+02
2.382663806641405699e+02
2.386224067612907618e+02
2.387416454744539180e+02
2.385997619560828582e+02
2.389741084103364699e+02
2.389064592457613116e+02
2.384231276919487073e+02
2.386441740372231664e+02
2.389165964147750856e+02
2.388212220289077550e+02
2.393103783770356756e+02
2.391400542272225493e+02
2.384950611442131105e+02
2.386644048875919850e+02
2.388309385167999324e+02
2.389131617546764801e+02
2.387474707892546064e+02
2.387135152556271578e+02
2.389207605192613073e+02
2.389719159266933559e+02
2.388718194007649629e+02
2.388444605864199559e+02
2.388272513613810588e+02
2.390617901314090830e+02
2.389357517828546804e+02
2.390443913477514855e+02
2.390041985976124295e+02
2.389610496102144737e+02
2.389313409085285400e+02
2.390603036531367991e+02
2.390615017190206402e+02
2.390898900846602544e+02
2.393066614732000801e+02
2.390022050864620269e+02
2.393953576023689322e+02
2.392727308037809735e+02
2.390357865191269013e+02
2.390063565503584471e+02
2.391363944909250279e+02
2.386108379624187421e+02
2.390401459118915000e+02
2.391276934920030044e+02
2.390772123438871120e+02
2.390025184952075676e+02
2.391413248911429719e+02
2.394187441750862320e+02
2.391028813976122649e+02
2.393225971828972263e+02
2.393740523730800476e+02
2.393965231489837322e+02
2.392949587892000807e+02
2.391971078261098285e+02
2.393678477300232146e+02
2.392046182937338017e+02
2.393144307163290705e+02
2.392399744590012176e+02
2.395970564314878573e+02
2.394793306330606413e+02
2.392692004404126180e+02
2.389624683245044707e+02
2.390850064421964305e+02
2.389079108307408035e+02
2.392262602464176950e+02
2.393080818996301957e+02
2.395093787223659945e+02
2.395109257113448393e+02
2.391357422443456642e+02
2.393454601537162318e+02
2.393429458805337902e+02
2.393115001859363247e+02
2.393420105082927876e+02
2.394251242453669022e+02
2.399295066820271529e+02
2.396149886918971106e+02
2.394516906263413887e+02
2.390909254070136285e+02
2.393244885503223429e+02
2.390565637379575037e+02
2.394829053998977031e+02
2.393394118793956693e+02
2.393172156084932851e+02
2.394036609240770019e+02
2.394905185713651292e+02
2.393583978027915009e+02
2.393497899919717611e+02
2.394378184950194282e+02
2.396122454372921311e+02
2.395908310456695745e+02
2.397039374955542144e+02
2.398929156320933771e+02
2.395784020403918930e+02
2.393989002667364048e+02
2.396812108067503004e+02
2.396014438320185036e+02
2.393818836922611979e+02
2.397554747627361849e+02
2.396110628135561456e+02
2.397323868844966910e+02
2.394255497093720351e+02
2.395439629837659368e+02
2.398234970520693139e+02
2.396402133991654466e+02
2.394039141123361389e+02
2.395452081892921967e+02
2.392946103579440660e+02
2.392418446969108743e+02
2.396187291238965429e+02
2.396084228403911141e+02
2.393878222264163753e+02
2.393790817877293193e+02
2.396660664666181901e+02
2.398671596944873556e+02
2.397979425247599181e+02
2.396691228624831638e+02
2.396334664927888696e+02
2.396136809047015959e+02
2.395913997330700624e+02
2.390641307818249004e+02
2.394102777368193529e+02
