1.034697722835900748e+02
1.038954794177254115e+02
1.032660370010369206e+02
1.031191798072180603e+02
1.033924666951345444e+02
1.032622184484234253e+02
1.035545771963876405e+02
1.030582276586835633e+02
1.032991536056890851e+02
1.027230768308986626e+02
1.030039282708515458e+02
1.024056715816402772e+02
1.026681668393362514e+02
1.025143319609772590e+02
1.023701556785272970e+02
1.026792263003740686e+02
1.022628994897729768e+02
1.023222692076782749e+02
1.022721839382738693e+02
1.023607420070452463e+02
1.021016680176752516e+02
1.022241976706614963e+02
1.021025113265848034e+02
1.022643679755736770e+02
1.023181996239048459e+02
1.022106312195731306e+02
1.017614824228765400e+02
1.013121577183539870e+02
1.016734873708941365e+02
1.016175654647373250e+02
1.018400179183594645e+02
1.018073610574512173e+02
1.016838409058528327e+02
1.019120095662239436e+02
1.020246645280357001e+02
1.017355702584294619e+02
1.017430733181050186e+02
1.020727057213671287e+02
1.015712817923738953e+02
1.019336218204284847e+02
1.019548794130515006e+02
1.015048887502853034e+02
1.016450196846288208e+02
1.014106712684080094e+02
1.012686157646053431e+02
1.010709066612585190e+02
1.017110671589993132e+02
1.022332164720934458e+02
1.020227941331411330e+02
1.016667683805895877e+02
1.015475295057558043e+02
1.016894129115512584e+02
1.013150663570579582e+02
1.013827160324638612e+02
1.018660476299441484e+02
1.016450011700300848e+02
1.013725787160134786e+02
1.014679532823691801e+02
1.009787967201356196e+02
1.011491208708159917e+02
1.017941145268677587e+02
1.016247704001980452e+02
1.014582367056392371e+02
1.013760136391259294e+02
1.015417045343799742e+02
1.015756601053154071e+02
1.013684148517329504e+02
1.013172596125760947e+02
1.014173558910101889e+02
1.014447150298934304e+02
1.014619242322922901e+02
1.012273854420659518e+02
1.013534237500647492e+02
1.012447840746927312e+02
1.012849770187205110e+02
1.013281262000515568e+02
1.013578344566802087e+02
1.012288719142965618e+02
1.012276736546505731e+02
1.011992855990170739e+02
1.009825140594274302e+02
1.012869702774219149e+02
1.008938177110065766e+02
1.010164449637641582e+02
1.012533892441239374e+02
1.012828191348323799e+02
1.011527811548194791e+02
1.016783377835478177e+02
1.012490295798486386e+02
1.011614822815860606e+02
1.012119634366592464e+02
1.012866568382288079e+02
1.011478502515473821e+02
1.008704314812983966e+02
1.011862943562757806e+02
1.009665784643568287e+02
1.009151233447269078e+02
1.008926526536606190e+02
1.009942171131352637e+02
1.010920678691218058e+02
1.009213280606091558e+02
1.010845573785103539e+02
1.009747451600679966e+02
1.010492012502363224e+02
1.006921193550599725e+02
1.008098451980116437e+02
1.010199756009339040e+02
1.013267078749925645e+02
1.012041693934901900e+02
1.013812651085513608e+02
1.010629155368134349e+02
1.009810941131838149e+02
1.007797973195715571e+02
1.007782501780508824e+02
1.011534337903056553e+02
1.009437157163220746e+02
1.009462299294444989e+02
1.009776754649387271e+02
1.009471655146048761e+02
1.008640515387991030e+02
1.003596692565365487e+02
1.006741872881316766e+02
1.008374854807469347e+02
1.011982507423510498e+02
1.009646874989343814e+02
1.012326122635046772e+02
1.008062705125668259e+02
1.009497642752380813e+02
1.009719605511980518e+02
1.008855152239774355e+02
1.007986572889083732e+02
1.009307781459112903e+02
1.009393859420554946e+02
1.008513574281921166e+02
1.006769308072400833e+02
1.006983450907799380e+02
1.005852385479745834e+02
1.003962604067534130e+02
1.007107741951849675e+02
1.008902758622556775e+02
1.006079652084809908e+02
1.006877323300330858e+02
1.009072927411562404e+02
1.005337012782256210e+02
1.006781135304163968e+02
1.005567893248767888e+02
1.008636264328149394e+02
1.007452130131118082e+02
1.004656791235023121e+02
1.006489624681912574e+02
1.008852617733515586e+02
1.007439678772785072e+02
1.009945656920722428e+02
1.010473316277076918e+02
1.006704467707869100e+02
1.006807534742043799e+02
1.009013539951625376e+02
1.009100944464629919e+02
1.006231094144004459e+02
1.004220163723205559e+02
1.004912335516167019e+02
1.006200534013095051e+02
1.006557098466176399e+02
1.006754953570662821e+02
1.006977766259656590e+02
1.012250454032914178e+02
1.008788982148809055e+02
