2.884016104747241798e+02
2.891082041506573432e+02
2.893706634704939802e+02
2.899467924279185240e+02
2.901721138971997789e+02
2.902465330779714350e+02
2.904193385115151500e+02
2.904949939472458595e+02
2.905539631581010553e+02
2.905681497206770132e+02
2.907306319403567727e+02
2.909373871453749985e+02
2.910546595885166425e+02
2.909487909791216111e+02
2.912365238843250381e+02
2.911719198740399293e+02
2.913757898375736772e+02
2.914387127833421687e+02
2.914542279583839104e+02
2.915226635929288364e+02
2.916013493754427941e+02
2.915830939719079993e+02
2.916275826807155340e+02
2.917444922708978083e+02
2.916077634026509600e+02
2.916313100148109356e+02
2.916485483523785547e+02
2.917761099948824608e+02
2.918613072024367057e+02
2.920118496848174345e+02
2.917716917154739917e+02
2.917544222675766719e+02
2.918116055959012556e+02
2.918533457007451943e+02
2.917567772232280845e+02
2.916905783430754013e+02
2.919977331856618434e+02
2.918298709141568565e+02
2.919985739519951835e+02
2.917298926502358540e+02
2.919175839726622712e+02
2.918858249067730526e+02
2.918885311847574826e+02
2.920207651741841346e+02
2.919935102819275130e+02
2.922081930189503964e+02
2.921766804896214467e+02
2.920225145869843004e+02
2.919455934359241382e+02
2.920382849128087059e+02
2.920116327181896736e+02
2.919435976642748187e+02
2.921205914549078102e+02
2.922886576641992065e+02
2.922796469249489633e+02
2.921061554196382417e+02
2.922734317938965205e+02
2.922975952393501871e+02
2.923651049472161390e+02
2.924675742991364018e+02
2.924304180340155312e+02
2.921642157395999106e+02
2.922927499975974115e+02
2.923746816069754573e+02
2.923340319167896837e+02
2.923248831645012729e+02
2.923001250880426483e+02
2.923571383991416610e+02
2.923409772992540070e+02
2.924232592348350295e+02
2.924110064738367782e+02
2.924047983892157845e+02
2.924220018895995850e+02
2.924265616431045487e+02
2.925158274005718226e+02
2.924444337071841460e+02
2.924260042445226304e+02
2.925171823070897972e+02
2.924786784136192068e+02
2.925837887264236201e+02
2.925845390340913355e+02
2.925120983252858196e+02
2.926019860641239916e+02
2.926913388385659118e+02
2.925783294668808594e+02
2.925160286420446596e+02
2.925713996605722969e+02
2.924597004848793063e+02
2.925359376793606998e+02
2.926093871339141970e+02
2.926558848625115843e+02
2.924222660550102546e+02
2.924610762439343148e+02
2.926639001208717445e+02
2.927036706273789832e+02
2.926879499415208556e+02
2.927153806043967847e+02
2.928111641760474981e+02
2.926929565627140164e+02
2.926252226747472491e+02
2.927854951028280084e+02
2.926422975851816659e+02
2.927285691629529083e+02
2.927900268219019040e+02
2.927569925129893704e+02
2.928314933773988855e+02
2.928006017522451430e+02
2.927858004988738685e+02
2.927165173836302756e+02
2.927536454437186535e+02
2.927689223557772493e+02
2.928173219209098193e+02
2.928481203000249593e+02
2.928831351125632523e+02
2.928483720836458701e+02
2.929077836641217800e+02
2.928068050770354489e+02
2.928461251108442980e+02
2.927953601041643310e+02
2.928683116906332202e+02
2.928851655212246214e+02
2.929856012298626524e+02
2.928423574169656263e+02
2.929406686653118186e+02
2.927873197408178498e+02
2.928746356877205130e+02
2.928271130193058411e+02
2.929171446945554180e+02
2.929796742832103860e+02
2.928254701650407128e+02
2.929144815385675997e+02
2.928159272072113595e+02
2.929243767153267299e+02
2.929101231554377023e+02
2.930880785956877617e+02
2.929313448447528003e+02
2.930500348688497638e+02
2.930539598679776532e+02
2.931430562219427429e+02
2.929167567721779051e+02
2.930605873697907668e+02
2.930935788679074108e+02
2.931132965582369820e+02
2.929833761167635089e+02
2.931366788626116318e+02
2.930514023530565169e+02
2.930865336258947877e+02
2.930080549308587479e+02
2.931026770813038524e+02
2.929656158854345449e+02
2.929890133078827716e+02
2.929172052411515210e+02
2.929997261108221664e+02
2.930297099167265742e+02
2.929495596410779967e+02
2.930010688212330479e+02
2.929732691291182505e+02
2.930319545379082342e+02
2.929991738276867181e+02
2.931779557701553927e+02
2.930650702100165290e+02
2.931078030583740315e+02
2.930833911976657760e+02
2.930303869196058031e+02
2.930673874144180218e+02
2.928551625432169203e+02
2.929676193045868899e+02
