1.005382384478058526e+02
1.002230540115786113e+02
1.006652275627258319e+02
1.006022733902330089e+02
1.004608726158667338e+02
1.005679771755558818e+02
1.004348222321945201e+02
1.006072481651441279e+02
1.003284364426168054e+02
1.005225787449956982e+02
1.006983276707330077e+02
1.005033897850469913e+02
1.005065803703291749e+02
1.005606519395785341e+02
1.007191529188635997e+02
1.004388569373798390e+02
1.004397851398956618e+02
1.004695431441813298e+02
1.005011066541080567e+02
1.004498418942642388e+02
1.002082083019879519e+02
1.002458521539613940e+02
1.006250673831695366e+02
1.005108466733152710e+02
1.006168560756479877e+02
1.003045882666431368e+02
1.004567798739155506e+02
1.002434553006676765e+02
1.003222662119185742e+02
1.004886395307018319e+02
1.005447781490370289e+02
1.006156451019632385e+02
1.006367888221983691e+02
1.010929706686455773e+02
1.021588323694049905e+02
1.012159607854330403e+02
1.004782238967242591e+02
1.005466088451858013e+02
1.006396478603541027e+02
1.005325349044987320e+02
1.005768125940791151e+02
1.007489071728405321e+02
1.003415021660808719e+02
1.003063995475018118e+02
1.006141597226788775e+02
1.002552129003638441e+02
1.002965390451942085e+02
1.002500085260790428e+02
1.005467872174954778e+02
1.004908148609704881e+02
1.004721475182748662e+02
1.007106792209420263e+02
1.006970021052832323e+02
1.013450454303693249e+02
1.008823251681734519e+02
1.009800779047893258e+02
1.005423125002695173e+02
1.006621572945269349e+02
1.005469400733518199e+02
1.007134045617442411e+02
1.003828850829033144e+02
1.008206192705657713e+02
1.010504394213465531e+02
1.011161103268375996e+02
1.005906393563742682e+02
1.008062404782486823e+02
1.009711098420531954e+02
1.011384879682643856e+02
1.005700799096988618e+02
1.006457190614683981e+02
1.008419042304554978e+02
1.006054172913373606e+02
1.008002465633617248e+02
1.008442315894391612e+02
1.006887209996700250e+02
1.008874925400062779e+02
1.006936945745613485e+02
1.007566410916175528e+02
1.003667765248274577e+02
1.008149665059209639e+02
1.008090641111676291e+02
1.008458227934465725e+02
1.007299231006951601e+02
1.010895814679925735e+02
1.008569834472361748e+02
1.007289189275722237e+02
1.008367012538497676e+02
1.007736578209294862e+02
1.008414898716704329e+02
1.007839860145198116e+02
1.011061924565140657e+02
1.010351670305809080e+02
1.008325429122450174e+02
1.010810555034340723e+02
1.010964185061429816e+02
1.013281969004776215e+02
1.012130864053937529e+02
1.010752100265469267e+02
1.013171024880366105e+02
1.012165271194282923e+02
1.011187087673441880e+02
1.010540462473306462e+02
1.012273964141279379e+02
1.011086930507163544e+02
1.012886430053281401e+02
1.012643018319445645e+02
1.010509083658783425e+02
1.014439282278764409e+02
1.014636001392394746e+02
1.014146064212319089e+02
1.013997456744602772e+02
1.015259581641708451e+02
1.015691254541644781e+02
1.023846519288604782e+02
1.016873090403654487e+02
1.015979168987243639e+02
1.014702110008834524e+02
1.017688854742328459e+02
1.015026733403419286e+02
1.015462475284035690e+02
1.015571680931295759e+02
1.015991457452591789e+02
1.015542919138898839e+02
1.019432859010919543e+02
1.014931989343916001e+02
1.018883324961051358e+02
1.016117173928848985e+02
1.019836787222801746e+02
1.016145509319605509e+02
1.017450319354377513e+02
1.016367969871711807e+02
1.016644797436954377e+02
1.019256867734204519e+02
1.020568899620882206e+02
1.020758612020715219e+02
1.018201599931122558e+02
1.015385899026262422e+02
1.018006668634567546e+02
1.013546381119654143e+02
1.014395752985049199e+02
1.012632409807042109e+02
1.020126747517810344e+02
1.028241123612644969e+02
1.025635897693065317e+02
1.018186380043241002e+02
1.015020943894903667e+02
1.018232990342024920e+02
1.014589664174581713e+02
1.013784821069427409e+02
1.015777421784025734e+02
1.013653432164942387e+02
1.016369000692600935e+02
1.012993300951505518e+02
1.012687951610223536e+02
1.012377488712144640e+02
1.012032808345003474e+02
1.011408483195395434e+02
1.008893092911976197e+02
1.011182485698057434e+02
1.009119002378893271e+02
1.012174408956259413e+02
1.010233251489011508e+02
1.006495326091591238e+02
1.006142549559678656e+02
1.006902698501771596e+02
