2.868512789519573403e+02
2.868402719164906216e+02
2.868240874645361487e+02
2.867270998807288152e+02
2.867767322023685210e+02
2.867360825829543387e+02
2.868016130678244053e+02
2.868131522958594815e+02
2.866587823389918412e+02
2.867691681452769785e+02
2.866681591399266154e+02
2.865802232302389143e+02
2.866991141913433125e+02
2.866496558932040557e+02
2.867707897424824637e+02
2.868295675577904262e+02
2.868470098671280653e+02
2.867133453773280394e+02
2.867500382149735287e+02
2.869675429995164109e+02
2.868349248969436189e+02
2.868494643677149725e+02
2.866242849744557475e+02
2.866607808502673720e+02
2.866339617772339921e+02
2.865775048029308323e+02
2.867032292895268597e+02
2.867649748599649797e+02
2.868438254509022158e+02
2.867640260992581602e+02
2.867208640957665580e+02
2.866837801218339905e+02
2.865681781595259849e+02
2.867102028444062398e+02
2.864073924074120328e+02
2.863174582979766569e+02
2.864599404923387169e+02
2.865831355151772755e+02
2.866499436073050333e+02
2.865858171033506210e+02
2.865165757110641493e+02
2.864594453549665332e+02
2.865044241189656873e+02
2.866277303757024129e+02
2.864732593570931272e+02
2.866673635603150956e+02
2.867869283376762723e+02
2.866293567973548306e+02
2.867304864515150484e+02
2.865622907420737988e+02
2.865461860874922309e+02
2.865474690080247910e+02
2.864988810894837457e+02
2.864686523123527877e+02
2.866287921325508137e+02
2.865382461675135346e+02
2.866863132749604119e+02
2.866448050323494954e+02
2.865040567246161913e+02
2.865529869799744915e+02
2.866904778371242628e+02
2.866586424061402454e+02
2.866955222034852682e+02
2.866797018586698300e+02
2.867264509546868680e+02
2.866853547142372349e+02
2.865788058606894424e+02
2.868505183168865642e+02
2.867928783316286285e+02
2.868931080595077105e+02
2.868854905219389479e+02
2.867654695481022031e+02
2.869255945392153535e+02
2.868627400854042548e+02
2.867154871648323819e+02
2.867866427365945015e+02
2.867773412248815816e+02
2.868660741355800496e+02
2.868280195684383216e+02
2.867304795178154109e+02
2.868647382163377983e+02
2.867931149708759335e+02
2.868627306634767820e+02
2.870620220691222357e+02
2.868097979493013554e+02
2.868114416184968150e+02
2.868662807862730801e+02
2.868852201728078057e+02
2.867639420685491700e+02
2.868510632457705469e+02
2.870168948089601599e+02
2.871540657786553083e+02
2.870628028188129974e+02
2.868966147685686678e+02
2.869707694634899440e+02
2.870531028433789515e+02
2.870839909840857445e+02
2.871775976301669289e+02
2.869257461245597369e+02
2.869409114673324552e+02
2.869231089494758180e+02
2.868756175577228191e+02
2.869602780898221113e+02
2.870696962737871445e+02
2.870683617822192559e+02
2.869203435481284146e+02
2.869623211182258729e+02
2.872022203385875514e+02
2.871216095359905012e+02
2.870629479056759692e+02
2.869812143979469283e+02
2.869372969802305988e+02
2.869603077282177424e+02
2.870282178476962827e+02
2.867567035919970522e+02
2.868288989096853925e+02
2.870740892651665490e+02
2.869799689621787024e+02
2.869559720611313764e+02
2.868615185195191088e+02
2.868083403744246311e+02
2.869371228071804580e+02
2.869927518022823847e+02
2.872611534234158057e+02
2.871738965445251210e+02
2.870528995483006156e+02
2.868937333365689142e+02
2.868331384945296918e+02
2.870419371497201269e+02
2.871238292682459701e+02
2.871547919093797532e+02
2.871444099528467291e+02
2.870811417867760724e+02
2.871749980633925929e+02
2.871824896255872090e+02
2.871807756396737545e+02
2.873439125393948075e+02
2.871903353548606788e+02
2.872762203668207235e+02
2.873744663759717355e+02
2.874350512280545331e+02
2.875329249456651155e+02
2.872426438417855366e+02
2.873247394659007909e+02
2.874695252782132115e+02
2.874558175089337055e+02
2.874547639836714552e+02
2.875263667629454289e+02
2.875965855337573203e+02
2.878053857365829344e+02
2.878643400762010742e+02
2.877165006564179635e+02
2.879390692335622361e+02
2.880896900841808588e+02
2.878989281237470550e+02
2.878957112392006934e+02
2.879931274985499385e+02
2.880423940613763421e+02
2.880987435772668164e+02
2.880427326323126636e+02
2.880523926404415533e+02
2.881721833140369995e+02
2.882986483808563776e+02
2.885433715513846096e+02
2.883548060156192037e+02
