9.789794063341885533e+01
9.800614003883316627e+01
9.810356993847121032e+01
9.789679490794462424e+01
9.851187853436995567e+01
9.781321628844803229e+01
9.817565466172862898e+01
9.768151830873084407e+01
9.813882432646384757e+01
9.823170478051211774e+01
9.801580877516433077e+01
9.814164791493057294e+01
9.809401639878514345e+01
9.796233343102072411e+01
9.792749834339765869e+01
9.792225237885550371e+01
9.818048759548402415e+01
9.801188094258804995e+01
9.770163434016217252e+01
9.787656451899552223e+01
9.798969485573159943e+01
9.776942766039091737e+01
9.801096560930488977e+01
9.827886710125854108e+01
9.786384177073095714e+01
9.762977334689509235e+01
9.752064531080020515e+01
9.812981511765921994e+01
9.816539987104147258e+01
9.768171800156943618e+01
9.769784334109725421e+01
9.797452766204906993e+01
9.792705435730668739e+01
9.843425292404420190e+01
9.812906735966753047e+01
9.808973025691091152e+01
9.808262661379387737e+01
9.825350016219600491e+01
9.823615739336685238e+01
9.820815648920837759e+01
9.819218789132186487e+01
9.790494028496787848e+01
9.810116187218083894e+01
9.774799559196897292e+01
9.805056906759342894e+01
9.795741055996320767e+01
9.822311860391242533e+01
9.813884600258954549e+01
9.799509385406831541e+01
9.804728533021255998e+01
9.794885390838184946e+01
9.802513701616616970e+01
9.818717800453323719e+01
9.807811852232946137e+01
9.823220805609211936e+01
9.745750430406678788e+01
9.801803257524790070e+01
9.787896380883569236e+01
9.783214177273089263e+01
9.802358340741336917e+01
9.779925585161130641e+01
9.808018841773503027e+01
9.797006175015285123e+01
9.787232202911333445e+01
9.774558601874605301e+01
9.782438314335594498e+01
9.795284781202001056e+01
9.805489159817814482e+01
9.770357045405347662e+01
9.791927433303106909e+01
9.772389278849418304e+01
9.744410536847733795e+01
9.815123297879169684e+01
9.765712299340596303e+01
9.763712995075741219e+01
9.749016380509497992e+01
9.800369368264519210e+01
9.769257435242781185e+01
9.780873542929123232e+01
9.777880913461838475e+01
9.771119248672282254e+01
9.739793443031378217e+01
9.785453188714404860e+01
9.766776140135652895e+01
9.795645595279258089e+01
9.787014374723703725e+01
9.792530458940622395e+01
9.762282111755563108e+01
9.779392886028057319e+01
9.763330532938880424e+01
9.774870497619100718e+01
9.737984741383066023e+01
9.767510851831794128e+01
9.742267833247051101e+01
9.811471822983178015e+01
9.758133890311070502e+01
9.786209787420393980e+01
9.769477086660533871e+01
9.756622590293176245e+01
9.795927899083544332e+01
9.812249646571213191e+01
9.779160796004669010e+01
9.729530141885145156e+01
9.822998080348234851e+01
9.744936723520071098e+01
9.806099112866986900e+01
9.765167974401703077e+01
9.748301354866406143e+01
9.813480777886815076e+01
9.762555625509135382e+01
9.773189733460684181e+01
9.782537742592619168e+01
9.774179993726095006e+01
9.795032981288822782e+01
9.762065847987555856e+01
9.761373875821585955e+01
9.769005285688957940e+01
9.765461790527700714e+01
9.821193101646137791e+01
9.763985094616263893e+01
9.787101908135383610e+01
9.786408847638841735e+01
9.813494814885285678e+01
9.778133582672171542e+01
9.805757982932044570e+01
9.787110112035645670e+01
9.795454204415403865e+01
9.754577638668085626e+01
9.787030505557551407e+01
9.773857996852213148e+01
9.746499376259129122e+01
9.763598230604502248e+01
9.800556678942315614e+01
9.795279489101625359e+01
9.770256448466568600e+01
9.788316477806370131e+01
9.771362637252515526e+01
9.809079911385993000e+01
9.746963907032579755e+01
9.743188877755675037e+01
9.845761635413673218e+01
9.781390751073691092e+01
9.781018855222508535e+01
9.808530886372177804e+01
9.805246387697754074e+01
