2.416223015477738727e+02
2.412672199453128314e+02
2.409933391637331397e+02
2.411977903381715862e+02
2.409211155646555369e+02
2.409852202259550324e+02
2.412320379767971019e+02
2.416928118716697611e+02
2.415014061317591541e+02
2.411935199261220077e+02
2.415052480019144241e+02
2.414310814084971355e+02
2.417346413363833335e+02
2.411848567210047634e+02
2.411956403594408584e+02
2.418178850406378615e+02
2.410925274620852008e+02
2.409076206757074488e+02
2.409757333228189680e+02
2.414013980892195832e+02
2.421968804361079890e+02
2.414269793413227490e+02
2.415187303979476212e+02
2.415262874109276652e+02
2.421059316407548465e+02
2.417782538987047189e+02
2.417843432724648949e+02
2.416115442274118834e+02
2.418761288492075892e+02
2.420284388326552119e+02
2.422801106855239652e+02
2.423144570744048849e+02
2.426694153472836035e+02
2.419917326094169994e+02
2.416333116520321198e+02
2.423860098353425201e+02
2.429983074664651213e+02
2.424457220204926955e+02
2.424798583392551734e+02
2.426722128009570554e+02
2.425999516287915867e+02
2.425365253234067779e+02
2.421047179202675750e+02
2.424257402059219260e+02
2.431061430585226617e+02
2.430750396278918686e+02
2.433739684975805915e+02
2.435464053351954874e+02
2.430655033445926563e+02
2.431946269462139014e+02
2.431539130586713497e+02
2.431673645882135304e+02
2.433475208565557750e+02
2.432972721172640433e+02
2.436480983851395195e+02
2.432294396961466418e+02
2.432570934464157801e+02
2.439250987087007161e+02
2.435999547986624520e+02
2.434572124953590162e+02
2.432791762415143069e+02
2.432853969834684449e+02
2.434576705268624721e+02
2.433734402095653877e+02
2.437083824565384020e+02
2.439549510369179188e+02
2.438629963956359177e+02
2.441516260886426153e+02
2.445805450136392665e+02
2.450794469647270262e+02
2.441696661651238571e+02
2.440568551651876987e+02
2.442880263401884804e+02
2.446170925906777995e+02
2.445181128945178841e+02
2.449220089020529656e+02
2.446419362907667221e+02
2.443460586752917152e+02
2.448712002647199597e+02
2.457295855028075948e+02
2.449806189837582053e+02
2.451756454143143458e+02
2.449114631553106847e+02
2.452752598738660765e+02
2.447782165858658630e+02
2.450604658096041248e+02
2.456574939707696785e+02
2.456460049175492202e+02
2.453500319364993913e+02
2.452986972857485455e+02
2.460997523156264606e+02
2.461849455051761879e+02
2.456710200643048267e+02
2.458390698819372062e+02
2.459223594964033452e+02
2.466280582275300048e+02
2.460634235976370974e+02
2.453823099238937004e+02
2.460017748533058182e+02
2.461197740188309808e+02
2.469483042814878502e+02
2.466903257962730720e+02
2.465901822289273184e+02
2.470318218943413058e+02
2.466755642767915049e+02
2.465635882904909124e+02
2.468615480955176054e+02
2.474550120340066712e+02
2.473474519114257646e+02
2.472237500153690064e+02
2.481321960918536718e+02
2.476349932454979808e+02
2.470701319735443064e+02
2.473638259198977210e+02
2.476296394109663197e+02
2.477208071793538693e+02
2.479076950656401266e+02
2.477854650303465576e+02
2.478935665642480046e+02
2.478036956516281464e+02
2.478508982630023638e+02
2.476418724195712002e+02
2.481085582817476336e+02
2.484917030894196159e+02
2.482829406778728298e+02
2.482155193763757381e+02
2.482285701175349004e+02
2.487360070420316731e+02
2.485674685163531876e+02
2.491809707459126173e+02
2.492147247850344058e+02
2.490350574728267929e+02
2.485039176644510235e+02
2.484284564639773407e+02
2.493607512328056544e+02
2.494124837706754931e+02
2.490648745743381767e+02
2.493154260114575038e+02
2.495056905304708437e+02
2.494047166325385660e+02
2.494905722161644519e+02
2.498194591323645284e+02
2.496995920283945907e+02
2.498768130517898101e+02
2.497694944250722529e+02
2.496495850791985731e+02
2.496475233037927239e+02
2.500395345948862484e+02
2.502500386535160999e+02
2.501693147375839033e+02
