9.892826340980964517e+01
9.912124281362225986e+01
9.879436989088009113e+01
9.950353527012036636e+01
9.889733483010387260e+01
9.887321538635562490e+01
9.879864822337673047e+01
9.870448639962621940e+01
9.873222379729547526e+01
9.860289400762657408e+01
9.854915851456746623e+01
9.861002319732146759e+01
9.878943243355122661e+01
9.828227371676753421e+01
9.848728559473893540e+01
9.844563173584941751e+01
9.856887321735327134e+01
9.879794545540507045e+01
9.849705224101643353e+01
9.791966454240851192e+01
9.807183585077926580e+01
9.804137731147022805e+01
9.819303126158281714e+01
9.812968677720230914e+01
9.778215032167491927e+01
9.774472308390834030e+01
9.756921772100650969e+01
9.764209225998139630e+01
9.746130838159378129e+01
9.735567876667522569e+01
9.733940077728250628e+01
9.734693552241617454e+01
9.688465077800641723e+01
9.752001671751592937e+01
9.682892065168738327e+01
9.672005167213929155e+01
9.643649590184338649e+01
9.663219649036086878e+01
9.695143883717486233e+01
9.663814134443816783e+01
9.656473338101936577e+01
9.683383326583692963e+01
9.670171426247644320e+01
9.639596952949541731e+01
9.611540739097148389e+01
9.575638656457975628e+01
9.568472528528268128e+01
9.572048258131734144e+01
9.568961219500960169e+01
9.597430710230879924e+01
9.594347162025759701e+01
9.589701580169538886e+01
9.599460986172947230e+01
9.543291089389749970e+01
9.537141397548157329e+01
9.593158655967046400e+01
9.557291511732745448e+01
9.525150195604432213e+01
9.505477695021444617e+01
9.551798728013274342e+01
9.547573514529837269e+01
9.527253530313038254e+01
9.526870478876605830e+01
9.513819197043564202e+01
9.501089940431778302e+01
9.480071817824203606e+01
9.442016022603245062e+01
9.421350965476908357e+01
9.412691695165938199e+01
9.397367931796763685e+01
9.430486979148825810e+01
9.404158175189353130e+01
9.415952875739044714e+01
9.402952172402483200e+01
9.364505496811682406e+01
9.358689690645458370e+01
9.399867140396689535e+01
9.404312836119309793e+01
9.341710422891122789e+01
9.325234155950279558e+01
9.343937479431458826e+01
9.300821555690896503e+01
9.322607658155862964e+01
9.303010235501204761e+01
9.360951095503365593e+01
9.302103301536463675e+01
9.251009559165781582e+01
9.274350412863587678e+01
9.277952489316810158e+01
9.261752970364118198e+01
9.229155138624726362e+01
9.248394034171617761e+01
9.236960924379538085e+01
9.229377895842981161e+01
9.205228565272868479e+01
9.174062088360774680e+01
9.238831522540510832e+01
9.213375366249751153e+01
9.178737537833215754e+01
9.183382640057432411e+01
9.144835711164039083e+01
9.124965720992382501e+01
9.127386109297106032e+01
9.130866991538300681e+01
9.124708963714368792e+01
9.137481491537647571e+01
9.082219359018090188e+01
9.093303046197424067e+01
9.096073840866868920e+01
9.061366676350372984e+01
9.026043524660330775e+01
9.069417213598332239e+01
9.040562857712882305e+01
9.046103031331949751e+01
8.996844802209075453e+01
8.994575466811271269e+01
9.005461736422296326e+01
8.997760924779554159e+01
8.987720508895021965e+01
8.962423330202652494e+01
8.983389430210138471e+01
8.980218978572763433e+01
8.979202745159078347e+01
8.922686141167963569e+01
8.922113707421659967e+01
8.927657064224756311e+01
8.900909821984481596e+01
8.895022954711839702e+01
8.887827629878354685e+01
8.870507622562580252e+01
8.860133343678130302e+01
8.864342665540301880e+01
8.899152265637980008e+01
8.868796856019936570e+01
8.826635762588951195e+01
8.828187888776028558e+01
8.828734659956204212e+01
8.824839525792900474e+01
8.799316819089624175e+01
8.774778070562177845e+01
8.802507300717604721e+01
8.766416813131979779e+01
8.761972076746805271e+01
8.786112336631587993e+01
8.768723644913423243e+01
8.735238778353755151e+01
8.746059561811131289e+01
8.727740691736137535e+01
8.723631455983570504e+01
8.693312483295233051e+01
