2.414820006902733667e+02
2.413876650047704970e+02
2.411087418704603067e+02
2.411990495246971875e+02
2.415570318764518163e+02
2.415426346629335512e+02
2.412834899701160793e+02
2.410625442380882077e+02
2.410597116856525588e+02
2.410412240230408543e+02
2.412141132747386507e+02
2.411913527579243066e+02
2.409335219613235211e+02
2.411039048134735765e+02
2.410816913315146905e+02
2.409507580770920185e+02
2.409647251213778247e+02
2.410436772867766138e+02
2.411526190281656739e+02
2.414349895263842711e+02
2.412111813890225278e+02
2.410100584803019785e+02
2.411916634401318333e+02
2.413513966663801966e+02
2.413931969716271624e+02
2.414095492690800313e+02
2.409235988837390323e+02
2.408810059980953326e+02
2.411982778053926779e+02
2.412467643276493163e+02
2.412210709854296056e+02
2.411180905317962413e+02
2.410054012362561764e+02
2.413980101079120288e+02
2.412479549947855446e+02
2.414915894592844836e+02
2.410338667272523878e+02
2.409407019968893167e+02
2.412879620049946823e+02
2.409886198739361589e+02
2.409322653608510052e+02
2.413495056285977398e+02
2.412376686561395616e+02
2.412220530425546485e+02
2.409626390512197815e+02
2.410396750900750078e+02
2.413994552671961458e+02
2.411765414301883084e+02
2.412323461215435998e+02
2.410825433747673685e+02
2.412400453690860616e+02
2.413618077923498504e+02
2.413655891039365997e+02
2.413295015401613739e+02
2.411056607373130589e+02
2.411679354190144124e+02
2.407808067507486669e+02
2.409588671233681225e+02
2.413988737653875489e+02
2.408154556034046720e+02
2.407903451796687193e+02
2.410976873396971314e+02
2.409356561447100091e+02
2.411730893287915194e+02
2.417320550573450930e+02
2.414933071886747200e+02
2.411522928870556370e+02
2.412404280282173943e+02
2.413075958649139636e+02
2.409787216807751520e+02
2.414217165791011155e+02
2.410542180655088487e+02
2.414522636251210486e+02
2.410924573817724479e+02
2.412914275201075327e+02
2.409911582941196002e+02
2.412865499204183379e+02
2.412631497279860753e+02
2.411950179577613653e+02
2.411184340394427181e+02
2.412179409493113553e+02
2.410418231176086010e+02
2.412226160440197020e+02
2.413236441443877141e+02
2.408437444636052476e+02
2.411034239731106084e+02
2.412281540608648527e+02
2.411272209008620848e+02
2.408865514592203283e+02
2.408507603436810314e+02
2.410367413955752625e+02
2.410942281272165246e+02
2.415504346447490889e+02
2.416411051272715156e+02
2.411005596134639575e+02
2.410486376096537526e+02
2.409798888528002578e+02
2.411652154373788051e+02
2.416440933663559179e+02
2.413752478779840374e+02
2.412828632741115200e+02
2.413087296326175419e+02
2.413980946751328531e+02
2.410279063255349286e+02
2.411154356297621177e+02
2.414387230130456317e+02
2.412605295352366568e+02
2.411538534953974704e+02
2.409988301509640678e+02
2.413368612176886074e+02
2.408447430714220729e+02
2.411457468619417170e+02
2.413454682957195416e+02
2.414669391505986766e+02
2.412053195859128607e+02
2.412706658566264650e+02
2.411841221676757812e+02
2.415345284498283718e+02
2.410964366554356104e+02
2.412281042770786428e+02
2.410637420826218147e+02
2.417116425104014752e+02
2.412216646611331896e+02
2.415096398027709483e+02
2.412900703047384070e+02
2.410050998988742776e+02
2.409300194631009617e+02
2.411805238191647902e+02
2.412152835985586137e+02
2.410216266608705382e+02
2.411707411644006527e+02
2.413719028868406156e+02
2.412442655852203472e+02
2.410286539138865010e+02
2.414192404329889712e+02
2.416602918179162032e+02
2.417887575401584002e+02
2.417891006509883312e+02
2.415028810688006899e+02
2.414764004182887618e+02
2.411660116132309497e+02
2.408413622305905903e+02
2.411480367209325095e+02
2.417477007306556516e+02
2.413298430262192369e+02
2.411216106628135094e+02
2.412874723599393576e+02
2.416683441113669630e+02
2.415074366510966684e+02
2.415931683272750945e+02
2.412763726226888821e+02
2.414422150335942945e+02
2.409654028758641005e+02
2.409371436449843316e+02
2.415299697408361226e+02
2.411025325962840782e+02
2.412071082458843705e+02
2.414974853512719619e+02
2.416236625502283744e+02
2.411280907693961524e+02
2.412030739203375163e+02
2.415410504684777777e+02
2.413738523335549360e+02
2.413124813200284677e+02
2.412001660198468755e+02
2.413891010102780683e+02
2.416730011479155564e+02
2.416701523552160040e+02
2.413186902574817623e+02
2.414953566364722803e+02
2.416382106612145719e+02
2.417498497356769747e+02
2.414252893572615903e+02
2.412162714944536219e+02
2.412890921240677926e+02
2.417753730161597616e+02
2.412849745829871324e+02
2.411962756763591926e+02
2.408937081931836701e+02
2.413178993336630640e+02
2.419449137486288919e+02
2.413383551139819190e+02
2.409319168244228422e+02
2.409116575848379114e+02
2.412666266518462237e+02
2.417276059898873939e+02
2.414663463815063551e+02
2.409846352585949774e+02
2.409934123499694181e+02
2.414337534290406495e+02
2.412642684377488820e+02
2.413601911975028997e+02
2.412291147588554452e+02
2.413212928850929586e+02
2.412250249469474284e+02
2.415750268265041996e+02
2.414642558029187001e+02
2.411496807081040004e+02
2.411443019871029492e+02
2.411074689389121488e+02
2.411639440461114816e+02
2.413184441280054671e+02
2.412096782125917116e+02
2.410524263423000377e+02
2.413630317284502382e+02
2.413004089866022071e+02
2.413421536022518978e+02
2.409797970191167167e+02
2.413410267080531355e+02
2.414805099241261814e+02
2.412465652751672849e+02
2.415435360700382432e+02
2.414804328996643790e+02
2.412245773689006967e+02
2.415551595573120949e+02
2.418852532114142377e+02
2.412819574287381101e+02
2.414333961228892633e+02
2.413135548878849477e+02
2.414560587644026555e+02
2.413229860973000029e+02
2.411887330326860877e+02
2.415395279089890437e+02
2.417038657979430525e+02
2.412965016387651076e+02
2.413420211792603425e+02
2.417382072332529503e+02
2.414035409197746276e+02
2.410165805875544720e+02
2.411434077467019961e+02
2.412699053779417397e+02
2.416509589093763850e+02
2.412211414413964121e+02
2.411703978917851998e+02
2.410283360403165034e+02
2.414486611875391588e+02
2.414430791770892881e+02
2.417408089028554912e+02
2.416789006223731349e+02
2.411361732597447656e+02
2.414089342345468197e+02
2.414920941424197736e+02
2.411320489959827000e+02
2.414139207781913967e+02
2.411031150788708146e+02
2.409593983214599291e+02
2.417014018579828019e+02
2.412665165658027036e+02
2.410893815536573186e+02
2.417395648011790854e+02
2.416919584833412102e+02
2.410703328174583930e+02
2.411504855880347975e+02
2.411575364282996361e+02
2.411129056334403913e+02
2.413124061375733618e+02
2.411534577088489186e+02
2.416469872796342031e+02
2.413964040117714376e+02
2.415188121884123404e+02
2.415220274258014967e+02
2.413838283519902461e+02
2.414575528685646475e+02
2.411626797865163780e+02
2.412798726845605870e+02
2.410350928484578219e+02
2.411824027452063604e+02
2.416431270931904294e+02
2.414837550432850719e+02
2.414695867145364900e+02
2.415671174058233248e+02
2.409304246382614281e+02
2.410990299891566337e+02
2.412709124247681984e+02
2.410849872119043766e+02
2.416843837566136699e+02
2.413405802650089527e+02
2.413105520972934244e+02
2.414086624494391629e+02
2.420032455963606708e+02
2.415816266202464249e+02
2.415097225433689800e+02
2.418022424929248189e+02
2.416508319927689854e+02
2.411722416147538297e+02
2.413441752280950823e+02
2.412765140245327018e+02
2.416150153853699010e+02
2.412528585547802322e+02
2.411417114960371464e+02
2.411850634833676850e+02
2.407333398670967881e+02
2.409391450788674547e+02
2.414093066677772867e+02
2.415126739339421249e+02
2.413310710489553230e+02
2.412134548834939949e+02
2.409743776387162768e+02
2.410630200364045379e+02
2.411403193178651065e+02
2.412286469139703797e+02
2.413302010558495283e+02
2.413022934898972380e+02
2.409748308176725686e+02
2.414695449581981563e+02
2.412015069937284863e+02
2.416466466772633055e+02
2.415156314917712450e+02
2.414254900211297752e+02
2.413849444460796860e+02
2.414728139430293368e+02
2.411437612783360294e+02
2.414244209118229207e+02
2.414873393102586476e+02
2.415350864431136415e+02
2.414483520924347033e+02
2.413293820190280030e+02
2.412800747106744268e+02
2.411870617339189096e+02
2.413195401281455759e+02
2.414027745052654836e+02
2.416953395822490336e+02
2.415233043843061580e+02
2.415570779746838070e+02
2.410688404456978731e+02
2.412573574297338439e+02
2.414637737136505677e+02
2.416388626919699902e+02
2.414874390019945167e+02
2.419082691931099589e+02
2.418413129641745343e+02
2.414979792222634103e+02
2.416529784711475486e+02
2.415064338795409924e+02
2.414323588297755521e+02
2.414387462967318925e+02
2.412847550052315171e+02
2.413320496335794871e+02
2.412375621442928377e+02
2.414056962641085420e+02
2.417095767512755913e+02
2.411636716812024304e+02
2.412887923134429400e+02
2.414546586925029885e+02
2.412665988549796054e+02
2.414126395763697701e+02
2.414451692485507692e+02
2.413422745630462032e+02
2.411867020865610129e+02
2.416427379926828678e+02
2.414661148268869795e+02
2.413906301517789359e+02
2.415794474867567203e+02
2.416891558048127706e+02
2.415519545501828986e+02
2.410735539556308424e+02
2.413776220388532749e+02
2.409556349955155383e+02
2.412007692778403509e+02
2.412014138159605352e+02
2.412946761115547645e+02
2.411620899425595326e+02
2.411762138358633365e+02
2.412595222037852807e+02
2.414785361955833878e+02
2.411128389633764471e+02
2.413448294592901675e+02
2.409820659691117726e+02
2.413732202814721006e+02
2.416012465012290704e+02
2.414564020383395473e+02
2.411709581557010154e+02
2.411489563351613867e+02
2.410365082704347230e+02
2.413226943079979776e+02
2.414777153340385212e+02
2.412586476002895779e+02
2.415284033890407045e+02
2.414433206639515674e+02
2.416275850769182796e+02
2.417506623124648115e+02
2.416424517659378068e+02
2.414234726722595212e+02
2.415437364066474402e+02
2.414672401029726814e+02
2.412657689449728480e+02
2.413252938368452476e+02
2.412955353377982703e+02
2.412402538960825211e+02
2.414570714724424363e+02
2.406376581721457342e+02
2.407730224534400634e+02
2.414140920786041988e+02
2.413012889837522152e+02
2.413215727305987173e+02
2.418094417629701809e+02
2.409703746141997271e+02
2.411954815488755912e+02
2.411873580457928483e+02
2.413921564942748716e+02
2.414943545187666416e+02
2.415516665004545018e+02
2.414716541676281452e+02
2.415650950747709942e+02
2.413570542268868167e+02
2.414027045754837957e+02
2.413436247482296437e+02
2.413237629906622885e+02
2.411696500388059121e+02
2.415696773819619523e+02
2.411993637320048265e+02
2.412907658404501774e+02
2.413706907190799313e+02
2.411135540055817330e+02
2.411566215318660795e+02
2.412153268236514521e+02
2.412164373701884870e+02
2.411061212507786138e+02
2.418215511731139884e+02
2.413698077095978078e+02
2.416502701184099351e+02
2.416420261765204884e+02
2.411881378835749103e+02
2.408208260405973249e+02
2.414537064422285084e+02
2.413909497801362249e+02
2.410059450872119271e+02
2.411848924231396438e+02
2.414745765923925092e+02
2.414679585909642299e+02
2.413783191609572043e+02
2.411859888826978420e+02
2.415082116349204568e+02
2.410956362505547474e+02
2.411089871747171003e+02
2.412490634473266482e+02
2.409188119133015391e+02
2.411765080362012839e+02
2.414635603366847647e+02
2.412097822654609729e+02
2.408983232075426031e+02
2.413645160884507277e+02
2.415921785499400585e+02
2.410436334347148204e+02
2.408802971100759862e+02
2.410670055579258531e+02
2.413537343037238259e+02
2.412282863252907816e+02
2.412834888621180482e+02
2.412735560836675006e+02
2.415757774720887880e+02
2.417187463213942067e+02
2.412698474435201490e+02
2.416228259715406637e+02
2.416213564328593577e+02
2.415612614003822785e+02
2.417088644339545169e+02
2.417361698952763618e+02
2.414705643909188382e+02
2.411715762546890289e+02
2.414512118238339724e+02
2.413307472864089220e+02
2.416080955358587516e+02
2.416126459348153048e+02
2.417556452679368704e+02
2.411885282693822319e+02
2.414110093846034886e+02
2.414745400293312798e+02
2.414571029285135637e+02
2.415785818752012517e+02
2.412226256896472876e+02
2.411459196515685051e+02
2.415426625238517602e+02
2.414918987414390870e+02
2.415877735987066046e+02
2.412196170007734963e+02
2.412534414244323671e+02
2.410617752775320923e+02
2.410688074710211311e+02
2.410253175571755548e+02
2.409998495801281422e+02
2.410964810432384411e+02
2.415295235690933566e+02
2.412016229692108311e+02
2.412925521890041409e+02
2.412213633820342409e+02
2.408699754034716989e+02
2.414265028409160152e+02
2.409978333390603495e+02
2.410638593519259985e+02
2.414736489139229434e+02
2.415411098209315242e+02
2.415112756242120042e+02
2.412108818948049702e+02
2.416770002496442373e+02
2.410463679685464342e+02
2.412942097031704236e+02
2.410509025821785087e+02
2.411686992046645628e+02
2.413539695885618812e+02
