9.849425023935783940e+01
9.919406731579590542e+01
9.922447384550332572e+01
9.884624391633211360e+01
9.906017564504264783e+01
9.940958320537997395e+01
9.898022283500448282e+01
9.918087939588730251e+01
9.914246608453363763e+01
9.934111288645154048e+01
9.910164165282655802e+01
9.888665689275246962e+01
9.902447568390591925e+01
9.910532578477528887e+01
9.909971941193659006e+01
9.906621520545819237e+01
9.916826080449635583e+01
9.909528753068423157e+01
9.851738573394150933e+01
9.888821845231872487e+01
9.929042179942268831e+01
9.919308085630508742e+01
9.839364816062392549e+01
9.872412449811702118e+01
9.815125598815983210e+01
9.946368434005091785e+01
9.962084212609762801e+01
9.938015659262775614e+01
9.894674327834985661e+01
9.875949910299345902e+01
9.926366073730876849e+01
9.940249247212689454e+01
9.844560178812260176e+01
9.871609173174589102e+01
9.880781212848008010e+01
9.916461363368711091e+01
9.904820417524395282e+01
9.903475025426872946e+01
9.931309214767371429e+01
9.894945839314713965e+01
9.879323790976701503e+01
9.857508730449505663e+01
9.899706776028854449e+01
9.938658501147996560e+01
9.903980110912773682e+01
9.867043257182780280e+01
9.886374054325317218e+01
9.878638924848456782e+01
9.892684677625129552e+01
9.905860197308305715e+01
9.893359173839400000e+01
9.870893763312996327e+01
9.879159240222931260e+01
9.927688099115056275e+01
9.913861472710159717e+01
9.943495082338411351e+01
9.981327412150665168e+01
9.899670745223875201e+01
9.960761762003535580e+01
9.961276876535124813e+01
9.886966860436764648e+01
9.896466972408869367e+01
9.862349947041603571e+01
9.868008023656908279e+01
9.879357340886775773e+01
9.887118568560754284e+01
9.913843378099278425e+01
9.904618438431207039e+01
9.892409547685308269e+01
9.872864709920945359e+01
9.917649653949899857e+01
9.975263646221038982e+01
9.899903560804811775e+01
9.922497971425040930e+01
9.884538747015351134e+01
9.889576404635208462e+01
9.878206644270680670e+01
9.927142997124234114e+01
9.895910518871419015e+01
9.904065545644243684e+01
9.900589804830049445e+01
9.910829096158052209e+01
9.882282094512133597e+01
9.936925019491411604e+01
9.898720924031492530e+01
9.876750249525241543e+01
9.991469296387565180e+01
9.929021391180729950e+01
9.896735221188369280e+01
9.925904780501575431e+01
9.856709523409621454e+01
9.862986346746366451e+01
9.812083736309550375e+01
9.944291995226335246e+01
9.925821832960123459e+01
9.892697324946691140e+01
9.938913596087591884e+01
9.897618053716757913e+01
9.862119802427991999e+01
9.957929035741481982e+01
9.922672488165761706e+01
9.883563486339176052e+01
9.854223545106320614e+01
9.898061232476646865e+01
9.887056885787531257e+01
9.905781182405587515e+01
9.945738509629468638e+01
9.880893130370570532e+01
9.867730429243601975e+01
9.917634817675779857e+01
9.909485221530478327e+01
9.873960590611568477e+01
9.883873775011240070e+01
9.883677753622237105e+01
9.901892446584666629e+01
9.906017533579590406e+01
9.902330647861221280e+01
9.889428405851806758e+01
9.884164627701784411e+01
9.906014639490240370e+01
9.874013878752565176e+01
9.932449709262368742e+01
9.872794475959454985e+01
9.845543098031036777e+01
9.952527429901370226e+01
9.932551133551264400e+01
9.867708070064708181e+01
9.919333167416942842e+01
9.880023326800072425e+01
9.899909603240507749e+01
9.911107506975521630e+01
9.880195274411759954e+01
9.848849619103242503e+01
9.889699129341011030e+01
9.858168427347953866e+01
9.897417347680460864e+01
9.873247001498459952e+01
9.885371736936873788e+01
9.923370692903777979e+01
9.870430252527154380e+01
9.931258614866545997e+01
9.877487094378368226e+01
9.862719270291309215e+01
9.932943932074142879e+01
9.881853565986098431e+01
9.896168824418113275e+01
9.834546328776407620e+01
9.874342330899565923e+01
9.838915545079071023e+01
9.899889776892779025e+01
9.913078295493609460e+01
9.950270148101020595e+01
9.932608122911902626e+01
9.903140374494635978e+01
9.904096723328308371e+01
9.852297668875986858e+01
9.846441926477912432e+01
9.941479373936262220e+01
9.917691578561687038e+01
9.824179131118368957e+01
9.837170333806820111e+01
9.909938060569817253e+01
9.902201049473571004e+01
9.894292750312838791e+01
9.868551982499860742e+01
9.830773542311054314e+01
9.862059138121929891e+01
9.813300662161681487e+01
9.899045039734782847e+01
9.842406819419892372e+01
9.928328709238540739e+01
9.852230011386262731e+01
9.877009665516094117e+01
9.894157913338995058e+01
9.838722931596186072e+01
9.908076250155052378e+01
9.917537722617298357e+01
9.889393332763019373e+01
9.898785917296197567e+01
9.864409408989990879e+01
9.880034102847669431e+01
9.921278114979207885e+01
9.903926193109414555e+01
9.850262945911960344e+01
9.846079642869777615e+01
9.898540638872168529e+01
9.946558008288049280e+01
9.893599451282734947e+01
9.924083098247815826e+01
9.836712328726086696e+01
9.902274554531227579e+01
9.872849639366681629e+01
9.896057271146037237e+01
9.877165126474234569e+01
9.853597806433863582e+01
9.959355770847618317e+01
9.873559052890516341e+01
9.934720213138017186e+01
9.881984723537480875e+01
9.895523741328854328e+01
9.908172505283938847e+01
9.860091761339226935e+01
9.928101142992125006e+01
9.922991790470985052e+01
9.845587739572863484e+01
9.903134486942276737e+01
9.859288830434881845e+01
9.882944169120652589e+01
9.879328539026731448e+01
9.872731831899079680e+01
9.890160299037769676e+01
9.888085534244767416e+01
9.876850214176873521e+01
9.892098945686967681e+01
9.848620758266464748e+01
9.922050563241838006e+01
9.885754747080552818e+01
9.879417706197035898e+01
9.882546443592271146e+01
9.917946447256967701e+01
9.863537336677372025e+01
9.868507852036346151e+01
9.863785898650714046e+01
9.904774559245451826e+01
9.934538225055570138e+01
9.876165512786553791e+01
9.930217009371862957e+01
9.890959458232829604e+01
9.910120229371115386e+01
9.940691413843426005e+01
9.840099949840936233e+01
9.904440244067363608e+01
9.861548183626230468e+01
9.886048932728512284e+01
9.914334882844627828e+01
9.884821732335863942e+01
9.888192828693208014e+01
9.850482582702737488e+01
9.890495072793504505e+01
9.901895331010659618e+01
9.910467204095824911e+01
9.906712762607382672e+01
9.891715045888902580e+01
9.904745306379349756e+01
9.901246577370834245e+01
9.850782478405646714e+01
9.902607916707182767e+01
9.864135593559463189e+01
9.878634452371157693e+01
9.868018847778125746e+01
9.891220714504045475e+01
9.912505885868206690e+01
9.888016793754286482e+01
9.940342543896407790e+01
9.926396276357142767e+01
9.876990289056766414e+01
9.877653547466287876e+01
9.858541309039854639e+01
9.895658869664025303e+01
9.848295329931504227e+01
9.891735446767386009e+01
9.884924278304026757e+01
9.912312990557536807e+01
9.951586370632507794e+01
9.877239207350908146e+01
9.922425593132579991e+01
9.879123737717164033e+01
9.846379709929664159e+01
9.886858047065084065e+01
9.876069739295338934e+01
9.880972852260845229e+01
9.942698092214401129e+01
9.881784908691706448e+01
9.925998483217500734e+01
9.917991800399768465e+01
9.827811363362222608e+01
9.886283346601290134e+01
9.857508463888673589e+01
9.809614765109836299e+01
9.872311305972083062e+01
9.947391434739121507e+01
9.849862586542116105e+01
9.883994332536759941e+01
9.880030211768911386e+01
9.920958518902379808e+01
9.880402258435766782e+01
9.854894920346778520e+01
9.949254621791470754e+01
9.851295088472555506e+01
9.896216106628247644e+01
9.931459512510508603e+01
9.892393880838706366e+01
9.900434771210355223e+01
9.875158910412143598e+01
9.907507577220944484e+01
9.856321716117822973e+01
9.896172572007823476e+01
9.881888068362856359e+01
9.929355239766006491e+01
9.918126544299968828e+01
9.883033019020443533e+01
9.895963230914706799e+01
9.894981498831435829e+01
9.853036864708371922e+01
9.887396271523283531e+01
9.860476096833504300e+01
9.890825389968840398e+01
9.863954205531710784e+01
9.864891563778708417e+01
9.899031680454824311e+01
9.909566510758743618e+01
9.879959357093183314e+01
9.851857649599496369e+01
9.895888679889371531e+01
9.888497075131232350e+01
9.876945641423083089e+01
9.870594832490434101e+01
9.889174111989790106e+01
9.925995244666536621e+01
9.869282435637491346e+01
9.901339640032934142e+01
9.888039893772673850e+01
9.862603976368757230e+01
9.885386309173757979e+01
9.890542646803670834e+01
9.806694503705931254e+01
9.830351569368013998e+01
9.881287955986118732e+01
9.884460169742003188e+01
9.872122994450641897e+01
9.887316988511788907e+01
9.828740970624022566e+01
9.878197295706240766e+01
9.858102848659954986e+01
9.854254101632966467e+01
9.909587895860306617e+01
9.900342714206180972e+01
9.875594046277809923e+01
9.897547675674711343e+01
9.883452921587917217e+01
9.824467384976124151e+01
9.882281465957045441e+01
9.859901671676988144e+01
9.920798118419048706e+01
9.869720265471482890e+01
9.849710468152100873e+01
9.898129978078888769e+01
9.913697943375485977e+01
9.938597104769387158e+01
9.836152242041475802e+01
9.884377298111610344e+01
9.883269008394510990e+01
9.884153239517645773e+01
9.915198086782231712e+01
9.896119765325595097e+01
9.892801371257355925e+01
9.859424848977408828e+01
9.916545057544233543e+01
9.884381050051437967e+01
9.897570116589817246e+01
9.903980385895630434e+01
9.925499790068899131e+01
9.858803192820732875e+01
9.904710718859719520e+01
9.902600656735832274e+01
9.921171887386219623e+01
9.940035995135065150e+01
9.871741580683799100e+01
9.847601555181955746e+01
9.900667609457092055e+01
9.870162562968907594e+01
9.900505803611783051e+01
9.898962087908533647e+01
9.945724611295202067e+01
9.836910585215184710e+01
9.969500458596922954e+01
9.885912089901927402e+01
9.868096330542635997e+01
9.801368408772272289e+01
9.845334074348285469e+01
9.866994638027415476e+01
9.904103478877091504e+01
9.828679165443180921e+01
9.872316484610092857e+01
9.900715264260183801e+01
9.925360320224565669e+01
9.939538259085651362e+01
9.902915098558544571e+01
9.892633238952697639e+01
9.973741182389296966e+01
9.924466915636831743e+01
9.868807836398066513e+01
9.852767394211899443e+01
9.914818456797083002e+01
9.860338642028085587e+01
9.956472622972665931e+01
9.892890463175672267e+01
9.874185244627862801e+01
9.878867510078258363e+01
9.891446175927553952e+01
9.840150994415402863e+01
9.926233371209593770e+01
9.872972408762196039e+01
9.922768582416883021e+01
9.869670316046999403e+01
9.878983611507668172e+01
9.911081575728104553e+01
9.916958355020965143e+01
9.879204337510175549e+01
9.888709678919963153e+01
9.904246694368333692e+01
9.846185015109070093e+01
9.924581502348617335e+01
9.884533573128182127e+01
9.922883255828797644e+01
9.902837136623698200e+01
9.855814734156068369e+01
9.869407939720223055e+01
9.966457043211310918e+01
9.836186944514344077e+01
9.874359325063470294e+01
9.896492737027598707e+01
9.953612335739613570e+01
9.881977566333887353e+01
9.883373505833297656e+01
9.923046994234660190e+01
9.943538791687508649e+01
9.846989762116021438e+01
9.891798154498333417e+01
9.859120784240764124e+01
9.875503202601332475e+01
9.883517938941770353e+01
9.904727145866117155e+01
9.896722094616332299e+01
9.925192606578370658e+01
9.894650747829098236e+01
9.933406703863168730e+01
9.881444813611624056e+01
9.933792260914430017e+01
9.914901541502570126e+01
9.862199983554152993e+01
9.845769497187500008e+01
9.937976527865441767e+01
9.893649675064386884e+01
9.884722207258475635e+01
9.925224888474541274e+01
9.888891450410874029e+01
9.847449494978074824e+01
9.864181312898216447e+01
9.909493740793358540e+01
9.845971194168885177e+01
9.886957363056529857e+01
9.888009862959516738e+01
9.832453434021135763e+01
9.835272338306066331e+01
9.849170423328864388e+01
9.869898850944237267e+01
9.880323987522034201e+01
9.862148471031163410e+01
9.903609551556859003e+01
9.888300834687093754e+01
9.820156130307331921e+01
9.884833329010869818e+01
9.882808412779860419e+01
9.880526085609720610e+01
9.896287539446065296e+01
9.891332257483195178e+01
9.878156335572133173e+01
9.864902987772137521e+01
9.906139745913974082e+01
9.873924643897771602e+01
9.931194873682316882e+01
9.897172427224150226e+01
9.875561859959843503e+01
9.883948847426665907e+01
9.904835719673828009e+01
9.914754885789960781e+01
9.889770517093087676e+01
9.902757240933662786e+01
9.918929999114207874e+01
9.914546574403921397e+01
9.879136256164588303e+01
9.862564501683243634e+01
9.914568579673361626e+01
9.873926277869946944e+01
9.966094175230686858e+01
9.903791407975000993e+01
9.951873852497031692e+01
9.922477338404404179e+01
9.892459317972817701e+01
9.849454115819258959e+01
9.840987321772206542e+01
9.911148145796732933e+01
9.847923177321847277e+01
9.943009268243038434e+01
9.891131945290425165e+01
9.913765316340406741e+01
9.886278693840290543e+01
9.850452770193383856e+01
9.931459153173499033e+01
