2.871204687728945260e+02
2.870481774016306531e+02
2.868948635345528260e+02
2.870120403740193069e+02
2.870063715257439867e+02
2.870260965704120508e+02
2.869237303249906290e+02
2.867114904289599622e+02
2.868458475744276370e+02
2.868396675851876694e+02
2.868502872462119626e+02
2.868371716345885147e+02
2.868288462755783712e+02
2.868400098246240759e+02
2.867822487734101742e+02
2.868172108206961184e+02
2.868344369818730115e+02
2.868781107051525510e+02
2.869260379178571725e+02
2.870411036086863987e+02
2.869433934695524044e+02
2.868286380406021294e+02
2.869933761044213156e+02
2.869664244914063147e+02
2.869646236617476234e+02
2.869954870883660192e+02
2.868283948788926523e+02
2.868034832218887686e+02
2.868863474540288507e+02
2.868537731401814881e+02
2.869458653440398734e+02
2.868239456020615421e+02
2.868744614536811355e+02
2.870268817928661065e+02
2.869765871968674560e+02
2.869862086706087325e+02
2.868487286335892463e+02
2.868764730669152527e+02
2.868675397165382606e+02
2.867625845633525046e+02
2.867744346160749274e+02
2.869719690584184377e+02
2.868420237735905971e+02
2.868158568536283042e+02
2.867425205505763302e+02
2.869069392340446711e+02
2.869921812511819894e+02
2.868887347548763387e+02
2.870170887549531926e+02
2.868475529277479268e+02
2.869038296895408848e+02
2.869708232124548317e+02
2.869289077565832145e+02
2.869253052776975323e+02
2.868852177165202875e+02
2.869537347562978198e+02
2.867497633006632327e+02
2.867604827544320756e+02
2.868891404367012115e+02
2.866046506851544677e+02
2.866954726632816346e+02
2.868742801281343304e+02
2.868867169609795837e+02
2.869729546661972108e+02
2.870730141498568173e+02
2.870576446230992929e+02
2.868899281053163008e+02
2.868715465617352720e+02
2.868864374880844252e+02
2.868009274254866909e+02
2.868927868794579581e+02
2.867668851071755967e+02
2.868946604926738928e+02
2.868570694824221050e+02
2.868714424137143055e+02
2.868250461783254082e+02
2.869134127317178127e+02
2.869258891389802670e+02
2.869889139557236035e+02
2.869566009331970804e+02
2.868630439033821062e+02
2.868160513032329391e+02
2.869423653130925231e+02
2.868757104539852207e+02
2.866708111857583958e+02
2.868535026583488161e+02
2.868919833632386940e+02
2.867826404342349633e+02
2.867821293662439643e+02
2.867997525660663314e+02
2.868587168095151014e+02
2.868850218123794207e+02
2.870740879189524435e+02
2.870578101412946239e+02
2.868024517605285268e+02
2.868507053608557840e+02
2.868972871278031676e+02
2.868705155871654711e+02
2.870841880549228335e+02
2.869870024666032577e+02
2.868342674415879401e+02
2.869533729781690568e+02
2.870102931893605955e+02
2.868427296692408959e+02
2.868567659115367405e+02
2.869824208766399920e+02
2.869092053917894418e+02
2.868131819997498155e+02
2.868075623123412470e+02
2.868829613089365580e+02
2.868040446605588727e+02
2.869238866729684787e+02
2.869207798705091932e+02
2.870039564320354657e+02
2.869297991369136867e+02
2.869307286076637524e+02
2.869714641986771539e+02
2.870417153241888286e+02
2.868928326231433630e+02
2.870363269855498061e+02
2.869997299241072710e+02
2.871425142013260370e+02
2.869017765071979511e+02
2.870269877182800542e+02
2.869450747874214471e+02
2.867989405172494344e+02
2.869020977347761914e+02
2.869421036703379855e+02
2.868729174951723735e+02
2.868765282398558725e+02
2.869554327970998315e+02
2.868782980721674107e+02
2.870230724015921169e+02
2.868759505906205050e+02
2.869932160432973092e+02
2.871011523007179562e+02
2.872156170810691833e+02
2.872236964312220948e+02
2.870585300279195167e+02
2.870617779088105976e+02
2.868775492708594470e+02
2.868075808309601484e+02
2.869781254773088790e+02
2.870393631194371551e+02
2.869285175920447273e+02
2.868653956258725657e+02
2.869723860350024438e+02
2.870515245807696942e+02
2.870897860741225145e+02
2.871000295629005450e+02
2.869069852757532431e+02
2.869147313357995017e+02
2.867502885772527748e+02
2.868706056711935162e+02
2.868901986048842332e+02
2.869714571166916812e+02
2.870928044281548068e+02
2.871069302058247672e+02
2.870219053393962554e+02
2.869293897107195903e+02
2.869950767964957663e+02
2.870945118418972584e+02
2.869754844782677310e+02
2.869651426855410250e+02
2.869636436192656106e+02
2.870844550738279395e+02
2.870909166688381902e+02
2.870526864710593600e+02
2.869817590054602192e+02
2.870618273631087618e+02
2.870513450622655682e+02
2.871156136551571763e+02
2.870709982245679726e+02
2.868547427839612283e+02
2.871148589317728579e+02
2.870993952783314285e+02
2.869719719516061787e+02
2.868576203481262041e+02
2.869361509199599709e+02
2.870184020416895123e+02
2.872027050987929329e+02
2.869249477330877767e+02
2.867572189472122091e+02
2.867851495916691533e+02
2.870707376043977206e+02
2.872115808995282009e+02
2.870231525039628195e+02
2.868512228298940272e+02
2.868436159908878267e+02
2.869747566011740787e+02
2.869376602808962389e+02
2.869200963746545199e+02
2.869375414299317413e+02
2.869342540991171973e+02
2.870258973243611536e+02
2.870553084706327809e+02
2.870883910526961813e+02
2.869108151114677412e+02
2.868633248454291902e+02
2.868886368445153607e+02
2.869128559670631944e+02
2.869214928131906390e+02
2.869300932598130771e+02
2.868429742328141288e+02
2.869028588974186391e+02
2.869432862137530265e+02
2.869865133972247691e+02
2.869095692958935047e+02
2.870150471519452253e+02
2.870866495873471536e+02
2.869930867739437303e+02
2.870464583324855425e+02
2.869605930763191850e+02
2.870457859074559224e+02
2.871627181885065170e+02
2.870769714647920523e+02
2.869570382734237342e+02
2.870769677583997463e+02
2.870696831947264513e+02
2.870352979819379584e+02
2.869371789412746239e+02
2.869398035015987034e+02
2.870807733381006415e+02
2.871619051564066467e+02
2.869679565475707363e+02
2.869517111271727572e+02
2.870580124594485483e+02
2.869979016517833657e+02
2.868693601160951516e+02
2.869035718004119531e+02
2.869914821126022844e+02
2.869954382391328522e+02
2.868710865731031276e+02
2.868852385743538775e+02
2.869294407681505277e+02
2.870403095924086188e+02
2.869280112508633920e+02
2.871230753057145080e+02
2.870035876136686852e+02
2.869957111072765770e+02
2.870636209399966106e+02
2.869810647994489159e+02
2.869404506192750546e+02
2.869664146299354002e+02
2.868492616053725897e+02
2.868107761629976835e+02
2.871643775945349830e+02
2.869823120648642885e+02
2.869547507628923313e+02
2.870976905349792219e+02
2.870307119022789948e+02
2.869170228158149598e+02
2.868850636639571690e+02
2.868764064119148429e+02
2.868338390769822013e+02
2.868835710626513560e+02
2.868405160316060005e+02
2.870299417537278828e+02
2.868722149773283832e+02
2.870187659565885383e+02
2.870670410974134370e+02
2.870122601837868501e+02
2.869588515265891715e+02
2.869006199350425845e+02
2.868524880263792625e+02
2.868877274490677678e+02
2.869332254771032922e+02
2.870926872241148544e+02
2.871001097173081575e+02
2.869636825039430050e+02
2.869942415051750118e+02
2.867413316435458341e+02
2.869086192441786238e+02
2.869096529576638090e+02
2.868922559982401026e+02
2.870254595236476121e+02
2.869530342084486279e+02
2.869707274707337206e+02
2.870661914201920695e+02
2.873206725329260962e+02
2.870225844136076603e+02
2.870995524247198887e+02
2.871735466316166026e+02
2.870939370441671485e+02
2.869435234896330940e+02
2.868765197815940269e+02
2.869869867614266923e+02
2.870121702157441064e+02
2.869013021119300220e+02
2.868898723714070798e+02
2.869171888416064462e+02
2.867336184316318395e+02
2.867589530334054757e+02
2.870225216745000125e+02
2.869328055872057917e+02
2.869200090773839520e+02
2.868819312385138005e+02
2.868722846990446556e+02
2.868652058421705533e+02
2.868592905960366011e+02
2.869673631075099820e+02
2.869908106893281001e+02
2.868682907257463626e+02
2.868790797545765940e+02
2.869330336174189711e+02
2.869535824228314596e+02
2.870232933114713774e+02
2.869358405840663977e+02
2.870561241849149496e+02
2.869400537179047319e+02
2.870354128534393681e+02
2.869083162768856710e+02
2.870362271589736451e+02
2.870606272311466114e+02
2.869681890787335874e+02
2.869597641370388033e+02
2.869050245082536321e+02
2.869425388388715419e+02
2.868743281793721849e+02
2.869155884481900216e+02
2.869543552571925034e+02
2.871353664091513451e+02
2.869824930529940730e+02
2.870348302977167805e+02
2.868883221783116824e+02
2.869731202213420147e+02
2.870733387341740581e+02
2.871363700366389367e+02
2.871155483216958260e+02
2.872950328472645651e+02
2.871857839080790882e+02
2.870743296054344000e+02
2.871698518143626870e+02
2.870305823105019840e+02
2.870176846697415272e+02
2.870064125944836064e+02
2.869474858829331083e+02
2.869672182791148884e+02
2.869897959946545711e+02
2.870160430209959372e+02
2.870866259183292755e+02
2.868582176708423503e+02
2.869084898453188543e+02
2.869470016379995627e+02
2.869436888628242741e+02
2.869625880114809320e+02
2.870234074759652572e+02
2.869496597225295886e+02
2.868936420892496812e+02
2.870691006431043775e+02
2.870635107384884463e+02
2.869768839988079776e+02
2.870576098284140585e+02
2.870673036115127275e+02
2.869578985365954509e+02
2.868665477669777601e+02
2.868927495831659940e+02
2.868331364179406933e+02
2.868990267463072996e+02
2.869375032970730217e+02
2.868775744310873961e+02
2.868819489690097271e+02
2.869370641170450540e+02
2.869625144947306126e+02
2.869457958692269131e+02
2.869302135785997052e+02
2.869601941924713628e+02
2.868624956505106525e+02
2.870076958590028084e+02
2.870947764188553606e+02
2.868968216414075414e+02
2.868753683109782173e+02
2.868438752892784578e+02
2.868417674252912093e+02
2.869644107237623984e+02
2.869239081747682008e+02
2.869129801384175948e+02
2.870347728728082188e+02
2.870871040202572431e+02
2.872002438564525733e+02
2.871711904847455230e+02
2.871176854727524415e+02
2.871137751369087141e+02
2.871347305934231713e+02
2.870883303467026622e+02
2.869023149145298248e+02
2.869725068234184278e+02
2.869482337232014402e+02
2.869766401556083224e+02
2.868371201174653038e+02
2.865977498790927598e+02
2.866961019050132791e+02
2.868980647118999627e+02
2.869342508705126988e+02
2.869954610159635990e+02
2.871372414479591839e+02
2.868668248989402514e+02
2.868920584419864781e+02
2.869972759904085819e+02
2.870034342206232623e+02
2.871516821689858148e+02
2.870757023353597219e+02
2.869726448170595177e+02
2.870698400794324243e+02
2.870588367673554444e+02
2.870749365208731092e+02
2.869351614697122272e+02
2.868637318774361802e+02
2.869468144806259602e+02
2.870024879732904992e+02
2.869260328425509101e+02
2.869561210884680804e+02
2.868874961649272564e+02
2.868982559621941277e+02
2.869134222430271848e+02
2.868606131366562977e+02
2.868560527371196827e+02
2.870549493599642688e+02
2.871169088013832607e+02
2.869410681765557456e+02
2.870270158854980878e+02
2.870583985802715574e+02
2.868588073502075986e+02
2.867851032545214025e+02
2.869128325950323415e+02
2.868629826083416106e+02
2.867734041580064854e+02
2.869060108379223379e+02
2.870351610983092883e+02
2.869723294354242284e+02
2.869559289875854233e+02
2.868894047714336466e+02
2.869323557608732358e+02
2.868488859508736937e+02
2.867067066715427472e+02
2.868374627497822189e+02
2.867894853483593351e+02
2.869088654625394952e+02
2.869918492616199046e+02
2.868860062560965503e+02
2.868223526917735740e+02
2.870584202379464500e+02
2.870659674398776247e+02
2.867757240102732226e+02
2.867270223728170890e+02
2.869249414832561911e+02
2.869292028517020867e+02
2.869416982152661717e+02
2.870054189102369833e+02
2.869906262430595802e+02
2.870438897096072992e+02
2.870575386321939391e+02
2.870061365080744622e+02
2.870775088706453175e+02
2.871046350514617984e+02
2.871367382747131956e+02
2.871830939245435275e+02
2.871257255249262812e+02
2.868987443173980978e+02
2.869348804361696921e+02
2.869344022626818287e+02
2.870214553388406102e+02
2.870359873382359410e+02
2.871287736076992587e+02
2.870344852407242229e+02
2.869621001841572365e+02
2.870958944607306762e+02
2.870061038832054123e+02
2.871188760051730924e+02
2.870137847323880465e+02
2.869416182612834518e+02
2.869661949909074679e+02
2.870410739663623758e+02
2.870133325218528171e+02
2.870898019428213956e+02
2.869230065970600663e+02
2.869158440691181795e+02
2.868507882988677693e+02
2.869043973956682407e+02
2.868962802933645548e+02
2.868876133044325911e+02
2.868845319211348510e+02
2.870687690666235881e+02
2.868842226414973879e+02
2.869311558853085558e+02
2.868530578867831196e+02
2.867817312551700866e+02
2.869054082792121108e+02
2.867928247605040042e+02
2.867891736108466034e+02
2.869670283753657145e+02
2.870188288358969544e+02
2.870361112996160387e+02
2.870604217743192521e+02
2.871215318473618936e+02
2.868674703776445654e+02
2.869444535340705897e+02
2.869234676971751128e+02
2.869328097233314452e+02
2.868190041469062521e+02
