2.883172737385783080e+02
2.883212181269570351e+02
2.883091497741499438e+02
2.884145636584535168e+02
2.883737995795108873e+02
2.883247953065230149e+02
2.883054903823550035e+02
2.883281840094552422e+02
2.883228269791678144e+02
2.883829613512770607e+02
2.884443862946411059e+02
2.885637550976121020e+02
2.883280897166471277e+02
2.882917442930790344e+02
2.883311073728984297e+02
2.882482647737615480e+02
2.882982559121458621e+02
2.882931625064474588e+02
2.882265825339001708e+02
2.883561115090289491e+02
2.883436601798355241e+02
2.883150736507521970e+02
2.883827234060381670e+02
2.884467293792126270e+02
2.886607927346288420e+02
2.886564558253644464e+02
2.884409628495905622e+02
2.883230021409022470e+02
2.884260479200497116e+02
2.884995577416609081e+02
2.884462610448024975e+02
2.884131340380944835e+02
2.884072137222535730e+02
2.884774564355315079e+02
2.881757791784219194e+02
2.882883528101432944e+02
2.883961033541415304e+02
2.883244752768040939e+02
2.884657540271331868e+02
2.886656397254338344e+02
2.884783124684051359e+02
2.882797642924842876e+02
2.883458070694405819e+02
2.882881993997008294e+02
2.884559583581443007e+02
2.885874671835503591e+02
2.885787909856385909e+02
2.884054495280907986e+02
2.883931791768052335e+02
2.884264211441619068e+02
2.883306203311121294e+02
2.884395235191040001e+02
2.883708141051750431e+02
2.883307311342263120e+02
2.885071331604454485e+02
2.883944133163435595e+02
2.883976912937695261e+02
2.884864622142733310e+02
2.885593797090858175e+02
2.885792250988802152e+02
2.884240667930171753e+02
2.884970670024923152e+02
2.883555236713745558e+02
2.883588002972622348e+02
2.885129281683550175e+02
2.887622137349147238e+02
2.886004826385058664e+02
2.882360289941052542e+02
2.883483550251649490e+02
2.884086319240139460e+02
2.884545982513539570e+02
2.884796969187837590e+02
2.884645889720292757e+02
2.886023288680833616e+02
2.885246757047246433e+02
2.884881699775492052e+02
2.885234355776952384e+02
2.884924727997870946e+02
2.885711220523113525e+02
2.885642645820306029e+02
2.885229651023322504e+02
2.884940369670832183e+02
2.885606921381951224e+02
2.886800305834820506e+02
2.888001470059105600e+02
2.886888702397223483e+02
2.884794368119933097e+02
2.884754089975519378e+02
2.885150730390706144e+02
2.884858505113198817e+02
2.885265952950923634e+02
2.885470964981661837e+02
2.885004406328144455e+02
2.886119301415700988e+02
2.887599825232557009e+02
2.886780672198062234e+02
2.884599155386770235e+02
2.883987398307242529e+02
2.883223134969138641e+02
2.883591380290052371e+02
2.884743688600244127e+02
2.884906300921838351e+02
2.884984751133411010e+02
2.886368063376100395e+02
2.888361411170018300e+02
2.888782701694795492e+02
2.885971125927650860e+02
2.884545230618594474e+02
2.885799107240412695e+02
2.885223831815070525e+02
2.886076431078938072e+02
2.887022339185273836e+02
2.889597516921895703e+02
2.885139403571521939e+02
2.883221800811525668e+02
2.883710459005574762e+02
2.884733070647959607e+02
2.883756639190332294e+02
2.884201806941898667e+02
2.885531715059622684e+02
2.888857918502105804e+02
2.887861514458001579e+02
2.885700308608145406e+02
2.884414142632636526e+02
2.885874253942135397e+02
2.887989436583746965e+02
2.889251035113756529e+02
2.885093211930667394e+02
2.885226953375693029e+02
2.885436041277624213e+02
2.886133710502674035e+02
2.886991869400873156e+02
2.888343027437138630e+02
2.889589971289248638e+02
2.886450006594853903e+02
2.883425020661484268e+02
2.884562507218541327e+02
2.885727606698548584e+02
2.887509182083355199e+02
2.889921866256624412e+02
2.890928287432810180e+02
2.888877239827150447e+02
2.885023688249525549e+02
2.885338384370636504e+02
2.886108294369676628e+02
2.887794212405091798e+02
2.889694989613421399e+02
2.891921814520587191e+02
2.889631739133760107e+02
2.887456287482805237e+02
2.887562634126396119e+02
2.889477559822707349e+02
2.890571764301462849e+02
2.892372025240265430e+02
2.894166234430783220e+02
2.889071392950203858e+02
2.887852718036165811e+02
2.889964736354577894e+02
2.892679990676227817e+02
2.892971361267431121e+02
2.893930229772361713e+02
2.890891291974518253e+02
2.889874824884807936e+02
2.889839880288982954e+02
2.890895341735030684e+02
