2.421006116543831297e+02
2.419580481498619520e+02
2.423056151646643173e+02
2.418640022526837186e+02
2.416773346783873819e+02
2.427459115392088336e+02
2.424394305480751370e+02
2.418531438348430811e+02
2.417541979163032977e+02
2.425600391663253959e+02
2.419192489669779036e+02
2.415303825204274233e+02
2.422017507549593631e+02
2.420070344787532406e+02
2.416859223538508274e+02
2.415393159696493512e+02
2.417516820189774478e+02
2.413300541668457129e+02
2.415830557907890181e+02
2.420163467937558437e+02
2.416105222738463283e+02
2.415345912830160842e+02
2.418916073564188025e+02
2.415452098704056141e+02
2.416289188000849890e+02
2.424049290904243605e+02
2.412274883690530487e+02
2.418017683928474355e+02
2.424317043810357291e+02
2.416847965274856449e+02
2.415052385108906776e+02
2.423035305564857538e+02
2.416241638951626953e+02
2.417916116263511128e+02
2.421561351440527972e+02
2.416626327073688856e+02
2.420596796892324676e+02
2.419842553667200491e+02
2.418984577171960666e+02
2.416775743292280652e+02
2.418779310150497679e+02
2.417404989528239696e+02
2.417170420876716435e+02
2.417138838557001463e+02
2.414175053218079086e+02
2.414208855968330738e+02
2.415404089952846789e+02
2.419201368096827593e+02
2.416585862375793567e+02
2.419690974972652384e+02
2.416263925226261620e+02
2.417724073144900103e+02
2.421647249464515426e+02
2.418241943575850144e+02
2.415378290338655916e+02
2.421188291876887888e+02
2.419243897348712835e+02
2.417738566100939579e+02
2.420537462774704238e+02
2.420941547277733434e+02
2.419466687631931165e+02
2.420096468203607856e+02
2.420008556527945984e+02
2.418174465237761126e+02
2.419693201876276589e+02
2.424352791418184552e+02
2.416779950216352688e+02
2.417126800453042961e+02
2.425185921251087393e+02
2.422614537250817932e+02
2.417923300094783201e+02
2.423111634158572087e+02
2.416423667816939940e+02
2.415035721637945016e+02
2.426327515132336430e+02
2.415806944234316234e+02
2.419018865544937569e+02
2.424064584032954883e+02
2.418399000334660514e+02
2.421325827557714092e+02
2.424177460320211992e+02
2.418564083951409032e+02
2.416840728273148216e+02
2.425160443959631209e+02
2.426735155886559312e+02
2.416028612822874493e+02
2.420603183655728117e+02
2.426472963830854894e+02
2.422273105033638103e+02
2.418022635539040266e+02
2.425488100340498931e+02
2.420731583567180678e+02
2.420703195754811077e+02
2.420583347019816074e+02
2.421352511497936177e+02
2.418206370250678390e+02
2.417838335641037304e+02
2.424643091241472632e+02
2.416244320242447259e+02
2.415634002772661404e+02
2.423230755885106475e+02
2.416197320935748394e+02
2.418270144992067401e+02
2.423933157168097807e+02
2.418339829679138120e+02
2.419226813808621728e+02
2.422260930032142596e+02
2.417155932263220848e+02
2.419666895942390283e+02
2.428093901829252275e+02
2.419965156875115326e+02
2.417101190632879479e+02
2.422852366895508851e+02
2.420964303822434260e+02
2.420457545112319906e+02
2.421832658266553437e+02
2.420460685476487299e+02
2.418474068117181730e+02
2.422108365496072793e+02
2.421116447453390776e+02
2.420103177799547041e+02
2.423586223682182208e+02
2.417965729645757449e+02
2.417612794183299627e+02
2.421564073416249414e+02
2.420437218410307878e+02
2.413062713150270895e+02
2.427540030636923518e+02
2.419980152894875403e+02
2.417717517104410092e+02
2.422838694868836455e+02
2.422211176216561910e+02
2.422053290104921359e+02
2.421977383661746615e+02
2.425110989204121097e+02
2.420601691932128290e+02
2.422855350561284524e+02
2.424201943221462727e+02
2.424920700526733128e+02
2.423203050627902542e+02
2.429630434810208897e+02
2.421042835010413512e+02
2.422787381921481256e+02
2.427949955984038013e+02
2.424554640625638910e+02
2.422875955053739574e+02
2.422529540925544325e+02
2.423995005839212524e+02
2.425146877074083420e+02
2.426170170423324635e+02
2.426903774197038501e+02
2.433380717198981529e+02
2.424667059530069082e+02
2.424363152778445567e+02
2.434503375319602583e+02
2.424597422161722591e+02
2.427632705512671976e+02
2.430806523320044334e+02
2.425454339661050653e+02
2.429322589960026164e+02
