3.417042755597156543e+02
3.417042751425828442e+02
3.417042757519602674e+02
3.417042744972027322e+02
3.417042744024788590e+02
3.417042767949175754e+02
3.417042754564031384e+02
3.417042739913154037e+02
3.417042746098946395e+02
3.417042756673235999e+02
3.417042739578376427e+02
3.417042737402391595e+02
3.417042751151407742e+02
3.417042744662629161e+02
3.417042732731756587e+02
3.417042740505180518e+02
3.417042742484028963e+02
3.417042727415009722e+02
3.417042726567776185e+02
3.417042738749613022e+02
3.417042722843782485e+02
3.417042726494603926e+02
3.417042736583809415e+02
3.417042723400867885e+02
3.417042725059566806e+02
3.417042735567731029e+02
3.417042719874484078e+02
3.417042726015108656e+02
3.417042737168676467e+02
3.417042720477592752e+02
3.417042723037215524e+02
3.417042731756621379e+02
3.417042718037614009e+02
3.417042723112825229e+02
3.417042726429267532e+02
3.417042713865512269e+02
3.417042717727911167e+02
3.417042718693285792e+02
3.417042710070193152e+02
3.417042719356874727e+02
3.417042719220646063e+02
3.417042716558331108e+02
3.417042711450195043e+02
3.417042717606942119e+02
3.417042703648739916e+02
3.417042710619068657e+02
3.417042715200001908e+02
3.417042701441009172e+02
3.417042710484625445e+02
3.417042711392527963e+02
3.417042702773383098e+02
3.417042699186334289e+02
3.417042711587499184e+02
3.417042702238488232e+02
3.417042701898396331e+02
3.417042712580367265e+02
3.417042703443049163e+02
3.417042694150753164e+02
3.417042707382075264e+02
3.417042698405909960e+02
3.417042697689153670e+02
3.417042701309275685e+02
3.417042700507071800e+02
3.417042691722635936e+02
3.417042698644154939e+02
3.417042701905359650e+02
3.417042686305510983e+02
3.417042691077439827e+02
3.417042704605710242e+02
3.417042689063000012e+02
3.417042683674160344e+02
3.417042699658150582e+02
3.417042679518826276e+02
3.417042683654576649e+02
3.417042697905928890e+02
3.417042676830767505e+02
3.417042689082904872e+02
3.417042696600065597e+02
3.417042683738855544e+02
3.417042688548262390e+02
3.417042689995741398e+02
3.417042680161752628e+02
3.417042684233467753e+02
3.417042697436689309e+02
3.417042695952515601e+02
3.417042674350179254e+02
3.417042680332633608e+02
3.417042692141533280e+02
3.417042677209710746e+02
3.417042677716151502e+02
3.417042689590173836e+02
3.417042684148686362e+02
3.417042674493066556e+02
3.417042680937784098e+02
3.417042681122391627e+02
3.417042668245769050e+02
3.417042676050589307e+02
3.417042682751823008e+02
3.417042672037496800e+02
3.417042678083732881e+02
3.417042679229978717e+02
3.417042659168359364e+02
3.417042670828419091e+02
3.417042679254611812e+02
3.417042660579086260e+02
3.417042671988608049e+02
3.417042675773543010e+02
3.417042670848244938e+02
3.417042665869631151e+02
3.417042679824130005e+02
3.417042666043398071e+02
3.417042656491032631e+02
3.417042674197002725e+02
3.417042672392199734e+02
3.417042660682395194e+02
3.417042668210376064e+02
3.417042665266586141e+02
3.417042661007292850e+02
3.417042667325583807e+02
3.417042661026135306e+02
3.417042661720495289e+02
3.417042667641514413e+02
3.417042658099873620e+02
3.417042661546043405e+02
3.417042662223146294e+02
3.417042654979219947e+02
3.417042655586458864e+02
3.417042665851886341e+02
3.417042653059131112e+02
3.417042654767139993e+02
3.417042662300983125e+02
3.417042662410713092e+02
3.417042658714412937e+02
3.417042657230213649e+02
3.417042666381807976e+02
3.417042653317632244e+02
3.417042661088689783e+02
3.417042658842649416e+02
3.417042660142254249e+02
3.417042664362103892e+02
3.417042663570045420e+02
3.417042652002251089e+02
3.417042657824828780e+02
3.417042663707699717e+02
3.417042657336110665e+02
3.417042646826664054e+02
3.417042660841697739e+02
3.417042656578346964e+02
3.417042652179605398e+02
3.417042653880757825e+02
3.417042657542355641e+02
3.417042663639213629e+02
3.417042651431256104e+02
3.417042653988184497e+02
3.417042665318817853e+02
3.417042651118109120e+02
3.417042660226218800e+02
3.417042665533087984e+02
3.417042657573971951e+02
3.417042656019395963e+02
