2.860212814482061390e+02
2.860112050640829011e+02
2.862035677295589267e+02
2.859284740664806463e+02
2.860239999768872963e+02
2.865006425466206679e+02
2.863330345758075168e+02
2.861045886290933140e+02
2.862402822193962493e+02
2.864315862671146533e+02
2.861309911216030741e+02
2.861332370949523352e+02
2.863961152816416984e+02
2.863412722004356397e+02
2.860301755286502043e+02
2.862352341628703698e+02
2.862774642794826150e+02
2.859839752674844249e+02
2.861933860533497977e+02
2.863850703881784625e+02
2.861701668968753438e+02
2.863453544181052166e+02
2.865978565886880460e+02
2.863129809423294319e+02
2.865421855891824521e+02
2.866052493984397529e+02
2.863167107770828466e+02
2.866974062480550742e+02
2.869074690452031859e+02
2.865113359489054119e+02
2.866524931037285455e+02
2.869245158850453095e+02
2.867989296684134501e+02
2.869153339256137087e+02
2.869423764927882416e+02
2.868618778511710730e+02
2.869844189059698465e+02
2.869954171118871500e+02
2.868744649107166538e+02
2.870501198648322543e+02
2.871375683195045099e+02
2.870329846631962596e+02
2.869710283239974729e+02
2.870538441356612225e+02
2.869309455414273771e+02
2.870648073803947113e+02
2.871338820777867227e+02
2.870871758871536485e+02
2.872877427731901321e+02
2.873746637367365793e+02
2.872466395095158873e+02
2.872753395480416998e+02
2.875466594879817421e+02
2.874063029499150730e+02
2.874397769827833145e+02
2.876868063579132695e+02
2.875073221413820193e+02
2.875335267284427232e+02
2.877701213658078814e+02
2.877743855845395160e+02
2.877270295819924399e+02
2.877789971415044192e+02
2.878434553553501019e+02
2.875898766839033556e+02
2.878655327370967711e+02
2.879235379723327810e+02
2.877777268168453020e+02
2.878725112822307324e+02
2.882028365313340714e+02
2.879639585171979661e+02
2.880129705085039404e+02
2.882127428963102034e+02
2.878148621869800650e+02
2.880716288324987318e+02
2.883065726740496189e+02
2.879620688826462924e+02
2.882957741618375280e+02
2.884550661680750068e+02
2.882589513115963769e+02
2.885160797164161295e+02
2.885245929694934262e+02
2.883967524588178435e+02
2.885299729751017708e+02
2.888972601021894775e+02
2.888361665398311402e+02
2.883869014775769415e+02
2.886766836074006051e+02
2.888655297325132096e+02
2.886408265369756805e+02
2.886611357996699780e+02
2.890293999111605103e+02
2.888338416987390360e+02
2.888111271394834034e+02
2.889080650726706949e+02
2.890148574259598604e+02
2.887508963976252403e+02
2.890242557705468585e+02
2.891324139883409430e+02
2.888584845368283709e+02
2.891369226624961470e+02
2.891555735312280717e+02
2.889250463054332272e+02
2.891920856513600597e+02
2.892619107963877809e+02
2.890966098349052231e+02
2.893318395769836116e+02
2.894013912370184585e+02
2.893529216585107520e+02
2.893731835098408851e+02
2.897178839392896066e+02
2.893465363891827451e+02
2.892719642240961093e+02
2.896820412142703276e+02
2.896680624788319278e+02
2.895164765036533936e+02
2.896580810681936100e+02
2.897243575322734728e+02
2.897651358168293996e+02
2.898730377320486014e+02
2.898454382252858181e+02
2.898875757255279950e+02
2.899773592169912035e+02
2.898788124101881749e+02
2.899857365682676686e+02
2.900587638479616430e+02
2.899905819671110407e+02
2.900609004288198776e+02
2.902577131419396324e+02
2.900443798571403704e+02
2.901471427364364217e+02
2.903913572117142508e+02
2.904291158143578855e+02
2.904702359542132513e+02
2.905989371873210985e+02
2.907490918639711595e+02
2.905208041176781535e+02
2.906783274253458558e+02
2.907935301311579224e+02
2.908373873051604619e+02
2.909556364381949720e+02
2.910296325304186098e+02
2.908170649820722247e+02
2.910047068809249708e+02
2.911996211530368441e+02
2.910726204638440890e+02
2.909498243773262516e+02
2.912504925805473022e+02
2.911980064006579596e+02
2.912571909949038513e+02
2.912530881790260651e+02
2.913645347493134068e+02
2.915904623556810975e+02
2.912741863422160691e+02
2.913567392257132838e+02
2.915624460954875303e+02
2.913096429530037881e+02
2.914991491125700804e+02
2.916227100210073218e+02
2.914301328049290873e+02
2.914934897180704638e+02
