2.381274903265023966e+02
2.382281866588317314e+02
2.380649539220712541e+02
2.380555220922636579e+02
2.384787805194707460e+02
2.383422979601452596e+02
2.382296708417892432e+02
2.380825750302097674e+02
2.383388401562275192e+02
2.379612936556772809e+02
2.382513416379764521e+02
2.379844616152236938e+02
2.380768624321633240e+02
2.381423337163870713e+02
2.378850117488828744e+02
2.381585569598419170e+02
2.382039779429398152e+02
2.381637163423012282e+02
2.381650053530411526e+02
2.380451297021608923e+02
2.380546244902712090e+02
2.378252196453099430e+02
2.381871267270221324e+02
2.382980126468600020e+02
2.381818334570001525e+02
2.381660284168500823e+02
2.382019620493615548e+02
2.380233338940706460e+02
2.384047943784599113e+02
2.380863867442327830e+02
2.378967954345884266e+02
2.377921089621498822e+02
2.379943269160039847e+02
2.377904177669698811e+02
2.377045373382733260e+02
2.376795649063316205e+02
2.376674577637031405e+02
2.377305827542497809e+02
2.379937892273101170e+02
2.377333578860987302e+02
2.377122828317800440e+02
2.377104168621516749e+02
2.378114136902028406e+02
2.379238051812685342e+02
2.378840716958377186e+02
2.376680989285769385e+02
2.377203382351654000e+02
2.376907995746953759e+02
2.373645059402439585e+02
2.372401892143615498e+02
2.376504424044676682e+02
2.376788553795767314e+02
2.376174731440268317e+02
2.374094713299616615e+02
2.373766961251844805e+02
2.375543986521768431e+02
2.375786283417868674e+02
2.376161048833456562e+02
2.377527910427802738e+02
2.377873851872207354e+02
2.378910909277301187e+02
2.374418910544700339e+02
2.374803571919159424e+02
2.372253992094398143e+02
2.376491726475527457e+02
2.375369229394609647e+02
2.376072913315328208e+02
2.377515957851580026e+02
2.378640318405849996e+02
2.376911913518123640e+02
2.376467320117803865e+02
2.375729989463062850e+02
2.374581936368526556e+02
2.373083850841928495e+02
2.377147965117263766e+02
2.374521060867878361e+02
2.372695448834963372e+02
2.374192092067745250e+02
2.374788936406678204e+02
2.375947867160992075e+02
2.376910444361725183e+02
2.376857565603349087e+02
2.376773824151516976e+02
2.374741515165814008e+02
2.374983335565503637e+02
2.371340101294603926e+02
2.373172382626404158e+02
2.372390387239820484e+02
2.374735699363614287e+02
2.374840014245331474e+02
2.376867855620364764e+02
2.373744379672427556e+02
2.374556517206342505e+02
2.377024222702902136e+02
2.375398091742520137e+02
2.375819176910830777e+02
2.374565332933275670e+02
2.374245019014693980e+02
2.374738588706605924e+02
2.377835434079707113e+02
2.378921264382802008e+02
2.377961613105665322e+02
2.376569879992695178e+02
2.376437374936592448e+02
2.374312665422111479e+02
2.375166243445626435e+02
2.376271860226896706e+02
2.378382598490279634e+02
2.378923302383068403e+02
2.377265754394704800e+02
2.374384850273679888e+02
2.377337858413679896e+02
2.373881494308929234e+02
2.371172029379342803e+02
2.370986067915521005e+02
2.374045414433916505e+02
2.372845325844546380e+02
2.375758088556063967e+02
2.379791381399163868e+02
2.377646384372753516e+02
2.375516513416129385e+02
2.374811375635590878e+02
2.374967651257598789e+02
2.376050291321255372e+02
2.374401829649321201e+02
2.375466600270376887e+02
2.374665737183208591e+02
2.374426361338290690e+02
2.372601782980699738e+02
2.372685752673705792e+02
2.375102728048529173e+02
2.375113876409759825e+02
2.374176828860551325e+02
2.370234963289214249e+02
2.372128439737537065e+02
2.372327498522494125e+02
2.376308815349713370e+02
2.376217076889003010e+02
2.376136225235172788e+02
2.377812785167336926e+02
2.374803691477065684e+02
2.373331643221679599e+02
2.364092842283520497e+02
2.370023511446695466e+02
2.372395445828786933e+02
2.370297384620003811e+02
2.370221849875924818e+02
2.371159646094275502e+02
2.371304865764450369e+02
2.372929644637600006e+02
2.374720148988490962e+02
2.377786451633579929e+02
2.376028655627122816e+02
2.375839909983025393e+02
2.374355847092980412e+02
2.374980766023256535e+02
2.377712178109576371e+02
2.375663074107028478e+02
2.380831425711925249e+02
2.379018613098126025e+02
2.378169569038981308e+02
2.376874301058298897e+02
2.375917976455379232e+02
2.375624891641610077e+02
2.376836377611864464e+02
