1.024170017288369223e+02
1.032959184128823154e+02
1.026593218271824668e+02
1.027713715275625788e+02
1.023796303347474321e+02
1.024983134816010164e+02
1.029646903378090883e+02
1.021495618869682289e+02
1.028691744637875587e+02
1.031429461894658601e+02
1.023156249643853926e+02
1.035896109112118353e+02
1.030510032618153673e+02
1.029396729532253403e+02
1.024643579286050681e+02
1.028581108222111880e+02
1.024856946365605808e+02
1.029147642977354025e+02
1.027292081291364667e+02
1.030346423047582647e+02
1.030254227014728059e+02
1.024558652150380595e+02
1.027698736418788030e+02
1.033305626003395332e+02
1.022689563826351105e+02
1.030245017912286016e+02
1.025756459805785994e+02
1.027793382710343622e+02
1.027445288980958793e+02
1.028649584223875735e+02
1.027118034903697321e+02
1.032364649312469851e+02
1.029677073615765579e+02
1.032406035531714821e+02
1.049530984196649115e+02
1.040091221664470282e+02
1.028980798317156626e+02
1.029285997242081550e+02
1.026953225498075568e+02
1.032336006119416965e+02
1.033691516893027256e+02
1.031643866175329123e+02
1.032302649511876353e+02
1.030111632225282392e+02
1.033044441161272289e+02
1.036062058023046575e+02
1.028554402005895554e+02
1.035687771251865996e+02
1.032985554188833390e+02
1.026490614601953411e+02
1.033378254758475663e+02
1.032505736749932197e+02
1.032249578888375225e+02
1.043165968477385803e+02
1.031822437492108264e+02
1.032538013540839614e+02
1.028953388976297703e+02
1.032546317282876629e+02
1.032005138273132872e+02
1.030403049803316406e+02
1.030165275798868976e+02
1.027475519044990051e+02
1.037974059356554335e+02
1.034946193894423772e+02
1.030937591758587786e+02
1.033853224541462481e+02
1.031364272509043332e+02
1.027742817982051093e+02
1.030007995926096100e+02
1.031237898557612738e+02
1.025526027932638584e+02
1.035436424279395879e+02
1.033195343003641398e+02
1.034064669777300338e+02
1.037882076570685541e+02
1.029427499083521269e+02
1.031465731707611866e+02
1.033031087864890338e+02
1.032927408284006532e+02
1.030475201653726600e+02
1.029206358385352900e+02
1.028377586468761109e+02
1.030405629230995714e+02
1.031738235727926849e+02
1.040157551104228872e+02
1.032973380674766872e+02
1.033939247339742451e+02
1.030374635956593039e+02
1.035909960155304219e+02
1.032001581462461246e+02
1.030374897780757948e+02
1.034361337804080705e+02
1.029402977489302913e+02
1.034600588294553631e+02
1.029091052779598527e+02
1.029508956764356782e+02
1.032675607971076914e+02
1.031873300556260205e+02
1.026748665952486022e+02
1.024667313488207725e+02
1.027042380627569287e+02
1.031246783215339207e+02
1.029325400152520871e+02
1.033612638717460044e+02
1.030271631583422618e+02
1.030280848477358973e+02
1.034697091146444450e+02
1.028985367059688798e+02
1.031409342258811677e+02
1.030554863822721927e+02
1.033345646200561276e+02
1.033062610489270838e+02
1.036612233776077119e+02
1.045474714975641319e+02
1.040748091498837198e+02
1.034704139607287630e+02
1.026729266545882950e+02
1.030164411622447602e+02
1.036475380613840542e+02
1.030959005157603201e+02
1.031033408710120085e+02
1.034180883312454142e+02
1.029971498335775237e+02
1.030399776977326809e+02
1.031691960959053489e+02
1.033581039717845869e+02
1.030196516790533110e+02
1.035522623264026265e+02
1.033681371060007024e+02
1.032700402335372445e+02
1.034420377328947893e+02
1.029525589543436013e+02
1.034508885086227252e+02
1.044505230120920487e+02
1.032586727938638660e+02
1.029049299477246251e+02
1.029646219878260780e+02
1.024336239554045989e+02
1.033739876289236150e+02
1.032235730414588488e+02
1.032721353177934560e+02
1.040668803342358046e+02
1.047205567127559647e+02
1.043934621561216858e+02
1.030600186656831028e+02
1.035282227333911038e+02
1.028243366796504432e+02
1.029360684111968425e+02
1.031575463575438789e+02
1.028789478240093445e+02
1.030207841873124721e+02
1.029921421407771476e+02
1.023777376872076132e+02
1.024466554179436883e+02
1.031036006645147296e+02
1.022173987001335576e+02
1.025465478505115584e+02
1.021162338363076287e+02
1.021461651715259222e+02
1.026871761286873976e+02
1.024833550968063349e+02
1.027674109123828856e+02
1.023635994284559416e+02
1.025517133939795258e+02
1.020254420537348352e+02
