2.860987257649617845e+02
2.860889678596117847e+02
2.860213151166438479e+02
2.862087442954420453e+02
2.862610560883375115e+02
2.862177812993435850e+02
2.860315513424487222e+02
2.861260605378435002e+02
2.860793355627440633e+02
2.859314539053734734e+02
2.861049880281145192e+02
2.860138107626010537e+02
2.860019351194409296e+02
2.859718291490244724e+02
2.860638237707157714e+02
2.860998604940430141e+02
2.861620279989833762e+02
2.861636423791156290e+02
2.861602532481275034e+02
2.860060110592442584e+02
2.858726820331826843e+02
2.859866108829639870e+02
2.862105610166714200e+02
2.861513513845670218e+02
2.861036976820963105e+02
2.861027339756884658e+02
2.861025200921231431e+02
2.861363139693742141e+02
2.862556000506509122e+02
2.860480486347128704e+02
2.859594892909223631e+02
2.859701678763895529e+02
2.860426860086749343e+02
2.861479688354068571e+02
2.859940249128982828e+02
2.857499018222812879e+02
2.857680389516121977e+02
2.859394441503914663e+02
2.859467648478801607e+02
2.858487662430336513e+02
2.858225926900519198e+02
2.857553747111485336e+02
2.858700217592722197e+02
2.858304745378216012e+02
2.860100732926361502e+02
2.858518344743953890e+02
2.859367251211531880e+02
2.859164536064835715e+02
2.855820526204990415e+02
2.857429859399196062e+02
2.860093905739639695e+02
2.858619876340595169e+02
2.859510066931811707e+02
2.857214279337038647e+02
2.856220712727204045e+02
2.858312479512813411e+02
2.858533658184329056e+02
2.859008209066202539e+02
2.859257076759978986e+02
2.859702867901938248e+02
2.858765702986156612e+02
2.858944215709389596e+02
2.858566857079289889e+02
2.858126743444422004e+02
2.858498182536697527e+02
2.859080699241221168e+02
2.859513715961758749e+02
2.860174826910268848e+02
2.860982668905972446e+02
2.859288394285059098e+02
2.860461227985267101e+02
2.859497564870912356e+02
2.858100764693867859e+02
2.858372624169546157e+02
2.859002916954987086e+02
2.857432846452855415e+02
2.857752903718090920e+02
2.858900512846751667e+02
2.858749501861735212e+02
2.859136854045707992e+02
2.859706204237921838e+02
2.858972013187846528e+02
2.859547088555259506e+02
2.860716886022152607e+02
2.858838867742845764e+02
2.856879406363360090e+02
2.856754229212356790e+02
2.857287537859290296e+02
2.859122386076381304e+02
2.859104544439148867e+02
2.859540442035859087e+02
2.859075763228377127e+02
2.858741856171789664e+02
2.859889349822288978e+02
2.859854615135524796e+02
2.861038691098806339e+02
2.858231635161265558e+02
2.857354611246009313e+02
2.859600754250525370e+02
2.860614363249520125e+02
2.861763497322967282e+02
2.861592581879589829e+02
2.860135439466876619e+02
2.860128234659175064e+02
2.858766362565261261e+02
2.860106943596007909e+02
2.860154414282216067e+02
2.860861457538003378e+02
2.860449534625586807e+02
2.861760293410914073e+02
2.860462446849293769e+02
2.861691171525307595e+02
2.860675888248169940e+02
2.859349288832324874e+02
2.859406688563657895e+02
2.860099664737104490e+02
2.859582805753078105e+02
2.863571498658945416e+02
2.865977774799800386e+02
2.862104215620222476e+02
2.862501042617960820e+02
2.862441895643871135e+02
2.862328116869589962e+02
2.863248865225725126e+02
2.863057788791541611e+02
2.862937201529805407e+02
2.864429715879270475e+02
2.863145612002225562e+02
2.862261788142826049e+02
2.863097350169686592e+02
2.862968498513423015e+02
2.863275430095063712e+02
2.864940555958476693e+02
2.864001806196503708e+02
2.863092983728784588e+02
2.864286673165465800e+02
2.866211971608867088e+02
2.867872794050790048e+02
2.868951903250368218e+02
2.867765119322472742e+02
2.866113279542711894e+02
2.864955228713407109e+02
2.863870673200950137e+02
2.865982665279261710e+02
2.865255708110306045e+02
2.865027913563170046e+02
2.865697647875163625e+02
2.866346539614553990e+02
2.865837263830485995e+02
2.867669262031181461e+02
2.869184127768712074e+02
2.869296440714252299e+02
2.868392340425010616e+02
2.868277831905677999e+02
2.868459459686023365e+02
2.870050968529761235e+02
2.870459411314126328e+02
2.871205540243371956e+02
2.873523035712630076e+02
2.872931703582830210e+02
2.871494840034358162e+02
2.869673182557768882e+02
2.869826957490700465e+02
2.870184486476974257e+02
2.872669831084151042e+02
