1.038671356859390045e+02
1.035046684870855387e+02
1.036783133133264556e+02
1.036639816369581695e+02
1.037005464797441050e+02
1.040572171937629520e+02
1.033816457656673293e+02
1.037806239316194734e+02
1.036029302341288911e+02
1.035403480469035884e+02
1.031676334234590513e+02
1.037542854506061758e+02
1.037807037134842147e+02
1.037327103430763913e+02
1.034034104934860352e+02
1.033363437532053268e+02
1.034086908407138736e+02
1.033020708523698517e+02
1.029367117202423856e+02
1.033518101150783508e+02
1.030881037280795027e+02
1.034193132403557485e+02
1.034295245256084428e+02
1.033028221535945050e+02
1.032180205922763889e+02
1.034060977174005984e+02
1.033510485797147425e+02
1.032223156178448704e+02
1.031764679465408108e+02
1.033063050701793912e+02
1.031604119199195111e+02
1.031538256331450043e+02
1.034910894978133484e+02
1.035450431966894342e+02
1.033596255772514922e+02
1.029688683238202316e+02
1.030019196955998382e+02
1.035524200197568803e+02
1.030631913268421158e+02
1.031830811139107169e+02
1.028812635076033217e+02
1.032602439387881645e+02
1.029025324364071139e+02
1.032433952004866455e+02
1.028168719431721314e+02
1.029696608933417536e+02
1.028920037456938275e+02
1.028025483402430638e+02
1.029610230141708058e+02
1.024383212595000572e+02
1.028067011225118534e+02
1.029786928694373955e+02
1.029216314716257585e+02
1.030159695250927143e+02
1.026914779829858588e+02
1.026141268120694576e+02
1.023960180283690420e+02
1.027454676641415716e+02
1.024391721318556989e+02
1.027978874384734382e+02
1.023765902760813020e+02
1.027921772716378968e+02
1.027237277440498957e+02
1.021974074676916047e+02
1.023377490891930250e+02
1.020776132667846383e+02
1.022108609145917626e+02
1.021240934801518705e+02
1.020662663829065195e+02
1.023353394035619885e+02
1.022493539942420284e+02
1.020680143681089618e+02
1.021280350282799532e+02
1.021070135980524043e+02
1.020314099999131230e+02
1.020877211172374217e+02
1.020054731301988795e+02
1.021060189439472055e+02
1.019856790727901483e+02
1.020331837761850693e+02
1.021129278396072522e+02
1.023862136492912214e+02
1.020773896879240539e+02
1.020015466396342418e+02
1.018718371362490558e+02
1.022058696688944792e+02
1.018045249682978124e+02
1.017393450633102248e+02
1.021298598227607357e+02
1.022989925657171710e+02
1.018999199486451772e+02
1.016237388917168687e+02
1.015851037233327503e+02
1.018267187597776768e+02
1.019044329336847454e+02
1.017114532005701477e+02
1.017720332020487035e+02
1.019299948345083493e+02
1.016838109159080972e+02
1.015884508769723311e+02
1.014366489499391264e+02
1.016333654854330035e+02
1.017885179920220367e+02
1.018012875286240018e+02
1.012727270408590243e+02
1.012947199301128052e+02
1.016413386629946558e+02
1.017885998005870789e+02
1.015764710980856904e+02
1.016082604725602323e+02
1.015339461088433950e+02
1.017362891840539163e+02
1.009945358906820019e+02
1.014872187088629545e+02
1.011445563262594050e+02
1.012914567237716739e+02
1.011582659083268112e+02
1.012529185819919917e+02
1.010577455923134949e+02
1.008754315036353546e+02
1.009119574551230016e+02
1.005942827406243367e+02
1.010417211817916012e+02
1.007844091103731898e+02
1.009558196885250680e+02
1.008334302505117108e+02
1.010291959096683740e+02
1.007489287045052748e+02
1.003337472369677386e+02
1.010216172793715970e+02
1.004842188960350171e+02
1.004698622502956482e+02
1.007990047688778219e+02
1.006608120067602243e+02
1.006900400380290108e+02
1.006153861532291813e+02
1.005611241420874791e+02
1.008074579275788807e+02
1.006497475047546146e+02
1.006531667659477733e+02
1.004912468673300481e+02
1.006401573505012124e+02
1.006042363300122133e+02
1.001266370106808523e+02
1.005678197822906554e+02
1.000462730478641760e+02
1.008566705161454706e+02
1.006569782864586244e+02
1.002612113324993715e+02
1.003349375015288274e+02
1.003601162129224349e+02
