2.379277982461376268e+02
2.383602320408310504e+02
2.383946509291139364e+02
2.385234084583082392e+02
2.384287171426225029e+02
2.382132031393174429e+02
2.380621845317390068e+02
2.382707878394175225e+02
2.381525671816652903e+02
2.379752142701001674e+02
2.380172772922504976e+02
2.384242853332170853e+02
2.384995229177818317e+02
2.384051262064889158e+02
2.384753880901014611e+02
2.382626845000247613e+02
2.384560014783515669e+02
2.385070775357201853e+02
2.383196349848833790e+02
2.383495434210829842e+02
2.383810112930576395e+02
2.381631546115826552e+02
2.381650392219436299e+02
2.381653361567316267e+02
2.384656558401567281e+02
2.383888367540161823e+02
2.384012827885235595e+02
2.386332746069880670e+02
2.383596377145939584e+02
2.381973491400493970e+02
2.381102365960279315e+02
2.381439679009177723e+02
2.383038146278647673e+02
2.379265878297122754e+02
2.376144085585661685e+02
2.380539183163199084e+02
2.383510348956397138e+02
2.381017733046215881e+02
2.383103873908961532e+02
2.382331068698460115e+02
2.379716765025890197e+02
2.383231187700487226e+02
2.380437598980541054e+02
2.379926159309019624e+02
2.384939044434469508e+02
2.384331850624270146e+02
2.385062666476458446e+02
2.385614387441413839e+02
2.381957428589530252e+02
2.383671778593664783e+02
2.382793491198154925e+02
2.380149716000580327e+02
2.383623734704319759e+02
2.376962114789112945e+02
2.379745274665443446e+02
2.382469728456144367e+02
2.378692964191596957e+02
2.381414492370560936e+02
2.383506107371320866e+02
2.378948225865683241e+02
2.381212315473949559e+02
2.380878590591057389e+02
2.379893649511416243e+02
2.379183479504850993e+02
2.381682418899539186e+02
2.383205408292302536e+02
2.380687266965940410e+02
2.381502384680666182e+02
2.382632867632692069e+02
2.378335907418435227e+02
2.385016753803518839e+02
2.382245492396032489e+02
2.379326064810417449e+02
2.379737772084186247e+02
2.378519240753330735e+02
2.379953343395511354e+02
2.383787457293539092e+02
2.383600332400599484e+02
2.382773972975007553e+02
2.384448061884317838e+02
2.380457694120401300e+02
2.381080871797682903e+02
2.381853419184341192e+02
2.378341286294190411e+02
2.381873898863998704e+02
2.380368432335284012e+02
2.381764171788936721e+02
2.384491539667992868e+02
2.383601814113693251e+02
2.381847552391429019e+02
2.383514682884117803e+02
2.379363675786286478e+02
2.381762016463756026e+02
2.381101660703880043e+02
2.381283153988964614e+02
2.379843246436770414e+02
2.381347987435032110e+02
2.384005847595306022e+02
2.379396781887611212e+02
2.382821969414098078e+02
2.381814295033459530e+02
2.379521559367375403e+02
2.381718640961219364e+02
2.379759093548204874e+02
2.379481607652535331e+02
2.378140920895319823e+02
2.378846277121433559e+02
2.377356372467357915e+02
2.382653184060192189e+02
2.377216582085696928e+02
2.377568951487820925e+02
2.378784619085459724e+02
2.375297928003909647e+02
2.372126938154278548e+02
2.375605537854156921e+02
2.377869218477913194e+02
2.374808597919120814e+02
2.375867656437862649e+02
2.377046545373750916e+02
2.376449637972532116e+02
2.374569696053908103e+02
2.376018772265007044e+02
2.376382420686746570e+02
2.373049040507596601e+02
2.369548227161626528e+02
2.371608175344872222e+02
2.372558798119929122e+02
2.371441159618494510e+02
2.370463452459366920e+02
2.373216635188772727e+02
2.374390093490803508e+02
2.368751781199876802e+02
2.375669680858028130e+02
2.369702349648120787e+02
2.367667125915738495e+02
2.369251999067955694e+02
2.370096556370977225e+02
2.371967017460164300e+02
2.371313512053850729e+02
2.370769445304360943e+02
2.370690700625652596e+02
2.368734936468283365e+02
2.364835927238038948e+02
2.363336113310753035e+02
2.368175067226967485e+02
2.370059848097223494e+02
2.369867763847355207e+02
2.371084526024770582e+02
2.367813124848908046e+02
2.373084470548783713e+02
2.367975323382668478e+02
2.372991947894372231e+02
2.373515761508261903e+02
2.370268355943337326e+02
2.369639581685330256e+02
2.370983506212168948e+02
2.372988564331418502e+02
2.370143446001211487e+02
2.369461188514743810e+02
2.369524098838104180e+02
2.370377871559202276e+02
2.370189919704143051e+02
2.371273762668282643e+02
2.374631383008124885e+02
2.370808506423810229e+02
