3.402695342860808410e+02
3.402645340507016272e+02
3.402645340809282288e+02
3.403104718544070124e+02
3.402639866844529024e+02
3.402639866286680785e+02
3.402639867803289349e+02
3.402639868177253675e+02
3.402639867274348831e+02
3.402639867873036792e+02
3.402639868640250711e+02
3.402639867664932467e+02
3.402639867158476363e+02
3.402639867560380367e+02
3.402639867532117819e+02
3.402639868126780698e+02
3.402639867022996327e+02
3.402639868428921659e+02
3.402639868241298586e+02
3.402639865994615320e+02
3.402639867910116322e+02
3.402639865980414697e+02
3.402639867430779645e+02
3.402639866139866740e+02
3.402639866473112988e+02
3.402639867754323859e+02
3.402639866891382212e+02
3.402639865994156594e+02
3.402639866902627546e+02
3.402639866610131776e+02
3.402639865219798594e+02
3.402639866343048425e+02
3.402639865763892431e+02
3.402639866694360649e+02
3.402639866327724008e+02
3.402639866230797452e+02
3.402639866888757751e+02
3.402639866350082229e+02
3.402639865572503481e+02
3.402639866063863678e+02
3.402639865161956436e+02
3.402639864051126892e+02
3.402639865821933540e+02
3.402639865919065869e+02
3.402639866097665049e+02
3.402639864895717210e+02
3.402639865505860257e+02
3.402639864980835114e+02
3.402639866024412640e+02
3.402639864362536173e+02
3.402639863991552716e+02
3.402639866245544340e+02
3.402639863487725620e+02
3.402639863667511122e+02
3.402639865753694721e+02
3.402639864051021164e+02
3.402639863847894617e+02
3.402639864081144765e+02
3.402639863919908407e+02
3.402639863817576611e+02
3.402639864176808260e+02
3.402639863118786820e+02
3.402639863068787918e+02
3.402639863783420537e+02
3.402639866336874661e+02
3.402639865525159735e+02
3.402639862181108583e+02
3.402639862829452682e+02
3.402639863149690882e+02
3.402639863459089042e+02
3.402639862279076510e+02
3.402639864024663439e+02
3.402639863706566530e+02
3.402639862883008846e+02
3.402639861084437030e+02
3.402639863033259076e+02
3.402639863705726953e+02
3.402639863111868408e+02
3.402639862863624671e+02
3.402639862634833321e+02
3.402639860824517655e+02
3.402639864017911009e+02
3.402639862292075463e+02
3.402639862236146087e+02
3.402639861573321127e+02
3.402639861687728740e+02
3.402639861507740875e+02
3.402639861772067320e+02
3.402639862868564933e+02
3.402639862422574311e+02
3.402639861422344438e+02
3.402639861613315588e+02
3.402639861960495296e+02
3.402639861678423472e+02
3.402639861823104184e+02
3.402639863751611529e+02
3.402639859659799981e+02
3.402639861725264154e+02
3.402639860667232483e+02
3.402639859941821783e+02
3.402639861264204342e+02
3.402639861276190345e+02
3.402639861874680491e+02
3.402639861785960989e+02
3.402639859416656236e+02
3.402639860692804064e+02
3.402639859607692756e+02
3.402639859965040046e+02
3.402639858910621911e+02
3.402639859080701967e+02
3.402639860776956198e+02
3.402639861317283589e+02
3.402639859733339449e+02
3.402639860677463730e+02
3.402639860188836565e+02
3.402639860919240959e+02
3.402639858301784557e+02
3.402639859613864814e+02
3.402639859256323120e+02
3.402639860675257637e+02
3.402639859224382235e+02
3.402639859338975157e+02
3.402639860444641613e+02
3.402639859574907746e+02
3.402639859712153907e+02
3.402639860175730178e+02
3.402639859998994325e+02
3.402639857024332741e+02
3.402639860270930399e+02
3.402639858015708114e+02
3.402639857676584825e+02
3.402639858256565617e+02
3.402639858253469924e+02
3.402639856379248045e+02
3.402639857815685787e+02
3.402639858528185641e+02
3.402639857472411791e+02
3.402639856664545164e+02
3.402639859060820413e+02
3.402639856238529319e+02
3.402639857720714645e+02
3.402639856139018093e+02
3.402639856231738804e+02
3.402639857735231317e+02
3.402639858341084960e+02
3.402639856611326081e+02
3.402639858610148735e+02
3.402639854519864571e+02
3.402639856694484024e+02
3.402639858206354120e+02
