2.864301331215755795e+02
2.864429308110159695e+02
2.865714964004133094e+02
2.865865956672719790e+02
2.865951553596873396e+02
2.864938393757527137e+02
2.864020838120890176e+02
2.865237429450296531e+02
2.865321728638619447e+02
2.865383455349406177e+02
2.865191526900607073e+02
2.866472296716077039e+02
2.864825845166186014e+02
2.864965043945082925e+02
2.865327607807784602e+02
2.866202828707297954e+02
2.867135464528420812e+02
2.866855646143108061e+02
2.867542362636907569e+02
2.868775979223682953e+02
2.867585811714023407e+02
2.868501432490153888e+02
2.868256098578993374e+02
2.867829452111453179e+02
2.868668077995399130e+02
2.867980169667599739e+02
2.868264324431406180e+02
2.867881652936258092e+02
2.869341723499589989e+02
2.869389613982862670e+02
2.869806523585612581e+02
2.869334268476325747e+02
2.869947946617475623e+02
2.870925841105077438e+02
2.871456951707980920e+02
2.870886200938691104e+02
2.871270217715161266e+02
2.871342968448255988e+02
2.871854127767980458e+02
2.872050934800956838e+02
2.872728483949557585e+02
2.873234012725968682e+02
2.872906377923703758e+02
2.872295222450160850e+02
2.873116893138555383e+02
2.872866730544341181e+02
2.872817248926307343e+02
2.872651719906312451e+02
2.872871039812543472e+02
2.872933965628582769e+02
2.872931810014096072e+02
2.874502429676185216e+02
2.873949888590202590e+02
2.874082632576920560e+02
2.874445353205692300e+02
2.874475727580667694e+02
2.874601359846359401e+02
2.874943782643077839e+02
2.874736160726047842e+02
2.876196984471750397e+02
2.875879699129209826e+02
2.876236540099635590e+02
2.875253158984477864e+02
2.875364174176143592e+02
2.875710925803572877e+02
2.877156976646967337e+02
2.876805536381623369e+02
2.877286812153504911e+02
2.877043740329964407e+02
2.877611569829297196e+02
2.876231155953308303e+02
2.877521254376642901e+02
2.878028466319199197e+02
2.878213875214905215e+02
2.877574001034595881e+02
2.877979017935759884e+02
2.879369934721310074e+02
2.878948928682235078e+02
2.879078937457776988e+02
2.879949892144817341e+02
2.881260590768266070e+02
2.880617196688288573e+02
2.881031843110452542e+02
2.881495678036990853e+02
2.881665968780316121e+02
2.881379624346892570e+02
2.881067193978710179e+02
2.881469897346119637e+02
2.882431384254875866e+02
2.882621130386766595e+02
2.882241583781868144e+02
2.881620062361102441e+02
2.882794627215126297e+02
2.883698546667941969e+02
2.883594959064708405e+02
2.883688400830047271e+02
2.884086144918857713e+02
2.883860759503214126e+02
2.884282239843722664e+02
2.884583438349952758e+02
2.886159814851757801e+02
2.885170643274690860e+02
2.885592543284120666e+02
2.886910911614957627e+02
2.886927518718229635e+02
2.887697511191893796e+02
2.887161321128844520e+02
2.888074393443275198e+02
2.887025503078303359e+02
2.887410942876242643e+02
2.888066306428648318e+02
2.888210532162768800e+02
2.887554096751462680e+02
2.888077361803611893e+02
2.887505448401502122e+02
2.888961685191833908e+02
2.889698632339154187e+02
2.889078680618274007e+02
2.889425595631663555e+02
2.889468186876769096e+02
2.890592497695966472e+02
2.891170160523690242e+02
2.892528621395173332e+02
2.892096997677384138e+02
2.891938875575991119e+02
2.891772175041562036e+02
2.892074940920987842e+02
2.892401403355049183e+02
2.891596435341523375e+02
2.892343995684777838e+02
2.892751540491199194e+02
2.893147397729571253e+02
2.893687889197967706e+02
2.894180443373147682e+02
2.894289853411478362e+02
2.894440973283979588e+02
2.894182986793128407e+02
2.895083864542850733e+02
2.894607954321249963e+02
2.894968595037389605e+02
2.896165731714960998e+02
2.897011240750628644e+02
2.896947775588081981e+02
2.896152060835524367e+02
2.896944230285920412e+02
2.897224455726987458e+02
2.897745197604817236e+02
2.897770077100598769e+02
2.897821188375245924e+02
2.898582142079943651e+02
