2.336826872539506041e+02
2.347245355847917097e+02
2.349297594587795572e+02
2.351460545746618607e+02
2.351663893790527311e+02
2.359113233453132352e+02
2.360552006681053854e+02
2.360489906119505576e+02
2.358412419470978136e+02
2.365494515191411438e+02
2.365316807667888952e+02
2.359999215744400374e+02
2.364521552231144597e+02
2.364605732521189054e+02
2.363165342445258545e+02
2.369832144578781765e+02
2.365278420570528795e+02
2.363413916480896830e+02
2.363016411720567760e+02
2.366455094146038221e+02
2.368640504642175983e+02
2.365364751501587079e+02
2.368386511347184751e+02
2.368086205613170421e+02
2.367231518375041617e+02
2.366207405794100112e+02
2.366222340574613270e+02
2.366449602176745657e+02
2.365907666960891049e+02
2.363419362619570450e+02
2.366570625445598068e+02
2.364026255932832044e+02
2.365842396432690578e+02
2.364579022237003301e+02
2.369757260918763393e+02
2.367317543967146491e+02
2.365588230330741908e+02
2.367061264883296587e+02
2.370302808977411075e+02
2.370646014929229750e+02
2.366168727592357754e+02
2.365664723668887746e+02
2.367583285516200249e+02
2.366489127986424990e+02
2.367678693972135591e+02
2.368899007266255694e+02
2.371405369164798742e+02
2.363915414847688510e+02
2.368773128793579872e+02
2.370469726401979358e+02
2.370414612198040913e+02
2.369190919548845216e+02
2.367747801168941066e+02
2.368160711114331036e+02
2.367076062775594210e+02
2.367222403647964200e+02
2.369550620156222749e+02
2.366792804260721539e+02
2.368737939478061492e+02
2.369191224392449442e+02
2.366583855981924387e+02
2.368804718792938502e+02
2.364856988502087631e+02
2.369826408646013931e+02
2.368704486949941384e+02
2.364091951377383509e+02
2.366909068636499285e+02
2.369976567814638884e+02
2.370024131881690153e+02
2.367227788724663071e+02
2.363785487688599005e+02
2.367972638492698536e+02
2.368936677009200764e+02
2.369330297815163249e+02
2.366698180698901695e+02
2.372221830793280333e+02
2.369558666819192467e+02
2.367744875689069204e+02
2.371079994528261068e+02
2.367988471031117967e+02
2.368321555676916148e+02
2.367802518538383936e+02
2.370081286161523337e+02
2.365268946902167500e+02
2.367179434420735618e+02
2.370372554862541108e+02
2.369011781626905702e+02
2.368114588525600368e+02
2.371812992880888089e+02
2.367430161602735268e+02
2.370935959738709471e+02
2.366798714243433608e+02
2.373533820813930504e+02
2.364806693242531139e+02
2.364958139595090358e+02
2.369092493316798880e+02
2.368368165784472410e+02
2.373342758754327235e+02
2.369039318021320071e+02
2.370279468234409421e+02
2.371366346797861127e+02
2.369144484839206370e+02
2.372186303811137975e+02
2.374146066034201965e+02
2.369073130060568246e+02
2.370717675354563028e+02
2.368989717715064671e+02
2.369709234570324270e+02
2.372186951094727476e+02
2.369113463600982357e+02
2.368885720558173489e+02
2.372809200068636812e+02
2.372824438874625628e+02
2.368070601282746566e+02
2.367285522175024823e+02
2.373528485092022038e+02
2.369060117460715844e+02
2.370471291240077392e+02
2.370431748368651199e+02
2.374704443712375053e+02
2.372848502120012881e+02
2.364535964744042928e+02
2.376475306260655600e+02
2.371255344965724419e+02
2.370415678296405133e+02
2.372589353429517871e+02
2.374151994797882992e+02
2.373187364855164958e+02
2.371936114561098066e+02
2.372464188188452283e+02
2.375817930333311949e+02
2.371567506550505584e+02
2.372166239613490859e+02
2.374638262167000846e+02
2.373893453176625883e+02
2.369418450080621881e+02
2.373579566099220699e+02
2.371325598002726736e+02
2.375085618551783000e+02
2.372716455667834623e+02
2.367485033698860946e+02
2.375471680307879012e+02
2.374409101174407795e+02
2.373525206268279533e+02
2.375917995392005366e+02
2.376606317557286729e+02
2.373761889636240028e+02
2.378679532135748786e+02
2.372544878390449696e+02
2.369130755903985630e+02
2.374733949685204664e+02
