2.886516928066818082e+02
2.891294930361964362e+02
2.892433926680581635e+02
2.894613301516685056e+02
2.900003372091269966e+02
2.903274798529320719e+02
2.901662636786002167e+02
2.902824459220312860e+02
2.905913789697954712e+02
2.907644461390410129e+02
2.903414164391916188e+02
2.904035665865432634e+02
2.906488079147700887e+02
2.905371415525507359e+02
2.907819229428822609e+02
2.908377720755136124e+02
2.905283774088736095e+02
2.904717751234820184e+02
2.908126972038082272e+02
2.908900811445512886e+02
2.906507604643112472e+02
2.906905176209799606e+02
2.907490880776087465e+02
2.907160505118201854e+02
2.909140964899045798e+02
2.908876607456878105e+02
2.908081084519060369e+02
2.906068789024736816e+02
2.904500232180386092e+02
2.907039263280481691e+02
2.909500056250747093e+02
2.907161617753283167e+02
2.907351274019674179e+02
2.909245731524303551e+02
2.909768512266001608e+02
2.907029893120254087e+02
2.907681833672534708e+02
2.910239945888831130e+02
2.910515496737519356e+02
2.907869341816696647e+02
2.909268470125068120e+02
2.910200327023126192e+02
2.908215762871649872e+02
2.907394563473123412e+02
2.910545179096497463e+02
2.909893836736572439e+02
2.906712239108567815e+02
2.906363833481511278e+02
2.909822774957032721e+02
2.910764218208898342e+02
2.910246366263806408e+02
2.908955617828293043e+02
2.910202928220984404e+02
2.908661509184993861e+02
2.910276247521608752e+02
2.910228191053834621e+02
2.910011566924177941e+02
2.910592512552188396e+02
2.909927400839692950e+02
2.907607782212965617e+02
2.908956154741766227e+02
2.909963919948166335e+02
2.908923742563363817e+02
2.909058054725649640e+02
2.906013481889634136e+02
2.906088747401915953e+02
2.910354338563650458e+02
2.911492109765658256e+02
2.909980727479825191e+02
2.906993913730690906e+02
2.906259591319240485e+02
2.909628321391529084e+02
2.910511433321029244e+02
2.907075192660228140e+02
2.908398980818251971e+02
2.911118141743775709e+02
2.909175241520911754e+02
2.908023844558699125e+02
2.909808139672898051e+02
2.909961890291121449e+02
2.908246579979074227e+02
2.909863946549777438e+02
2.908809807836979644e+02
2.907720033748631181e+02
2.910692546462736914e+02
2.910773783546390518e+02
2.909996814283791196e+02
2.910139358733201220e+02
2.909972773860161510e+02
2.908487831154175751e+02
2.911194377083602376e+02
2.910874718895530009e+02
2.907786725343547687e+02
2.906123776954732421e+02
2.909108479877494915e+02
2.911290779195116443e+02
2.911943211614981806e+02
2.910660492908926358e+02
2.907842107185590521e+02
2.910413122285387999e+02
2.911245220490872043e+02
2.910951123598677555e+02
2.911763001343294945e+02
2.910636840141671655e+02
2.910202634138857434e+02
2.912389192278837982e+02
2.912738196583314902e+02
2.912402003980294580e+02
2.912596097641217057e+02
2.910904882592146805e+02
2.913412456974378983e+02
2.914124841530187382e+02
2.911747605812990969e+02
2.910303997790628614e+02
2.912164436735650952e+02
2.912242172745896482e+02
2.909930335877198218e+02
2.911417496228749542e+02
2.912780195669194541e+02
2.913291733456860015e+02
2.910206561316398393e+02
2.910080265204136936e+02
2.913178878852681351e+02
2.911106800234488787e+02
2.912857961625288681e+02
2.914205168661527523e+02
2.911884112105981330e+02
2.911553089184582745e+02
2.914122899245664939e+02
2.914365031670396888e+02
2.912091608398497442e+02
2.911401482830165151e+02
2.913845369978958502e+02
2.914308033974129444e+02
2.912141605598364436e+02
2.913419528363900213e+02
2.913790301280258177e+02
2.913929911551560963e+02
2.912892327510217569e+02
2.909025038324704724e+02
2.910417564629909180e+02
2.914781512374132149e+02
2.914622116904695872e+02
2.913698605759578300e+02
2.913378473132033264e+02
2.914795810284817321e+02
2.915774023282625080e+02
2.914211900995719020e+02
2.911391132229685468e+02
2.913962240207191030e+02
2.914495902444103876e+02
