2.419109426794171043e+02
2.416898773488311747e+02
2.418174408496716126e+02
2.416203023572876134e+02
2.416776570597207865e+02
2.414603344932874052e+02
2.416192295207993936e+02
2.418596723515532858e+02
2.417389628547078644e+02
2.417280931027709130e+02
2.416347247919059384e+02
2.417684090411662226e+02
2.416949231275516468e+02
2.415335771467557606e+02
2.413929565369036254e+02
2.413938429353329411e+02
2.415150751599857415e+02
2.414978814492603476e+02
2.415666202195038750e+02
2.415140145296252001e+02
2.416101178107535077e+02
2.414826445636026619e+02
2.412845882106079216e+02
2.413138088676431607e+02
2.411697056269719042e+02
2.414868670743306041e+02
2.416235010729147064e+02
2.416027919987678558e+02
2.413372080176073666e+02
2.414578490474866328e+02
2.416258407622412108e+02
2.413295176643176490e+02
2.414528520679942574e+02
2.413293078504005109e+02
2.415458779587823130e+02
2.413100684478769153e+02
2.411266918903313581e+02
2.412551029931750008e+02
2.414984686848716535e+02
2.408538626844218413e+02
2.410488641414625590e+02
2.413416747925908510e+02
2.411390791659313209e+02
2.411259395066235527e+02
2.414206847202028428e+02
2.412163768386735399e+02
2.411917864333545651e+02
2.412108580161866200e+02
2.410187870445595024e+02
2.412111205428599590e+02
2.410534345246628618e+02
2.412474516296256297e+02
2.409518115694393146e+02
2.406903543868794202e+02
2.407371910361052585e+02
2.408771022802377217e+02
2.409431163094581905e+02
2.410500724942521913e+02
2.414520241899681423e+02
2.410896220823559304e+02
2.411122962127294329e+02
2.409829603546063765e+02
2.413361857566993933e+02
2.410702902814387016e+02
2.409173800137227772e+02
2.412236214536634407e+02
2.409635383628468901e+02
2.410857824075347651e+02
2.411932559131390690e+02
2.409354688684703660e+02
2.411706677180922327e+02
2.408583345408543721e+02
2.407656060600731962e+02
2.409191161429499459e+02
2.411573570269981985e+02
2.411246534418272915e+02
2.410101422464166774e+02
2.411665765400340433e+02
2.406230407727460943e+02
2.407900310603659761e+02
2.406021085098890637e+02
2.407188113983512494e+02
2.410493260431930196e+02
2.412095581270434934e+02
2.407617303426224282e+02
2.409803712328287872e+02
2.409681387260588679e+02
2.410539903309451404e+02
2.409018932145135921e+02
2.409477305347837444e+02
2.410489638327619843e+02
2.411602074501657000e+02
2.408953696345895139e+02
2.411233810405819042e+02
2.411934607253961360e+02
2.411505187688453589e+02
2.408922750998768549e+02
2.408456502331742115e+02
2.412425745578039766e+02
2.409782929242796854e+02
2.407188751885361171e+02
2.412972957124974016e+02
2.411385344628243672e+02
2.410554416962155528e+02
2.410930789864971473e+02
2.412636521726738010e+02
2.412366560261694701e+02
2.413927572429010979e+02
2.412668425892632911e+02
2.412345162667142802e+02
2.409290191961667063e+02
2.410938811344453825e+02
2.410124566547932261e+02
2.412521098481819593e+02
2.412017913978977219e+02
2.409077049508545940e+02
2.411815139932328123e+02
2.412654125947394448e+02
2.408356380536629047e+02
2.410445505159792958e+02
2.412755085734752640e+02
2.408510537372115152e+02
2.409936932644560841e+02
2.410901141493681052e+02
2.410213490564902088e+02
2.411060935688183235e+02
2.410143449794840080e+02
2.411045658142334105e+02
2.410153848548960696e+02
2.408333634437246644e+02
2.413125774534849768e+02
2.409456519253011777e+02
2.411162009263102846e+02
2.411971877831765880e+02
2.411445392800385150e+02
2.411896726687632508e+02
2.409978901119409329e+02
2.407844742697372737e+02
2.409737384654774814e+02
2.410144240198086152e+02
2.406101160565545740e+02
2.411335955941183329e+02
2.409087242649157758e+02
2.408225607451363146e+02
2.408748773670460821e+02
2.410056354886448844e+02
2.407369514271271100e+02
2.412550133774786900e+02
2.410754076856469510e+02
2.409511575926479452e+02
2.412534179507642023e+02
2.411186547049483124e+02
2.409567016007977429e+02
2.410865525156097249e+02
2.411271819820331928e+02
2.412050266659853435e+02
2.412555060154646469e+02
2.408815394790140942e+02
2.410401379092853915e+02
2.410541101775990285e+02
2.412314641931260155e+02
2.412826169998374155e+02
2.408317946700499306e+02
2.411852579047121026e+02
2.411398125244123491e+02
