9.811127560644746382e+01
9.807455811368909337e+01
9.828804647474190403e+01
9.818098043856288371e+01
9.864427456741391609e+01
9.840325323690093740e+01
9.816420689935557675e+01
9.858969720346016175e+01
9.823052271803601343e+01
9.774698643589799474e+01
9.831950405044916863e+01
9.818299522425290604e+01
9.844116121471172676e+01
9.816231553342068139e+01
9.818807374269907484e+01
9.814038363315042091e+01
9.785689954534289825e+01
9.830125531022402185e+01
9.837005069909223209e+01
9.808538269368256124e+01
9.826582634753880541e+01
9.837092115271609316e+01
9.811780329994216743e+01
9.775105549046988074e+01
9.807092204730503227e+01
9.769159142297404230e+01
9.794090988220209226e+01
9.795337929092222851e+01
9.759591483323113437e+01
9.786103203517863847e+01
9.809264182990737879e+01
9.817984749051812798e+01
9.791472292274200129e+01
9.759546458342369135e+01
9.774123896538607426e+01
9.813930222121383906e+01
9.843759144536551275e+01
9.826224671149053336e+01
9.790040822180866087e+01
9.817212152652128054e+01
9.835133184245256643e+01
9.796875200466581646e+01
9.810023626637473626e+01
9.799280245800660794e+01
9.765842047371783963e+01
9.779308770438319698e+01
9.812529210518225398e+01
9.804151790253990839e+01
9.831406126857966399e+01
9.786625414723410188e+01
9.768628011297708724e+01
9.823732728536543846e+01
9.781378424665108184e+01
9.777759845102133340e+01
9.786994066135873993e+01
9.794344142081159532e+01
9.784578419279016259e+01
9.790255935442984025e+01
9.763734987304798096e+01
9.767072782915572304e+01
9.721181629178637706e+01
9.814621863764385523e+01
9.744797387230057950e+01
9.780041831590261836e+01
9.763733576811635828e+01
9.812364777395130488e+01
9.776088428271638975e+01
9.776594860931577102e+01
9.724787925217520979e+01
9.751558243038367380e+01
9.749757604870264061e+01
9.785892913413863425e+01
9.798344963941853791e+01
9.779515284336405045e+01
9.770423407404435068e+01
9.787733506703462183e+01
9.763484355357054767e+01
9.748105844847454193e+01
9.761489885013365608e+01
9.748329504182828487e+01
9.727278529555199782e+01
9.762219132193912685e+01
9.808336611812620731e+01
9.763843207053632511e+01
9.748256760495449669e+01
9.724455235548201415e+01
9.722949477117144568e+01
9.729383834299351008e+01
9.751429686922084272e+01
9.739512777366240925e+01
9.729105415810902002e+01
9.742551307385993198e+01
9.765323009311015312e+01
9.731175551412788138e+01
9.726943299024240730e+01
9.732704892019565079e+01
9.748190465039806440e+01
9.764438024710226216e+01
9.724339418081409292e+01
9.729728080509488564e+01
9.736441465682878516e+01
9.725365627272184099e+01
9.689913809562027325e+01
9.713544149430647678e+01
9.701224224537408247e+01
9.687306496833809888e+01
9.712517006174296341e+01
9.720701737132121423e+01
9.710369232621142999e+01
9.701662374021834978e+01
9.716993253574833034e+01
9.709779418383872951e+01
9.716258737669726031e+01
9.727773056316665645e+01
9.712030765765308615e+01
9.726255528389577876e+01
9.701459055545164745e+01
9.742514238413582461e+01
9.711445305274126838e+01
9.734021989922992191e+01
9.732804382464075843e+01
9.651289218194358455e+01
9.670211553507088809e+01
9.673750037534250623e+01
9.700244530182253300e+01
9.731367153910980505e+01
9.690615783440176756e+01
9.689177134167316296e+01
9.699275967091251971e+01
9.716815884883276055e+01
9.662432171253198021e+01
9.691255393384130912e+01
9.651736823774814411e+01
9.704349938016851240e+01
9.699011003184038771e+01
9.709007366030662922e+01
9.702711648298657110e+01
9.720380868085487691e+01
9.675518777099053125e+01
9.665526183756601597e+01
9.692579266879511124e+01
9.713605955524337787e+01
9.691236336533512485e+01
9.707609598062630596e+01
9.718969886534500802e+01
9.623453362680294276e+01
9.627387221341355428e+01
9.664176495476203854e+01
9.667320198204100734e+01
9.655344906049828069e+01
9.693697290519800447e+01
9.661624081384671570e+01
9.650310564923096024e+01
9.641669881321404034e+01
9.661169310665530929e+01
9.657780377344209910e+01
9.638437180703969887e+01
9.661492935702308671e+01
9.660332840507579988e+01
9.687231063846729739e+01
9.660364536775152544e+01
9.634526228358554079e+01
9.675301104583638789e+01
9.628309107942476430e+01
9.667861523099504950e+01
