2.405081186790875734e+02
2.400472849513552376e+02
2.401225951178662399e+02
2.401087740022350090e+02
2.402954070472502792e+02
2.404305869184685207e+02
2.402473731219980948e+02
2.404055258860625770e+02
2.401165594461325838e+02
2.396502241058812217e+02
2.403162542415889220e+02
2.408388217662012210e+02
2.401519282958574024e+02
2.399552165756672082e+02
2.399010847118110803e+02
2.401400908295217675e+02
2.406311983431156705e+02
2.403986222422849153e+02
2.401007071737122089e+02
2.399684188933317728e+02
2.398772278719916642e+02
2.401355835746878711e+02
2.403292972094493223e+02
2.402029668060366419e+02
2.399568940196075744e+02
2.399492102370067812e+02
2.397025733621786401e+02
2.402208653175399320e+02
2.399602254607872283e+02
2.398604677875200650e+02
2.398789577209829531e+02
2.406315908413141642e+02
2.397546867170014764e+02
2.398355750907273887e+02
2.403762294698556161e+02
2.402144855069395817e+02
2.398607167510526779e+02
2.398903801413628116e+02
2.400528485359068043e+02
2.398746001572953617e+02
2.401734144766858492e+02
2.402539498381467240e+02
2.402140682907148630e+02
2.402575076635716584e+02
2.402347529907653723e+02
2.397750230682817403e+02
2.399104175921781916e+02
2.401911053534328460e+02
2.407785013821146265e+02
2.402750126283606278e+02
2.398255990119312457e+02
2.399428733106321943e+02
2.403949491747019920e+02
2.397423765114673131e+02
2.398472866031778210e+02
2.402072957774149984e+02
2.405069765647099302e+02
2.403943466010348118e+02
2.402752983938577529e+02
2.404094254362064191e+02
2.402736754540056552e+02
2.398851664076964880e+02
2.400986548080270779e+02
2.400475903652294676e+02
2.397545555931380648e+02
2.401117394939601866e+02
2.406994212161617952e+02
2.402573754877676322e+02
2.402505035334304182e+02
2.401003671081911079e+02
2.405852290529994946e+02
2.404704178340534497e+02
2.398346583367641642e+02
2.400451391055025852e+02
2.404493866106365658e+02
2.397693289026499599e+02
2.403041302268167954e+02
2.405049797011932071e+02
2.398681167949988549e+02
2.400713595720394267e+02
2.401904039756123836e+02
2.400848080100467712e+02
2.402959307208697339e+02
2.406568567901477707e+02
2.400350679555094473e+02
2.402630037265309682e+02
2.407758794560624835e+02
2.400659569169652912e+02
2.399931127391460848e+02
2.405311726471230713e+02
2.405424188997854742e+02
2.404613574565848069e+02
2.407447494721430701e+02
2.404136135460773573e+02
2.399623024096878510e+02
2.402460195920037052e+02
2.403461964188805666e+02
2.402764711626483916e+02
2.403761100792546870e+02
2.404296486080463353e+02
2.402988288127785665e+02
2.404217275066374953e+02
2.404220689811761531e+02
2.407937873300809315e+02
2.402072550097939256e+02
2.399381855184738299e+02
2.403846394501354382e+02
2.406242765843995528e+02
2.402103321944628078e+02
2.403558036224951877e+02
2.402859020451376466e+02
2.404406206540350297e+02
2.403820488164271580e+02
2.403825692607271947e+02
2.402291143934529600e+02
2.404100512531348670e+02
2.404936868066328088e+02
2.406424129000532730e+02
2.401176422642555224e+02
2.400445962701588485e+02
2.404359078559258762e+02
2.406112706296582076e+02
2.403204939784545502e+02
2.403864251798415808e+02
2.404276344916618200e+02
2.401299248897958876e+02
2.401817177036702731e+02
2.407068827554335257e+02
2.406933274177794146e+02
2.405180210111118413e+02
2.403740521814215754e+02
2.400208551650637219e+02
2.402041560436622376e+02
2.409101225071092642e+02
2.405771702852267708e+02
2.405474573200746136e+02
2.404211468112942782e+02
2.404328995420349031e+02
2.401096827661748705e+02
2.403052313344586253e+02
2.409121383495088082e+02
2.401663601840464537e+02
2.403515486765428761e+02
2.404720746246871386e+02
2.407262034700949016e+02
2.405860518852714449e+02
2.406183916573104398e+02
2.404259844646346380e+02
2.403579154341404092e+02
2.405514432911181757e+02
