2.864776942564146225e+02
2.864390100972477740e+02
2.864699416225160462e+02
2.865551007105130452e+02
2.865230292254643132e+02
2.866200274938358348e+02
2.865424204442581413e+02
2.866780477064658612e+02
2.865070243791140001e+02
2.864691773820115941e+02
2.867406660116706689e+02
2.869419325967930945e+02
2.866317400567106120e+02
2.866208948196552342e+02
2.866255561889001342e+02
2.867825627749968476e+02
2.869346103671401238e+02
2.869194334884431896e+02
2.866814996469842640e+02
2.867082549883184583e+02
2.867592880029633875e+02
2.868691130033144532e+02
2.869496240379077676e+02
2.869297955633151673e+02
2.867734277564039189e+02
2.868686347870626037e+02
2.868319114975579396e+02
2.870121296415032361e+02
2.869592676516897995e+02
2.868928411357100572e+02
2.869819435165733807e+02
2.872570873538350611e+02
2.869169629791832108e+02
2.870626232702471725e+02
2.872619374577832332e+02
2.873061895695264525e+02
2.871063009105535571e+02
2.871540513845866940e+02
2.872382113488247342e+02
2.872325919722318872e+02
2.873770149937442397e+02
2.874081569449400035e+02
2.873792835111537443e+02
2.873979546299676713e+02
2.874054075559326407e+02
2.872992648922324292e+02
2.873885777285856307e+02
2.875484262381955318e+02
2.876622131494318069e+02
2.875665905750508387e+02
2.874045473271432343e+02
2.875733158888991738e+02
2.876943049266137109e+02
2.875403896939562287e+02
2.876143699335023030e+02
2.877349650745682084e+02
2.879073562282691796e+02
2.877662812441516849e+02
2.878895123964114759e+02
2.880348547597800462e+02
2.877944159444764409e+02
2.876983524865358959e+02
2.878476613572644283e+02
2.878603451578925387e+02
2.878116963036733296e+02
2.880393989650505659e+02
2.882110432823574797e+02
2.881170093516242900e+02
2.879953099630885731e+02
2.881001845944424531e+02
2.882352495521898277e+02
2.881723402643318650e+02
2.880062234379369102e+02
2.881258793703663628e+02
2.883074263657933329e+02
2.881776250582964849e+02
2.884480054378808518e+02
2.884212405426623604e+02
2.882154640430027825e+02
2.883525266017031186e+02
2.884317799963666289e+02
2.884611792175493861e+02
2.886342817960248226e+02
2.886795797403339634e+02
2.886000121954618294e+02
2.886543445254387734e+02
2.887857173184597741e+02
2.885273481096758701e+02
2.885519633772861994e+02
2.888089767281920217e+02
2.888383600166110341e+02
2.888822716398315151e+02
2.890200332520637403e+02
2.888581889447690969e+02
2.887494115824105734e+02
2.889553044478203105e+02
2.889942356183459538e+02
2.889453010612526214e+02
2.890698573870151336e+02
2.891788322498743469e+02
2.889984975558683686e+02
2.891256297211465949e+02
2.893400499704725348e+02
2.893075024398171422e+02
2.890695643934949999e+02
2.891047367600631333e+02
2.893136225887276964e+02
2.894700536067202279e+02
2.892600037421088359e+02
2.893044471046287072e+02
2.893750091464937100e+02
2.894685801146790709e+02
2.895700332071829166e+02
2.895083734922740746e+02
2.894498768303110978e+02
2.895447644828183229e+02
2.896814858292585200e+02
2.895663025211541139e+02
2.894532623602746071e+02
2.895471825667673329e+02
2.896442701668190693e+02
2.897802143170213753e+02
2.897388594412537373e+02
2.897333548782208368e+02
2.897977409980387051e+02
2.897406938538810550e+02
2.899410155860508098e+02
2.900701212421441255e+02
2.901403412700399826e+02
2.901106893836269478e+02
2.899852931245962395e+02
2.898622444233242845e+02
2.900634701845431209e+02
2.902135751797376884e+02
2.901160878631457081e+02
2.901646473899189118e+02
2.902194601701767169e+02
2.902376766595406252e+02
2.901824609003613205e+02
2.903973751316751759e+02
2.903973653455015551e+02
2.902462043701367520e+02
2.903889045875332044e+02
2.904050355664990661e+02
2.905790962685138652e+02
2.906054491917363407e+02
2.905701824508896038e+02
2.906094206765095578e+02
2.905985335633726550e+02
2.907188082370136613e+02
