2.400733146174293040e+02
2.399204005237674266e+02
2.401892550248676343e+02
2.400099986012304498e+02
2.400025837213068769e+02
2.401197278603809480e+02
2.398623235845130637e+02
2.399004473422877197e+02
2.401222247801173353e+02
2.399531282687774763e+02
2.400731566976336637e+02
2.396697285379061668e+02
2.402753681000547203e+02
2.404941636853914986e+02
2.399897319860832567e+02
2.397359295776342094e+02
2.398729136283658363e+02
2.401158906611831014e+02
2.396426397942422284e+02
2.398400214098118397e+02
2.399084162067496209e+02
2.399872716041883507e+02
2.397244127738782993e+02
2.398156819075225883e+02
2.401503673156478271e+02
2.402073902345244107e+02
2.401212310378910786e+02
2.400883058222907778e+02
2.398148236392565593e+02
2.401107136789191543e+02
2.401671453738076991e+02
2.402706739934197628e+02
2.402496479982865765e+02
2.402489435140565490e+02
2.400908041924010661e+02
2.400562042646718908e+02
2.406606803299667661e+02
2.405794738569142908e+02
2.404346443257484509e+02
2.404206812520756955e+02
2.402890005728113749e+02
2.404306208233958841e+02
2.402134133238051561e+02
2.406141523845610379e+02
2.404147439895365608e+02
2.402326736636011901e+02
2.406486272116851808e+02
2.403115293254578262e+02
2.405164719809503993e+02
2.404920397482365786e+02
2.403671290315008946e+02
2.404003031248396383e+02
2.409007174210612447e+02
2.405526972907959760e+02
2.407700997887926349e+02
2.411034456147448566e+02
2.411150746696168596e+02
2.409468270494246838e+02
2.406395167607604719e+02
2.410100846971894271e+02
2.414194877130072143e+02
2.408746129407573164e+02
2.406216738084733890e+02
2.410199806855795259e+02
2.411230118504148834e+02
2.407640806414588326e+02
2.409958129553313313e+02
2.412071311300348668e+02
2.413705436621197578e+02
2.412122372102978431e+02
2.413770108692618521e+02
2.409431201106308720e+02
2.412860592513099789e+02
2.415864701387681350e+02
2.413264152423807900e+02
2.410834430567673223e+02
2.411565451576315127e+02
2.410366591423140505e+02
2.411765846829079010e+02
2.416297164638867514e+02
2.415999673468918445e+02
2.417050270317349430e+02
2.415858649044008644e+02
2.416077106081334875e+02
2.415358407847639626e+02
2.414881251042623092e+02
2.416837457556755169e+02
2.414359652423831903e+02
2.418514850897905433e+02
2.419229709747136212e+02
2.418901375359776011e+02
2.416839539607169343e+02
2.415266236865886924e+02
2.416865560669579054e+02
2.416498070286093309e+02
2.420767275532085705e+02
2.419440493981903728e+02
2.419905184700174630e+02
2.421404234963123088e+02
2.422108341816258417e+02
2.420122640920298807e+02
2.419318496429197012e+02
2.424030484079369501e+02
2.420785428353221675e+02
2.420529091162556199e+02
2.420662199146009073e+02
2.419775714216608833e+02
2.420306768930436192e+02
2.423786914287959462e+02
2.422451221934922785e+02
2.423606913076237390e+02
2.424078825214893698e+02
2.424205307538114766e+02
2.427735067464095664e+02
2.423666951334664645e+02
2.424781255002142188e+02
2.424668688229283191e+02
2.422978936789477018e+02
2.425002766076624141e+02
2.427305056393069265e+02
2.427350651945006348e+02
2.426167889676316634e+02
2.425119898475083176e+02
2.425755112397426103e+02
2.429023324193342432e+02
2.426690711690929447e+02
2.431125285942039227e+02
2.428266014257380618e+02
2.428195684347029157e+02
2.428112628358460370e+02
2.430488488078756006e+02
2.429586664306053763e+02
2.427685083623958064e+02
2.427975160003686312e+02
2.431331137317483808e+02
2.430583563446318465e+02
2.430716834701449613e+02
2.430235665555825051e+02
2.429881450912656646e+02
2.435075315143878640e+02
2.432998658899412021e+02
2.434685976880136877e+02
2.432466999803543786e+02
2.431295640738944712e+02
2.434121306335955239e+02
2.434919594891629515e+02
2.434396294961033220e+02
2.431727772898666160e+02
2.435020844935705782e+02
2.435140368687883381e+02
2.435885726869340999e+02
