1.002159178523438641e+02
9.992350175666045686e+01
1.001387677539935908e+02
1.001984702761185275e+02
1.000514781609646917e+02
1.000711317805560014e+02
1.002324197143037026e+02
9.960532912356309510e+01
9.945145381172029886e+01
9.969434006172478746e+01
1.000048352033255128e+02
1.000575596763042654e+02
9.920786111446234656e+01
9.946950199615797317e+01
1.001236723349500153e+02
1.000621713994933231e+02
9.985013101021820603e+01
9.991856576012924052e+01
1.002868668030982491e+02
9.924659004584826505e+01
9.980027349751675558e+01
9.944412416295308788e+01
9.994982223908779417e+01
9.935294145473601191e+01
9.920421373863827341e+01
9.942088195480755530e+01
9.928617356172502184e+01
9.897117234588493773e+01
9.973982947121704967e+01
9.891589339345220822e+01
9.889640519465150703e+01
9.920344920458416027e+01
9.899962471082160675e+01
9.900728025715405067e+01
9.922291495319713306e+01
9.862127251241690828e+01
9.858158300181598577e+01
9.887523622267018197e+01
9.871000015267664196e+01
9.862815535067318251e+01
9.857348655154714834e+01
9.888004577906546899e+01
9.868642848335321105e+01
9.853793567529974951e+01
9.848041456721279019e+01
9.864600654241151290e+01
9.842974385478066779e+01
9.847217456226474042e+01
9.826164065977422979e+01
9.861873511614038534e+01
9.838292040324382981e+01
9.852759519929469434e+01
9.808510618947940429e+01
9.851556906555249782e+01
9.779886204187219789e+01
9.758619659074243202e+01
9.765974082867388972e+01
9.810091568916169535e+01
9.758318274351138655e+01
9.750203669764324843e+01
9.806843457452572466e+01
9.813110885946959172e+01
9.739562725538566212e+01
9.781949514107087396e+01
9.771293349245320314e+01
9.770255645964982705e+01
9.736594620539945311e+01
9.750835932739141754e+01
9.731564015889479435e+01
9.708555035075386286e+01
9.746367255276398112e+01
9.785014140049544551e+01
9.698091497591330779e+01
9.671509108880707117e+01
9.711358461902678130e+01
9.766547959683238389e+01
9.701234207719214453e+01
9.710113590061159528e+01
9.712205488476060111e+01
9.668548491320332516e+01
9.640456837880338981e+01
9.707771398950062292e+01
9.663414142460828771e+01
9.678195180923074759e+01
9.681200092377503097e+01
9.677455402787394689e+01
9.646450092140069899e+01
9.655498473336864151e+01
9.614941041127758581e+01
9.636722815652801444e+01
9.649903940930782653e+01
9.643622655144838518e+01
9.650852195165397518e+01
9.621275754975619066e+01
9.636029387338318486e+01
9.609740540765115213e+01
9.622573638464187695e+01
9.643557306634893678e+01
9.560048157896612508e+01
9.572708557342929225e+01
9.611469370725795613e+01
9.582355618435529721e+01
9.533919025782036272e+01
9.625250044612164402e+01
9.584771847139109013e+01
9.579119513331522739e+01
9.606391901851311843e+01
9.549636124997054765e+01
9.529264162617288036e+01
9.554879626761588440e+01
9.521542651283978387e+01
9.550469373917952964e+01
9.518496379301537047e+01
9.503111844744120162e+01
9.515632846299729408e+01
9.539977356152307664e+01
9.510981714919127228e+01
9.521619467573583506e+01
9.487378656323937776e+01
9.484270445602972188e+01
9.462462029765140414e+01
9.523541128649874565e+01
9.512089507321012150e+01
9.472902701197597253e+01
9.437155136780280884e+01
9.462874320814842122e+01
9.455197819963343875e+01
9.462796614270600060e+01
9.456382073916739728e+01
9.410184194429793081e+01
9.443233181583701707e+01
9.409898216379416169e+01
9.422711002958008919e+01
9.423730677941328793e+01
9.405863803731783435e+01
9.433748040688242043e+01
9.405398789922446667e+01
9.416050820793181231e+01
9.404017416698195575e+01
9.391753394645773767e+01
9.370276669916104595e+01
9.336411564829221277e+01
9.385508700772540180e+01
9.387113482113767304e+01
9.370851793997404400e+01
9.342571742486605046e+01
9.344127569181976867e+01
9.358566919237834725e+01
9.311976387464517302e+01
9.328668372789108787e+01
9.306278794617064420e+01
