2.866368644699435322e+02
2.866758287096064919e+02
2.868461242803984419e+02
2.867430597324117798e+02
2.867828967905469995e+02
2.867719444410440701e+02
2.866161817148567366e+02
2.866775442155819178e+02
2.868299331176777969e+02
2.869077980518077311e+02
2.869049821957885911e+02
2.868128496942161973e+02
2.870211172735029095e+02
2.872401100049390266e+02
2.869939855334312711e+02
2.869389547580230442e+02
2.869158507719756130e+02
2.870055441809203671e+02
2.867654038845703894e+02
2.869431831062253764e+02
2.869742013287985287e+02
2.871109156028776965e+02
2.869868140067098921e+02
2.870610324968662894e+02
2.873292481916285510e+02
2.873652889375236441e+02
2.873055146901759258e+02
2.873636530972783589e+02
2.872510583651282445e+02
2.874294614015218485e+02
2.875536614964941009e+02
2.876344034554118139e+02
2.876048426270336336e+02
2.876352567160056992e+02
2.876215824625782034e+02
2.876918564876585265e+02
2.880392516134672860e+02
2.879863067289128367e+02
2.878893665448206889e+02
2.878476729819566344e+02
2.879188686189394843e+02
2.878436546319734930e+02
2.880141256987953398e+02
2.881340493920614563e+02
2.880988430797764295e+02
2.880269000663699899e+02
2.881320710016691464e+02
2.881222133049631111e+02
2.882677430288258051e+02
2.882338894128199058e+02
2.881875541186145142e+02
2.882675699145981980e+02
2.884695669594653396e+02
2.884249327623708155e+02
2.885516747041533563e+02
2.887824939212632671e+02
2.887719176372655170e+02
2.886105760881219453e+02
2.886094316169921399e+02
2.889389168002073234e+02
2.890048811878143056e+02
2.886552693780565733e+02
2.887229930903910713e+02
2.889070317543710189e+02
2.889725784947754050e+02
2.888891093610629355e+02
2.890277572060378475e+02
2.890964390529532579e+02
2.891814170194265330e+02
2.892442563660745805e+02
2.894387198931244143e+02
2.891144640459266952e+02
2.893309356121349651e+02
2.895638212230973636e+02
2.894203354143447768e+02
2.893201402445649819e+02
2.894221928077400321e+02
2.894590750756730699e+02
2.895626120738628515e+02
2.897569991760136077e+02
2.899192250757018314e+02
2.899515719410039196e+02
2.899146161471452956e+02
2.898282067612581159e+02
2.899436201988124253e+02
2.898870080016429824e+02
2.900715105640778688e+02
2.901572576121873794e+02
2.902327555262010605e+02
2.903211526970394516e+02
2.903129658672098117e+02
2.902681555455869216e+02
2.902669108782497460e+02
2.904286412898355252e+02
2.904488455138045992e+02
2.906130285550768804e+02
2.906376143808056440e+02
2.906298635107453379e+02
2.906803683554631448e+02
2.908182715492879424e+02
2.907575819785399744e+02
2.908012516895897193e+02
2.911165448682434658e+02
2.909345651952125991e+02
2.909803043720878577e+02
2.910193479746594107e+02
2.910254922951547769e+02
2.911011055793917990e+02
2.913528792527307587e+02
2.913613885663070846e+02
2.913469313528248676e+02
2.914747490929365199e+02
2.914818091878049131e+02
2.916717097236888208e+02
2.915348733512835224e+02
2.915832607697009848e+02
2.916283405153417334e+02
2.916184127635768277e+02
2.917920941093871647e+02
2.919500193000801573e+02
2.919879263861362801e+02
2.920788509287816623e+02
2.920465633214213312e+02
2.920069262958107288e+02
2.922385169486292966e+02
2.922726311962832710e+02
2.924536515760318025e+02
2.923733700813742757e+02
2.923041809561846662e+02
2.924812501226087420e+02
2.926398224203879295e+02
2.925285240374028604e+02
2.924883370555406259e+02
2.926052861425670812e+02
2.928031124387625823e+02
2.929244126405481552e+02
2.929014492411147899e+02
2.929958615341070640e+02
2.930521463067198624e+02
2.932604814380574680e+02
2.931843493133102356e+02
2.932124508578860400e+02
2.932148288135819598e+02
2.932012295841644800e+02
2.933103792408847994e+02
2.933996723732490182e+02
2.934678910742005087e+02
2.935193909210148036e+02
2.936978058987444342e+02
2.937526451497402604e+02
2.938095905698783099e+02
