2.391112291953920703e+02
2.390219782189523130e+02
2.388844875017917957e+02
2.392571240968174209e+02
2.392735630308672796e+02
2.392658865277015536e+02
2.390750146001812482e+02
2.390773543100563074e+02
2.390216513262595299e+02
2.392751332128576678e+02
2.391144639489080816e+02
2.389808036982892645e+02
2.388381122434190047e+02
2.392266917452245707e+02
2.392133363472974281e+02
2.390972661222778299e+02
2.393549067650838822e+02
2.390961103056730792e+02
2.389961581241847455e+02
2.390503315268281597e+02
2.390832876794912636e+02
2.389865376441788101e+02
2.391955082855471346e+02
2.389546967217747522e+02
2.391496766852428664e+02
2.391845602980749561e+02
2.389520457270296845e+02
2.392091147564545963e+02
2.392894855158789369e+02
2.391295727338506367e+02
2.390803863752546192e+02
2.390978185958616393e+02
2.391176434897498382e+02
2.390766280946948825e+02
2.390827293581378399e+02
2.391090571971254803e+02
2.388560982077139840e+02
2.391337443561667442e+02
2.389294520139098950e+02
2.389631788716210110e+02
2.390555972460402074e+02
2.390604645859182540e+02
2.391949767893552234e+02
2.391174302369217060e+02
2.391698246092696536e+02
2.393545597566777872e+02
2.393148239945417117e+02
2.389669770522930037e+02
2.391858552573762893e+02
2.391786625112832496e+02
2.391702474848877102e+02
2.389320237881548508e+02
2.391363034092414352e+02
2.391369163809686142e+02
2.393561700488962458e+02
2.388887631763260799e+02
2.389700264287386062e+02
2.389410447981037180e+02
2.388654392358959910e+02
2.388646447230541696e+02
2.389421310396781735e+02
2.389707130450200054e+02
2.391996045837030351e+02
2.390051125831789420e+02
2.390168972103622593e+02
2.389758217313514876e+02
2.390308483230336094e+02
2.390634520310117352e+02
2.389917480252191524e+02
2.390902658754800143e+02
2.392273743855814701e+02
2.389767448422220184e+02
2.388166703558050301e+02
2.391630096196568047e+02
2.391599394123378772e+02
2.389699984021473256e+02
2.390751799420031602e+02
2.386967426244712840e+02
2.388246059007316262e+02
2.387963876503836218e+02
2.390219269135091338e+02
2.391947925852213928e+02
2.385911606546492294e+02
2.390291602165688118e+02
2.392669221277338636e+02
2.388924300008572743e+02
2.390474560361470537e+02
2.391708239592592520e+02
2.388978111356123293e+02
2.389268155785554484e+02
2.386629050628439757e+02
2.388429743028491430e+02
2.393087923740193901e+02
2.390129832771869758e+02
2.391661000433157369e+02
2.390654305930028443e+02
2.389317648393645470e+02
2.389648120040743606e+02
2.391938148566826783e+02
2.389234630589830886e+02
2.391201636454437391e+02
2.389103178478808047e+02
2.387635076534334075e+02
2.387835542300194049e+02
2.390313195840004994e+02
2.391258473081577733e+02
2.391470081340638956e+02
2.389569663281064038e+02
2.388555877407314085e+02
2.390052689757078781e+02
2.389239733160624439e+02
2.389795057681837704e+02
2.387905358774853823e+02
2.391247758696991639e+02
2.388932751420169041e+02
2.390050827610472481e+02
2.389636700652292802e+02
2.387585005639031124e+02
2.391814090366384846e+02
2.390694730879915539e+02
2.390338853179384841e+02
2.388549356884638826e+02
2.390436172301619990e+02
2.391700265485214061e+02
2.389282705055657914e+02
2.390926523147049068e+02
2.390615412062518317e+02
2.392226247421059497e+02
2.392386095292377775e+02
2.390651446798218558e+02
2.389111880229590952e+02
2.389896503121936746e+02
2.389234786438727554e+02
2.391820877181715730e+02
2.392335261898783756e+02
2.391006611048013895e+02
2.393824429542555663e+02
2.389366239488079202e+02
2.392916330473586584e+02
2.389925517335928191e+02
2.391558132141055069e+02
2.391678417711920872e+02
2.391056139276777515e+02
2.389532613906909262e+02
2.391355163485483502e+02
2.390845342713962793e+02
2.391958738130693973e+02
2.390525056577201894e+02
2.390624782922118357e+02
2.392163340478876137e+02
2.390447678442945971e+02
2.390531061205330445e+02
2.390873208850297260e+02
2.391399201804760253e+02
2.393147711914813272e+02
2.390066496168111598e+02
2.391279133393815357e+02
2.391310305129678397e+02
2.391322326680838444e+02
2.389985588277927775e+02
2.388067263273789251e+02
2.390462106884861271e+02
2.387031218075441359e+02
2.387518031371283485e+02
2.388259034843728159e+02
2.389942328404662248e+02
2.389419867652630671e+02
2.388821818120196667e+02
2.389289501362875399e+02
2.389679677077771203e+02
2.389155270241731159e+02
2.391212974171083943e+02
2.391370611865928595e+02
2.393153319991279488e+02
2.392146912008160200e+02
2.391303992073538893e+02
2.391024714419174018e+02
2.390780470995774465e+02
2.389305243708734849e+02
2.391412792612065914e+02
2.391870639573998290e+02
2.388889175772183933e+02
2.389789210896657607e+02
2.392165875831942401e+02
2.391010790168746496e+02
2.388766347085358746e+02
2.391975853907142380e+02
2.391101398851400006e+02
2.390104086395323577e+02
2.391510240084624002e+02
2.390606634111488518e+02
2.392293510718747314e+02
2.389128098090014873e+02
2.391221656508817830e+02
2.391900573697978700e+02
2.392289858918029779e+02
2.392238951961700195e+02
2.391339854798320914e+02
2.391445173760244813e+02
2.390847584725660226e+02
2.390620910871091098e+02
2.388629904095357404e+02
2.390340284995737647e+02
2.391144210181871301e+02
2.389507196156773432e+02
2.390773801077613996e+02
2.388020683874592578e+02
2.389735943371371434e+02
2.387842256367650009e+02
2.388030371351663064e+02
2.391128765463434718e+02
2.388393202756877542e+02
2.389452213006528609e+02
2.388272965032788022e+02
2.389713161451081760e+02
2.387203739103996156e+02
2.387335142042066707e+02
2.389380255988420743e+02
2.388137634572633203e+02
2.388081138238972017e+02
2.388776322698120964e+02
2.388184797900205751e+02
2.388625449416852859e+02
2.390939040956732242e+02
2.388967402089748475e+02
2.388631272296637462e+02
2.388303506555148772e+02
2.389682626518178665e+02
2.389269615004240848e+02
2.389408345098820519e+02
2.390567407272950220e+02
2.389829885292632525e+02
2.388412789670982477e+02
2.387838237532307346e+02
2.390975566316645029e+02
2.392436296349334555e+02
2.392758735094456597e+02
2.392018875075866617e+02
2.392036898051123899e+02
2.392524986269878298e+02
2.392714594157337160e+02
2.391011886713139347e+02
2.393704798758957395e+02
2.392036731550943216e+02
2.392268135668769276e+02
2.392442881160440322e+02
2.390495685951965186e+02
2.392400094366274459e+02
2.391492648777362717e+02
2.393726219616543176e+02
2.394504987143828600e+02
2.391677587863219685e+02
2.393269115806231468e+02
2.394777089673382307e+02
2.391739259737167060e+02
2.393683328589296480e+02
2.392679042065584554e+02
2.392900135438533482e+02
2.394074461145698933e+02
2.393345962291279250e+02
2.390121607930244636e+02
2.390551188355622401e+02
2.392102148280392555e+02
2.392543884260824996e+02
2.393660020213547739e+02
2.392136348278618243e+02
2.391545371424226403e+02
2.393369963442568178e+02
2.393103265164064339e+02
2.393023273405808879e+02
2.393079377212564793e+02
2.392555013135269348e+02
2.394006339976889421e+02
2.393094104828301170e+02
2.392947230176433493e+02
2.392014699697830338e+02
2.393215216424950711e+02
2.393413100624806020e+02
2.393251889813212472e+02
2.392067769339858785e+02
2.396347297002942867e+02
2.393105366481851206e+02
2.389272131136243331e+02
2.390835744757647490e+02
2.390921918219040663e+02
2.390440658812040908e+02
2.389873359243233608e+02
2.391337094804497383e+02
2.390948890882862941e+02
2.390314404344415777e+02
2.392190527165038532e+02
2.392131501184533136e+02
2.391509945341159664e+02
2.390157599197807770e+02
2.390521928530330626e+02
2.390258584353745448e+02
2.391431537931051992e+02
2.392287869788007413e+02
2.390572772588637918e+02
2.391348764091874273e+02
2.389862271211774498e+02
2.392008187341219525e+02
2.390959660170051677e+02
2.391014296283245528e+02
2.390949427545935748e+02
2.389139749625266802e+02
2.390210359844184325e+02
2.391159402941898122e+02
2.390120783864215639e+02
2.388994336512390646e+02
2.388986436548049994e+02
2.390993335036150995e+02
2.390339229662929768e+02
2.389398144243348270e+02
2.390989636637220030e+02
2.391335243441126011e+02
2.390674273014396078e+02
2.392186439018933868e+02
2.390109535358014625e+02
2.390401944812194586e+02
2.391574546848104035e+02
2.392120429686729040e+02
2.390683014088834852e+02
2.393462089697423778e+02
2.392585599478460381e+02
2.389581786787399835e+02
2.389816924864707914e+02
2.391517671982374225e+02
2.392985314354661170e+02
2.392452833290459182e+02
2.392433730770997045e+02
2.390559438151148299e+02
2.391462310592560243e+02
2.391358978724385906e+02
2.390043243583383799e+02
2.389834564794221308e+02
2.390975747103296953e+02
2.390808590854214515e+02
2.391987386727965941e+02
2.390138447372738710e+02
2.390417025305348488e+02
2.389766435630883450e+02
2.392081431499005078e+02
2.390297006884418352e+02
2.390771568434283836e+02
2.392805513043721533e+02
2.390048251909588828e+02
2.389445930546685588e+02
2.390260856922744495e+02
2.391696985897613104e+02
2.387263568772661699e+02
2.390448071477361509e+02
2.390253009179226353e+02
2.389214769767451969e+02
2.389684785003111074e+02
2.389353852251079786e+02
2.391527641798141985e+02
2.390264994848799631e+02
2.389285356300129024e+02
2.391022097465562695e+02
2.394061890063064766e+02
2.393629925115420463e+02
2.390735426329724760e+02
2.393395802373127879e+02
2.392320818912447464e+02
2.389602597280781140e+02
2.391234442727983662e+02
2.391009412012434723e+02
2.391537660400464347e+02
2.390826103751005576e+02
2.393541423731378757e+02
2.389169408632248235e+02
2.389181587749004905e+02
2.392107234643196705e+02
2.388006301094671642e+02
2.392108452461169179e+02
2.389959378224280329e+02
2.390043581238712989e+02
2.390934820238610143e+02
2.388109239653699660e+02
2.390427116879835694e+02
2.391483562277910266e+02
2.390921478923418135e+02
2.388601691597503986e+02
2.388452933282693778e+02
2.387246577246844481e+02
2.387743777109052132e+02
2.385092088983272731e+02
2.387925279754379062e+02
2.391279115275291360e+02
2.387846401150752342e+02
2.389560786964961778e+02
2.386299844918953283e+02
2.387912574686415610e+02
2.389583872908220883e+02
2.390394543908776939e+02
2.390859793909029065e+02
2.389137455056328179e+02
2.388753779711146308e+02
2.389807129934984005e+02
2.387707186736823814e+02
2.388531267614150977e+02
2.388309216635987013e+02
2.388473619289276257e+02
2.389624527918975616e+02
2.389529314882793471e+02
2.389102198704885893e+02
2.389595288419877477e+02
2.388301304190125904e+02
2.390385649394368102e+02
2.389858332410788080e+02
2.388526972169412659e+02
2.388492916657788498e+02
2.388157339425542602e+02
2.388460815741888155e+02
2.388232566365206537e+02
2.390672852720102810e+02
2.390744731755346209e+02
2.389606747926762012e+02
2.388039377551239966e+02
2.388940239258509735e+02
2.391340668863848578e+02
2.389645820621320809e+02
2.389578270658633699e+02
2.390139057860288574e+02
2.391401554989801923e+02
2.389706901442356468e+02
2.392924949967259352e+02
2.390686669513029585e+02
2.390600438452524656e+02
2.393070624140029850e+02
2.392523809756676485e+02
2.389587194966572952e+02
2.389294528851849861e+02
2.390596721294004965e+02
2.388636595714999658e+02
2.388073099501483227e+02
2.387767830865311396e+02
2.388860572932484558e+02
2.391625628118203224e+02
2.388738027177215884e+02
2.388450223776371502e+02
2.388269615519794797e+02
2.390944667961912273e+02
2.392686592430206076e+02
2.391265544527821305e+02
2.393369413393750165e+02
2.391532432551489364e+02
2.389562066638718250e+02
2.389787132824182834e+02
2.389899621819435254e+02
2.390373848198418330e+02
2.389957168737768995e+02
2.389836204488207443e+02
2.390284789288458853e+02
2.390691673921398888e+02
2.392953669484948023e+02
2.393345371058225055e+02
2.388595941982837019e+02
2.392334057312705511e+02
2.390588121469549208e+02
2.390853617169104837e+02
2.392108996184526859e+02
2.391477991890692181e+02
2.390604267998864145e+02
2.390963096990827808e+02
2.390643093566357891e+02
2.390148246034477779e+02
2.391659425389567275e+02
2.390161219340764376e+02
2.389885980856955996e+02
2.389690694499063284e+02
2.392594464443862989e+02
2.390036698924915584e+02
2.391581378198671644e+02
2.390649046903303372e+02
2.390836840987951462e+02
2.388865742806693788e+02
2.390344437703440690e+02
2.390216107896316089e+02
2.389960197632516383e+02
2.389799991989565058e+02
2.393058635774727634e+02
2.390034017675122016e+02
2.391057951947495042e+02
2.391540527666259379e+02
2.391582061224007418e+02
2.389440875662003236e+02
2.388178782128131559e+02
2.390660857806274464e+02
2.390377219995042708e+02
2.393115027751935884e+02
2.391603267375980693e+02
2.390098127587793897e+02
2.388984238938329270e+02
2.390348081989475020e+02
2.389771000789645257e+02
2.390876273355837611e+02
2.387330646432160108e+02
2.389061391886059482e+02
2.390671167768076373e+02
2.389254916919787490e+02
2.389725991761207240e+02
2.388624185065501990e+02
2.386870965441302133e+02
2.387886409561277503e+02
2.390619717993721167e+02
2.391128542516629238e+02
2.388507055024398653e+02
2.390896349372181930e+02
2.390084192292864316e+02
2.390965622010415075e+02
2.391338265857804402e+02
2.389103600149975648e+02
2.387458506120970299e+02
2.389358956544809587e+02
2.390636956334768399e+02
2.391947132095964150e+02
2.388195623038010353e+02
2.389908845773107089e+02
2.388476400033104881e+02
2.389278250110569672e+02
2.388564094397603412e+02
2.389789381138656381e+02
2.388390197823073038e+02
2.388548488834526040e+02
2.388635203016301887e+02
2.388566377443461590e+02
2.389642731475685480e+02
2.389937685228593693e+02
2.391447024530989154e+02
