3.402679534549706091e+02
3.402647037895824269e+02
3.402647038317584816e+02
3.402647037946994146e+02
3.402647037027149963e+02
3.402647036876527977e+02
3.402647039983486934e+02
3.403233768677673652e+02
3.402639900774270814e+02
3.402639900389180525e+02
3.402639901084492635e+02
3.402639901067112760e+02
3.402639901182067774e+02
3.402639899736924463e+02
3.402639899908209031e+02
3.402639902051648733e+02
3.402639900923744563e+02
3.402639900512513123e+02
3.402639900532404340e+02
3.402639899811364899e+02
3.402639900191533684e+02
3.402639901280312529e+02
3.402639900236796393e+02
3.402639900897478924e+02
3.402639900491914204e+02
3.402639900863727576e+02
3.402639902628777122e+02
3.402639900914679743e+02
3.402639899325717465e+02
3.402639900578814149e+02
3.402639899526907357e+02
3.402639901142591157e+02
3.402639899714313856e+02
3.402639889478766122e+02
3.402639868072970444e+02
3.402639867342623461e+02
3.402639885699604179e+02
3.402639900427523116e+02
3.402639900288741046e+02
3.402639878761365253e+02
3.402639868562594074e+02
3.402639869031683588e+02
3.402639868870739406e+02
3.402639867229232777e+02
3.402639866840181071e+02
3.402639867849083544e+02
3.402639867100917854e+02
3.402639869210366328e+02
3.402639880382157003e+02
3.402639866721488602e+02
3.402639867449251483e+02
3.402639869529309635e+02
3.402639868394139171e+02
3.402639868634440177e+02
3.402639867246716676e+02
3.402639868274764581e+02
3.402639867701931848e+02
3.402639867268468379e+02
3.402639868552681151e+02
3.402639868880377207e+02
3.402639868981224822e+02
3.402639869847491241e+02
3.402639868332348669e+02
3.402639869476006993e+02
3.402639868118870936e+02
3.402639867508722205e+02
3.402639869362126319e+02
3.402639867446780499e+02
3.402639868370070531e+02
3.402639868719190304e+02
3.402639866833666815e+02
3.402639867378713348e+02
3.402639868277069013e+02
3.402639867611007389e+02
3.402639867674399170e+02
3.402639869595386131e+02
3.402639868304646598e+02
3.402639868176519826e+02
3.402639868887044940e+02
3.402639868869375164e+02
3.402639869108038511e+02
3.402639868140529984e+02
3.402639868945742592e+02
3.402639868956960072e+02
3.402639865576429088e+02
3.402639868555122575e+02
3.402639868630997739e+02
3.402639866856085291e+02
3.402639867845848585e+02
3.402639868435299491e+02
3.402639870529296218e+02
3.402639869623340587e+02
3.402639866840742684e+02
3.402639868943072656e+02
3.402639869159063437e+02
3.402639867326103627e+02
3.402639868798856355e+02
3.402639868587098704e+02
3.402639867699618890e+02
3.402639867314589424e+02
3.402639868141536112e+02
3.402639868877991489e+02
3.402639869368497330e+02
3.402639870013857717e+02
3.402639868554097689e+02
3.402639868197194915e+02
3.402639867422019506e+02
3.402639866445646817e+02
3.402639869239508812e+02
3.402639869826637664e+02
3.402639869072716579e+02
3.402639866863106022e+02
3.402639870284769472e+02
3.402639868168361659e+02
3.402639868422149334e+02
3.402639868528769398e+02
3.402639869283982534e+02
3.402639869162695732e+02
3.402639869122747882e+02
3.402639869243733415e+02
3.402639869043136400e+02
3.402639869918963313e+02
3.402639867577188966e+02
3.402639868259486207e+02
3.402639868984265377e+02
3.402639868005481389e+02
3.402639868437639166e+02
3.402639868546933144e+02
3.402639867654566501e+02
3.402639869337523919e+02
3.402639869195024858e+02
3.402639867791177153e+02
3.402639870834626095e+02
3.402639868507749838e+02
3.402639867441911861e+02
3.402639868631307536e+02
3.402639869278597189e+02
3.402639869586492978e+02
3.402639867478101792e+02
3.402639868134517656e+02
3.402639867504232711e+02
3.402639868422608060e+02
3.402639868974750357e+02
3.402639869765945946e+02
3.402639868467959445e+02
3.402639867559001345e+02
3.402639868204282152e+02
3.402639869099944576e+02
3.402639869239931727e+02
3.402639867927633190e+02
3.402639868063201334e+02
3.402639869060948286e+02
3.402639870191985665e+02
3.402639867962365656e+02
3.402639868233820266e+02
3.402639868451709049e+02
3.402639866791544705e+02
3.402639869489242415e+02
3.402639867470405193e+02
3.402639868949291895e+02
3.402639868722088750e+02
3.402639867666802616e+02
3.402639868547191213e+02
3.402639868925979840e+02
3.402639870088091243e+02
3.402639866912731463e+02
3.402639866821750161e+02
3.402639868085851163e+02
3.402639867301437562e+02
3.402639867616805986e+02
3.402639867697062073e+02
3.402639867207390694e+02
3.402639869889720217e+02
3.402639867498289163e+02
3.402639868258404476e+02
3.402639868079516532e+02
3.402639867069526076e+02
3.402639867398107754e+02
3.402639867985477053e+02
3.402639870226453809e+02
3.402639868311004534e+02
3.402639867953482167e+02
3.402639868823642928e+02
3.402639867473406525e+02
3.402639867822217639e+02
3.402639868719758738e+02
3.402639867307817667e+02
3.402639869028666340e+02
3.402639868739620965e+02
3.402639868590989636e+02
3.402639867923576844e+02
3.402639868536665517e+02
3.402639869387501790e+02
3.402639869643714405e+02
3.402639869546837303e+02
3.402639868512530938e+02
3.402639868436003781e+02
3.402639868235767722e+02
3.402639867752962459e+02
3.402639867943224203e+02
3.402639869729783300e+02
3.402639869537974278e+02
3.402639866936493149e+02
3.402639867986808895e+02
3.402639868732233026e+02
3.402639867672901346e+02
3.402639867309291617e+02
3.402639868055434818e+02
3.402639868151822498e+02
3.402639869245392674e+02
3.402639868561483922e+02
3.402639869109656274e+02
3.402639867029983520e+02
3.402639868843692170e+02
3.402639868465423092e+02
3.402639866678127305e+02
3.402639867687632886e+02
3.402639867286104050e+02
3.402639868364688596e+02
3.402639867826948716e+02
3.402639867438186343e+02
3.402639868754770873e+02
3.402639869219300408e+02
3.402639867189320739e+02
3.402639869463264404e+02
3.402639867620447376e+02
3.402639869520455704e+02
3.402639867886371690e+02
3.402639867506450742e+02
3.402639868067620341e+02
3.402639867548483039e+02
3.402639867501720232e+02
3.402639868282341808e+02
3.402639869839269409e+02
3.402639869169217377e+02
3.402639868388679929e+02
3.402639868059023911e+02
3.402639868801684884e+02
3.402639869815344014e+02
3.402639870494908791e+02
3.402639867410237571e+02
3.402639868781070049e+02
3.402639868837132440e+02
3.402639868042532498e+02
3.402639868554646227e+02
3.402639868883937879e+02
3.402639868428352088e+02
3.402639870489884402e+02
3.402639868691325660e+02
3.402639868103970571e+02
3.402639867486296339e+02
3.402639868882191081e+02
3.402639868482133352e+02
3.402639866933827193e+02
3.402639868189486947e+02
3.402639868384857778e+02
3.402639867927993578e+02
3.402639868980933784e+02
3.402639868638470944e+02
3.402639869948722549e+02
3.402639869411659106e+02
3.402639868970812813e+02
3.402639868448336529e+02
3.402639867939670353e+02
3.402639866582234163e+02
3.402639868285542093e+02
3.402639868092953179e+02
3.402639867165719920e+02
3.402639868028187493e+02
3.402639868589206458e+02
3.402639869404268893e+02
3.402639869112292104e+02
3.402639867722353983e+02
3.402639869054252699e+02
3.402639866526040464e+02
3.402639870299318545e+02
3.402639868924212010e+02
3.402639867962600420e+02
3.402639868911322196e+02
3.402639869738940774e+02
3.402639867977168819e+02
3.402639868151591713e+02
3.402639868482886527e+02
3.402639868366032943e+02
3.402639868448987954e+02
3.402639869284620318e+02
3.402639869141959821e+02
3.402639867258648110e+02
3.402639868472116405e+02
3.402639867993816551e+02
3.402639867017443862e+02
3.402639868494372308e+02
3.402639867566841190e+02
3.402639868599447937e+02
3.402639868723431960e+02
3.402639868719198262e+02
3.402639869751173478e+02
3.402639868503330831e+02
3.402639868677164827e+02
3.402639869422524157e+02
3.402639868449888922e+02
3.402639867317037101e+02
3.402639868783315933e+02
3.402639868300290686e+02
3.402639867403583480e+02
3.402639869208115329e+02
3.402639869372852104e+02
3.402639868456686258e+02
3.402639869786613076e+02
3.402639868258513616e+02
3.402639868038333475e+02
3.402639868815476234e+02
3.402639869845644967e+02
3.402639868855932832e+02
3.402639868378894903e+02
3.402639868658543492e+02
3.402639868538045107e+02
3.402639868649819732e+02
3.402639869490946580e+02
3.402639868557986347e+02
3.402639868270275088e+02
3.402639870121049626e+02
3.402639869709635150e+02
3.402639867654562522e+02
3.402639867528124000e+02
3.402639869061590048e+02
3.402639868985966700e+02
3.402639869946870590e+02
3.402639869621394269e+02
3.402639870194041123e+02
3.402639869782842084e+02
3.402639869028889166e+02
3.402639868048083258e+02
3.402639868225987243e+02
3.402639866654422462e+02
3.402639869839304083e+02
3.402639868275685444e+02
3.402639869126781491e+02
3.402639868032923118e+02
3.402639867927923092e+02
3.402639869447418164e+02
3.402639868711989948e+02
3.402639868304034394e+02
3.402639868152310214e+02
3.402639868423946155e+02
3.402639867454650471e+02
3.402639867628745947e+02
3.402639868484865247e+02
3.402639869241910446e+02
3.402639868600535351e+02
3.402639869292199251e+02
3.402639868824450673e+02
3.402639868461416768e+02
3.402639867228871822e+02
3.402639869289308763e+02
3.402639868230936031e+02
3.402639868416542299e+02
3.402639867156279365e+02
3.402639868470544684e+02
3.402639867860811478e+02
3.402639868735987534e+02
3.402639869706043783e+02
3.402639869411939912e+02
3.402639867606586108e+02
3.402639869304929903e+02
3.402639868353229531e+02
3.402639867752098439e+02
3.402639867419537154e+02
3.402639869540492441e+02
3.402639867187731397e+02
3.402639868408568873e+02
3.402639869810705591e+02
3.402639870431523264e+02
3.402639867818768948e+02
3.402639868096242139e+02
3.402639866696156901e+02
3.402639867328476271e+02
3.402639868598428734e+02
3.402639867726009015e+02
3.402639868152832037e+02
3.402639867830015419e+02
3.402639869184297368e+02
3.402639869087425950e+02
3.402639866908629642e+02
3.402639869913451207e+02
3.402639868896063149e+02
3.402639868556271949e+02
3.402639869624765083e+02
3.402639868719284664e+02
3.402639867664949520e+02
3.402639869288627210e+02
3.402639868368802922e+02
3.402639868429579906e+02
3.402639869073967134e+02
3.402639868219748678e+02
3.402639868809690711e+02
3.402639867605822133e+02
3.402639868599109150e+02
3.402639868840786335e+02
3.402639868049561755e+02
3.402639869860454382e+02
3.402639869270557824e+02
3.402639870137659841e+02
3.402639869749870059e+02
3.402639866164523141e+02
3.402639869356109443e+02
3.402639868411271777e+02
3.402639868471055138e+02
3.402639869680149900e+02
3.402639868374910179e+02
3.402639868952328470e+02
3.402639868560702894e+02
3.402639868234785467e+02
3.402639868465246877e+02
3.402639868280169821e+02
3.402639867914633101e+02
3.402639868458957721e+02
3.402639866707795591e+02
3.402639867102193989e+02
3.402639869972398401e+02
3.402639867778559619e+02
3.402639868852800760e+02
3.402639868224820816e+02
3.402639869055317945e+02
3.402639868818417881e+02
3.402639868113897705e+02
3.402639868929254590e+02
3.402639869047957291e+02
3.402639868416990794e+02
3.402639868322524990e+02
3.402639867491051291e+02
3.402639866612246919e+02
3.402639870099048380e+02
3.402639869551426841e+02
3.402639867936221094e+02
3.402639868469233875e+02
3.402639869600756128e+02
3.402639867421517579e+02
3.402639869945897431e+02
3.402639867867063685e+02
3.402639867116772621e+02
3.402639868872634565e+02
3.402639868691647393e+02
3.402639869023207098e+02
3.402639867182409148e+02
3.402639868766111704e+02
3.402639868160885044e+02
3.402639866981699583e+02
3.402639867859148808e+02
3.402639869908754235e+02
3.402639868303817821e+02
3.402639870323511673e+02
3.402639868183908334e+02
3.402639868789104298e+02
3.402639869047935690e+02
3.402639870083049232e+02
3.402639868668611598e+02
3.402639868216738819e+02
3.402639869195172082e+02
3.402639865862049078e+02
3.402639866899125991e+02
3.402639868345970058e+02
3.402639867404909069e+02
3.402639867874815991e+02
3.402639868535744085e+02
3.402639867259990751e+02
3.402639868124221607e+02
3.402639867428529215e+02
3.402639867621655299e+02
3.402639868980716642e+02
3.402639867511817329e+02
3.402639868073849243e+02
3.402639867446796984e+02
3.402639868049257643e+02
3.402639867456057914e+02
3.402639869012693907e+02
3.402639867588240463e+02
3.402639870106731905e+02
3.402639867262579969e+02
3.402639869328123154e+02
3.402639869070220016e+02
3.402639869086693238e+02
3.402639867256953607e+02
3.402639868346127514e+02
3.402639868621728851e+02
3.402639868669402858e+02
3.402639867794172801e+02
3.402639867329896219e+02
3.402639869793177354e+02
3.402639866282878529e+02
3.402639868621390633e+02
3.402639867793516260e+02
3.402639868552639086e+02
3.402639867866723193e+02
3.402639869926172764e+02
3.402639868290863774e+02
3.402639867926354782e+02
3.402639868552201392e+02
3.402639869524266487e+02
3.402639867411887167e+02
3.402639866644382778e+02
3.402639868142042587e+02
3.402639868180351073e+02
3.402639866784432456e+02
3.402639869934723720e+02
3.402639868104600964e+02
3.402639868262719460e+02
3.402639867697254203e+02
3.402639869694837671e+02
3.402639868202140292e+02
3.402639868244827426e+02
3.402639868904789182e+02
3.402639868827165515e+02
3.402639869303457090e+02
3.402639869773644818e+02
3.402639868172245201e+02
3.402639868133503001e+02
3.402639867243858021e+02
3.402639867420679138e+02
3.402639869781390303e+02
3.402639868693932499e+02
3.402639868666495886e+02
3.402639869483234634e+02
3.402639867897433987e+02
3.402639868694413394e+02
3.402639868223829467e+02
3.402639868201278546e+02
3.402639868964023435e+02
3.402639869318468300e+02
3.402639867646952325e+02
3.402639867224256136e+02
