9.696203667140945015e+01
9.713401793751812363e+01
9.720782950728109029e+01
9.682784400884251852e+01
9.703923611168538343e+01
9.690650255910617261e+01
9.659808661291282306e+01
9.683217740250887573e+01
9.699313092299153993e+01
9.690135262218126400e+01
9.721220734152876730e+01
9.723479384043275786e+01
9.681587299491665988e+01
9.708415806883931509e+01
9.697734481991955136e+01
9.681822366632381716e+01
9.678816216185458643e+01
9.744578869414760902e+01
9.711233184881443492e+01
9.689895872834586044e+01
9.712273181318016668e+01
9.698900406669281438e+01
9.719934120917923792e+01
9.701930071911537823e+01
9.698837264959921356e+01
9.720975823003310268e+01
9.696318375888095886e+01
9.697304340865969152e+01
9.699362593243677111e+01
9.694738436141437887e+01
9.721702762909779949e+01
9.707861195379359742e+01
9.707226597862309347e+01
9.714303379871624600e+01
9.705667410338291745e+01
9.690978063014654253e+01
9.686419645630036257e+01
9.710610206860809512e+01
9.723600428013503461e+01
9.696544271729850095e+01
9.720651087311297545e+01
9.716669979038330496e+01
9.686347492141133841e+01
9.696771513457794356e+01
9.687007780514660737e+01
9.701596855878626968e+01
9.683226269475477466e+01
9.703612898110638696e+01
9.666166466420206405e+01
9.713467915300229549e+01
9.704574849866804698e+01
9.681633927892521285e+01
9.703767727148438382e+01
9.675430118227045284e+01
9.694538939290025326e+01
9.697538477622805431e+01
9.715692964883294280e+01
9.679339153689922171e+01
9.702426723187261359e+01
9.669805892012311688e+01
9.695207205854642041e+01
9.673055032618356108e+01
9.681669391953546722e+01
9.696483245628644454e+01
9.688490008962413924e+01
9.704690421619932295e+01
9.680347836651566240e+01
9.688910016206260423e+01
9.710242582107251508e+01
9.702349327489146447e+01
9.698304916476074311e+01
9.675738516584567606e+01
9.718563395019727125e+01
9.685114755152386579e+01
9.680082863600578946e+01
9.700799726778201659e+01
9.715355170899793791e+01
9.718264147062423319e+01
9.683379033759730703e+01
9.711496844822397634e+01
9.702647296392626686e+01
9.699428976121903645e+01
9.704893949519366458e+01
9.694962050887038174e+01
9.696639084762490768e+01
9.707383063791637312e+01
9.681305295453104520e+01
9.710805432829631911e+01
9.694074680856648740e+01
9.705104941472171731e+01
9.695304377219603964e+01
9.694843417853856238e+01
9.694922639810273779e+01
9.721141507623157452e+01
9.684651700751926739e+01
9.700374621929752550e+01
9.706784153594735187e+01
9.706620639352279056e+01
9.713997414215714343e+01
9.713669408310447295e+01
9.724891755379128711e+01
9.700087528947916837e+01
9.731789392552055062e+01
9.697549304411721494e+01
9.692736451008924803e+01
9.675202241076455323e+01
9.694409825606301467e+01
9.691549652818945049e+01
9.706778935013822718e+01
9.702163793350683818e+01
9.735263525091941972e+01
9.686744045586128493e+01
9.671938982728322287e+01
9.692452232885079866e+01
9.717842534857273051e+01
9.677647975680901027e+01
9.698945043535991317e+01
9.693811643920690813e+01
9.679959704885165195e+01
9.683095834852173311e+01
9.713171472000739470e+01
9.704100661438933173e+01
9.682259514682844781e+01
9.705326129643272282e+01
9.693600626752190408e+01
9.699936757081076166e+01
9.676505112350024262e+01
9.658710295070189034e+01
9.693474758629550081e+01
9.701848141405962167e+01
9.716026219208140446e+01
9.704866236754594411e+01
9.679340999909209131e+01
9.693154143396610323e+01
9.683718921568028293e+01
9.673180773416108025e+01
9.682477594581463620e+01
9.693203291591784421e+01
9.665290066992652385e+01
9.695904203977511315e+01
9.675773148588375250e+01
9.700420427564546344e+01
9.689855116804646684e+01
9.669633086149913481e+01
9.680355964046492545e+01
9.689120785692034588e+01
9.700721307789787318e+01
9.690279017742169287e+01
9.688257122143967592e+01
9.689911077893408731e+01
9.686594805668676145e+01
9.674947495558531330e+01
9.695336154385012151e+01
9.689716846209533685e+01
9.677704331478354050e+01
9.694955895134633295e+01
9.687499066885924037e+01
9.683507961620183835e+01
9.704182923893176849e+01
9.687067702241490963e+01
9.712213898295954095e+01
9.706141900237950892e+01
9.687721240935580624e+01
9.667333433391839037e+01
9.704204336431020295e+01
9.697203886168819054e+01
9.699899881924035583e+01
9.697041624399018644e+01
9.691133852016194794e+01
9.679413704428856136e+01
9.682190933873090444e+01
9.665074962150940507e+01
9.674267064137448813e+01
9.652361151300607389e+01
9.705657877762168084e+01
9.685798567510897783e+01
9.679920734922221470e+01
9.701298871314263295e+01
9.676661727625950959e+01
9.672146373675451514e+01
9.679260447161574632e+01
9.688757573289895220e+01
9.698276925414029392e+01
9.685842693457726682e+01
9.699684859627178923e+01
9.699032353586640909e+01
9.681822880167594292e+01
9.672785014745771548e+01
9.691851061771963316e+01
9.673558435574481962e+01
9.683751149170548445e+01
9.672546947687176555e+01
9.671515372899280294e+01
9.661285769009221269e+01
9.658497061968523667e+01
9.674390391486348051e+01
9.669155117334686622e+01
9.711747893718575142e+01
9.704480019825912507e+01
9.693802313830080664e+01
9.689447235197157227e+01
9.691322847226938109e+01
9.705168088793239178e+01
9.693029054469771211e+01
9.680982604645316769e+01
9.717842737910264361e+01
9.688609706645445385e+01
9.699153912035103531e+01
9.691346375672083013e+01
9.682888354766795658e+01
9.704595642597136873e+01
9.711008560355463715e+01
9.738896631260314507e+01
9.702455253701749882e+01
9.715537914225554061e+01
9.736051920965489614e+01
9.712063251229712080e+01
9.706429295601994056e+01
9.692972566806393786e+01
9.734559494224568255e+01
9.681728496069672474e+01
9.700679503845374541e+01
9.715770641640972372e+01
9.689214090760629006e+01
9.713109820303604636e+01
9.715345268529569012e+01
9.679219130512824165e+01
9.694617140409592082e+01
9.673119238500144945e+01
9.698270710780110448e+01
9.724028514798628464e+01
9.693669611309944401e+01
9.706464481910309416e+01
9.673877546197830668e+01
9.707945889683264795e+01
9.667414468633637625e+01
9.683150306093874349e+01
9.676431280695140913e+01
9.705653556738752741e+01
9.667248559041735234e+01
9.681370088120092987e+01
9.677746069964176456e+01
9.687501724478819654e+01
9.659198819942940872e+01
9.696099079337547266e+01
9.660704709731430739e+01
9.670619106362244111e+01
9.657728372452220356e+01
9.685035855997317356e+01
9.667356210136591699e+01
9.667083229513595199e+01
9.657401741513764648e+01
9.659614774464300524e+01
9.692884944283814264e+01
9.693855870793164797e+01
9.664008312486602392e+01
9.666433387266177135e+01
9.675881226101428467e+01
9.676939031707547656e+01
9.705876436577187860e+01
9.689209012311226843e+01
9.702393256460185000e+01
9.691341154550407566e+01
9.646809703355596355e+01
9.681762523792103536e+01
9.667425168594974139e+01
9.677486561228249684e+01
9.664011148446876120e+01
9.673780703536471037e+01
9.651619004226063225e+01
9.661501740406795591e+01
9.661495563710354872e+01
9.677618724079012225e+01
9.679875036235667096e+01
9.676334190581872008e+01
9.670254374408608555e+01
9.681488397931151724e+01
9.668299436352485543e+01
9.655782937380676856e+01
9.672122526653168961e+01
9.671680352123992463e+01
9.711360706156195022e+01
9.698982424848996686e+01
9.669561303546549880e+01
9.703857836472745646e+01
9.679025458314551145e+01
9.694880915837656232e+01
9.700370810129133758e+01
9.693014636802401185e+01
9.676356922878341038e+01
9.707382954638684680e+01
9.645211231238498328e+01
9.688011444049995191e+01
9.659422089471303252e+01
9.703345891133660928e+01
9.664732571738402100e+01
9.671880760344676276e+01
9.697690511382570833e+01
9.690500380849981354e+01
9.665980098588254066e+01
9.682208087884130521e+01
9.697393984004962419e+01
9.702336007635113901e+01
9.665142067905703982e+01
9.705664764570933301e+01
9.684625228383293916e+01
9.682004265129445741e+01
9.715130658408448028e+01
9.700997802971045303e+01
9.702636726572073655e+01
9.692664119196730610e+01
9.687032272211257578e+01
9.683225015495894183e+01
9.693609561793773821e+01
9.662913088956800323e+01
9.682737093427977015e+01
9.676608363762296960e+01
9.667885078383130804e+01
9.690462786559896813e+01
9.669729611585297846e+01
9.702717928556359084e+01
9.683540653732667636e+01
9.678955426663395656e+01
9.698349750549958515e+01
9.679515649073674410e+01
9.697066323284620637e+01
9.667923664847877774e+01
9.677378070469764282e+01
9.646055745594448183e+01
9.697291025907036044e+01
9.698076126206835568e+01
9.710850731137360015e+01
9.694617595652152886e+01
9.680531178621053812e+01
9.695085380169513201e+01
9.679787735865113518e+01
9.684247681866418134e+01
9.651745029001439491e+01
9.681345297385321658e+01
9.668389524264976842e+01
9.690984880438698212e+01
9.715202253784347874e+01
9.695993646839336577e+01
9.672019103626467995e+01
9.657546477053757883e+01
9.667777043403333437e+01
9.733633960549299502e+01
9.670969862293139840e+01
9.691781246602111821e+01
9.699014799785481955e+01
9.689334737655467222e+01
9.661533334463587153e+01
9.719964131894523973e+01
9.733470526867432682e+01
9.681252903584920944e+01
9.701584268645616760e+01
9.697738776633475766e+01
9.673394595348031544e+01
9.695096696419642512e+01
9.665641574229448452e+01
9.680231718256486317e+01
9.685282802028609694e+01
9.653023005111715804e+01
9.678170280054014540e+01
9.688181160398211489e+01
9.709440452054097648e+01
9.661941183668329813e+01
9.680240328208526535e+01
9.676414760903689682e+01
9.662466604899221068e+01
9.687092664785767226e+01
9.706761145209837593e+01
9.694841096770107924e+01
9.679935628521077717e+01
9.680248058904264497e+01
9.686845449086939652e+01
9.707467672131259917e+01
9.684391520000467324e+01
9.708350394731586164e+01
9.706826844811807575e+01
9.688600623865558248e+01
9.706374333260100684e+01
9.708764929529401400e+01
9.688280501007135115e+01
9.708368997240107490e+01
9.711925422442972433e+01
9.719603768046061987e+01
9.701538776495742411e+01
9.674801764624068312e+01
9.704325028849955004e+01
9.685052651097633714e+01
9.719220227900450482e+01
9.706315200082354977e+01
9.692459170809962643e+01
9.684723199527303450e+01
9.709949472099565071e+01
9.685919008225023674e+01
9.689156325927002911e+01
9.691133892440701914e+01
9.693585729377149107e+01
9.698169799189288653e+01
9.703839230929547455e+01
9.669933759045970589e+01
9.704375299087000428e+01
9.712276609421097362e+01
9.700877588638128657e+01
9.676571713475546233e+01
9.688031640289682400e+01
9.680132038222227209e+01
9.701349227117522389e+01
9.689232277322024345e+01
9.692331661851648050e+01
9.694204252249170395e+01
9.700760567534202039e+01
9.711859769905454698e+01
9.707369346748600947e+01
9.697303705544017305e+01
9.693142620884809446e+01
9.685343259832019669e+01
9.700338243604223010e+01
9.681608466179415018e+01
9.683431569088780577e+01
9.714355656882450774e+01
9.691668354296882626e+01
9.680405742015376802e+01
9.703647388219518177e+01
9.681521274810374678e+01
9.659064828934214120e+01
9.696341273849446907e+01
9.668240524862272878e+01
9.648677988739633804e+01
9.709640840787331229e+01
9.694935813816958614e+01
9.702675167169236659e+01
9.701176526266004885e+01
9.736871713566290509e+01
9.691642716822239834e+01
9.695086450633455399e+01
9.699930224847429372e+01
9.692143568502525852e+01
9.705841525891385402e+01
9.677142164201342212e+01
9.679634857121227753e+01
9.682818186079327916e+01
9.678513279815770431e+01
9.680506534169536792e+01
9.671284902343079182e+01
9.737418524419813082e+01
9.674238999771351644e+01
9.682135716228259525e+01
9.678557778248097065e+01
9.652264643551090728e+01
9.715283682088171702e+01
9.660198455312689703e+01
9.660354179839464450e+01
9.674517759187405375e+01
9.678250271852242292e+01
9.688147232922823093e+01
9.672140023563791544e+01
9.692087434016271175e+01
9.665104297920051124e+01
9.692439443226287210e+01
9.687373447255527026e+01
9.658613917331213372e+01
9.682486831658786741e+01
9.686067091522107830e+01
9.709787034824164209e+01
9.678735935671035406e+01
9.689557107874590258e+01
9.681668679255393783e+01
9.695379957801463888e+01
9.679544115698803353e+01
9.680591468033371427e+01
9.695468960164731698e+01
9.682130021915490659e+01
9.677518136420718520e+01
9.683821159226506836e+01
9.680168519716477249e+01
9.682221307035136704e+01
9.688318390337836661e+01
9.703853174696773465e+01
9.667589246604502762e+01
9.692625279030717422e+01
9.658117350826894665e+01
9.663875219139913497e+01
9.675551941651957577e+01
9.682647277437864375e+01
9.709926341590744414e+01
9.666108648030233041e+01
9.678800476498530259e+01
9.655266361834623012e+01
9.679898817651694287e+01
9.689963263948568795e+01
9.695784585525503019e+01
9.685139234911487449e+01
9.682511627873633131e+01
9.688279910280853358e+01
9.691628144586063343e+01
9.716534049848685584e+01
9.696055149158171105e+01
9.691649669928894184e+01
9.692901688831777562e+01
9.704143748067195929e+01
9.724564454471965291e+01
9.699188590115296904e+01
9.693850242856156285e+01
9.677070863240892606e+01
9.693571636801038949e+01
9.688844142029530815e+01
9.667340492277408259e+01
9.680967331823961786e+01
9.678354336426086491e+01
9.687548724649235510e+01
9.697307576107438365e+01
9.712894995062811176e+01
9.697469929471270689e+01
9.666527149764733906e+01
9.694298003757643301e+01
9.712110608908841414e+01
9.685339727751404837e+01
9.689549940383723481e+01
9.715379839633398262e+01
9.695854801008245261e+01
9.696177906466105867e+01
9.709044521754219659e+01
9.678188603512940347e+01
9.706625726637831519e+01
9.706424112286764228e+01
9.678632866434050186e+01
9.663858132323524330e+01
9.689030445275462000e+01
