2.864183455936712335e+02
2.864604098782097594e+02
2.864439508376834738e+02
2.865438604033980141e+02
2.865438488386460563e+02
2.864597881893329827e+02
2.864835853818271403e+02
2.864213706904403693e+02
2.864385583103496060e+02
2.865317690404727955e+02
2.864183975225551535e+02
2.863275043073093116e+02
2.864057818518648446e+02
2.864422532373807826e+02
2.864290885415536536e+02
2.864780836337527603e+02
2.865342265951359195e+02
2.863555565276496964e+02
2.863140707789016801e+02
2.863612957924023590e+02
2.863776645869076560e+02
2.863671370766192581e+02
2.864588693148167522e+02
2.863930621482858783e+02
2.864593490210110645e+02
2.865002212754034758e+02
2.865426360950647791e+02
2.865570445602384666e+02
2.864574497921855141e+02
2.864606545313437778e+02
2.864735139401957440e+02
2.864928659430906350e+02
2.865026560947292182e+02
2.864465199425667379e+02
2.865075520174975168e+02
2.864496408373055374e+02
2.864388158790367811e+02
2.864753266801771474e+02
2.863863828969158476e+02
2.863988605541501897e+02
2.864742240059831602e+02
2.863841362866091345e+02
2.864301744223564583e+02
2.864645669250351716e+02
2.864345823980665955e+02
2.865357548170722453e+02
2.864990914946515659e+02
2.864580956265239706e+02
2.865337347491482092e+02
2.865618112868951926e+02
2.864625706195386101e+02
2.865151979347959355e+02
2.864310022490884649e+02
2.865090877595673646e+02
2.864783360178243470e+02
2.863316974373727248e+02
2.864140554219998194e+02
2.864057629032225805e+02
2.863534738369149295e+02
2.863434602535241993e+02
2.864092835951134930e+02
2.864845438361529091e+02
2.864565344843016987e+02
2.863797790946263717e+02
2.864055720397271898e+02
2.863758150707644177e+02
2.864950058443833427e+02
2.864559764050513877e+02
2.864020109051223812e+02
2.864202625084226952e+02
2.863655646262701566e+02
2.863860953261425948e+02
2.863582329713790955e+02
2.864308791915619281e+02
2.864363198739790164e+02
2.864234416490223225e+02
2.864110315194625969e+02
2.862931338739433613e+02
2.862708283470808510e+02
2.863541895963219304e+02
2.863804129271313172e+02
2.864039324530070871e+02
2.863038139454916973e+02
2.864905800440893131e+02
2.864851760114076455e+02
2.864186003095940691e+02
2.864181672678056998e+02
2.863935432325815214e+02
2.863461019508811205e+02
2.864028319273124907e+02
2.862976928764940681e+02
2.864379891700509120e+02
2.864682959133675126e+02
2.864385345050122851e+02
2.865039110545029644e+02
2.864825213335328158e+02
2.864116212324508979e+02
2.863929858969754605e+02
2.864744562262514478e+02
2.863445019041092223e+02
2.864122654639819530e+02
2.863466790246172877e+02
2.862933051338052337e+02
2.863710159464954472e+02
2.864487902487853148e+02
2.864014067237222889e+02
2.863132656800756308e+02
2.863748753081354153e+02
2.863443520788403021e+02
2.863828066418982417e+02
2.863006000503389146e+02
2.863381928446112852e+02
2.863859840292862486e+02
2.863928939373748221e+02
2.864059396288755011e+02
2.863948956792102081e+02
2.864318943188054050e+02
2.864094666730920267e+02
2.864665701217139144e+02
2.864101504798358064e+02
2.863824943256259985e+02
2.863965614698490185e+02
2.864936940669691126e+02
2.864602737168341378e+02
2.864541562741936218e+02
2.864616848691669588e+02
2.864946582992884601e+02
2.864648569330494752e+02
2.864195604196249860e+02
2.863925920451309253e+02
2.863983385211992641e+02
2.864270145195180248e+02
2.864472598057843129e+02
2.865344299506259631e+02
2.865218915213105788e+02
2.864807407809489064e+02
2.865076090956508779e+02
2.864417758398078604e+02
2.865344288958703487e+02
2.865024841290840527e+02
2.864603719046692731e+02
2.863527569312028049e+02
2.864336062709374460e+02
2.864483250407120636e+02
2.864310108439496503e+02
2.864341074350691656e+02
2.864373844679740273e+02
2.864163821427808330e+02
2.864918644597746038e+02
2.864720613612164470e+02
2.864711654315583473e+02
2.864584108399181446e+02
2.865443972219125044e+02
2.865550600340229153e+02
2.865535122819988487e+02
2.864446816099838315e+02
2.864908324083989442e+02
2.865337653542570138e+02
2.864801683390152789e+02
2.863796358030697888e+02
2.864019246480103220e+02
2.863236155482647973e+02
2.863316972704634509e+02
2.863960476573574283e+02
2.863855417503773992e+02
2.863022917383344179e+02
2.863376377049736448e+02
2.863436581291668404e+02
2.863479315923839295e+02
2.863978070529277034e+02
2.864107506932197680e+02
2.864708490638742546e+02
2.864932374689068979e+02
2.865645932107787530e+02
2.864604268808569714e+02
2.864283400670316837e+02
2.864130738268210621e+02
2.863629252965927208e+02
2.863593307034360009e+02
2.864906236602374179e+02
2.864697111543779897e+02
2.864160138596994898e+02
2.863627598521653113e+02
2.864540390884222916e+02
2.863463379463921115e+02
2.863704540547354327e+02
2.864954777076211485e+02
2.864383053398244101e+02
2.864213169957617424e+02
2.864946579619801810e+02
2.863741085275872251e+02
2.864592600895538226e+02
2.863798667553047039e+02
2.864974648152124814e+02
2.865038376028986136e+02
2.865016442306459226e+02
2.865228126284508221e+02
2.864969045325585171e+02
2.864096501512154305e+02
2.864267985245791124e+02
2.864343335214596777e+02
2.864176576401153511e+02
2.863648777956756817e+02
2.863966149381519699e+02
2.863768019257678930e+02
2.863539256639672317e+02
2.862628679979197841e+02
2.862861649025916790e+02
2.862918190883769398e+02
2.863638849871417733e+02
2.863053103517966633e+02
2.863384729734532925e+02
2.863851210606114250e+02
2.863645599973444860e+02
2.862830262052602279e+02
2.862519465171075694e+02
2.861610441730710477e+02
2.862316254990068387e+02
2.863229723579227652e+02
2.862769088632920784e+02
2.863108536258867503e+02
2.864022854536678437e+02
2.862972268592723140e+02
2.863483948667454229e+02
2.862543757427350215e+02
2.862851095762708269e+02
2.863211174332009818e+02
2.862784784161858056e+02
2.863470255951697254e+02
2.863370129931795418e+02
2.863499050641588042e+02
2.863387356165462734e+02
2.863030727048698054e+02
2.863380036064578462e+02
2.864636800378131625e+02
2.865204209947698928e+02
2.865275521878899667e+02
2.865850447339595917e+02
2.865072662437007693e+02
2.865198419199558089e+02
2.865492992231879725e+02
2.864714827325535111e+02
2.865339089201207798e+02
2.864703837963881483e+02
2.864704723509399855e+02
2.864945308681949996e+02
2.863964685072584757e+02
2.864829159635149267e+02
2.864714318072764172e+02
2.865835949162842553e+02
2.865240912274211951e+02
2.865383754730577834e+02
2.866349922244085633e+02
2.865413428409331686e+02
2.865214792708382561e+02
2.865642290838357553e+02
2.865324081068625333e+02
2.865598553763530276e+02
2.865854406145892312e+02
2.865259389921432671e+02
2.863943074968286169e+02
2.864967635816893221e+02
2.864379795725490112e+02
2.864820012289735018e+02
2.864906114492721372e+02
2.864950588317094002e+02
2.864456719582212259e+02
2.864988664574438531e+02
2.865740930535061466e+02
2.865121356207322378e+02
2.865678463968421852e+02
2.866071046366726591e+02
2.865353161959456543e+02
2.865239564047301997e+02
2.865191830877074040e+02
2.865896798276172035e+02
2.865829750692159337e+02
2.865300425813993002e+02
2.865705786865365212e+02
2.866057623272226920e+02
2.866908915094811050e+02
2.864791038127797833e+02
2.863731230555418961e+02
2.864400008696881628e+02
2.863335349437855371e+02
2.863850161512074806e+02
2.864852945278815355e+02
2.863955934934966763e+02
2.864384629738401031e+02
2.864350262110248195e+02
2.864526634199190198e+02
2.864510574900581901e+02
2.863570949494317688e+02
2.864214206369098861e+02
2.863801989263108112e+02
2.863414722883119907e+02
2.864499997207362298e+02
2.865238233997449129e+02
2.864283283276495808e+02
2.864752437483591621e+02
2.864225453473478638e+02
2.865058975087188742e+02
2.863536635341477563e+02
2.864791758835663700e+02
2.864344914369527260e+02
2.863786755894582825e+02
2.864209201718896907e+02
2.864479559613576498e+02
2.864109109001493607e+02
2.862766504539810057e+02
2.863372131563865537e+02
2.863232796783248091e+02
2.863790647082402643e+02
2.864380883331251653e+02
2.864707194699640809e+02
2.864871681652306847e+02
2.864765466816291450e+02
2.864815522262428544e+02
2.864724882530878176e+02
2.864821089153818434e+02
2.865326827390545645e+02
2.864482282271794134e+02
2.864381868605948966e+02
2.864706390755316647e+02
2.864600230683565201e+02
2.863882097558498003e+02
2.864377566410805116e+02
2.865053216336945070e+02
2.865679411560734593e+02
2.865150486952501296e+02
2.865100490398977513e+02
2.864632010021272777e+02
2.865232169142464613e+02
2.864881700534376137e+02
2.864315469396811409e+02
2.863820834712062151e+02
2.864248642431747953e+02
2.864268910039621687e+02
2.864027194401177780e+02
2.864061080606423388e+02
2.863869106824388382e+02
2.864013046239540472e+02
2.864279648870901269e+02
2.864274613291565288e+02
2.864342243201035672e+02
2.865225429604945475e+02
2.863072710699698860e+02
2.863816604622862769e+02
2.864220749028322643e+02
2.864034475393781349e+02
2.863153201488211721e+02
2.864343876828086195e+02
2.864783554329350750e+02
2.863660293294432222e+02
2.864039226777235854e+02
2.863732199321107714e+02
2.863792389285908371e+02
2.863678675342485462e+02
2.863981908906288822e+02
2.864777051872246716e+02
2.865364538190875692e+02
2.865092896617662745e+02
2.864171757301184016e+02
2.865520901324101146e+02
2.864370981807888370e+02
2.863449067991057291e+02
2.864258115134747982e+02
2.863569836169752989e+02
2.864475507206021803e+02
2.864716738045497095e+02
2.865119450605017164e+02
2.863036054455986346e+02
2.863713474666527077e+02
2.864311796285018659e+02
2.863647039937017098e+02
2.864012216873202306e+02
2.863285180724502652e+02
2.863716477005440879e+02
2.862845099667779891e+02
2.863336261978153061e+02
2.864786357402744557e+02
2.863966356418315513e+02
2.863807378863689905e+02
2.862535126021033989e+02
2.863008504550060138e+02
2.862238735233851799e+02
2.862101162271228532e+02
2.862115069197370190e+02
2.862950296192047404e+02
2.862777603890284013e+02
2.862201237097154944e+02
2.862836442656324039e+02
2.862138171035356322e+02
2.862831886572735129e+02
2.863486645431594297e+02
2.863154221103026771e+02
2.863374350747066615e+02
2.862614532420749924e+02
2.863080251144854742e+02
2.863201936625819712e+02
2.862905187505035087e+02
2.863277843994862906e+02
2.863376015369108814e+02
2.863783403504908165e+02
2.863449250432082636e+02
2.863049007200035021e+02
2.863101393016705174e+02
2.863735759372534062e+02
2.863052453181516626e+02
2.863622307403437617e+02
2.863861089897343959e+02
2.862304854804390857e+02
2.863001651475645417e+02
2.862857078277895653e+02
2.862407830081378393e+02
2.863066436528420695e+02
2.864393622046647465e+02
2.863547360823331474e+02
2.863585747577901088e+02
2.863199814531923835e+02
2.864138639183595956e+02
2.864446296817901612e+02
2.863821683364885757e+02
2.863700843140547363e+02
2.862985492553025892e+02
2.864207932192865087e+02
2.863973375039161624e+02
2.864844767196067323e+02
2.863860524125383336e+02
2.863857518187847404e+02
2.864476660651444035e+02
2.864855746101630984e+02
2.863554977620105433e+02
2.863598719095887191e+02
2.863611464286345267e+02
2.862884039986323046e+02
2.862578741859688876e+02
2.862681806271785945e+02
2.863184556256677524e+02
2.863090054117646446e+02
2.862542519777467191e+02
2.863436377769026535e+02
2.864407160692350089e+02
2.864089935839915597e+02
2.864253710511332542e+02
2.863974912083543813e+02
2.864907575395431536e+02
2.864105529242273178e+02
2.863583705258794225e+02
2.864322966158364920e+02
2.864277161755848056e+02
2.864398424167665667e+02
2.863956636881171676e+02
2.864343713279226904e+02
2.863948393768342839e+02
2.864574223787898291e+02
2.864776950270052112e+02
2.864510211722330268e+02
2.863494192672548593e+02
2.863721312637604228e+02
2.863744252284123490e+02
2.864002780491627504e+02
2.863894015320210542e+02
2.863214153034184051e+02
2.863788236373023324e+02
2.864679281131412267e+02
2.864384652374480424e+02
2.864153372865950473e+02
2.864577185289473960e+02
2.864119439201699038e+02
2.863812698941879376e+02
2.863490261565533501e+02
2.865030327982162248e+02
2.864012807015475346e+02
2.864703680296045718e+02
2.863913489941098192e+02
2.862950391637379539e+02
2.863585919973207297e+02
2.863366570244957643e+02
2.863950279642975829e+02
2.863840205512857437e+02
2.864430489074363209e+02
2.864643813805801642e+02
2.864233365840912029e+02
2.864396967735410726e+02
2.864290254238583771e+02
2.864529461073909147e+02
2.862917375306640224e+02
2.863208135736532540e+02
2.863985920045281546e+02
2.864148688080992429e+02
2.865631704427426598e+02
2.864717571818675310e+02
2.863389999919505158e+02
2.862970520071660872e+02
2.863011400531523805e+02
2.863253773214875650e+02
2.864094405648752968e+02
2.862063690473122506e+02
2.862244804525007567e+02
2.862897752264684073e+02
2.863196006719880984e+02
2.862710054838273095e+02
2.862375743571331554e+02
2.862818829036810371e+02
2.862419854985424195e+02
2.863803580030694889e+02
2.862903357999068703e+02
2.862714823974945944e+02
2.863340256114930753e+02
2.863892636440036199e+02
2.864029511711894429e+02
2.863876267226478376e+02
2.862862210104191263e+02
2.862899145132425360e+02
2.863288273013361618e+02
2.863343148599503252e+02
2.863956267817637240e+02
2.862295162801078732e+02
2.863466671911183425e+02
2.862971997830615010e+02
2.862991430120277414e+02
2.862118884491491713e+02
2.863211259974895029e+02
2.862867344234043117e+02
2.862479174256552596e+02
2.863180388596823036e+02
2.862872215104084148e+02
2.863741937966952378e+02
2.862883327271031817e+02
2.863748468745779405e+02
