2.397310297011265732e+02
2.397827422277556479e+02
2.393005696183967927e+02
2.394826193057786838e+02
2.391770025251608729e+02
2.390186224945352649e+02
2.390399897453579854e+02
2.394418765085032703e+02
2.393496438090807885e+02
2.393226146243616483e+02
2.393811000760581464e+02
2.391177502280819738e+02
2.391706126965236763e+02
2.390567441565810043e+02
2.392713575070323202e+02
2.394100973380091375e+02
2.392785238290342988e+02
2.389241441062648619e+02
2.391654319733540035e+02
2.393355704966265876e+02
2.385287623464948012e+02
2.385122485187247605e+02
2.390589543576375888e+02
2.390451351665638242e+02
2.387713720522607161e+02
2.389784425984536256e+02
2.386638072649772084e+02
2.390156551033642245e+02
2.393229239702587563e+02
2.390951868417566857e+02
2.388430565871329634e+02
2.387758067304719134e+02
2.389603744443353150e+02
2.390795743978384280e+02
2.391460140451417544e+02
2.390037992017915656e+02
2.392632352918251399e+02
2.397667930380294194e+02
2.387705308152479518e+02
2.392009366116307945e+02
2.393022360133858513e+02
2.393970909077173985e+02
2.392791431463357696e+02
2.395081191314195621e+02
2.392223440280625084e+02
2.391567306696452135e+02
2.390987643816661432e+02
2.391056195404252094e+02
2.393003777233663243e+02
2.393109317523687025e+02
2.395190525704753384e+02
2.395394016824522225e+02
2.393448112675801269e+02
2.393894951807701830e+02
2.392893298434742064e+02
2.395024560097687925e+02
2.397297308011652888e+02
2.395784225770358091e+02
2.395189624644064850e+02
2.389990723326463069e+02
2.393303841163867673e+02
2.392542646292613426e+02
2.395726703794235846e+02
2.394192385830396290e+02
2.387582448290815762e+02
2.390180575472322744e+02
2.397897840292913827e+02
2.394946920209569896e+02
2.390284280666224674e+02
2.389268180663497958e+02
2.391870045648775260e+02
2.395193242844041777e+02
2.395414875206530496e+02
2.392770067788944743e+02
2.393748047506546470e+02
2.393426155953814884e+02
2.393730583775569585e+02
2.392568326799917315e+02
2.391509541103428944e+02
2.395446544988140261e+02
2.394971918727247839e+02
2.394146254524891049e+02
2.391707822143608553e+02
2.390220067784836999e+02
2.392111968539021802e+02
2.397299473105609593e+02
2.395032853422258370e+02
2.395425670156856484e+02
2.395267639012852499e+02
2.392877010392736850e+02
2.396186217310010704e+02
2.391592139833690283e+02
2.390061727138053129e+02
2.391417866443566993e+02
2.393386455100459216e+02
2.391198818036518503e+02
2.390970952884499923e+02
2.398364928922952686e+02
2.393655030827825669e+02
2.396305738117288513e+02
2.391955816982464569e+02
2.394528337590155331e+02
2.391496725331918469e+02
2.387595423218425594e+02
2.387043728787524230e+02
2.392484951805992353e+02
2.393133112419423867e+02
2.389337943062779743e+02
2.389148752740995860e+02
2.393322757740901352e+02
2.392618086789519509e+02
2.392181250437978690e+02
2.392222766535229255e+02
2.391364360488150567e+02
2.388368733421602030e+02
2.391619617127712161e+02
2.393947277542803249e+02
2.386927363473467665e+02
2.390283099993679627e+02
2.393777710738594635e+02
2.394768031667161949e+02
2.395488703086867019e+02
2.393464684869317409e+02
2.390994056335470930e+02
2.392727236312817070e+02
2.389827978567235505e+02
2.390954596102164089e+02
2.395520203635444147e+02
2.394768335871890486e+02
2.390984706205854309e+02
2.391443567091057503e+02
2.389084316926161193e+02
2.389739741567602778e+02
2.390305528696815429e+02
2.387225501265221226e+02
2.384952290047938277e+02
2.386854778748612489e+02
2.390801730587791099e+02
2.394678035069772193e+02
2.391473674513148069e+02
2.392736628166847765e+02
2.388262727863920247e+02
2.389643737062764615e+02
2.389929742920943454e+02
2.394678762406354338e+02
2.395311899838011414e+02
2.394007011092676578e+02
2.394448284222784196e+02
2.390334058522417138e+02
2.389949820569160295e+02
2.388436069932620569e+02
2.391930852498724107e+02
2.388854470777522181e+02
2.388614492541678089e+02
2.388799116180565250e+02
2.389146217964416508e+02
2.394121573014461148e+02
2.392068135703708833e+02
2.392500471879183124e+02
2.393430007375860953e+02
2.392120881023806476e+02
2.388515845376255982e+02
2.389464918754502776e+02
2.387407975429465807e+02
2.391466663182018237e+02
2.391969257030401650e+02
2.391925910395869721e+02
2.391626964636099331e+02
2.387226251179674534e+02
2.386709689920381550e+02
2.388717682261730317e+02
2.391117283080220943e+02
2.395508944298343295e+02
2.386962531289601372e+02
2.385969548181527671e+02
2.387737169005283704e+02
2.391473440885191621e+02
2.389621365334326129e+02
2.389655827584363976e+02
2.388292598319774243e+02
2.393458013505044448e+02
2.389910101871085715e+02
2.392826421357898425e+02
2.390476538273029519e+02
2.390417923167102856e+02
2.389518422185710449e+02
2.393190267310900481e+02
2.388279844398174703e+02
2.391751074928498610e+02
2.387390456476352654e+02
2.391651826954069975e+02
2.389928679550851029e+02
2.394379504261634111e+02
2.390237875402141299e+02
2.385899643479967835e+02
2.385057818668536527e+02
2.389837744197947131e+02
2.391716141729549747e+02
2.391696831904907583e+02
2.389710533575283762e+02
2.389379005850853446e+02
2.393178477502094950e+02
2.392555164062958966e+02
2.390966895052861503e+02
2.388271842584120748e+02
2.386572082161287653e+02
2.391578638775796719e+02
2.390050716063925904e+02
2.390591652670322844e+02
2.387974760594770203e+02
2.392854577541680499e+02
2.390868115409589336e+02
2.388528497586282811e+02
2.392502079382319380e+02
2.390143715666700075e+02
2.392269582797239025e+02
2.392143470281706357e+02
2.389892408203638752e+02
2.392061567042253500e+02
2.390061676700551061e+02
2.393468740471901128e+02
2.386713235691456703e+02
2.387774184866682674e+02
2.389618482947079485e+02
2.390878128965657936e+02
2.394319136263648886e+02
2.389812489358895675e+02
2.393184064031918012e+02
2.387743139945494306e+02
2.390254475368522264e+02
2.392467743096666766e+02
2.391848429516900580e+02
2.389016329152542539e+02
2.388874274840150917e+02
2.391372041765766028e+02
2.394775424525170138e+02
2.388914370568031416e+02
2.387011484674998485e+02
2.387060776998226004e+02
2.388258143704769907e+02
2.391232985241226459e+02
2.389640679360904016e+02
2.390035132669854931e+02
2.393985743455881163e+02
2.391278973528975769e+02
2.386641572458732128e+02
2.387198611334025316e+02
2.390572695845653470e+02
2.395478493543404284e+02
2.390842471905170612e+02
2.390037063451891299e+02
2.390212954924050734e+02
2.392561668727472863e+02
2.393637503289300810e+02
2.394632719730552992e+02
2.385503433271590268e+02
2.383195453869517166e+02
2.388638811018623755e+02
2.393568573327715967e+02
2.388468312173467041e+02
2.388333361427105501e+02
2.389768166787511063e+02
2.393356792058624194e+02
2.386850798241254097e+02
2.386443620160124226e+02
2.391945596786315491e+02
2.393810222803566603e+02
2.390371032760682510e+02
2.388516424713807282e+02
2.389122605871114047e+02
2.393200098740989858e+02
2.393573418757342779e+02
2.395771459741198726e+02
2.386189868030925538e+02
2.384701437487652811e+02
2.388481111348158663e+02
2.393557900803782275e+02
2.393763071159407048e+02
2.394560250242334405e+02
2.392832044728695848e+02
2.386957728008105448e+02
2.388390545722868410e+02
2.387594202401845678e+02
2.391581713929760724e+02
2.391207097744575947e+02
2.389950204389563453e+02
2.393094409734505916e+02
2.388270403880288768e+02
2.386472732688863800e+02
2.386892125232583624e+02
2.388686591484973860e+02
2.392029757202991505e+02
2.388621477493629754e+02
2.389715039479479799e+02
2.387535420569397218e+02
2.384082048727824770e+02
2.387187339988333861e+02
2.394534340227791063e+02
2.390925713550360570e+02
2.385315137669003036e+02
2.391991062046200796e+02
2.394256037190522193e+02
2.387518493531684669e+02
2.390994051973407579e+02
2.390263970463998646e+02
2.394346198873188598e+02
2.392781352428786192e+02
2.392461594243449952e+02
2.391736003647279176e+02
2.393875594934432627e+02
2.388634493687262648e+02
2.383811036447241349e+02
2.389043267816431069e+02
2.392439858104792449e+02
2.393492886935099762e+02
2.389217084291938136e+02
2.390171979011402357e+02
2.391501562787517514e+02
2.388331171587353765e+02
2.390753527736485751e+02
2.390391009761621319e+02
2.388545600201213119e+02
2.388644677295764893e+02
2.385256346778335228e+02
2.389676579522891871e+02
2.387445708766791483e+02
2.391318648349281659e+02
2.388468738900512847e+02
2.382884504292732402e+02
2.388661668202995543e+02
2.390702894867797283e+02
2.394470688911326590e+02
2.390384142573019517e+02
2.392607459195718320e+02
2.391716566970756048e+02
2.390096864468255546e+02
2.384591309982570237e+02
2.391494164252303278e+02
2.392615197260421667e+02
2.390554612064708238e+02
2.390527331929540651e+02
2.391902593862144784e+02
2.390761626897034091e+02
2.391657427578267061e+02
2.383169852805382050e+02
2.386144582168758177e+02
2.391026391896894268e+02
2.393102803247819566e+02
2.391095596386834075e+02
2.392219592675048716e+02
2.391460648677621350e+02
2.386994027290330678e+02
2.387737117075699018e+02
2.388539207042724399e+02
2.392735315939262648e+02
2.388420132675053082e+02
2.394261778044654250e+02
2.386757034523222103e+02
2.383854466475121683e+02
2.392104151741447140e+02
2.392481842379946499e+02
2.392411779435416577e+02
2.394695910427243177e+02
2.384457670494493016e+02
2.384278156040431611e+02
2.388052049066851339e+02
2.390608618039663895e+02
2.388587832054944045e+02
2.388098040921944403e+02
2.392319330674087041e+02
2.386395838309450426e+02
2.385671974088320155e+02
2.387375831502083940e+02
2.393572440579148690e+02
2.395244425229969920e+02
2.392992824336459137e+02
2.391847070584672394e+02
2.389375177888607880e+02
2.391537164227702021e+02
2.388699269495641317e+02
2.387448269932599771e+02
2.391798756019864811e+02
2.392900122393658648e+02
2.394417496017337044e+02
2.391826599619996614e+02
2.389313682255468620e+02
2.389613862792447492e+02
2.389067371368503530e+02
2.392156423907155158e+02
2.385592757014981089e+02
2.389956287899506435e+02
2.394051617248753701e+02
2.392336643896735211e+02
2.389390525293211738e+02
2.385449742629980676e+02
2.386685483553080758e+02
2.389716313697377075e+02
2.392621714544291081e+02
2.391736430554626907e+02
2.390707567214743392e+02
2.389576444096184105e+02
2.388565218448130736e+02
2.392388038408205375e+02
2.391932845013343751e+02
2.396124850684167029e+02
2.389291096010293529e+02
2.388773716124872237e+02
2.387359610142696908e+02
2.389471817334638502e+02
2.387660610990326688e+02
2.388577578086002120e+02
2.387091780835484371e+02
2.389895735355413535e+02
2.388724050065756330e+02
2.390358800434202067e+02
2.393878036626679489e+02
2.392062590555252655e+02
2.389307520144384114e+02
2.388219188956557844e+02
2.389117554806544774e+02
2.392516770069978236e+02
2.392364461666342095e+02
2.391227343909823730e+02
2.393030055282399644e+02
2.391506453491337254e+02
2.390822097866697789e+02
2.390132570967307686e+02
2.385242096900033175e+02
2.387231704598512749e+02
2.386562967645911897e+02
2.391101282290961478e+02
2.391414478064531011e+02
2.388418032296293347e+02
2.390549423779540632e+02
2.391586080386345259e+02
2.389964170138225654e+02
2.389316985059601848e+02
2.389436160993932674e+02
2.393275348669954212e+02
2.393165493880206895e+02
2.388695174248742603e+02
2.387907877024720449e+02
2.392786550994884749e+02
2.390591950634539273e+02
2.392151554368764721e+02
2.386773159259990962e+02
2.389456882362610202e+02
2.390257041592038547e+02
2.393214424233790396e+02
2.389320918780814225e+02
2.393059605034450215e+02
2.390352870209626701e+02
2.386508946309293151e+02
2.383864553639411952e+02
2.388365837971546171e+02
2.390712744553745495e+02
2.389370396648262158e+02
2.386574306398124463e+02
2.388508085975057611e+02
2.387780126943987113e+02
2.388224602638397300e+02
2.389249343640997267e+02
2.386865167785925905e+02
2.390072623394275695e+02
2.384801039166941337e+02
2.386935110152941490e+02
2.391325719908295184e+02
2.387901741531414075e+02
2.388240016102576817e+02
2.391230613107960608e+02
2.390049653959287355e+02
2.387583479285149224e+02
2.387569108677258498e+02
2.385848520269125004e+02
2.390311778828191507e+02
2.395440155653618888e+02
2.387905139825680862e+02
2.385635952639662491e+02
2.392637431884616888e+02
2.393718511128613784e+02
2.388010350525480305e+02
2.389480100083304990e+02
2.386845547142276871e+02
2.391220136660811022e+02
2.387117407309184216e+02
2.389497953445145129e+02
2.391278713712581521e+02
2.387035258332774958e+02
2.386429656294850759e+02
2.384208942807740357e+02
2.392644863172999692e+02
2.390597442608646190e+02
2.388607656128782253e+02
2.392206042245420576e+02
2.389004269711739425e+02
2.391819653992416761e+02
2.391583052717739690e+02
2.389311515363102671e+02
2.390731959183555091e+02
2.390513691625203876e+02
2.388428958642565192e+02
2.387664496413546260e+02
2.387772909444029210e+02
2.386903655012583840e+02
2.387669648026365792e+02
2.388583331302214674e+02
2.387892564990447681e+02
2.388909177890627689e+02
2.388657235274699815e+02
2.389127028554347874e+02
2.392016700202346158e+02
2.397781902378972916e+02
2.395564332912814223e+02
2.389390511362769587e+02
2.389008116170658980e+02
2.391190110791241352e+02
2.391334151264921104e+02
2.387220514810034047e+02
2.387661679610532417e+02
2.388838116678644781e+02
2.390112401544865861e+02
2.390832744497334943e+02
2.393628248254630364e+02
2.389826710242346053e+02
2.393426294351519630e+02
2.387261883745607065e+02
2.386481699311653983e+02
2.387857820691899917e+02
2.393030522115297174e+02
2.389037069334495698e+02
2.388455331584409862e+02
2.387813667171651844e+02
2.391542057038852818e+02
2.386735730828446833e+02
2.392187479102529153e+02
2.388400484210880848e+02
2.390011033612063329e+02
2.391102586815906932e+02
2.393188250328715867e+02
2.391305428550246290e+02
2.388715651771611590e+02
2.387845961714791372e+02
2.392184595011505905e+02
2.393287722841816958e+02
2.391975906562759917e+02
2.390318153284127902e+02
2.386366841800979444e+02
2.390349953620434178e+02
2.389008488780663129e+02
2.387700752901313308e+02
2.389596237312360074e+02
2.392146372891903354e+02
2.389688399585786271e+02
2.390998189106313703e+02
2.390680132146522965e+02
2.390284427978107260e+02
2.388903698290737054e+02
2.389176901734274452e+02
2.385216062898994096e+02
2.388126137629027710e+02
2.391999158160646459e+02
2.384256448435838536e+02
2.386527336869204703e+02
2.388462841978482629e+02
2.397344009581637181e+02
2.387111336435133069e+02
2.389176271604088981e+02
2.388266088782272618e+02
2.387319284671616515e+02
2.390028372695488486e+02
2.389595205416452757e+02
2.386834914526257307e+02
2.393855721468918034e+02
2.390261335520650334e+02
2.386176869413004908e+02
2.390425191544370875e+02
2.383577335051630541e+02
2.388082194602095569e+02
2.389505068173878044e+02
2.388557956819055050e+02
2.388445039276491570e+02
2.385491915114335768e+02
2.384957210834292027e+02
2.393656133872142391e+02
2.392162524542151516e+02
2.389836158933663910e+02
2.392101887704899355e+02
2.387524305125680542e+02
2.392444071252621995e+02
2.389721011515057398e+02
2.388804913676336525e+02
2.391138326339543312e+02
2.391883191053187829e+02
2.391463426822364511e+02
2.391892606568065673e+02
2.387066344903924175e+02
2.389868304750649486e+02
2.385975829496015592e+02
2.390187417440622255e+02
2.393737285983610263e+02
2.384873302870205691e+02
2.389510197502672497e+02
2.389577774738182825e+02
2.389355898638902147e+02
2.389480599339400158e+02
2.385571328936642033e+02
2.385882578705013941e+02
2.386278637320188238e+02
2.386519419870749346e+02
2.391799649806967238e+02
2.388765126270477595e+02
2.388841958916962085e+02
2.390135179473049902e+02
2.392217768157237572e+02
2.389831575561417196e+02
2.386509873991660697e+02
2.391012064333456522e+02
2.388937207594125027e+02
2.391346910248821303e+02
2.389976944952030351e+02
2.385613389649313092e+02
2.384399472388777212e+02
2.392153665607727646e+02
2.390301925394012699e+02
2.383951612249717016e+02
2.387724289698673203e+02
2.392054981532894828e+02
2.388474757219796345e+02
2.390120756716700328e+02
2.394288334498920392e+02
2.389596657750470001e+02
2.388858212069804665e+02
2.389152477127835539e+02
2.389175107479964311e+02
2.394312301855858607e+02
2.386181403126492171e+02
2.386628004131754608e+02
2.390731426545720240e+02
2.393961816751676679e+02
2.390092603473230213e+02
2.389219076675275062e+02
2.390244105868869156e+02
2.387220160283253279e+02
2.387852118686068934e+02
2.393653447858356174e+02
2.394541300384263707e+02
2.398649496558902001e+02
2.389272705472158123e+02
2.390204708558117943e+02
2.390809680002127209e+02
2.390292091346706229e+02
2.387656512314219128e+02
2.382732779174720008e+02
2.387091566639112443e+02
2.389460599143625359e+02
2.394475869555159022e+02
2.385948592808741466e+02
2.387050953798723469e+02
2.392119845807431773e+02
2.392495384282769066e+02
2.391226312326262757e+02
2.393972127009465396e+02
2.393357565278371624e+02
2.388988113702039016e+02
2.387686340606184388e+02
2.387359696213124209e+02
2.391435541442471049e+02
2.396357067407722354e+02
2.390416741986711884e+02
2.385963798479675972e+02
2.390005279958756148e+02
2.391627974144834070e+02
2.390448094517166737e+02
2.387404668445746836e+02
2.388589160360666028e+02
2.389228741149704831e+02
2.396188145455990650e+02
2.396908840421193645e+02
2.394443857753041129e+02
2.387286106963399561e+02
2.386664910743145072e+02
2.387518662303787096e+02
2.389212611871245997e+02
2.384197626138796977e+02
2.385144955312510717e+02
2.385250749623245383e+02
2.383473493442363917e+02
2.388279354186084902e+02
2.390394237180915695e+02
2.392805387716664427e+02
2.384645582098332000e+02
2.383189935634268579e+02
2.381460289329010322e+02
2.392995959832507822e+02
2.390041153630829740e+02
2.391224440633693575e+02
2.386212609660687178e+02
2.384737477286480214e+02
2.390703088244548553e+02
2.386751210432283870e+02
