9.909393417539565974e+01
9.923680120291255946e+01
9.900865062467612177e+01
9.908797222012297823e+01
9.929520483189064350e+01
9.947491421831456648e+01
9.884318207787310939e+01
9.909793060854134694e+01
9.935250667289456317e+01
9.902719623336800225e+01
9.978067665869498626e+01
9.932823489162393571e+01
9.933595702277388284e+01
9.895979628283464535e+01
9.910779130965293859e+01
9.924189830208557339e+01
9.922442422817168506e+01
9.954468981707971409e+01
9.915028835110638283e+01
9.999702087682537410e+01
9.999446825429585317e+01
9.959809104385389844e+01
9.980687149087312093e+01
9.945886701998470869e+01
9.947301899893896859e+01
9.986460162061541723e+01
9.942901127122887317e+01
9.914657548688954591e+01
9.937166195987104800e+01
9.969846714099911367e+01
9.941614388369464450e+01
9.937291572677951024e+01
9.959485080407442581e+01
9.924116206358463899e+01
9.944625162888456771e+01
9.922302430319388122e+01
9.892481000645835820e+01
9.959223171905671279e+01
9.914297336865081434e+01
9.893368902191042480e+01
9.888733353728419218e+01
9.931898593214772575e+01
9.889310481159496646e+01
9.925180093583288965e+01
9.978936527053394911e+01
9.908247680853453687e+01
9.937276518498293854e+01
9.917464654408699687e+01
9.891370764240825508e+01
9.916412646159113820e+01
9.873509041268398789e+01
9.955998395049984140e+01
9.924310792912319812e+01
9.887397790210600590e+01
9.923215784970916786e+01
9.852998623953658353e+01
9.872552008022690018e+01
9.911099224389472795e+01
9.951996454642755907e+01
9.923592894635358164e+01
9.902566348794245243e+01
9.883456546255479225e+01
9.959542532221369981e+01
9.931850960602842804e+01
9.922693311076115208e+01
9.908090927427106465e+01
9.920353783165093375e+01
9.961960419677119205e+01
9.926363728298549916e+01
9.896001016060125721e+01
9.875066045306927265e+01
9.906206206392512570e+01
9.925235894464806563e+01
9.906661376594092872e+01
9.944067022101836528e+01
9.925806631823014925e+01
9.914349903011357412e+01
9.888937127193277377e+01
9.906974826564380976e+01
9.872144955042348613e+01
9.910754341995000516e+01
9.924647904836304235e+01
9.934319612107951514e+01
9.890518161461007196e+01
9.885430072563679005e+01
9.897145617668165585e+01
9.870976271973491123e+01
9.948777081856525228e+01
9.868912866836596720e+01
9.913329438207875910e+01
9.935505071151119694e+01
9.896699536693233767e+01
9.943521990134927080e+01
9.929894279445238681e+01
9.895887263422024205e+01
9.886817034578395180e+01
9.870706463983385959e+01
9.912097789232485923e+01
9.912721217032147081e+01
9.948679067373770124e+01
9.899766020991766879e+01
9.929651425708470924e+01
1.000396073559741552e+02
9.940251103695921131e+01
9.921412177062171622e+01
9.929017544501361670e+01
9.898502412514898197e+01
9.952439764450396353e+01
9.908600978400282600e+01
9.938988203912408892e+01
9.914951483719733005e+01
9.931898830884340157e+01
9.927514592725457021e+01
9.935421658771993236e+01
9.924653049015428508e+01
9.893225513606444110e+01
9.974953668507195914e+01
9.943373276510129699e+01
9.874637215169224191e+01
9.885327957379269037e+01
9.910564267273703365e+01
9.936108791786671190e+01
9.931056966798108476e+01
9.928432901276291034e+01
9.924009579883743015e+01
9.929614136567623461e+01
9.884808758727267275e+01
9.948629492540929675e+01
9.946667405375211501e+01
9.919783293582160866e+01
9.950967216011629546e+01
9.931015396077175694e+01
9.937503376178081282e+01
9.986088660883372370e+01
9.941388206385460080e+01
9.941457264850851061e+01
9.907671521078701460e+01
9.977610208578927598e+01
9.917770242086972132e+01
9.927529211770354323e+01
9.949325080964921142e+01
9.969453423036641482e+01
9.930742657976684029e+01
9.885058772369463043e+01
9.927642500139347703e+01
9.904639383865111313e+01
9.932407602013238090e+01
9.935698613533843115e+01
9.955360671658424110e+01
9.947254807590553582e+01
9.946845915009429007e+01
9.952594446262700956e+01
9.926947608100302034e+01
9.965322731079089635e+01
9.930721004391621420e+01
9.914082377711173422e+01
9.953843643380055539e+01
9.931775148067492864e+01
9.903057842004341182e+01
9.941627362168462412e+01
9.949894919826611783e+01
9.945721006124563246e+01
9.952162596148451712e+01
9.899850771522214643e+01
9.917300093770035119e+01
9.971087681350934417e+01
9.918429161262918115e+01
9.968631707092492888e+01
9.938122887228705338e+01
9.927755153848909231e+01
9.900844073779143173e+01
9.911111406626680775e+01
9.990955060099895491e+01
9.942559140717902721e+01
9.949754737713460884e+01
9.930390228039861711e+01
9.979319397530146318e+01
9.915394197092602724e+01
9.970231146460109528e+01
9.888137455085028193e+01
9.955186865214052716e+01
9.915160084147662189e+01
9.953764406842145718e+01
9.969545067125814342e+01
9.937588526013699664e+01
9.924284729089946211e+01
9.961699921778829037e+01
9.897262422489909284e+01
9.974287327164473993e+01
9.894944548202134627e+01
9.952533852941347448e+01
9.901239312202862664e+01
9.976274849101203301e+01
9.942330605065501459e+01
9.949939022603815886e+01
9.951575681374301041e+01
9.924331711029145708e+01
9.915129651441746717e+01
9.967739591039462255e+01
9.920853139980971491e+01
9.921485897302579815e+01
9.934869509631300843e+01
9.946945106552328753e+01
9.929038843867830622e+01
9.969946767069654925e+01
9.927394976898655443e+01
9.955154052893330174e+01
9.903168982723373404e+01
9.955337603985894646e+01
9.926210546010507585e+01
9.952946716256529669e+01
9.950916481479639231e+01
9.914395273173990120e+01
9.937493375032801168e+01
9.901305062295234904e+01
9.934179951530295227e+01
9.923010917800543496e+01
9.920848708749828404e+01
9.963397192548687542e+01
9.904803340726550687e+01
9.956859650585340660e+01
9.944203319369255212e+01
9.929724974208488675e+01
9.917668070337720110e+01
9.915529925362375252e+01
9.945900643752089820e+01
9.905701535550974768e+01
9.970053999949364254e+01
9.956601502515489699e+01
9.901477298627058587e+01
9.957848009573801562e+01
9.953440897212239236e+01
9.937784882310216972e+01
9.931284053759866026e+01
9.913932533613360931e+01
9.955873595849782021e+01
9.978923236186331280e+01
9.934891496768760533e+01
9.942380407004215215e+01
9.948565775898237007e+01
9.951423564246442766e+01
9.952704947721126416e+01
9.915092666473185545e+01
9.922481815396842819e+01
9.986347542445069791e+01
9.972718763873689340e+01
9.955165020035417456e+01
9.866475722399168546e+01
9.928145823537334991e+01
9.934622625159566667e+01
9.968893116192673176e+01
9.917260546961909995e+01
9.937497828479236262e+01
9.892937736110529556e+01
1.000765366453814096e+02
9.965931934390283686e+01
9.928629926232359537e+01
9.903931260020756611e+01
9.968316720760806504e+01
9.952202652382759140e+01
9.937182440186444410e+01
9.915690328902769579e+01
1.001963005788999794e+02
9.917853604376939813e+01
9.923306523827979220e+01
9.911409782897486309e+01
9.958453525353581881e+01
9.939573523153866574e+01
9.960429340701801948e+01
9.877336973184101510e+01
9.914860306036798931e+01
9.891729406747630549e+01
1.000447361475330581e+02
9.930560871253476307e+01
9.897863860100387967e+01
9.898874434467290939e+01
9.909206707304745976e+01
9.919183425552392919e+01
9.954665631635566569e+01
9.959769608113936101e+01
9.943755824311311642e+01
9.956734257268048793e+01
9.905115389665400016e+01
9.905421781433091155e+01
9.949453376142447780e+01
9.940118999870868777e+01
9.986844636738487679e+01
9.972727107015720094e+01
9.980065473994370961e+01
9.923537381173976257e+01
9.943361844242478753e+01
9.952212868839616533e+01
9.937694591281366741e+01
9.947621823208793046e+01
9.986904486639276968e+01
9.904035396721718598e+01
9.925181509922710177e+01
9.916018857699407363e+01
9.987473996778317087e+01
9.920581831843993825e+01
9.903837107481224677e+01
9.995612738300643230e+01
9.902331668489864569e+01
9.935645103230571351e+01
9.894369919600120511e+01
9.929809921201361078e+01
9.905671952937206015e+01
9.955666424798114633e+01
9.898510078086736996e+01
9.993425268487136748e+01
9.958362785760446911e+01
9.973529867623562950e+01
9.902692061801343471e+01
9.930183254934831893e+01
9.910681231116502943e+01
9.930720359744934456e+01
9.919317245075546907e+01
9.964779354173323611e+01
9.980428986174358386e+01
9.934145358569753625e+01
9.985100283624159090e+01
9.959916497438378258e+01
9.933565642152144903e+01
9.964000982987023747e+01
9.979136543264503700e+01
9.929082150135521090e+01
9.944074869651878146e+01
9.998680995126410664e+01
9.941590319764998185e+01
9.959948505848474554e+01
9.899208909546563007e+01
9.969236864258964204e+01
9.903661866871514974e+01
9.936646253111898375e+01
9.942190230295436493e+01
9.951181729697401579e+01
9.894289875376982479e+01
9.920936910672246256e+01
9.956001024407221678e+01
9.930476812336242176e+01
9.942657521523936737e+01
9.916559905183207491e+01
9.916743416777774200e+01
1.001537738834735904e+02
9.952868207153353808e+01
9.877592997015686649e+01
9.940853058672583131e+01
9.968081604461860934e+01
9.899706206283303800e+01
9.968534844423869856e+01
9.940841836534917775e+01
9.955441019752281306e+01
9.928066552477594087e+01
9.894164533161044517e+01
9.975797197535619887e+01
9.895756262414489868e+01
1.003367570127504251e+02
9.935708249617027832e+01
9.920997175841506532e+01
9.899641081878745297e+01
9.939162250615301275e+01
9.912709144937495864e+01
1.002449058173418592e+02
9.970021821360950298e+01
9.904897948086555459e+01
9.943517410887596952e+01
9.961102453685820990e+01
9.973594073100649382e+01
9.909715094469886765e+01
9.994407652054853486e+01
9.964462841908844837e+01
9.932926370676942440e+01
9.903854014423164642e+01
9.903336328026836100e+01
9.905604985654588290e+01
9.951207270071085986e+01
9.929847917726834794e+01
9.938958266001326081e+01
9.937404862192063604e+01
9.956728749431549375e+01
9.912273197439249373e+01
9.929415297602200496e+01
9.927560241303699229e+01
9.933401020189353403e+01
9.964753085607189576e+01
9.943283709780551760e+01
9.921659823778236387e+01
9.937279287825360541e+01
9.977963176427395808e+01
9.949245970388278693e+01
9.909603842020180764e+01
9.923633567570590230e+01
9.943012629209225395e+01
9.984852888413145422e+01
9.933184388208654525e+01
9.937169576141604921e+01
9.933426961087980089e+01
9.984415178080574549e+01
9.885425913575937784e+01
9.987065968620015610e+01
9.903334269156702874e+01
9.921736088275308418e+01
9.935934312912606003e+01
9.875349855731242599e+01
9.955800187115647759e+01
9.944173163296471785e+01
9.933838154923451214e+01
9.987126364153620273e+01
9.934356445100245026e+01
1.000963437472095166e+02
9.944754766862742201e+01
9.923761489150372483e+01
9.948305288582412231e+01
9.896329107680530512e+01
9.937901698696026642e+01
9.930812275653164534e+01
9.928466108447071292e+01
9.916330002946580180e+01
9.958747141902739486e+01
9.905468539912901349e+01
9.929557935512029587e+01
9.954752887277818729e+01
9.911772722369988742e+01
9.940622947094696826e+01
9.956500966110178297e+01
9.916884875140458178e+01
1.000914651717811950e+02
9.943411870706694344e+01
9.920713531771059479e+01
9.960311689078012876e+01
9.897898525323667229e+01
9.983371264256102506e+01
9.925159337748925736e+01
9.934065055121693888e+01
9.957060992726945869e+01
9.924989677316200698e+01
9.960979146410124940e+01
9.926073705547047155e+01
9.898971668415693159e+01
9.984799712650067249e+01
9.957671647581167917e+01
9.903154740824943758e+01
9.931248837163161625e+01
9.940360867689135205e+01
9.974312985198014303e+01
9.926895487425467479e+01
9.920424108553031317e+01
9.936810982488078992e+01
9.952029736393826909e+01
9.942982877878876025e+01
9.915462485256027492e+01
1.002540896422253240e+02
9.972773640208832546e+01
9.920901903439919067e+01
9.944312270105837115e+01
9.989283105592367917e+01
9.968991776295105467e+01
9.957294277633718593e+01
9.957481280719370886e+01
9.938226841294272162e+01
9.923833353806394086e+01
1.000052492575359366e+02
9.922140148443482133e+01
1.000936956095798678e+02
9.946597035295179978e+01
9.948669590400102436e+01
9.954609339075143737e+01
9.934997405493811584e+01
9.941627443895434624e+01
9.932990598144645844e+01
9.969644130403401050e+01
9.951296195495081065e+01
9.940438078382982212e+01
9.940993566514977431e+01
9.868860361847617924e+01
1.001425115272602397e+02
9.939912778902827029e+01
9.898392025574412401e+01
9.916911059860719035e+01
9.952455386840466645e+01
9.933128177401749781e+01
9.988146375418996570e+01
9.943036924540440680e+01
9.980490086562899421e+01
9.927089789881675586e+01
9.908512981072094306e+01
9.976812663809268145e+01
9.998654571618511966e+01
9.912868734457822484e+01
9.926614624571948298e+01
9.914095980946108000e+01
9.972855547517109187e+01
9.928390321372920369e+01
9.921000302160886974e+01
9.957408829402494632e+01
9.950302722253148602e+01
9.925440339484288188e+01
9.949113108997983090e+01
9.942339688891520666e+01
9.978280601406457606e+01
9.976971681546716297e+01
9.930906380939990186e+01
9.934123688882262115e+01
9.970516125562095056e+01
9.961636050245287777e+01
9.947023293980345215e+01
9.944846253200076092e+01
9.908604373564902801e+01
9.969393043495786344e+01
9.922131960665150530e+01
9.900802874345556859e+01
9.930730455804304313e+01
9.961441827504678770e+01
9.949799967326715944e+01
9.934618629670164580e+01
9.915875319572568003e+01
9.970330566000829720e+01
9.968520645163532379e+01
9.927903314610121299e+01
9.938529125731032821e+01
9.916580128489920298e+01
9.927880884341925594e+01
9.941827891897439429e+01
9.934877002351312569e+01
9.987136020538083869e+01
9.947952804074104449e+01
9.926431392511987895e+01
9.928225819717475531e+01
9.905264326713233913e+01
9.944727555072641678e+01
9.947918635384625929e+01
9.889455797993048236e+01
1.001435885450633378e+02
9.938339390111350724e+01
9.982133510710481517e+01
9.965484354613731455e+01
9.923171384947424656e+01
9.932787063072264289e+01
9.984373863683401851e+01
9.918658649089961443e+01
9.941651049357733427e+01
9.921551367419931466e+01
9.925125224131413404e+01
9.909807642510098447e+01
9.948171920262039691e+01
9.974903408701845819e+01
9.919911974760476880e+01
9.906638159331937743e+01
9.980157561974550617e+01
9.934720421982444805e+01
9.926117157788225143e+01
9.929583093675472583e+01
9.906753776345811957e+01
9.962003490692130470e+01
9.907903038625225633e+01
9.931399264769463286e+01
9.954099909715199601e+01
9.981593118078005489e+01
9.973820979315196666e+01
9.944769598572698044e+01
1.001342584213560514e+02
9.957403696298588613e+01
9.932920957605330159e+01
9.882193348496132046e+01
9.955577001211894128e+01
9.955522365996243650e+01
9.938739467193704513e+01
9.973086577720040680e+01
9.913883547884562120e+01
9.896000214381240312e+01
9.967772751438808143e+01
9.906493629777362742e+01
9.941039692467883526e+01
9.996770321145379512e+01
9.941173977848222876e+01
1.001516777076407294e+02
9.951339083521946804e+01
9.910574615778112673e+01
9.968858347926403951e+01
9.973908428825917838e+01
9.974302389765826149e+01
9.959119454454544496e+01
9.889386812450601383e+01
9.909428756095259416e+01
9.910292739005495832e+01
9.931503439021781787e+01
9.965046253864453263e+01
9.949523245883700895e+01
9.896267206251714299e+01
9.955412252886516455e+01
9.940737059340705173e+01
9.916589811187328962e+01
9.940280327927025894e+01
9.921740398819179063e+01
9.972124834373421720e+01
9.962525560107262379e+01
9.984068409761607654e+01
9.918062221282498570e+01
9.965743751054917254e+01
9.985422891985056992e+01
9.927093674662376088e+01
9.978658708431181878e+01
9.946537755885043453e+01
9.950121308787838359e+01
9.975475394893682335e+01
9.975014033438473859e+01
9.954641978432418625e+01
9.967906792737998956e+01
9.927312359228676542e+01
9.949578410457274913e+01
9.953678753898178400e+01
9.907420856035378165e+01
9.895379908475825914e+01
9.964232898830613294e+01
9.970194470418677213e+01
9.937951560462107636e+01
9.923098654569298560e+01
9.942298021361084182e+01
9.985536286855216304e+01
9.969914323954156998e+01
9.956664184875528179e+01
9.877514289273335635e+01
9.898577850445185788e+01
9.997416292136030336e+01
9.962604960586514835e+01
9.911990320699710821e+01
9.929059941270872969e+01
9.946454399044830552e+01
9.917163687188440235e+01
9.953307748449947212e+01
9.964326381174014102e+01
9.905372052950629325e+01
9.962362704894447063e+01
9.913570930222819300e+01
9.993899183628427352e+01
9.947194583588718331e+01
9.917986866908660204e+01
9.906619583484614111e+01
9.953587547007431624e+01
9.944138530486277716e+01
9.918352989990141566e+01
9.970570092077714719e+01
9.953391764370832107e+01
9.883104811757453945e+01
9.947418595437720512e+01
9.901628910753690604e+01
1.001019467189135099e+02
9.898604626001976214e+01
9.937271154573642207e+01
9.921579330245754136e+01
9.936363755729310299e+01
9.981042964208738510e+01
9.916631721478627526e+01
9.949687304821941325e+01
9.900074413724344424e+01
9.993596414245172355e+01
9.935298255476658369e+01
9.902207954165083947e+01
9.893048449906886788e+01
9.942874474877885405e+01
9.916901303308308968e+01
9.898585749360609043e+01
9.995572995395765759e+01
9.920927833681572849e+01
9.989174824502134697e+01
9.922463608169232430e+01
9.908665747491171771e+01
9.967166488170802552e+01
9.971639814629492093e+01
9.955929307849559962e+01
9.908808185346045150e+01
9.907740138443323019e+01
9.992896015487521311e+01
9.935711426900415688e+01
9.938466448497173644e+01
9.878510281997375841e+01
9.924192562952516994e+01
9.904594276760907690e+01
9.984495348654938596e+01
9.968594549227985624e+01
9.977521256660855897e+01
9.951406930990494004e+01
9.957213242745150694e+01
1.001624564710215850e+02
9.974255608104978421e+01
9.995578094195286667e+01
9.955087848008300000e+01
9.966722260364188912e+01
9.943390923465962317e+01
1.003542505993733585e+02
9.990337401128964245e+01
9.985267179428240070e+01
9.915793719398216410e+01
9.934187904754888621e+01
9.959088244561728231e+01
1.000143597561481101e+02
9.968487413266701935e+01
9.917107563345236088e+01
1.000700366611022361e+02
9.936290767581358807e+01
