2.864423235525840141e+02
2.864541771450465717e+02
2.863534769550390706e+02
2.863682493813315659e+02
2.862601631968454967e+02
2.861373759868104685e+02
2.862683584409795117e+02
2.864145737837491765e+02
2.863022877937159478e+02
2.863228224026061639e+02
2.862771571162622877e+02
2.862399708665862477e+02
2.862285644583905082e+02
2.861923431541761147e+02
2.862423587326055099e+02
2.863103564778677992e+02
2.862733747351613260e+02
2.861967329899495667e+02
2.862798129992609120e+02
2.861822391438179807e+02
2.859655366887719765e+02
2.860128681086017082e+02
2.861734222947110879e+02
2.861783375007436234e+02
2.861239082224421963e+02
2.860679579506847858e+02
2.860689043891113101e+02
2.862178367329009916e+02
2.862422234867580642e+02
2.861934631397329554e+02
2.860790345586681838e+02
2.861636050991272100e+02
2.861241443622562315e+02
2.862881321710631823e+02
2.862561033498676011e+02
2.862251212845104646e+02
2.863474735239902316e+02
2.862952921732687059e+02
2.862029332607705214e+02
2.863332374506803149e+02
2.862940859088278103e+02
2.863156226931101287e+02
2.863955980776769934e+02
2.864035093958755738e+02
2.863471580563480074e+02
2.863038919083657561e+02
2.863512421222258695e+02
2.863012331179782564e+02
2.864167212037864942e+02
2.863926363339222121e+02
2.864599350806344660e+02
2.864078156450253232e+02
2.864146179787676942e+02
2.863810840219576335e+02
2.863612738033264122e+02
2.865208555434460891e+02
2.865897382131300333e+02
2.864551745769493323e+02
2.863658872414762300e+02
2.862706325414472417e+02
2.863355185859804237e+02
2.863664547920284349e+02
2.863973241441953519e+02
2.863087182326596576e+02
2.862577596539452429e+02
2.863001222915033850e+02
2.864724952039209143e+02
2.863572813593577280e+02
2.861983965985250506e+02
2.863197955523614269e+02
2.864245819991817825e+02
2.864423787569479032e+02
2.864493687495826180e+02
2.864492960846037590e+02
2.863444944962695899e+02
2.863121833982431212e+02
2.862647482862435595e+02
2.863031752339884974e+02
2.862663044708317557e+02
2.864226486826943869e+02
2.863962049029632908e+02
2.862863274779509197e+02
2.862522741212354731e+02
2.863214083208790726e+02
2.864027531975493162e+02
2.864528644757278357e+02
2.864739995498875373e+02
2.864072592232912484e+02
2.864621134763498276e+02
2.864191342421400464e+02
2.864343156719516514e+02
2.864125813969746446e+02
2.862647093192328498e+02
2.863100088161968415e+02
2.863050821455211690e+02
2.863586819524077214e+02
2.864536029317011980e+02
2.865067128234749703e+02
2.864317167245981182e+02
2.864640889879867700e+02
2.863520842270920070e+02
2.864294941900805611e+02
2.862760214342221730e+02
2.861262697835317681e+02
2.862446240064787730e+02
2.862910415297438362e+02
2.864053467750067625e+02
2.862595800109082234e+02
2.863343768049288087e+02
2.863749078907614489e+02
2.862711497573835118e+02
2.863025713100178677e+02
2.862666922630849626e+02
2.862870499481884963e+02
2.862666274843788869e+02
2.864147286589812893e+02
2.862641232069335615e+02
2.861115379957139453e+02
2.862831322092567916e+02
2.864654026631497459e+02
2.864549694800286375e+02
2.863994714207136667e+02
2.863009090659053300e+02
2.862298120850819600e+02
2.862967441346100372e+02
2.862596801268848026e+02
2.863543426995204868e+02
2.863481795309895688e+02
2.863392141113262710e+02
2.862591065848239396e+02
2.862128445698554629e+02
2.862332730658025071e+02
2.862271473870296745e+02
2.862071005598371016e+02
2.860859877528073980e+02
2.859548738259670131e+02
2.862082930496842437e+02
2.862424890378749183e+02
2.863480427400009489e+02
2.863163178117909524e+02
2.862570622215435492e+02
2.861159846050601345e+02
2.861497835255023006e+02
2.862729060898223565e+02
2.864681494089557532e+02
2.864050387605606147e+02
2.863625319115292882e+02
2.863608701048289049e+02
2.862204510965150348e+02
2.861874415312100837e+02
2.861668078607796701e+02
2.862839053089841741e+02
2.862884770729785373e+02
2.861492123675481594e+02
2.861871592452013715e+02
2.862108771601796775e+02
2.863909505369040858e+02
2.863378206673182831e+02
2.863268302985743503e+02
2.862886147825479384e+02
2.861552598027098497e+02
2.861943178325608415e+02
2.861708585045446966e+02
2.861839329537099275e+02
2.862864807168007815e+02
2.862363726817782208e+02
2.862508214915965823e+02
2.861527892102561168e+02
2.860891761411202765e+02
2.861865059920773433e+02
2.863352649907802174e+02
2.863797014663495020e+02
2.863826697346950709e+02
2.861246779446091182e+02
2.859882281718766421e+02
2.861545973793533335e+02
2.861346017324726176e+02
2.861355576030797465e+02
2.861273504000305934e+02
2.862178162595500339e+02
2.862914074333153280e+02
2.862663995905073762e+02
2.862890156099347223e+02
2.861739449703309219e+02
2.862081648408737351e+02
2.861794709790017919e+02
2.861865022712228779e+02
2.862345352067030717e+02
2.861993535725733295e+02
2.862714225298610131e+02
2.862671471547015472e+02
2.862577954238964821e+02
2.862965189452497725e+02
2.860832362354418592e+02
2.860727368208824259e+02
2.861020808706208527e+02
2.861689118155994720e+02
2.862289193999073973e+02
2.862067670712801259e+02
2.862581541948148356e+02
2.862105060858130514e+02
2.862708779998941964e+02
2.862219230236818248e+02
2.861778989822521453e+02
2.860928793501063296e+02
2.860686380246751810e+02
2.863210473138399834e+02
2.862129372610788778e+02
2.862272029151259289e+02
2.861713898678259511e+02
2.862013894497118827e+02
2.861240539742101987e+02
2.862003728434863774e+02
2.861940141486115863e+02
2.862396242372090569e+02
2.862952654052368757e+02
2.862156109152438717e+02
2.861976493764451561e+02
2.863147067696341992e+02
2.862799277400451956e+02
2.863376607478680285e+02
2.861586415077019296e+02
2.861572660185848349e+02
2.861605775424994818e+02
2.863385741248643512e+02
2.863936987925741278e+02
2.862707887765230907e+02
2.862289299355659864e+02
2.861281269450512355e+02
2.862442109864813915e+02
2.862816150987783317e+02
2.861674602547896029e+02
2.861388564588204986e+02
2.862076395761949925e+02
2.863633674288543034e+02
2.863216972603410113e+02
2.862042915374007066e+02
2.861205648022793753e+02
2.861765478645676808e+02
2.862069366205935239e+02
2.862754543344884155e+02
2.861767922374462501e+02
2.862612846348546327e+02
2.863073757839921427e+02
2.862824451615483099e+02
2.860927439810400870e+02
2.861004920488455241e+02
2.863234042381532731e+02
2.863619420631317780e+02
2.862566940932420607e+02
2.861688218212501056e+02
2.863703739732728764e+02
2.863090081481892071e+02
2.863905422202361137e+02
2.861629934847649679e+02
2.858941029487623950e+02
2.859803242962071295e+02
2.862474502185710890e+02
2.862426673054571324e+02
2.861085571073081724e+02
2.861179238266328753e+02
2.862065271381455318e+02
2.861942301502900250e+02
2.860932118160956179e+02
2.861747465444723844e+02
2.862619001839994439e+02
2.862949843357511668e+02
2.861416355314430007e+02
2.861538064551496063e+02
2.863288362878021758e+02
2.863102023289160911e+02
2.863943784669958745e+02
2.862996338308699364e+02
2.860243687778566368e+02
2.861193400799197661e+02
2.861864443757032177e+02
2.864121813706946682e+02
2.863839140166589914e+02
2.863608378306033728e+02
2.862446505338339193e+02
2.861318549454010167e+02
2.861288205924760746e+02
2.861719289820795780e+02
2.862559660061935460e+02
2.862082034298668418e+02
2.862724372413989045e+02
2.862313003367321471e+02
2.861677370019374962e+02
2.861034409478092471e+02
2.861175668231832674e+02
2.862354705420846699e+02
2.861882780164876863e+02
2.861983766958324509e+02
2.861515450359481179e+02
2.860695552086048110e+02
2.860143836617490933e+02
2.861730489904504680e+02
2.863095318640150708e+02
2.862061834495596031e+02
2.861913212606241927e+02
2.863133499846729251e+02
2.863060053884150307e+02
2.861955389481638576e+02
2.862457868872446056e+02
2.862660005777955234e+02
2.863664640711668312e+02
2.863717961642647083e+02
2.862868755827163341e+02
2.863052438842839820e+02
2.862232224823997626e+02
2.861119850706523948e+02
2.860176991474828583e+02
2.862250610644045992e+02
2.863780951969106923e+02
2.863332574957000247e+02
2.861776586149430273e+02
2.861880709651005077e+02
2.862795491880762597e+02
2.861992524565299050e+02
2.862681659290209382e+02
2.861768841558875920e+02
2.861394555790055279e+02
2.861335775109803308e+02
2.860745069387594981e+02
2.861190875213589493e+02
2.861153208766286298e+02
2.861500768781974671e+02
2.860530975490659102e+02
2.860063023011452970e+02
2.861284647838614887e+02
2.863203263286627021e+02
2.864002950150032234e+02
2.863432529194071208e+02
2.862785551286777945e+02
2.863017424987476716e+02
2.862150340625117337e+02
2.861926421747249947e+02
2.862794976703969496e+02
2.862440320077453180e+02
2.862317841338648350e+02
2.862313287496844509e+02
2.862521729789280585e+02
2.862375276845144754e+02
2.861969357583909073e+02
2.859390790738877399e+02
2.862118738336880028e+02
2.863347013789094717e+02
2.863268326440622218e+02
2.862715310724580036e+02
2.862579078385213620e+02
2.861324587281708318e+02
2.860982449077019396e+02
2.861460902830853570e+02
2.862788114885595974e+02
2.863298647968408659e+02
2.863624553010795921e+02
2.862463451093001368e+02
2.860309035403563485e+02
2.861003931416655632e+02
2.862498497332433089e+02
2.863808644300780202e+02
2.863086963520200925e+02
2.861775707952091921e+02
2.859666495890344891e+02
2.861626923414820567e+02
2.861986279472363321e+02
2.861563224864061112e+02
2.861639034582312320e+02
2.861965043115355343e+02
2.861505027250405533e+02
2.860337319522379858e+02
2.859970606406182583e+02
2.861491898666827751e+02
2.863697142033184377e+02
2.863702123849538452e+02
2.862851760414922069e+02
2.861906971489658531e+02
2.861594569823336087e+02
2.861949201709873023e+02
2.861560871835016542e+02
2.862286055404995295e+02
2.862772908669742833e+02
2.862887406271762529e+02
2.863562105421541446e+02
2.862062789172074986e+02
2.861804905907329157e+02
2.861524354625911997e+02
2.862153391486834266e+02
2.861749563208225027e+02
2.861016310729389147e+02
2.863320040044104076e+02
2.862534003388328188e+02
2.862070941688863286e+02
2.860473948286752943e+02
2.859860645184728583e+02
2.860653738025234247e+02
2.862144187728994211e+02
2.862232770547507243e+02
2.862877289374646921e+02
2.862504133792930361e+02
2.862785270955088777e+02
2.862899433257792907e+02
2.863332241113699297e+02
2.863744096264293262e+02
2.863833333944947981e+02
2.861728596954186514e+02
2.861908536637931775e+02
2.860697888804233457e+02
2.861478815518913166e+02
2.860129504366787501e+02
2.860782016697009453e+02
2.861217863529641932e+02
2.861789561158092852e+02
2.862841348903023118e+02
2.861478982471242603e+02
2.862863768959234108e+02
2.862324867546333280e+02
2.860964850910665405e+02
2.860451960275261172e+02
2.862194815656768014e+02
2.862389721732870385e+02
2.863214302978259980e+02
2.862091597176422511e+02
2.863281131063308180e+02
2.862104601197873990e+02
2.861872526832239600e+02
2.861204855492400156e+02
2.860303484437861812e+02
2.861754970939408622e+02
2.860897795922434739e+02
2.862552823407288543e+02
2.861750925850367366e+02
2.861885213525659424e+02
2.861665771246416625e+02
2.862081361675017206e+02
2.861742342444479164e+02
2.862250266968441679e+02
2.861913945800441752e+02
2.863189623489959672e+02
2.862600945493314839e+02
2.861391987701006201e+02
2.863157445158089445e+02
2.861933573448814627e+02
2.862761158450828702e+02
2.862018109227095124e+02
2.861679986568279332e+02
2.862147440693323688e+02
2.862338068857869189e+02
2.862372005162907840e+02
2.861950328721962933e+02
2.862730257728360357e+02
2.861043874574433516e+02
2.859879849391294897e+02
2.860864163563094280e+02
2.860825433374923819e+02
2.861145140383382568e+02
2.861456615301436273e+02
2.859672121978617838e+02
2.860778937858082713e+02
2.861425104293658137e+02
2.862526022087551496e+02
2.861590890809727057e+02
2.861722300817957603e+02
2.861842050570114111e+02
2.859989702274419301e+02
2.861212617571485453e+02
2.861768356543483947e+02
2.862065353621898680e+02
2.861585733100813513e+02
2.861861431753205807e+02
2.861900115853271700e+02
2.860931622633725055e+02
2.860646501346528225e+02
2.860788300388046537e+02
2.863134221958076182e+02
2.862077319832809508e+02
2.860468945983930666e+02
2.861100662465285609e+02
2.862978004566228378e+02
2.861688999398002125e+02
2.861075880051623699e+02
2.861850306675180491e+02
2.860978504150538697e+02
2.860780873783210154e+02
2.861270164007276549e+02
2.862115265324069355e+02
2.862043436546346129e+02
2.859978900151386370e+02
2.860405090897935452e+02
2.861676929083252503e+02
2.863226560859752112e+02
2.862245344156768851e+02
2.862209103686957974e+02
2.862465938885118248e+02
2.862107456954147438e+02
2.862067847348639589e+02
2.862031725703209872e+02
2.861623645042546400e+02
2.862527059205822866e+02
2.862894374770116883e+02
2.861181589398958636e+02
2.861121560195508664e+02
2.861221592359270858e+02
2.860868935977396745e+02
2.860753869905678357e+02
2.861837194121160337e+02
2.861326591099734173e+02
2.862638996669696780e+02
2.861921062465411865e+02
2.861903702886924634e+02
2.863766307678945964e+02
2.864803980152299232e+02
2.863478855989755516e+02
2.861774359739804368e+02
2.862436726008990604e+02
2.862954025612378928e+02
2.861651027609565290e+02
2.860505150571756872e+02
2.861897717661629486e+02
2.862055876215388253e+02
2.861614819891106549e+02
2.862665944901734179e+02
2.862469134992135196e+02
2.862489634688126330e+02
2.861646178711620792e+02
2.859773035454105639e+02
2.860615906744803851e+02
2.861310331868905905e+02
2.863919603600848518e+02
2.862146440923515343e+02
2.862104338467399884e+02
2.862048556742306005e+02
2.861759914851698454e+02
2.860616265439901440e+02
2.861970057149481477e+02
2.861895275549154007e+02
2.862640886433215996e+02
2.862918155458916090e+02
2.862855290170826379e+02
2.861461909327384205e+02
2.862115336326727970e+02
2.862421124763507123e+02
2.862727204537020498e+02
2.863752979180101192e+02
2.863106520825906500e+02
2.861840370526302308e+02
2.861254966066237557e+02
2.861512039486559047e+02
2.860729810898673122e+02
2.861216008044449950e+02
2.861642102261515674e+02
2.862302396604569026e+02
2.862214304925254851e+02
2.862499777196521222e+02
2.862693413759682812e+02
2.862188405236519770e+02
2.861187474085165263e+02
2.860699848143226518e+02
2.860327958802078570e+02
2.861613964859230350e+02
2.861093481109136860e+02
2.859610936134492931e+02
2.860594514306057476e+02
2.862659848650371828e+02
2.863780350212147141e+02
2.860888879485593748e+02
2.861245891243982555e+02
2.860766275160361829e+02
2.861168885028210411e+02
2.861897446795176734e+02
2.861676306199551050e+02
2.861704268062108554e+02
2.863085065502712041e+02
2.860860754650340141e+02
2.860852031980440984e+02
2.860161974863278260e+02
2.859457341160261308e+02
2.860516090312422079e+02
2.861791416699462047e+02
2.860785340957287985e+02
2.860149094738435451e+02
2.860352564570659410e+02
2.861660756387810238e+02
2.863246649929919272e+02
2.863920338399935872e+02
2.863629902656882109e+02
2.862845897662471657e+02
2.861846361010501028e+02
2.863105133620970832e+02
2.861749920695185097e+02
2.862472958088425798e+02
2.862555177731692311e+02
2.863175412075817690e+02
2.862764593231748904e+02
2.861472637926672746e+02
2.861034055595274026e+02
2.860718234177864474e+02
2.861599460825657957e+02
2.861856207012354503e+02
2.861214164046115229e+02
2.860959522928172305e+02
2.860609650782607787e+02
2.860992531105281955e+02
2.861576845931699040e+02
2.860110399441750815e+02
2.859616553189172237e+02
2.860234200987270015e+02
2.861151973420780337e+02
2.862281328645422604e+02
2.862558661379298997e+02
2.861840426352965778e+02
2.861147919585959585e+02
2.862815065586989363e+02
2.862327741030752009e+02
2.861224402907765239e+02
2.860996063651795680e+02
2.861530724140474149e+02
2.861794004450614466e+02
2.862817270520760644e+02
2.860562829588449176e+02
2.860887176496638631e+02
2.861391652033360629e+02
2.863504743637668639e+02
2.861861057957145817e+02
2.859679641241178274e+02
2.861224766694683126e+02
2.861630158222677096e+02
2.860963281897533079e+02
2.861623901612468330e+02
2.862861301461875314e+02
2.861580456620297923e+02
2.862017597183343582e+02
2.861702360663240938e+02
2.862512883513944644e+02
2.863222287327062645e+02
2.860778274642552788e+02
2.861084142977780971e+02
2.862850395416080005e+02
2.862350575469898217e+02
2.862207174321704883e+02
2.861979456101104802e+02
2.861400413782171768e+02
2.861146834843009970e+02
2.861634756395512795e+02
2.863639968864521848e+02
2.864139703148244394e+02
2.863944266311608544e+02
2.862256340814125224e+02
2.862093754785199167e+02
2.862160014223734379e+02
2.862249216634043592e+02
2.860592987636657085e+02
2.861384412468194114e+02
2.861605817685882016e+02
2.862195347774509173e+02
2.862766214796628788e+02
2.861081981582267986e+02
2.861603183416761453e+02
2.863488250157243442e+02
2.863335479743537348e+02
2.863044082354121542e+02
2.863670852950290282e+02
2.862198641038876872e+02
2.861709914849857910e+02
2.859896128455991402e+02
2.861307872978061368e+02
2.864128535511990776e+02
2.863484171851655447e+02
2.861178362089187317e+02
2.860261944409810440e+02
2.861002753787803954e+02
2.861891738285270890e+02
2.861088018593572428e+02
2.859967605629793184e+02
2.861325682246163638e+02
2.862158568468682347e+02
2.864747698464811378e+02
2.864604083833034451e+02
2.862647519447108948e+02
2.860904058857785230e+02
2.860591854686386455e+02
2.860901765223461553e+02
2.861103592682015915e+02
2.859067955432734038e+02
2.859096254872778786e+02
2.859426360903331101e+02
2.859784080267237414e+02
2.861620499935992257e+02
2.861774727370044502e+02
2.860860447872148029e+02
2.858753268614721605e+02
2.858296256783960416e+02
2.859034714597459583e+02
2.862021831548703972e+02
2.862776629899943259e+02
2.861283288138979515e+02
2.859625703814807025e+02
2.860030463772067151e+02
2.862262634711501619e+02
2.860952448516165418e+02
