2.393339244444971143e+02
2.387117385768397924e+02
2.389425139033786536e+02
2.387570612088202324e+02
2.388722720920929135e+02
2.389584972723383487e+02
2.388277695362076258e+02
2.386816335080538636e+02
2.390766552792399864e+02
2.386218417648316006e+02
2.390695240773384000e+02
2.388265552915775913e+02
2.383077720146422962e+02
2.388390110179659303e+02
2.387977553666791266e+02
2.387765813142393370e+02
2.384682624675503178e+02
2.391270744766812868e+02
2.388064049958490216e+02
2.385218627536685574e+02
2.386957300246075135e+02
2.390319734261140354e+02
2.386266848948328345e+02
2.387629079589403034e+02
2.386571964734557696e+02
2.392590336148312815e+02
2.389692040127150960e+02
2.390473135147000221e+02
2.384839331007574401e+02
2.388008670374799465e+02
2.391685574140970800e+02
2.389014580134726486e+02
2.386155027092422642e+02
2.388542745065945212e+02
2.387257657467003185e+02
2.390832009696390799e+02
2.391378632828461548e+02
2.386042938308069381e+02
2.386897391599968898e+02
2.387322361091862319e+02
2.390293115224196754e+02
2.388774585061628102e+02
2.384139038656488481e+02
2.387708438545541583e+02
2.389787827109714442e+02
2.389089982756690915e+02
2.388172207198418846e+02
2.386667841119615332e+02
2.389173076512642240e+02
2.392558738010963282e+02
2.388642256966542448e+02
2.388929752678259604e+02
2.384078792820533010e+02
2.389277817920563223e+02
2.389546331294665436e+02
2.387057254163421476e+02
2.388781587890094045e+02
2.387130831607290986e+02
2.393717595050169393e+02
2.387344352835071675e+02
2.386678097772317244e+02
2.386777193397363419e+02
2.388151835800570950e+02
2.390833837245610312e+02
2.389335973641323108e+02
2.385256749706143466e+02
2.385862537133242540e+02
2.387175292954054839e+02
2.387093800539575170e+02
2.388188708384430754e+02
2.389330424639421153e+02
2.386389375336764260e+02
2.389142517499041389e+02
2.386933761493697830e+02
2.391787324941434179e+02
2.387656802603276276e+02
2.385559500384470937e+02
2.390151196545041330e+02
2.388624404687025162e+02
2.387224784235982327e+02
2.390253554781262437e+02
2.389385186413825011e+02
2.388237443821361410e+02
2.389681374305980626e+02
2.389367874737286002e+02
2.386149525577742168e+02
2.387746865651568839e+02
2.390653501724005991e+02
2.388913272664242413e+02
2.385136873156128274e+02
2.387602430676953134e+02
2.391138643479115728e+02
2.385671306624143426e+02
2.383837879268174618e+02
2.387487646162104227e+02
2.391188391693530093e+02
2.390079200540164663e+02
2.387000334564393143e+02
2.387598935973154255e+02
2.388662215418028154e+02
2.391933564509660073e+02
2.388599073090356057e+02
2.384622227254861571e+02
2.387694375134940117e+02
2.388793479291354345e+02
2.390983181108142617e+02
2.389383775538569523e+02
2.388605041404179019e+02
2.388991688555952351e+02
2.390450435609582485e+02
2.392019386851039826e+02
2.388041557627302325e+02
2.385756163971232411e+02
2.389456127310519378e+02
2.387205387449160696e+02
2.393447633003906958e+02
2.389103836645006993e+02
2.386693101371818102e+02
2.393405307706399583e+02
2.386806279332156464e+02
2.389324470511848233e+02
2.392264088516057257e+02
2.388458111681647722e+02
2.390467039923319987e+02
2.385420498115135786e+02
2.390426176625989854e+02
2.389904920497239118e+02
2.388383149005757957e+02
2.386914204377513613e+02
2.387726782683542979e+02
2.386732423381303931e+02
2.394087240161437933e+02
2.391257860121639851e+02
2.386366555576323947e+02
2.386502946613632048e+02
2.389097738041199364e+02
2.391841829048178454e+02
2.391159341332300983e+02
2.385831219706134334e+02
2.389602563223723166e+02
2.390715741530427465e+02
2.387577767419460599e+02
2.389108362761287196e+02
2.390985273798548576e+02
2.390239347669862298e+02
2.388393835042024023e+02
2.386069745015253432e+02
2.389200808284186053e+02
2.388163055524507570e+02
2.388352721020907268e+02
2.387866789015081110e+02
2.390856065448243442e+02
2.387391333277420244e+02
2.385851212310308256e+02
2.384581404648153296e+02
2.383979029268915895e+02
2.391104180991552255e+02
2.389947118775434376e+02
2.387614247099661497e+02
2.387222431069177730e+02
2.384696036491430107e+02
2.394185638517163568e+02
2.389801248425096674e+02
2.385473561446152644e+02
2.388425400369311546e+02
