1.013197375056117124e+02
1.012154121028813307e+02
1.013788402227168604e+02
1.012675444551732653e+02
1.014719989967630198e+02
1.016032422613239987e+02
1.014613973446466986e+02
1.014282231919401056e+02
1.012872943274310416e+02
1.014304685028205313e+02
1.014806778544661512e+02
1.012878110277671908e+02
1.012813642169397212e+02
1.015842481740375405e+02
1.014946009549256161e+02
1.015273187822219114e+02
1.015111066965685040e+02
1.015083377789456023e+02
1.011726427843249354e+02
1.011906051353011691e+02
1.016760718466015163e+02
1.016655750396363800e+02
1.011908451929602819e+02
1.007842568571575015e+02
1.017387120099742077e+02
1.014313931237681317e+02
1.012867807891464054e+02
1.009213648940216785e+02
1.014258218092095802e+02
1.017831655014120997e+02
1.015473159799209810e+02
1.010642754215720061e+02
1.010149929902378858e+02
1.010804018948615095e+02
1.015903497244191129e+02
1.017760582870531749e+02
1.016363867546909461e+02
1.012122543857281158e+02
1.010920716413144191e+02
1.018771665890673574e+02
1.017180665612774675e+02
1.014035612208703725e+02
1.014570869824545269e+02
1.017736361710858688e+02
1.015607527341336294e+02
1.013513660010843296e+02
1.009010562981906816e+02
1.012230973775238567e+02
1.015511013768387301e+02
1.012757545220501356e+02
1.013913174572973617e+02
1.008776995657284345e+02
1.012240373150770978e+02
1.016598541391332873e+02
1.014927277257591669e+02
1.013688026403269049e+02
1.011229193023543900e+02
1.017030963774202945e+02
1.012729054585172435e+02
1.014819266050038920e+02
1.012292006417400643e+02
1.015618345818165693e+02
1.016538278578632344e+02
1.015691505507888337e+02
1.011049536704706924e+02
1.010114451527692978e+02
1.014004823973678526e+02
1.017375173427710564e+02
1.013387637949079476e+02
1.013198604046251461e+02
1.017791523026696012e+02
1.015530953982923421e+02
1.011175658066421619e+02
1.017199170316826979e+02
1.013550340165953259e+02
1.010903462329332427e+02
1.013717087880550167e+02
1.012545157203106072e+02
1.014456544596960299e+02
1.011736192932879845e+02
1.013703883797995786e+02
1.014786242477184715e+02
1.012265003021005185e+02
1.010417289840680013e+02
1.014930393787712575e+02
1.016261275999458462e+02
1.016420743934836679e+02
1.016487080422171516e+02
1.013391907649438508e+02
1.014733719261334812e+02
1.018615411918672038e+02
1.015122164388475454e+02
1.012252867019783054e+02
1.012836373730736881e+02
1.013545648860369397e+02
1.015339073539433343e+02
1.011007384997089389e+02
1.009319398266206491e+02
1.013440469579656309e+02
1.014982565442913938e+02
1.014431708897636071e+02
1.008115356599140711e+02
1.012691278842253837e+02
1.015600910229692460e+02
1.015980849725117992e+02
1.015443693385005304e+02
1.009498764066029395e+02
1.011888555110682688e+02
1.013892801845787517e+02
1.015264720144138550e+02
1.013134699308281483e+02
1.015633643470072798e+02
1.010920661839247572e+02
1.008014521195165827e+02
1.015676332876091266e+02
1.015155210473065353e+02
1.009760391291074342e+02
1.010725708346847256e+02
1.009559916944931501e+02
1.014464958081704111e+02
1.014878453589129350e+02
1.013882852160485868e+02
1.015157879631481848e+02
1.011412078067198195e+02
1.013339771196705641e+02
1.013909724337079439e+02
1.013451157307529797e+02
1.012208532876806117e+02
1.011120429046866462e+02
1.014303912705308335e+02
1.015431796908432176e+02
1.014403725424489835e+02
1.010228860906621691e+02
1.009579760709714265e+02
1.012574861121934333e+02
1.013543417264664157e+02
1.013278579319829618e+02
1.012907204438243838e+02
1.011854992657695931e+02
1.012919992722090541e+02
1.012390023052366956e+02
1.014123941420230608e+02
1.016402509809197454e+02
1.013651911164769928e+02
1.012087248661888879e+02
1.008515517567308990e+02
1.013176853063745142e+02
1.016096686761930670e+02
1.015849642098584695e+02
1.013635678154134752e+02
1.016885553213325579e+02
1.017311219918785099e+02
1.018822728013712862e+02
1.010439107812096609e+02
1.009474931043163934e+02
1.011455950114013262e+02
1.015534067785263233e+02
1.015937921062035656e+02
1.009355032804013916e+02
1.011502396552736087e+02
1.015801506267085870e+02
1.015047995185181406e+02
1.011054775695282615e+02
1.010889810983932620e+02
1.012704197595102897e+02
