2.869273518736446249e+02
2.868452210171805064e+02
2.869076396927890187e+02
2.869180451185127936e+02
2.870369294383630745e+02
2.870043789302215487e+02
2.869354256353469736e+02
2.868088834203861097e+02
2.868336034892271869e+02
2.868411068074570380e+02
2.869837626060070193e+02
2.867188260821516792e+02
2.866914539535457038e+02
2.869407229257292329e+02
2.868511644522567963e+02
2.867757150355691351e+02
2.867976370068876690e+02
2.870189473198817609e+02
2.867045239281262070e+02
2.866918553797824529e+02
2.869920414948572329e+02
2.870494780452717123e+02
2.867337861455204688e+02
2.867977347367396419e+02
2.869270973331286427e+02
2.871007067162349813e+02
2.869946150098306248e+02
2.869061731839911999e+02
2.868779430572807883e+02
2.871614610839021111e+02
2.871541250036099768e+02
2.867957378725623698e+02
2.867800235344934663e+02
2.869092675038885432e+02
2.870367242189048511e+02
2.871505228260322156e+02
2.870359007323407354e+02
2.866965926155348257e+02
2.868127569336670604e+02
2.869908188322888236e+02
2.871145470349867423e+02
2.868743241417191143e+02
2.868949368679787995e+02
2.870757508630307484e+02
2.870749485532489302e+02
2.868765221362746161e+02
2.868100950048163895e+02
2.868660759727777645e+02
2.870807772648655032e+02
2.872052549182297980e+02
2.868124963263264249e+02
2.867423036628892419e+02
2.867913866428555707e+02
2.871190673889666414e+02
2.869938395441175771e+02
2.868320763459260547e+02
2.868620520948924764e+02
2.869773299153852690e+02
2.871092403947496905e+02
2.868457623096110183e+02
2.867595517238614207e+02
2.868344887516951758e+02
2.870428272714038371e+02
2.870439386958861974e+02
2.867503199187423206e+02
2.867212048938524163e+02
2.868671383748952621e+02
2.869517074396778753e+02
2.868160364526337389e+02
2.869652705573251410e+02
2.869632084922660624e+02
2.868142791211899407e+02
2.869091827475958780e+02
2.869801203898885547e+02
2.870348826109282072e+02
2.867938952025345429e+02
2.867872427391696988e+02
2.870409974064590983e+02
2.868881465645625894e+02
2.868765046742715867e+02
2.870527222484845424e+02
2.870599241977860174e+02
2.868701909394715130e+02
2.869389800604948277e+02
2.869577029916426341e+02
2.868870000910164322e+02
2.869197975258738893e+02
2.870503882089731746e+02
2.867844579521988635e+02
2.867479126086442989e+02
2.870244676434042503e+02
2.870345888454838246e+02
2.866705812957228545e+02
2.867032126231320603e+02
2.869623725554905036e+02
2.870893428617039831e+02
2.867957121494874286e+02
2.868068373363958585e+02
2.868350164727837637e+02
2.871091105945062054e+02
2.870815917871957481e+02
2.867288479084382971e+02
2.867309247120148257e+02
2.869445683479943341e+02
2.870889499805981586e+02
2.870736953075444831e+02
2.868992671881630372e+02
2.869708421694801359e+02
2.870728675164451147e+02
2.871184869759362073e+02
2.870861799436470960e+02
2.868057929329845024e+02
2.866925282697457646e+02
2.868530910721366354e+02
2.870379671352059177e+02
2.871625904867296413e+02
2.867694995705397787e+02
2.868454539274587205e+02
2.870177814033636992e+02
2.869400714227174944e+02
2.870780579780840185e+02
2.872350464639253005e+02
2.869555123863815425e+02
2.869080195325682894e+02
2.868307433093073655e+02
2.870755703012501385e+02
2.870470752218889174e+02
2.868587022002426465e+02
2.868501816493912315e+02
2.868496879646132243e+02
2.870730054695014246e+02
2.872055308998328655e+02
2.868569849916877956e+02
2.866951008988863236e+02
2.868918279624562047e+02
2.870365028057145764e+02
2.870770664891435331e+02
2.868854479856559010e+02
2.868268659735053348e+02
2.870813475045318341e+02
2.870203016180913664e+02
2.870198902035228343e+02
2.871016187323982649e+02
2.871010604533515789e+02
2.869775947545056169e+02
2.867869680199386835e+02
2.869259488278730714e+02
2.871514773648003143e+02
2.869259954356918456e+02
2.869607550850857365e+02
2.870829139217561305e+02
2.872154132651249370e+02
2.870389667936371438e+02
2.866490049581324797e+02
2.866554740521373219e+02
2.868272818661436645e+02
2.872003610113619629e+02
2.870076725937981905e+02
2.867448949297343574e+02
2.867953549020086825e+02
2.869360752625021291e+02
2.871368224447714397e+02
2.868859996399707484e+02
2.867776228029169374e+02
2.870428120177450069e+02
