2.410195338658787989e+02
2.408957794333163065e+02
2.408245211626670823e+02
2.408218636948775213e+02
2.405470020350075231e+02
2.411455329650176225e+02
2.406963147728308741e+02
2.407482383228566789e+02
2.410916779506667353e+02
2.408390078242473464e+02
2.411683221645688207e+02
2.404863918190817742e+02
2.400174883568430175e+02
2.404779663069990647e+02
2.399874696342687628e+02
2.403811814988603430e+02
2.403536731060312377e+02
2.405087932903504679e+02
2.409950117850034985e+02
2.407663173240927108e+02
2.409727325526378934e+02
2.410141249341561149e+02
2.403889816815486427e+02
2.403892143945493274e+02
2.404342244078621036e+02
2.401905525818691558e+02
2.405084289059400078e+02
2.407389207884510824e+02
2.408340941342985673e+02
2.402647007805175008e+02
2.403743625843019061e+02
2.406144185469977117e+02
2.401608646541674545e+02
2.406117138949834668e+02
2.398269607683502045e+02
2.398607357686048545e+02
2.404403993790315326e+02
2.405280390868357756e+02
2.405298824261426773e+02
2.404347886262425789e+02
2.404800167070548298e+02
2.401355216621420823e+02
2.405846014742721479e+02
2.408622295165072558e+02
2.402153933361609290e+02
2.405303390158152013e+02
2.405020562874653649e+02
2.402064057748639243e+02
2.405338520235984561e+02
2.409135294087660668e+02
2.406381045331606572e+02
2.406268298542985633e+02
2.408149601222038143e+02
2.401139119107087936e+02
2.400419437758832544e+02
2.404263667050864512e+02
2.401510725359473497e+02
2.401530952240490251e+02
2.402268768518805189e+02
2.406005548667128267e+02
2.405295625397338029e+02
2.408994628167886276e+02
2.397758394264020581e+02
2.398498630579147459e+02
2.401345201096659139e+02
2.400044858611543077e+02
2.400619145701880655e+02
2.402944330503368917e+02
2.405710292510829333e+02
2.401492903627790554e+02
2.405064433710098513e+02
2.405558916857136467e+02
2.403896658282711485e+02
2.403387334536381275e+02
2.400155327213506098e+02
2.405328440600812030e+02
2.405887685850366609e+02
2.404805151448491358e+02
2.403983711289554321e+02
2.405595432336890553e+02
2.403486249171212705e+02
2.405216764772979730e+02
2.405548463944236062e+02
2.404842972290786918e+02
2.402769553525336903e+02
2.405478161004282072e+02
2.403131708705301435e+02
2.405276471901603088e+02
2.403284473991905941e+02
2.403320826803243335e+02
2.404560579211803599e+02
2.404015280114200266e+02
2.401798558710479199e+02
2.404282958447990666e+02
2.401041440837292384e+02
2.403383864771300580e+02
2.405002629516527293e+02
2.404930540119795239e+02
2.406082786023297047e+02
2.404776923694558093e+02
2.400713669426643264e+02
2.401517589057311568e+02
2.401317767655124271e+02
2.404172794184977136e+02
2.400806395934772297e+02
2.400090499336965877e+02
2.400801537868560729e+02
2.404349492184417159e+02
2.399521884800887790e+02
2.399076651035994985e+02
2.400525520640063633e+02
2.402210272601214456e+02
2.399680352992575365e+02
2.393340368176840229e+02
2.393350139935665766e+02
2.393327158765803517e+02
2.393823852221533741e+02
2.398575405144573836e+02
2.393868640510318357e+02
2.397273585809824681e+02
2.397098431031300834e+02
2.396189017210368775e+02
2.395206336576106878e+02
2.399306166275897851e+02
2.397310748147425272e+02
2.395253044968702341e+02
2.394731090585113691e+02
2.393031714622997868e+02
2.393511914462104926e+02
2.396283153404513087e+02
2.397256018838049556e+02
2.394621774080285377e+02
2.392978870971747938e+02
2.386317786851656138e+02
2.389315925663833866e+02
2.392079916450406927e+02
2.394830726142181732e+02
2.390979702329515248e+02
2.396106888726324371e+02
2.396279747854532616e+02
2.392009465826393750e+02
2.391593734390176280e+02
2.388914100340543598e+02
2.390405356171158928e+02
2.390405337805658803e+02
2.394494754317395575e+02
2.391137093083611944e+02
2.393722004742402305e+02
2.399432767200169110e+02
2.400727699812717049e+02
2.397234047236151184e+02
2.400375522496415215e+02
2.401940715117438856e+02
2.394949660894864110e+02
2.395589441287969805e+02
2.398407957623417985e+02
2.400776422514391015e+02
2.399509739562324455e+02
2.395235920651155084e+02
2.395324784302065098e+02
2.396724441162576511e+02
2.402669950434744521e+02
2.397885618654251800e+02
2.400261952493413276e+02
2.405462158603802436e+02
