2.871871622345086621e+02
2.873115365594939021e+02
2.872668826023949009e+02
2.872239704478988074e+02
2.872613753149142326e+02
2.873448357415533110e+02
2.871326812370537596e+02
2.873451209175664189e+02
2.872843143921500655e+02
2.874089358589071139e+02
2.873478516252559984e+02
2.871483992039659938e+02
2.871853412097493106e+02
2.871354724568467987e+02
2.869155773357844055e+02
2.870262328045866980e+02
2.871059503265543640e+02
2.871877931717715455e+02
2.872798516113510345e+02
2.872996669789130806e+02
2.874376904856992496e+02
2.872381688444339147e+02
2.871097220629284834e+02
2.870742252504470571e+02
2.870688840824290651e+02
2.869502713547070130e+02
2.872023418082744683e+02
2.873239792115732030e+02
2.872313941086752038e+02
2.870339504197764313e+02
2.870978047978517225e+02
2.871958475487335249e+02
2.871440556710954866e+02
2.872615769604596494e+02
2.870583609023159397e+02
2.870867402374236690e+02
2.872178307446409349e+02
2.871558034264476191e+02
2.871210528111963072e+02
2.872648364908656617e+02
2.871514098112675697e+02
2.870370050595211069e+02
2.871689771361873227e+02
2.871834853040896292e+02
2.870967591606066094e+02
2.872544711890250824e+02
2.872189992621898114e+02
2.872289952507262001e+02
2.873129528137008606e+02
2.873728337982128096e+02
2.873617950343891607e+02
2.873703606126414911e+02
2.874787138701823892e+02
2.870874770639625240e+02
2.871891014628143353e+02
2.871290665268350040e+02
2.871449450630506703e+02
2.871291879548757038e+02
2.872663101910389969e+02
2.873683050658951288e+02
2.873036190748866261e+02
2.874649822366107514e+02
2.871335928538604207e+02
2.871179649754498655e+02
2.871478153801651274e+02
2.871720294764606365e+02
2.871818950878071632e+02
2.872323120739293927e+02
2.874069997612479597e+02
2.872455440294609161e+02
2.873969907387911462e+02
2.874335942234604886e+02
2.873090889787522997e+02
2.873011883520376841e+02
2.872898164895021864e+02
2.874310328191256190e+02
2.874527207679716980e+02
2.874517916014478374e+02
2.873672473568119017e+02
2.874166264112918157e+02
2.874088166579967378e+02
2.874284832899527942e+02
2.874382445251728200e+02
2.875143080813507481e+02
2.873753649733220072e+02
2.874843470729131809e+02
2.873740326468189892e+02
2.875237388907324316e+02
2.874268358997287578e+02
2.873888658458709529e+02
2.874372611996265050e+02
2.874459528694495134e+02
2.873658066885076892e+02
2.873813462928881677e+02
2.873262039199773312e+02
2.873466441664812123e+02
2.874431301348252532e+02
2.874241433587854999e+02
2.875108887910565159e+02
2.874331003371946167e+02
2.873909032002817412e+02
2.872856081638659589e+02
2.874503672863347106e+02
2.874321693131529969e+02
2.873513936827533257e+02
2.873557225098633694e+02
2.874941991578264151e+02
2.874833488257484078e+02
2.872517014954380556e+02
2.872755216313815367e+02
2.874421643229332517e+02
2.874876304979355268e+02
2.873834761411732757e+02
2.873087402282790777e+02
2.871680613099885591e+02
2.871055413726139705e+02
2.873681781988663602e+02
2.873004667589478913e+02
2.872318508114623796e+02
2.874069240207701910e+02
2.874135867769449533e+02
2.874132235694984843e+02
2.874805849092539916e+02
2.875948346206611745e+02
2.874891950171852386e+02
2.875210279140999887e+02
2.873655962109015150e+02
2.873411146875095596e+02
2.874426517184132877e+02
2.875112252149734218e+02
2.874341027955181858e+02
2.875797537537144422e+02
2.874803829285303891e+02
2.872032188559697374e+02
2.873463842613927568e+02
2.875073425215714451e+02
2.875710846040407773e+02
2.874839674646553362e+02
2.877376227325467539e+02
2.876662785495518051e+02
2.876228153981277842e+02
2.877260672424717427e+02
2.875413848432552300e+02
2.875540973117890644e+02
2.876364678534895916e+02
2.876822215513207084e+02
2.875724670035364738e+02
2.877204322767785811e+02
2.879391118460625876e+02
2.880531180573132701e+02
2.878453972669594805e+02
2.881751411498990478e+02
2.881265408264484904e+02
2.879191391217593150e+02
2.879901372211415378e+02
2.881606734494773150e+02
2.882251648853089705e+02
2.882169703367697480e+02
2.880903242705626894e+02
2.880613998868980730e+02
2.882683402112093631e+02
2.882618740041781962e+02
2.881700937313166833e+02
2.883521115647401984e+02
2.884742346181246262e+02
