2.367682000945320908e+02
2.370060675825191083e+02
2.381340470093562942e+02
2.392002069215626250e+02
2.398466743658469511e+02
2.393822652826035267e+02
2.403817404082961957e+02
2.411539325019811884e+02
2.412975077368352288e+02
2.416737689478816549e+02
2.418708797090605742e+02
2.419204247920052921e+02
2.424191252723952630e+02
2.418184656956711649e+02
2.424248110030557655e+02
2.425848773646111169e+02
2.428968783249978003e+02
2.430987828370070645e+02
2.432367733132593912e+02
2.428364114960871518e+02
2.419937517088071957e+02
2.429277309217621053e+02
2.432164917018631911e+02
2.433856425983082943e+02
2.434837147351943258e+02
2.427636053495040187e+02
2.427712340125503090e+02
2.433531898066743508e+02
2.430195698410752527e+02
2.431659190762315745e+02
2.432067423195684341e+02
2.432098100549337403e+02
2.436456062423370383e+02
2.434856326686242198e+02
2.439628191381731028e+02
2.432025307232969169e+02
2.440102390880539076e+02
2.436990042869256001e+02
2.435921853609981724e+02
2.439305593722462788e+02
2.433264338920791943e+02
2.440702164915974492e+02
2.435858036951037491e+02
2.441528545472285714e+02
2.435004955087640326e+02
2.438125007739503189e+02
2.435226483271375173e+02
2.436349355866515509e+02
2.442725769066016710e+02
2.436720635033238125e+02
2.443311799604264536e+02
2.441849378377728499e+02
2.446191194059588554e+02
2.438705357962291771e+02
2.441383462242167468e+02
2.446822580756336265e+02
2.443394558467522586e+02
2.445255905430940402e+02
2.442043582009698355e+02
2.445283713673204318e+02
2.441250933348023864e+02
2.450963859581346753e+02
2.445659048613410107e+02
2.446779133579703682e+02
2.447322044862673636e+02
2.446939719893857728e+02
2.445835731853456707e+02
2.444061944554036927e+02
2.446306127936029498e+02
2.450570788993677240e+02
2.448673796011595414e+02
2.449461111409849252e+02
2.447819726940797409e+02
2.450485982536223162e+02
2.446498163002573563e+02
2.454622730647737399e+02
2.448009874000048285e+02
2.451995991401200001e+02
2.454501425503070493e+02
2.448354131026033258e+02
2.453712520828621848e+02
2.448290263669120179e+02
2.449381158148013355e+02
2.453164736132943062e+02
2.450972692616482789e+02
2.453021964141507851e+02
2.456003479202392157e+02
2.454739158175486864e+02
2.454394212296489002e+02
2.450681430648104424e+02
2.455886174648732094e+02
2.449857697412481627e+02
2.456052165327317027e+02
2.449439318737202029e+02
2.455120694529904313e+02
2.451040871773164724e+02
2.453770248888328069e+02
2.459666177232141138e+02
2.452156706181870049e+02
2.457703899377753487e+02
2.457704826062312122e+02
2.451078182082176227e+02
2.457145146386969827e+02
2.456915507703267849e+02
2.454660738170229024e+02
2.453429827768766529e+02
2.459011682520293789e+02
2.454594339843040700e+02
2.457829260490514969e+02
2.455614059982908657e+02
2.460117681390251221e+02
2.456877807826006972e+02
2.455779799253068347e+02
2.459486140701195325e+02
2.457866893748970654e+02
2.459100990081281850e+02
2.459341974637987960e+02
2.458964272968273690e+02
2.460367751619049841e+02
2.452204226881106024e+02
2.459747374847411265e+02
2.460927227318534278e+02
2.463684141716337308e+02
2.460926896780826212e+02
2.466424208293162508e+02
2.463562687562644271e+02
2.461467941568812705e+02
2.461486051194781339e+02
2.465231892374707456e+02
2.467752799508625401e+02
2.465504810899969073e+02
2.468709090465746385e+02
2.467936564150817560e+02
2.468705197626285326e+02
2.466162268656324841e+02
2.462607685080245403e+02
2.467990945828094027e+02
2.466217456352608224e+02
2.463258695502923956e+02
2.467880958960062401e+02
2.468643553452729691e+02
2.468640821891100074e+02
2.467619144145672578e+02
2.467559543533452882e+02
2.471472513472552919e+02
2.466721462992121872e+02
2.469469074950432343e+02
2.473165062195319024e+02
2.470758308417253772e+02
2.473146426170839334e+02
