9.773390185248838691e+01
9.767088322539974854e+01
9.693277338070156190e+01
9.614525197515429511e+01
9.654465670562147750e+01
9.603767651067708755e+01
9.503460780278710729e+01
9.526915694543664870e+01
9.465673781051248170e+01
9.519917123857719332e+01
9.506597144926767839e+01
9.536322441244051618e+01
9.493853547689951711e+01
9.456037456052729340e+01
9.409445378892276324e+01
9.351800080859938191e+01
9.377275216726847873e+01
9.408135670625107139e+01
9.425815140151838989e+01
9.540424698869344411e+01
9.454382295246132628e+01
9.406074994298846548e+01
9.505206955933515189e+01
9.347012456805288139e+01
9.436792861957808043e+01
9.453107930237321455e+01
9.411290371887963602e+01
9.427802170370200940e+01
9.452909260074001452e+01
9.409684385804844453e+01
9.455475246955747082e+01
9.364587589988160232e+01
9.431100660195879470e+01
9.430360104271318278e+01
9.359898438187640579e+01
9.339625700623440707e+01
9.378113769336015082e+01
9.402827048693745837e+01
9.369557201840250116e+01
9.335084456760414184e+01
9.365351545559599344e+01
9.364914594549934179e+01
9.382237674701826791e+01
9.398999460538134088e+01
9.388420031866600368e+01
9.402028319724593075e+01
9.349307956563006883e+01
9.327145576379820113e+01
9.344788587448429951e+01
9.296598440444410016e+01
9.354457891592915075e+01
9.308140280119880572e+01
9.330347937979598782e+01
9.315396862529807720e+01
9.267875517284612386e+01
9.277335118865538277e+01
9.329951754121942997e+01
9.265532934596576808e+01
9.306985073774671946e+01
9.289801944930535171e+01
9.296944729636804539e+01
9.266718780835610403e+01
9.300271219916731980e+01
9.275478731660064113e+01
9.326414190317501607e+01
9.278525139522673726e+01
9.288383483962775244e+01
9.257224368058223263e+01
9.315857590674592359e+01
9.261553706564626509e+01
9.280334370312438352e+01
9.258911018424406336e+01
9.259623693956162072e+01
9.255876843602446513e+01
9.299330366875010156e+01
9.292615677657094864e+01
9.202684351163888721e+01
9.196552267299227879e+01
9.254575405065052962e+01
9.265339836964083986e+01
9.303326323473828552e+01
9.290482862195979408e+01
9.225883226805025572e+01
9.245849675567393433e+01
9.233659669794606373e+01
9.249414661027475404e+01
9.229269295700787268e+01
9.240323334316339299e+01
9.185240115035709607e+01
9.250366487621262479e+01
9.279914509601245243e+01
9.263036259449528131e+01
9.285818016547052878e+01
9.218141928680584840e+01
9.256959312491653691e+01
9.199619499099905795e+01
9.202588776141959670e+01
9.221933582248146877e+01
9.239158796593407885e+01
9.234869084497206870e+01
9.207427599895021331e+01
9.277501306660252567e+01
9.236734283394251577e+01
9.226665230578545618e+01
9.277385348002599130e+01
9.237545640734344943e+01
9.187984660517530244e+01
9.202658110073544151e+01
9.198713811082592429e+01
9.140850061296650608e+01
9.181606424659844379e+01
9.226151063214011572e+01
9.222311690068390533e+01
9.210669269277212834e+01
9.235790794937611281e+01
9.192760191796593006e+01
9.172791514744137942e+01
9.171570609869026214e+01
9.182990668539842716e+01
9.173638911741137747e+01
9.173139433419983391e+01
9.186713020189556289e+01
9.162723028582693985e+01
9.140242646770543899e+01
9.088720435924147978e+01
9.130852532609016237e+01
9.146380221411401124e+01
9.125691423297705285e+01
9.121640240740843808e+01
9.135967177823933127e+01
9.094343888445264668e+01
9.135444448275431739e+01
9.125627410015523822e+01
9.122353966765830080e+01
9.126400815083492546e+01
9.157871317242342002e+01
9.190099646290114777e+01
9.101123881630660151e+01
9.147012211377897017e+01
9.078311226830918201e+01
9.083604917242764998e+01
9.125553599252255310e+01
9.117595510964953576e+01
9.098767747006040452e+01
9.119232056645437012e+01
9.073165034957754926e+01
9.077065030371647936e+01
9.130737531367306303e+01
9.121195317797047153e+01
9.100932921192571712e+01
