2.885000301756528529e+02
2.888623439531443751e+02
2.893157997744814907e+02
2.898898828321164842e+02
2.900820952671572854e+02
2.899212752716861701e+02
2.904692837207785487e+02
2.908003923391869989e+02
2.909474092371619349e+02
2.910019150157183958e+02
2.910167845166110396e+02
2.912063639564782989e+02
2.911517430235426218e+02
2.911014544822977541e+02
2.913759167943030661e+02
2.915323534052399168e+02
2.915568925556509043e+02
2.916998787063825489e+02
2.918724568468635425e+02
2.916133138772624420e+02
2.912975952403153883e+02
2.917016087965088786e+02
2.916844426342850625e+02
2.917717253875719621e+02
2.918860663438171628e+02
2.915197792867930389e+02
2.916664756219075798e+02
2.917546818199188579e+02
2.916616664495668942e+02
2.917678626891295721e+02
2.916726078165717695e+02
2.918835298581898314e+02
2.919801217283737174e+02
2.920068245534369566e+02
2.919229069421704139e+02
2.918278454313755219e+02
2.920235765055264778e+02
2.919311352635584740e+02
2.918818117439915909e+02
2.920277569520823704e+02
2.919563712591253193e+02
2.920685418681404713e+02
2.920515693417493708e+02
2.921097283118215842e+02
2.919713493745953201e+02
2.919697191720281921e+02
2.919763483476860984e+02
2.921560416906186219e+02
2.921321603731907430e+02
2.921208858286333339e+02
2.922868486553119851e+02
2.922496702445843653e+02
2.922902249875605207e+02
2.920614018783306278e+02
2.923050401696614813e+02
2.923980777666227482e+02
2.922947712622320751e+02
2.923237949872687977e+02
2.923130515263631537e+02
2.923257896239992419e+02
2.923628057958236468e+02
2.925732615595362063e+02
2.925633348050542395e+02
2.925187848922237208e+02
2.924180952811712473e+02
2.924997493801778887e+02
2.923946627885195539e+02
2.924991500233059583e+02
2.925163773401524736e+02
2.926439275483348297e+02
2.926884043361132512e+02
2.926263629190846700e+02
2.926010527341123293e+02
2.925884614721160233e+02
2.926062782977198822e+02
2.926014488596767364e+02
2.924466801249972150e+02
2.927162291383176012e+02
2.926581916825596750e+02
2.925439294389532847e+02
2.927150804199835079e+02
2.925385910272339629e+02
2.926669386017360353e+02
2.927087742621420716e+02
2.927619396467940192e+02
2.927806028044691971e+02
2.927988499574376533e+02
2.928216032256823951e+02
2.927147347708337293e+02
2.927405687835419030e+02
2.928449565107759440e+02
2.926830610014330318e+02
2.927259281403941600e+02
2.926728906587955521e+02
2.928830939117257799e+02
2.926755392209478828e+02
2.928775310369888416e+02
2.928497306879563666e+02
2.927906482151765886e+02
2.930136027135152972e+02
2.929492917549634399e+02
2.926771511078201229e+02
2.929678487859288225e+02
2.928634339527877160e+02
2.927624937261991249e+02
2.929031481822780165e+02
2.929390961098704906e+02
2.929338889559326162e+02
2.929468606706434457e+02
2.929699918930273270e+02
2.930941354226491171e+02
2.928602471444448838e+02
2.928976962201535912e+02
2.930707592044811918e+02
2.930185828249985889e+02
2.930549710499470848e+02
2.930987623852985848e+02
2.930815739593011813e+02
2.930387118643558324e+02
2.928415510223815659e+02
2.931629497996555642e+02
2.931851871582746298e+02
2.932728168931395771e+02
2.932590580345591320e+02
2.933869038243887530e+02
2.933638945448774393e+02
2.932637153225841757e+02
2.932689703104130672e+02
2.935182000278081205e+02
2.933382630439692207e+02
2.934139493082989247e+02
2.934869703292025633e+02
2.934570705424123958e+02
2.934471747131295274e+02
2.933447887059703589e+02
2.932975160017901430e+02
2.935235689074233960e+02
2.933424997767151012e+02
2.933952802632306884e+02
2.934699191423054003e+02
2.935322016611989397e+02
2.935131422484926702e+02
2.934360758141094720e+02
2.935445479507632172e+02
2.935134880083704161e+02
2.935151199648136640e+02
2.936887455492793038e+02
2.937421924994395113e+02
2.936899985663851567e+02
2.936147130739144018e+02
