2.380075842562508512e+02
2.375525812909565104e+02
2.376201393342227277e+02
2.375706064805133337e+02
2.377070921845518114e+02
2.376404219585313911e+02
2.377951982882054551e+02
2.377237798830292377e+02
2.378374422122112435e+02
2.376674233579674365e+02
2.378744009464474232e+02
2.375655824572585004e+02
2.371782702801604330e+02
2.379329969920514429e+02
2.375158752055334901e+02
2.374836644465664506e+02
2.376239344129527069e+02
2.377783681560987361e+02
2.375934589116026530e+02
2.377922116439493436e+02
2.375337969632600732e+02
2.378322593740247157e+02
2.377420272373384478e+02
2.379172712282691293e+02
2.375484595041816647e+02
2.379369869829185689e+02
2.377786216505174934e+02
2.376167844026944920e+02
2.379851061934376730e+02
2.380044057926320420e+02
2.381359079243307235e+02
2.380551507905612425e+02
2.377136896695974428e+02
2.378831157812681170e+02
2.374520334783252338e+02
2.375053643739733218e+02
2.371340446463804312e+02
2.375787070627747255e+02
2.375729014351384478e+02
2.373457357180029987e+02
2.376438105683945139e+02
2.377049306311239434e+02
2.377060615884539345e+02
2.380174235600791235e+02
2.380591575552794268e+02
2.378652685849377519e+02
2.378471931583089543e+02
2.378804257560788074e+02
2.382118691696994119e+02
2.381032378947166990e+02
2.378469245472872728e+02
2.380145642218434148e+02
2.379807148915867856e+02
2.374671027144132438e+02
2.375983935691628801e+02
2.377010512202195116e+02
2.377952966568391560e+02
2.381163945925682981e+02
2.379093913460642682e+02
2.379074787932274546e+02
2.376860532912122608e+02
2.378784810674812604e+02
2.375887515696263392e+02
2.377246366704897298e+02
2.379052174679430607e+02
2.380086529105241482e+02
2.378953662988104725e+02
2.376673955268179270e+02
2.381934438069343685e+02
2.377659551136237326e+02
2.379609001463072957e+02
2.381291763241835042e+02
2.378163129292600786e+02
2.376503378964006572e+02
2.379165658922202056e+02
2.378957750499179156e+02
2.378860878165050963e+02
2.375503787784570875e+02
2.379520426429915005e+02
2.379958836301458689e+02
2.380608649377224140e+02
2.381664674499812975e+02
2.381076918053796589e+02
2.378110075506898511e+02
2.380927678491240442e+02
2.377650319884172632e+02
2.379312473414946965e+02
2.378590325847548002e+02
2.378922703329903925e+02
2.380747560674200543e+02
2.380169321269144405e+02
2.378188632417729025e+02
2.378179915883153797e+02
2.381849828400784190e+02
2.378881302846141068e+02
2.379471056351257801e+02
2.378206960765292024e+02
2.382584912588032182e+02
2.381868489032209482e+02
2.379792444445522790e+02
2.377317839387014828e+02
2.378438509475804210e+02
2.379167767375866163e+02
2.376990250674301990e+02
2.374146562690968665e+02
2.377421041336030783e+02
2.380373440890191432e+02
2.380898564184633415e+02
2.381486065869994206e+02
2.380325099341280293e+02
2.380173415353605435e+02
2.378865434113151878e+02
2.377849399878394934e+02
2.376939638300279114e+02
2.376854439197310569e+02
2.375887779339279007e+02
2.374905133667250823e+02
2.378278778495544827e+02
2.376747506866637707e+02
2.374157448131210231e+02
2.375654340808806921e+02
2.376261610099073778e+02
2.374197600586292083e+02
2.375863197902754109e+02
2.375207214121664663e+02
2.374668002438901340e+02
2.374917866523079226e+02
2.372302474428678636e+02
2.372002867054746105e+02
2.373324085698258159e+02
2.376285568728023065e+02
2.374139868208433199e+02
2.370412637884638798e+02
2.369801281708110707e+02
2.370229570720913443e+02
2.372939124894800216e+02
2.372686495172754348e+02
2.368825542182291031e+02
2.370019871834097955e+02
2.374366502493212749e+02
2.371155015892281597e+02
2.370243732502581508e+02
2.365433718161817751e+02
2.368182347023661976e+02
2.371079859657409088e+02
2.371478561738164501e+02
2.369981171154868491e+02
2.373933826930183102e+02
2.374246593742537641e+02
2.375761911048634545e+02
2.378015780407205568e+02
2.377428108095925552e+02
2.374087739490277897e+02
2.375616305704737385e+02
2.379021120100979942e+02
2.376546832811202137e+02
2.374671008633480369e+02
2.373752833733071839e+02
2.373135278555061802e+02
2.375460464754314387e+02
2.374975360222036045e+02
2.377613940250921587e+02
2.379850293245726789e+02
2.377487672329346822e+02
2.376971528292789628e+02
