2.858784037447346122e+02
2.856733396941610863e+02
2.858284494187999485e+02
2.857627645101989060e+02
2.858270680016157144e+02
2.859367812478042765e+02
2.859106948756538600e+02
2.858138078581582135e+02
2.858091722811599880e+02
2.858480445386082351e+02
2.856771246947430427e+02
2.856836696037925662e+02
2.856102401171569340e+02
2.859181051936192262e+02
2.857316030682670771e+02
2.856557454470041080e+02
2.859112538591526800e+02
2.859319995581104763e+02
2.856926141588955375e+02
2.858216253462117038e+02
2.857936379603553974e+02
2.858568324686394249e+02
2.858448712811387509e+02
2.859408672722906886e+02
2.858867015421710107e+02
2.859758310710038813e+02
2.858579680277521788e+02
2.858956362975366119e+02
2.860863087832704537e+02
2.860416474082571767e+02
2.860468776657642707e+02
2.859713933667466108e+02
2.859754939312869624e+02
2.861921826791403305e+02
2.857232726503132767e+02
2.856662753315986834e+02
2.857108310301289862e+02
2.858517695222093948e+02
2.858163874253198173e+02
2.858138718336374495e+02
2.858669997837488950e+02
2.858605331245102548e+02
2.860169139542198877e+02
2.862295748274082143e+02
2.860050097661493851e+02
2.859503630938599485e+02
2.859232233870612276e+02
2.861246222515219415e+02
2.862362577104600518e+02
2.860989922636605911e+02
2.860711116255667434e+02
2.861749319500079878e+02
2.861337420279623416e+02
2.858566567882998584e+02
2.859250001395109280e+02
2.859192604637754016e+02
2.860834253543249019e+02
2.862391682714910530e+02
2.860518263190414245e+02
2.861126786125959711e+02
2.859901349487433322e+02
2.861385591079888968e+02
2.860128761227236964e+02
2.860387666171282035e+02
2.861967665290634955e+02
2.862408842072528046e+02
2.859407949614564473e+02
2.860639927673277612e+02
2.861884981978130895e+02
2.859169618836075983e+02
2.861252831584110936e+02
2.863002985223491237e+02
2.860292453459775857e+02
2.861321599435962071e+02
2.862406797245379835e+02
2.861641692810669610e+02
2.860255466577320362e+02
2.859809320224987346e+02
2.861585452305892545e+02
2.862082094893399358e+02
2.862822624517848453e+02
2.864269433427090235e+02
2.862249766825465258e+02
2.861750163193596563e+02
2.862815115912212036e+02
2.860333834802689239e+02
2.860452816872332846e+02
2.861302722256787661e+02
2.861949438351037429e+02
2.861870440657561403e+02
2.862089320508828791e+02
2.860262884877647025e+02
2.863348669947873191e+02
2.865400012171350568e+02
2.862452378395192341e+02
2.861659100626873169e+02
2.861957156683822063e+02
2.864135905435015275e+02
2.863517908613124519e+02
2.861598915000707279e+02
2.861841203215350902e+02
2.862241353266382475e+02
2.862477087112707181e+02
2.861097721651105985e+02
2.859919360557674395e+02
2.862228658969748381e+02
2.863191083574287745e+02
2.862336335603499151e+02
2.862457864887610413e+02
2.861891347126966707e+02
2.863355809340561109e+02
2.863091982614209314e+02
2.862091156123101996e+02
2.862742050106687657e+02
2.863863398134698741e+02
2.862668324198452865e+02
2.863692220731313114e+02
2.863655855371688972e+02
2.862014480157483263e+02
2.862153520354726766e+02
2.862214910024586629e+02
2.861852708025659808e+02
2.862509902543843623e+02
2.863526967061756636e+02
2.863111797218426773e+02
2.863487754294439469e+02
2.864801106245379287e+02
2.861963521707548352e+02
2.861571275041424656e+02
2.863921447891974594e+02
2.864168253796005388e+02
2.863766552793663323e+02
2.863394069151480039e+02
2.862050381171475806e+02
2.862717112970292987e+02
2.865290790021180669e+02
2.863833544098301331e+02
2.862413086141431791e+02
2.863509855851530119e+02
2.865488239438729465e+02
2.864663744397066694e+02
2.864717965573538550e+02
2.863507599016645599e+02
2.864691866777672544e+02
2.865349286442056496e+02
2.865222563812615704e+02
2.864956104452704153e+02
2.867721738974763070e+02
2.866551625496095426e+02
2.869660178140894118e+02
2.869572864482317414e+02
2.868294175712080119e+02
2.868862698703008505e+02
2.869942103188312217e+02
2.871448247536641247e+02
2.870604364378249329e+02
2.869058211060257122e+02
2.869391667711266791e+02
2.869654556855712713e+02
2.870470839597093118e+02
2.869918168829089495e+02
2.873410481971149579e+02
2.874805238982472133e+02
2.871555238228429516e+02
2.871804729512046492e+02
