2.398279556301562252e+02
2.398629211062812772e+02
2.396822577419274864e+02
2.396376361235289778e+02
2.397958957532453041e+02
2.398287985414577577e+02
2.398316850692139042e+02
2.399281015988947559e+02
2.399182878797218734e+02
2.400411620244164226e+02
2.398927071724056930e+02
2.395921808219964930e+02
2.396032389119415029e+02
2.394728928286227472e+02
2.395398801051056523e+02
2.390395535657956145e+02
2.392614655069094454e+02
2.397253596138708645e+02
2.398341024146859297e+02
2.398449453920937913e+02
2.393360923835670064e+02
2.395247466762754414e+02
2.398991773442940882e+02
2.397559385144192277e+02
2.395882534185370503e+02
2.398481676671482603e+02
2.398950049211431406e+02
2.399476166533388266e+02
2.397770687844479482e+02
2.398702267516297013e+02
2.400136942685097665e+02
2.398354555186571133e+02
2.399539627769704282e+02
2.392564495414914916e+02
2.383385943642760196e+02
2.391092248595046215e+02
2.394451628169365449e+02
2.391824761408237237e+02
2.393542032971963636e+02
2.394866178160542631e+02
2.391839197374263222e+02
2.391930523628613230e+02
2.393673394682049604e+02
2.396826534909965574e+02
2.395362441598593080e+02
2.397746921673827671e+02
2.397462241065958608e+02
2.395288031553578492e+02
2.396950409015920513e+02
2.395781668192540508e+02
2.395642879007786803e+02
2.396383612592984775e+02
2.391888589616136471e+02
2.391034324605250561e+02
2.393003316701386609e+02
2.395974071988872254e+02
2.396599156628003868e+02
2.394666437814347830e+02
2.398584738020702787e+02
2.395011035708339477e+02
2.394360088399859023e+02
2.396246868015142581e+02
2.394731427707430100e+02
2.393272142936838520e+02
2.392515462380709721e+02
2.395119005933997016e+02
2.395573022673764001e+02
2.399120770877981101e+02
2.396869381125302709e+02
2.395982525796240736e+02
2.398573638631204119e+02
2.396486385786683684e+02
2.399771945340861237e+02
2.398296337076959617e+02
2.397995844174766660e+02
2.395361854101825827e+02
2.396375420773727001e+02
2.400326595072476437e+02
2.398605044478364334e+02
2.397385431512138041e+02
2.396539444071913749e+02
2.401441960424462820e+02
2.400166634097982694e+02
2.398390783168968312e+02
2.398154332130804676e+02
2.399085565180303377e+02
2.396623095645245485e+02
2.396379605582701515e+02
2.396559943769409813e+02
2.396734375008478253e+02
2.396990548288776779e+02
2.399046541898323994e+02
2.398587951238439473e+02
2.397684444575519649e+02
2.400478235643459755e+02
2.398343813126500379e+02
2.396491253670681942e+02
2.396996051092543212e+02
2.396498570754715445e+02
2.395905250901991224e+02
2.395534599789433230e+02
2.394878964995677961e+02
2.394474505928353949e+02
2.394277668416099232e+02
2.397896479804257979e+02
2.397197116074760004e+02
2.396184887613865442e+02
2.396760049774171932e+02
2.398393051500113700e+02
2.399411621799065415e+02
2.397758064612554278e+02
2.396962367910170713e+02
2.392299924510618894e+02
2.388040542528227945e+02
2.390027170110184613e+02
2.390412256069982675e+02
2.392760755258314305e+02
2.392880691657680927e+02
2.394977501990983910e+02
2.393018803459687831e+02
2.390357325880988810e+02
2.389721148274374798e+02
2.387950946912420989e+02
2.389987173411516608e+02
2.391355107359817964e+02
2.389554162053477455e+02
2.391740520017953031e+02
2.390122100554742985e+02
2.394672402284977579e+02
2.394299889641115442e+02
2.392583509791082577e+02
2.388555231109871499e+02
2.389283741036934714e+02
2.387792380033629343e+02
2.391608967596349373e+02
2.388530541501878588e+02
2.387713228304398001e+02
2.388677408255590819e+02
2.391191513153877111e+02
2.391881911608748794e+02
2.390794281756916462e+02
2.387817207784089248e+02
2.382049151178791817e+02
2.386242092027173101e+02
2.390119301747537577e+02
2.390588118233423813e+02
2.389384399659931262e+02
2.392799200978386125e+02
2.394017168660009247e+02
2.395221281094961796e+02
2.395315607451856010e+02
2.394207151246978071e+02
2.394229264933147476e+02
2.395769765066232821e+02
2.399547290862259388e+02
2.397859226208413759e+02
2.398304020408826034e+02
2.395412235308907611e+02
2.396024245827767061e+02
2.398989155072254107e+02
2.401028789869743605e+02
2.398380149784597108e+02
2.399721904848372276e+02
2.400387323789846903e+02
2.401588356697851339e+02
