9.979939363121911811e+01
1.004056445618887068e+02
1.004347930694928408e+02
1.003408092868464649e+02
1.002670037550064563e+02
1.001129508920359967e+02
9.988931760903589918e+01
9.995194938126716977e+01
1.001080547769788183e+02
9.982287306921379866e+01
1.000025466484037366e+02
1.009593451848529639e+02
1.008071813685389770e+02
1.006808860787210591e+02
1.007702384540223903e+02
1.011023337609434520e+02
1.002479169238776535e+02
9.970579924875023892e+01
9.994188611919592802e+01
1.003956385879965154e+02
1.005401593342393625e+02
9.986202543376292340e+01
9.995480877637685069e+01
1.009378554290041592e+02
1.001424698683361356e+02
9.971970499796323395e+01
9.994163474614202869e+01
1.003164633006618942e+02
9.987930495039752543e+01
9.973428707985600283e+01
1.001510817901648664e+02
1.006179589335392848e+02
1.002384082642225991e+02
1.015889163020192569e+02
1.034590647678749491e+02
1.009779921482466989e+02
1.011012674264553795e+02
1.005380188139488808e+02
1.002910549262519879e+02
1.006436793000076335e+02
1.006010368550150673e+02
1.009929747208163207e+02
1.003202789960204200e+02
1.005856672586018021e+02
1.004709635603425824e+02
9.960073377477930023e+01
1.003965035224187687e+02
1.003131207568864198e+02
1.000844387286339980e+02
1.001000640453208348e+02
1.005730931062154667e+02
1.002850970575691889e+02
1.007564755435728188e+02
1.015835639495216896e+02
1.009322536984878269e+02
1.004099846718939801e+02
1.006998473364897819e+02
1.001906965136516163e+02
1.003990629719311158e+02
1.008412428012135962e+02
9.998256230489711527e+01
1.000614242302162324e+02
1.007983831570692814e+02
1.012636089018412946e+02
1.004703284699032935e+02
1.001348980553934354e+02
1.003040888856272517e+02
9.986901083879625673e+01
1.004124234746683868e+02
1.003428949766711895e+02
1.003288865218698476e+02
9.983543730550157136e+01
1.001775707160612825e+02
9.996736966566272997e+01
1.001462258493089479e+02
1.003330264041386926e+02
1.000794977971783766e+02
1.004309131675068585e+02
1.002375378122956704e+02
1.003771261656773959e+02
9.993262268162153816e+01
9.995992747203960960e+01
1.000253161031415061e+02
1.000816923821393374e+02
1.000525659988326623e+02
1.001047681508172360e+02
1.002522785197655821e+02
1.002955780801627697e+02
1.005881015261293641e+02
1.000209455468081359e+02
1.001406647977047299e+02
1.001532959419745197e+02
1.000964898469956665e+02
1.003217980160910514e+02
1.001676677818289107e+02
1.006724428167197658e+02
1.000384783329924829e+02
1.004124619001324135e+02
1.005808145077705120e+02
1.004371808901712626e+02
1.006488489068202767e+02
1.001185688456567249e+02
1.002228222775076887e+02
1.003460625386920810e+02
1.002619020513682813e+02
1.002797067113554021e+02
1.005227136997963697e+02
1.001852788125072067e+02
9.991533162974901927e+01
1.003677190110469013e+02
1.005030627195697690e+02
1.004418642961762771e+02
1.009361643060511682e+02
1.019574130426336609e+02
1.015732251300585887e+02
1.013650984209721031e+02
1.006518918496251871e+02
1.007854949122011021e+02
1.009872195770951890e+02
1.006137131663292763e+02
1.013618023090471638e+02
1.011892558207122192e+02
1.012837995494789425e+02
1.005541986033489223e+02
1.008242486449642143e+02
1.008293538433859879e+02
1.009904518515191825e+02
1.001472374540256709e+02
1.006943542221678314e+02
1.003433448565791082e+02
1.008411269029416957e+02
1.009395409421332346e+02
1.006950477969206048e+02
1.011022807362788711e+02
1.010533806815151365e+02
1.009256705937699650e+02
1.007153543675361931e+02
1.004874442746939991e+02
1.003503699299039198e+02
1.004975300122859068e+02
1.001339049396696481e+02
1.012314120437532523e+02
1.026558387686927745e+02
1.012921976035486296e+02
1.002550836901471030e+02
1.003272916649725488e+02
1.000997972928840767e+02
9.988101372743817308e+01
9.973365297291645959e+01
9.978436240889224962e+01
9.986397392191530287e+01
9.964969087944189141e+01
1.003342159943133538e+02
9.890193445986203358e+01
9.963143381127048315e+01
9.968315231043500546e+01
9.968798165513776155e+01
9.943198996695302583e+01
9.928362078847999328e+01
9.908775246758085586e+01
9.894058199093045403e+01
9.896373941430817922e+01
9.902229839167345915e+01
9.900304545367254150e+01
9.885413209921527766e+01
