2.865494942563213385e+02
2.865047674218415636e+02
2.863783817490174215e+02
2.864105547905498952e+02
2.864513896711184771e+02
2.865016692859354634e+02
2.866361620076028203e+02
2.866134032799151896e+02
2.865895797721466920e+02
2.865901369163795493e+02
2.865478042542205799e+02
2.863874826716382245e+02
2.863770273082547533e+02
2.863390001784094352e+02
2.862243920521063956e+02
2.860708083536160871e+02
2.861584477607503345e+02
2.864418167951078544e+02
2.865574483349315074e+02
2.864496060380641325e+02
2.862502352084684958e+02
2.864035532330850060e+02
2.865424645120678520e+02
2.864148611531488200e+02
2.863408898957629845e+02
2.865039377498861768e+02
2.865593471443198155e+02
2.865194567101789858e+02
2.864477162144125373e+02
2.865835245175899217e+02
2.866494794191330584e+02
2.865199757328957730e+02
2.866034205422557761e+02
2.864478973503308339e+02
2.862419617281798878e+02
2.863248449032948315e+02
2.863143853293877896e+02
2.862773976914986065e+02
2.864439574713528032e+02
2.864736816909429535e+02
2.863285671855181818e+02
2.863296831301962015e+02
2.864590906840244884e+02
2.864726581725141159e+02
2.863878501457346033e+02
2.865929716005808245e+02
2.865258929199200111e+02
2.864882345974081090e+02
2.864742758052513523e+02
2.865187065836317402e+02
2.864194784546801316e+02
2.864540585913352402e+02
2.864626974828137804e+02
2.863621179568636421e+02
2.864160927275136714e+02
2.865458920785491159e+02
2.865401501719971407e+02
2.866108760777756856e+02
2.866652062605904234e+02
2.864849463917181538e+02
2.864359676601566775e+02
2.865953236248631697e+02
2.866594154894123676e+02
2.865212672821348292e+02
2.864485538029741178e+02
2.865612773777079383e+02
2.866083158993530446e+02
2.867949500461900811e+02
2.866751089011603995e+02
2.866121862320952687e+02
2.866887010109265361e+02
2.867270513951503972e+02
2.868315069918600102e+02
2.868833819838704926e+02
2.868319854422108506e+02
2.867938710387904848e+02
2.867903485488021147e+02
2.869167712838438433e+02
2.867912907277121803e+02
2.867489933611075799e+02
2.868071716027461093e+02
2.869845860446809525e+02
2.869174343806636784e+02
2.869148494372845448e+02
2.869034261840736804e+02
2.868822499379754163e+02
2.866617169016662388e+02
2.867885409217553843e+02
2.866473925442703035e+02
2.867206552772432246e+02
2.868310822007061915e+02
2.868716662173075633e+02
2.869383734842754734e+02
2.868938160333997871e+02
2.870509213215232762e+02
2.868306474215023059e+02
2.867899703363178787e+02
2.867064322461860115e+02
2.866846164218569584e+02
2.866814290605950077e+02
2.866208382614714765e+02
2.866425080814120179e+02
2.867446608419878089e+02
2.866958395404795397e+02
2.868350069939797891e+02
2.868747864886881302e+02
2.867451669751014833e+02
2.868062296435906546e+02
2.870374536105520065e+02
2.870074501107067135e+02
2.869118857620005087e+02
2.868978536735820057e+02
2.867373397164744802e+02
2.867953665410248618e+02
2.867765220949158333e+02
2.866973002876666214e+02
2.868074433737425011e+02
2.868503675368918380e+02
2.868816576225032691e+02
2.868794576476375937e+02
2.866823162054574823e+02
2.867514572668873711e+02
2.866374423596268457e+02
2.867672503775858104e+02
2.869181924242197965e+02
2.868057344539524252e+02
2.868664934903580956e+02
2.870018284843310425e+02
2.870915662980353318e+02
2.871730824944288543e+02
2.870431740589937135e+02
2.867864553376805929e+02
2.869541827229877526e+02
2.869933757140930197e+02
2.870788310879404435e+02
2.870154821665459508e+02
2.869689271991196051e+02
2.870467636178872226e+02
2.872148215520550707e+02
2.871512641224531990e+02
2.871917682560973049e+02
2.872709466501383417e+02
2.872433721010326622e+02
2.872619171945743801e+02
2.873368226423194187e+02
2.872936622183012219e+02
2.872637468453295355e+02
2.874754124514621481e+02
2.875615097506014877e+02
2.876108255329725125e+02
2.875847170299657023e+02
2.876636223347731516e+02
2.876320937131244477e+02
2.877462427613535851e+02
2.879837343349510093e+02
2.878425822336208171e+02
2.878057202436216357e+02
2.877896731757291491e+02
2.878206682953910445e+02
2.880546428218487449e+02
2.880957054249022917e+02
2.881130913431184126e+02
2.881838269854339956e+02
2.882293871329596300e+02
2.883179468531939733e+02
