2.305521612453212583e+02
2.311167986897175126e+02
2.306144949248960359e+02
2.306152616137597136e+02
2.306872994031803046e+02
2.306535292382927764e+02
2.307509865397932742e+02
2.310514525368992054e+02
2.303597597608399781e+02
2.303605818932700231e+02
2.302856590519313613e+02
2.311056771053356158e+02
2.305457502446803346e+02
2.301181644702221831e+02
2.301242944183048849e+02
2.306302945373194859e+02
2.310299194587761065e+02
2.303147608187251763e+02
2.301784329415828267e+02
2.303097374538953375e+02
2.304463577280196205e+02
2.307052599863816056e+02
2.309343533309377960e+02
2.306106229198413757e+02
2.303599954017481934e+02
2.300799990567270754e+02
2.303354953724509926e+02
2.305701992313526887e+02
2.307016530135474284e+02
2.302632950499206288e+02
2.299336086189600508e+02
2.305055532002764949e+02
2.305200178105594375e+02
2.302474796059478876e+02
2.299714153034686603e+02
2.302673104306547600e+02
2.305708676617418575e+02
2.307658813756396228e+02
2.303075502471508571e+02
2.304989210423563009e+02
2.307214041609345543e+02
2.297709756351337944e+02
2.301892965755755540e+02
2.302406325569493504e+02
2.302066898872940612e+02
2.307980960866266287e+02
2.309566771651300030e+02
2.304043106765141999e+02
2.299288391150286373e+02
2.300323489555363778e+02
2.300978210450747099e+02
2.304742373586223039e+02
2.309818330512554212e+02
2.302016632600757475e+02
2.300900280086242446e+02
2.300307572087952792e+02
2.303052796527111070e+02
2.311904582769491583e+02
2.303367426282351289e+02
2.305103808926567126e+02
2.305299325079161292e+02
2.311080681604589984e+02
2.311962673304565214e+02
2.302382704617527622e+02
2.299589613837420359e+02
2.304271604893576466e+02
2.313958683205532907e+02
2.304848782662162421e+02
2.301163456086136136e+02
2.299926572202941486e+02
2.302347446674355069e+02
2.309628870681262640e+02
2.314359334083017927e+02
2.305682664225582528e+02
2.303094475484243731e+02
2.309829078189607117e+02
2.311178801040564679e+02
2.299843164205118171e+02
2.302943258471401862e+02
2.306572898678752210e+02
2.314723660592765384e+02
2.305296619044853230e+02
2.301886974982791969e+02
2.307429300900821261e+02
2.315916961440009345e+02
2.311701024443005963e+02
2.304540720977943522e+02
2.306186459494809071e+02
2.312346746948093426e+02
2.314194167064503915e+02
2.306598913032468090e+02
2.306739494530668537e+02
2.312828802532330599e+02
2.313320084559986469e+02
2.305265646073818289e+02
2.304797489092220246e+02
2.311957669736521837e+02
2.311952468768057827e+02
2.304977076823938944e+02
2.307846421075621777e+02
2.310919523821881114e+02
2.309330022779913918e+02
2.310735736131422584e+02
2.309984527912955343e+02
2.307147882736505551e+02
2.310696242881297167e+02
2.315120949977167299e+02
2.313024889020906301e+02
2.304342879453837440e+02
2.307646747279167130e+02
2.314393999782266462e+02
2.313593691426135592e+02
2.308141496793221279e+02
2.303861838263533173e+02
2.313914143348527830e+02
2.317096191729178827e+02
2.310482321063276743e+02
2.309626271328919245e+02
2.313018103536843171e+02
2.317363855736647054e+02
2.313769831587818544e+02
2.306369009037683497e+02
2.308737512943291392e+02
2.317839608680879735e+02
2.313895517047685360e+02
2.309118518798269122e+02
2.307310313784300888e+02
2.317603235639461445e+02
2.313647920836608876e+02
2.306919823414021664e+02
2.307035564043472107e+02
2.311754123862309882e+02
2.315516759802592048e+02
2.308818867368558188e+02
2.310583462950848173e+02
2.318995419123224622e+02
2.312412306837652238e+02
2.310396230553485566e+02
2.318987355378581015e+02
2.314139022966315906e+02
2.311025751384525790e+02
2.309400333506784762e+02
2.316062396456436545e+02
2.315111151408619605e+02
2.310858518924654561e+02
2.314041706299443604e+02
2.316226583981007536e+02
2.311976548989196090e+02
2.309737859338415831e+02
2.316442251660129443e+02
