1.086178626900989883e+02
1.087684243023292510e+02
1.086715864474158053e+02
1.083233847161408647e+02
1.084185586357648816e+02
1.085902471650726397e+02
1.083482772154109028e+02
1.086701179693766903e+02
1.084785474075211340e+02
1.082199382023517131e+02
1.083169563024735567e+02
1.087349418159241594e+02
1.085429497077119123e+02
1.089305040966892761e+02
1.082204095886543769e+02
1.082682939721873225e+02
1.086552894842692609e+02
1.085648561813270589e+02
1.082846539380949906e+02
1.085975553287726143e+02
1.081609949708820437e+02
1.083972782916557094e+02
1.083599158321150497e+02
1.082683263118779564e+02
1.083296492118475527e+02
1.083477247084880588e+02
1.082775019108734114e+02
1.082278911556097682e+02
1.084965929966714242e+02
1.086100403697252403e+02
1.084109817828367568e+02
1.079862560312018473e+02
1.083874730665797443e+02
1.085667437592565534e+02
1.083205591498401077e+02
1.078870048050741985e+02
1.082490756960065710e+02
1.080616532072908598e+02
1.080048690422349154e+02
1.077941501297477771e+02
1.082792702093286863e+02
1.083893033670864128e+02
1.077558681896172317e+02
1.079239863447357379e+02
1.082322317066345931e+02
1.077025394871412232e+02
1.076728834618513559e+02
1.082412099624605588e+02
1.081677764657942475e+02
1.079143811239578525e+02
1.078838491646091740e+02
1.075917940296031929e+02
1.081455627886876556e+02
1.079349656951129788e+02
1.079784529927832892e+02
1.079650898782059159e+02
1.074601408210798610e+02
1.075166287202161044e+02
1.078506259375329392e+02
1.073688386465386628e+02
1.074096821229380083e+02
1.072333950592722687e+02
1.076257624072924415e+02
1.075728793844667734e+02
1.076819611750552070e+02
1.072604765373753963e+02
1.072113285526345408e+02
1.080096119847675595e+02
1.077168978718623293e+02
1.076010014400824701e+02
1.073576616514090318e+02
1.068995452465463387e+02
1.071012533956663333e+02
1.071581950471548197e+02
1.070007664335036139e+02
1.071109699353354614e+02
1.075562981273003373e+02
1.079638482423134036e+02
1.069540895280984643e+02
1.069706713695539548e+02
1.069612874113986436e+02
1.070101562402659994e+02
1.071607680007816583e+02
1.067466677951041873e+02
1.068524877743579395e+02
1.070712620457529596e+02
1.070066317638027016e+02
1.064492015716378859e+02
1.069332554750630351e+02
1.067566178958612113e+02
1.066364452847781905e+02
1.065572065762724918e+02
1.066837081987498550e+02
1.066233085976468828e+02
1.067128460336064819e+02
1.067389379195914358e+02
1.069378416448780769e+02
1.067067237501359642e+02
1.066342914677464933e+02
1.062907858184550633e+02
1.065876109182010651e+02
1.064517169310125837e+02
1.064377980658153007e+02
1.066178512880652534e+02
1.064083658438664628e+02
1.063327706873673577e+02
1.064633817732799912e+02
1.062197291193335644e+02
1.061985487282184408e+02
1.061943505170109034e+02
1.061436852495378815e+02
1.063030101842488193e+02
1.062425986450722490e+02
1.062987216814752429e+02
1.059407547286546105e+02
1.061429750415623374e+02
1.059401459211660921e+02
1.057745419035895367e+02
1.060458089173446439e+02
1.061805625955972658e+02
1.061024399303129968e+02
1.059446233470705039e+02
1.058445353984326402e+02
1.061060513302635826e+02
1.059082462627244325e+02
1.056699910076763871e+02
1.058057253788257412e+02
1.059456768721075974e+02
1.062119654717909469e+02
1.057694593944838743e+02
1.055212905598277757e+02
1.056528033284624115e+02
1.060705095805204081e+02
1.053029353175489433e+02
1.053269981079815807e+02
1.054994317830590518e+02
1.056374167660986245e+02
1.051971615590151146e+02
1.056189039131784142e+02
1.058039459137579428e+02
1.053520987058218878e+02
1.053333538419846036e+02
1.053748020754066061e+02
1.051877771740010559e+02
1.054027596506725217e+02
1.054941618396526337e+02
1.058011552183517097e+02
1.052687703095159577e+02
1.051116148434362145e+02
1.054801059971214698e+02
