2.881192009781397587e+02
2.882210545073331218e+02
2.880328476133116737e+02
2.880530865820803115e+02
2.881472473693423240e+02
2.881414715127824024e+02
2.882886807433412173e+02
2.883309853047312572e+02
2.880603761241458756e+02
2.880484254038354379e+02
2.882435772427913321e+02
2.884661067191495363e+02
2.882375072087050398e+02
2.880370653262384053e+02
2.882299468306658810e+02
2.884958046735933408e+02
2.885348296033939164e+02
2.882287580412398142e+02
2.882829792369609549e+02
2.883368697899066433e+02
2.884833368122358479e+02
2.886318127550388226e+02
2.886998179784727654e+02
2.885024316361485717e+02
2.884458566495723062e+02
2.884803633081876910e+02
2.885775709387802976e+02
2.887166558289256955e+02
2.887628043635373274e+02
2.885171886709558180e+02
2.884981181032057407e+02
2.887637486900079011e+02
2.887923908763219174e+02
2.886226600585559368e+02
2.886057974036322662e+02
2.888382321194397946e+02
2.889701830141986534e+02
2.890390223894470978e+02
2.888188602596057990e+02
2.889778045777969169e+02
2.889424923341109093e+02
2.887324650506859598e+02
2.889043945038343963e+02
2.889750224800846468e+02
2.890056159585499813e+02
2.891999144543337934e+02
2.892172311849113839e+02
2.890092863853217295e+02
2.888602281248554959e+02
2.889066468457476162e+02
2.890433601154699090e+02
2.892762032761701789e+02
2.893743087806142285e+02
2.890365180826103142e+02
2.890994719100790462e+02
2.891242953866578205e+02
2.893469501691496362e+02
2.896109923329865410e+02
2.892707003637287357e+02
2.893446461136817334e+02
2.895680006352308737e+02
2.897901434373886218e+02
2.897036994290394887e+02
2.893604361716274411e+02
2.893830710305440448e+02
2.896038994916107754e+02
2.898748582459140266e+02
2.895302029666955264e+02
2.894237154951576372e+02
2.894073036612161332e+02
2.895796002958203985e+02
2.899149298874152691e+02
2.899615096210702632e+02
2.896826670383647411e+02
2.897392641296536908e+02
2.900128341889845274e+02
2.900142479107550457e+02
2.896255131612400646e+02
2.897588709263297915e+02
2.900759274600679305e+02
2.902426564549075465e+02
2.899665267242320965e+02
2.899988761520605181e+02
2.902698152005371526e+02
2.905495470928769350e+02
2.902938440903879496e+02
2.900803650987302262e+02
2.902139322508222676e+02
2.905103320265232014e+02
2.904578779152120092e+02
2.902046535154299818e+02
2.902779208786129743e+02
2.905788715312367572e+02
2.904716682852482563e+02
2.902440590554724054e+02
2.904335433366896382e+02
2.907220791335959689e+02
2.905443640115192352e+02
2.904111971857137178e+02
2.904923809482220918e+02
2.905993299613770091e+02
2.906143576039402205e+02
2.906906305052789321e+02
2.906338385310455692e+02
2.906946833668962427e+02
2.908650874097069163e+02
2.910677258397656715e+02
2.908298481675528819e+02
2.907316700126373235e+02
2.908428736086366939e+02
2.911366517639311269e+02
2.910732189986972003e+02
2.907837268468160801e+02
2.908317092124102032e+02
2.912520552900878670e+02
2.912654316605170948e+02
2.909910470949521937e+02
2.910524871578397779e+02
2.912533228564832370e+02
2.914213419090306729e+02
2.912861555250856895e+02
2.910696720307115015e+02
2.912744634656602898e+02
2.915659182134817797e+02
2.913218638823639139e+02
2.911748275031366688e+02
2.913057727760579496e+02
2.916438609220737703e+02
2.914621069365574044e+02
2.911778484902937976e+02
2.912771028737882375e+02
2.916464738340052349e+02
2.916505216931496989e+02
2.914252275727134815e+02
2.916282666495694684e+02
2.920203282707433914e+02
2.916410591481655388e+02
2.917456754372759633e+02
2.920658070708880132e+02
2.918289301883537519e+02
2.916442290609753059e+02
2.917740644673509678e+02
2.921162096240109349e+02
2.920044424075695702e+02
2.918621367781747153e+02
2.921388334728050609e+02
2.921680320441243452e+02
2.919800337572361855e+02
2.920232380207493748e+02
2.923576180899474366e+02
