2.881023404364177054e+02
2.882623179123845034e+02
2.881859215557877292e+02
2.880016668621072995e+02
2.880161786320460351e+02
2.882512611307867587e+02
2.882336642031758629e+02
2.882845278800950268e+02
2.882055607588089288e+02
2.881809147851376451e+02
2.882940463721172932e+02
2.882288262671455072e+02
2.881789241462298037e+02
2.881621629024900244e+02
2.882725398901301901e+02
2.884770294623418181e+02
2.882773196491197041e+02
2.880073093211705668e+02
2.881505869293005162e+02
2.882274371520273348e+02
2.882038497841472235e+02
2.883679697447487911e+02
2.885240776540472893e+02
2.882281946831656683e+02
2.881764894976219580e+02
2.884383057177504952e+02
2.885940188969336191e+02
2.883719191438842699e+02
2.881834100352133419e+02
2.881732386813258699e+02
2.881705003427665588e+02
2.882014748021394439e+02
2.883431464270035463e+02
2.882223833356558771e+02
2.878784415908621099e+02
2.878248240350832816e+02
2.879419073196032173e+02
2.881361018534228151e+02
2.881999655451942317e+02
2.879970275057282834e+02
2.878861983658302961e+02
2.879123218952431671e+02
2.881590844126719162e+02
2.881945265950070052e+02
2.879401997210354693e+02
2.879426675784513918e+02
2.880180713813284115e+02
2.882488264002587357e+02
2.883351792115412877e+02
2.881953581010596963e+02
2.881246904877119732e+02
2.882910341551179840e+02
2.884447315435749601e+02
2.879720370047394908e+02
2.880455855399069947e+02
2.881000705739852492e+02
2.881402151173484185e+02
2.882637634942595355e+02
2.882343894960266084e+02
2.881085161217380914e+02
2.881643909483689754e+02
2.884142041059116082e+02
2.884522052872757172e+02
2.880096631583416524e+02
2.880456157198510141e+02
2.883189641366332694e+02
2.885237371211177901e+02
2.884396191453132019e+02
2.880678550355327729e+02
2.881044288179647310e+02
2.882868930558955753e+02
2.884506607435449155e+02
2.883343661394301876e+02
2.880852822384990191e+02
2.880854915977055839e+02
2.881337675511724115e+02
2.882246686363398567e+02
2.883802292028257739e+02
2.884283414557097558e+02
2.883426309140913304e+02
2.881835552496798414e+02
2.882782131531450318e+02
2.883948937765289315e+02
2.883603032034163220e+02
2.883794271976401546e+02
2.884584594245843050e+02
2.882528743829411155e+02
2.881789185444026202e+02
2.883935437114220122e+02
2.884714111773546961e+02
2.886150418772654689e+02
2.884755584781589164e+02
2.882750296815487445e+02
2.881446138825172625e+02
2.885070780546227525e+02
2.885879411309683178e+02
2.883319456879465861e+02
2.881992760059054604e+02
2.882760864432051449e+02
2.884264466840779164e+02
2.885513064753654930e+02
2.882343228182622283e+02
2.882348311305370316e+02
2.884472760015704011e+02
2.882830524542150101e+02
2.882851754454218849e+02
2.885372726298746215e+02
2.884640059928377127e+02
2.882743044751082380e+02
2.883162877982996974e+02
2.885329332691273407e+02
2.886493191672680609e+02
2.882314965061584076e+02
2.880329512480589642e+02
2.879921751951074498e+02
2.881954392922151555e+02
2.884194435437000834e+02
2.881601991644301393e+02
2.881000444765937800e+02
2.882943681503106745e+02
2.884556159451809094e+02
2.882095146031506943e+02
2.881931428199763445e+02
2.883431393255276021e+02
2.883865516089661583e+02
2.885233637365853383e+02
2.884145395026603751e+02
2.881852775513214056e+02
2.882709463213840877e+02
2.883595268655142831e+02
2.885419229202718725e+02
2.886349497788824010e+02
2.882897689284648663e+02
2.882037655378252339e+02
2.883632784202594053e+02
2.886696683833677639e+02
2.886735112872211744e+02
2.883714342008512972e+02
2.883896508638445084e+02
2.885192081772256643e+02
2.886927830028731137e+02
2.888571936370020126e+02
2.881999913659771551e+02
2.881165620658078410e+02
2.883392571277013303e+02
2.885686752930044463e+02
2.886965086852486024e+02
2.888035294959587418e+02
2.884246893185573413e+02
2.884236424021448215e+02
2.886049917406190275e+02
2.888185447150216874e+02
2.887546221294575730e+02
2.887480864402720044e+02
2.890118476665249432e+02
2.890283775954832777e+02
2.886432544102009956e+02
2.886179414180562048e+02
2.887943625175557827e+02
2.889005278326856683e+02
2.891444881322702258e+02
2.889200798264869263e+02
2.888510885600291545e+02
2.889417865449352689e+02
2.890892943051918564e+02
