2.398586007913849869e+02
2.400552746922423069e+02
2.397775669261388600e+02
2.400219407422021050e+02
2.399668587126639352e+02
2.400002424190198838e+02
2.400038163841896619e+02
2.398867352051392174e+02
2.400935557721431906e+02
2.398885434439139317e+02
2.398175572374338742e+02
2.398337763156687572e+02
2.398557564094237193e+02
2.400016653943833091e+02
2.398168844468838472e+02
2.400852600398678476e+02
2.400019820443716014e+02
2.396126984937592681e+02
2.398670407921611911e+02
2.402179057652657264e+02
2.397930538045390279e+02
2.401938390851922520e+02
2.398967140602881045e+02
2.395710428665248344e+02
2.398341961732548100e+02
2.398739794972585742e+02
2.398623899286062908e+02
2.399128077716370626e+02
2.401070224315180042e+02
2.400919598793196030e+02
2.401315278513986868e+02
2.396894132631407501e+02
2.397882485572015412e+02
2.394387469225418101e+02
2.384919375867418694e+02
2.390729335134537905e+02
2.390775295823097224e+02
2.394434221828262253e+02
2.392956528709974009e+02
2.396967597681486950e+02
2.396038960139334506e+02
2.393017746889938451e+02
2.397439851698349855e+02
2.400253864151742107e+02
2.398282677832140450e+02
2.399281437072556571e+02
2.398595016134601963e+02
2.399894381891792818e+02
2.399218450026047549e+02
2.399644806850737098e+02
2.398356576810459728e+02
2.397860411756005590e+02
2.396767502672626051e+02
2.390963210306077542e+02
2.392414292526077304e+02
2.397589154950603643e+02
2.395234130533012831e+02
2.391859826905334785e+02
2.394151234433315949e+02
2.394351731882450167e+02
2.395262393671298753e+02
2.401367213935608618e+02
2.394027835195994385e+02
2.393456858708521793e+02
2.396185916777825753e+02
2.397703057148310108e+02
2.396457393715555781e+02
2.396141123889340179e+02
2.399841424024733385e+02
2.399605705949310277e+02
2.396745193518948724e+02
2.394616638220416860e+02
2.399111766318001173e+02
2.395702518079365007e+02
2.398989757648137982e+02
2.398893784408923864e+02
2.399939704986497588e+02
2.398492520216179571e+02
2.401101907090903467e+02
2.397068847886001492e+02
2.398248709848391798e+02
2.401185189458628884e+02
2.403690073216718304e+02
2.398764839574538428e+02
2.396126779464670165e+02
2.399348114054119776e+02
2.397438147090981602e+02
2.398900636467157028e+02
2.402117372014357670e+02
2.400698497363116530e+02
2.398390708571523646e+02
2.396370001263982488e+02
2.401239497671275842e+02
2.397840363687275556e+02
2.394666426690904473e+02
2.394755462189993978e+02
2.400436700774305052e+02
2.403007706135266517e+02
2.402258942029671687e+02
2.403099519043217924e+02
2.399300719388535299e+02
2.395099049483585532e+02
2.397162648611627844e+02
2.394537829778709010e+02
2.393388465253889308e+02
2.397751421693766645e+02
2.395807245755025008e+02
2.398817989296229598e+02
2.397465182629015032e+02
2.398941450294307458e+02
2.398322696235306069e+02
2.398956681980796191e+02
2.396160941342820934e+02
2.388717896597972867e+02
2.390642814224791834e+02
2.390942566332147692e+02
2.390574048111962213e+02
2.390257054979648501e+02
2.389470152799501363e+02
2.392236339066199378e+02
2.394905087078094539e+02
2.395503004011797259e+02
2.391266762752238719e+02
2.388644826789671072e+02
2.389047348695648623e+02
2.390176069894993134e+02
2.389403020858205764e+02
2.389809546841391068e+02
2.390912336787353070e+02
2.392057433999849252e+02
2.391896605407206096e+02
2.393658509590256074e+02
2.391391009179370712e+02
2.386925120323190015e+02
2.387914230386973884e+02
2.387320591870659712e+02
2.388429916632522634e+02
2.388934281199510963e+02
2.391334104096057160e+02
2.394448113082330281e+02
2.393282235932793185e+02
2.392261834588879594e+02
2.382985701414796438e+02
2.384781778056021437e+02
2.389312728707194537e+02
2.390020343010147315e+02
2.390736568150179266e+02
2.390755016871576970e+02
2.392886625155337867e+02
2.396616936511545646e+02
2.400753232004464337e+02
2.396551746085527839e+02
2.398264642546552921e+02
2.399170458742856908e+02
2.399914787707741937e+02
2.396226960544248357e+02
2.397304774168264032e+02
2.395110422891486053e+02
2.395817102502021783e+02
2.397187739551461902e+02
2.399182788318122448e+02
2.401162179010869977e+02
2.403702798798827587e+02
2.402758255065582489e+02
2.404060672839259212e+02
