1.003154357026326551e+02
1.000503111606608542e+02
1.005494740701662977e+02
9.945726617325901486e+01
1.002274386763191956e+02
9.985554177874389836e+01
9.985425157426932685e+01
1.000446559568640481e+02
9.980810332824285069e+01
9.997481123146648940e+01
1.000868058521492685e+02
1.000312916125675429e+02
1.001684875798962935e+02
1.004787671243174856e+02
1.000816648876616313e+02
9.976904795169873807e+01
1.001374069379869383e+02
1.002090881507351838e+02
9.976543884177617372e+01
1.000717689419100651e+02
1.002266961159821363e+02
9.975673142665375792e+01
1.003960360233903515e+02
1.005990660060741533e+02
9.981098243895065991e+01
1.001600544008898197e+02
1.003199646421491167e+02
9.999344235898085742e+01
1.000403781286489817e+02
9.999422129962171368e+01
9.997936182777472425e+01
1.005877864232520977e+02
1.001807601948666928e+02
1.014207281445233235e+02
1.031102188305666374e+02
1.011720594617461160e+02
1.006591411056583780e+02
1.004352611497036918e+02
1.002668562339470526e+02
9.991316838886297091e+01
1.002650064720923098e+02
1.009021168844108161e+02
9.986641752642761105e+01
1.000865390371538268e+02
9.994521571620362010e+01
1.000021286786053878e+02
9.999611452862814076e+01
1.001520766480568199e+02
1.000983422181209193e+02
9.972875656953152657e+01
1.003367818060832519e+02
9.998697492031827494e+01
1.001709804452581807e+02
1.018145798900680461e+02
1.008567740552459213e+02
1.002499377565113008e+02
1.006409363322802761e+02
1.005195837109444028e+02
1.005001629636975480e+02
1.003200131358327098e+02
9.982712697640268118e+01
1.000368411686911969e+02
1.011440665437423405e+02
1.006632611072161581e+02
9.999306091881008740e+01
1.004566967446727404e+02
1.003031912924583935e+02
9.997340211184416603e+01
9.999101788680650316e+01
1.000267171807551421e+02
1.001817589516697780e+02
1.003699853495985082e+02
9.965025388340676216e+01
1.002233488079199333e+02
9.978038897830089127e+01
1.001089982096566899e+02
1.000796862824933982e+02
1.002293680910626108e+02
1.001474201347101740e+02
1.006071970684821650e+02
9.953023130565209442e+01
9.929410435692331305e+01
1.002761447906639347e+02
1.004951512892151442e+02
1.001987678288610226e+02
1.000459782511697995e+02
1.002252976259627104e+02
9.995618653128151720e+01
9.986009226483109558e+01
1.000469840560092933e+02
1.004711068008526098e+02
1.001420336377428271e+02
9.997877823036787959e+01
1.003565001482349288e+02
1.004982928907427464e+02
9.999060251872965921e+01
9.943094127559731987e+01
1.000522073862207009e+02
9.998186507057567951e+01
1.003080964221715163e+02
1.004064763426940061e+02
1.005908210993084850e+02
1.005447586007646095e+02
1.007931673412785898e+02
1.003138397621500530e+02
1.003543730723820175e+02
1.002917525453311640e+02
1.003945655566228226e+02
1.000824720670402570e+02
1.000652844897946920e+02
1.003871630161162756e+02
1.005578480583473038e+02
1.008539288914633971e+02
1.023170396120496406e+02
1.017038944306289636e+02
1.011837669410413696e+02
1.010595396828388175e+02
1.011483632432763358e+02
1.011410498346604783e+02
1.003841484137950459e+02
1.001979113205696876e+02
1.007527804944739955e+02
1.012154319430454024e+02
1.005215031759330486e+02
1.009738104890525392e+02
1.011530649864505449e+02
1.006922485301158900e+02
1.006125774502966266e+02
1.008029300612791843e+02
1.005343335428261184e+02
1.006812054305373323e+02
1.003937039642046756e+02
1.010650924620228466e+02
1.016859583866140468e+02
1.010984164563344052e+02
1.006167872193008748e+02
1.004019268624405328e+02
1.003871665104937989e+02
1.002055659344728724e+02
1.002413145041403482e+02
9.978503498329457955e+01
1.013664169184814909e+02
1.029537188408536537e+02
1.014974531246745215e+02
1.002609677559678971e+02
1.000612649858575907e+02
1.001026716176174745e+02
9.998350026674914659e+01
9.960348297524213024e+01
9.953191312132548774e+01
9.940960438844605562e+01
1.000615625760283365e+02
9.931586209719688441e+01
9.909136151278421778e+01
9.917316332037644599e+01
9.980461779401669276e+01
9.926444287810714684e+01
9.968400630227080228e+01
9.924000002057499614e+01
9.938731609987813442e+01
9.879918783322388265e+01
9.903333025456225869e+01
9.865238545034470974e+01
9.893744031556364860e+01
9.862740584757170836e+01
