2.865379647735215940e+02
2.866705581263477711e+02
2.865215645967737714e+02
2.865573981703517461e+02
2.866059999706923804e+02
2.865432987389550021e+02
2.866230619690893491e+02
2.866217789368439526e+02
2.866355167480697332e+02
2.865865197160969160e+02
2.864501013420600088e+02
2.865662624322414445e+02
2.867332806834200483e+02
2.866915343228125721e+02
2.865311448234024283e+02
2.867119636499266448e+02
2.866518720946328926e+02
2.864191710434927813e+02
2.865291074149819224e+02
2.867123031143594289e+02
2.865631390754271592e+02
2.866922645809935943e+02
2.865648749082221798e+02
2.864000406737577009e+02
2.865015742867214499e+02
2.865827285234562964e+02
2.865175658141659483e+02
2.865235683863386953e+02
2.866417927949913178e+02
2.866875851441673717e+02
2.866269633718093246e+02
2.866088654332012311e+02
2.865310333420450775e+02
2.865381636441754836e+02
2.861406279564853889e+02
2.862532282648843989e+02
2.863364536918184626e+02
2.864575372156370463e+02
2.863767756401247766e+02
2.865462742846029300e+02
2.865408940261872885e+02
2.863465579686419460e+02
2.865741491787749169e+02
2.866025622381091011e+02
2.865774205795029843e+02
2.866375240979787691e+02
2.867198943458818690e+02
2.866762709458102449e+02
2.866046719324581886e+02
2.867366146551065640e+02
2.866668030080092535e+02
2.865707315692603743e+02
2.866300326704723034e+02
2.864099176430774492e+02
2.864121470240095846e+02
2.865982145294162251e+02
2.863798286153634081e+02
2.863408540404366818e+02
2.864170983292960955e+02
2.864534112172492542e+02
2.866075998188625249e+02
2.869182714741110090e+02
2.866062958161597294e+02
2.864851612029961530e+02
2.867656540808328032e+02
2.866621999787791992e+02
2.866127764657315424e+02
2.867176795742350350e+02
2.868142414137471405e+02
2.867621979308775622e+02
2.866920524333874596e+02
2.865873092169952088e+02
2.868560119207848516e+02
2.867699532922219419e+02
2.868842309410981670e+02
2.869372676345137165e+02
2.868657624059748628e+02
2.868413074928138826e+02
2.869113258444163534e+02
2.867420307126812986e+02
2.868263385806006340e+02
2.871506695559867808e+02
2.871367684891604313e+02
2.867709682991028330e+02
2.867574674375463815e+02
2.869191995384778124e+02
2.867350845790045355e+02
2.869003301377163666e+02
2.870647288211293926e+02
2.869789847920951615e+02
2.868344071713212884e+02
2.867872722215892622e+02
2.869631123521144787e+02
2.868236216887838737e+02
2.867354188108362791e+02
2.867349341469711135e+02
2.869977208315477242e+02
2.870723144831015361e+02
2.870749492752241281e+02
2.870246737795384888e+02
2.869108117089003258e+02
2.867857032975035168e+02
2.868029219403277352e+02
2.868030483853222563e+02
2.867396471931041901e+02
2.868821605062661888e+02
2.868302262553537503e+02
2.869100574316180996e+02
2.868485710610539741e+02
2.869468823285022268e+02
2.870716507824948280e+02
2.870974214506542239e+02
2.869315686110023194e+02
2.867428018111548340e+02
2.866712681686844917e+02
2.866279408172002832e+02
2.866391547710215946e+02
2.866589951341728693e+02
2.866035809432771089e+02
2.867888659699076470e+02
2.870199073899465816e+02
2.870485964626134887e+02
2.867428010395535694e+02
2.867268938309112514e+02
2.868513584978796302e+02
2.868571051936765457e+02
2.868552491697768687e+02
2.868986748332276306e+02
2.869082895972224492e+02
2.869544132623103678e+02
2.869701774627077953e+02
2.871595538305655850e+02
2.870820604292120493e+02
2.869684024026449265e+02
2.869079453656385112e+02
2.869004303142489221e+02
2.870336134806750010e+02
2.870885699061309992e+02
2.871620288291843508e+02
2.872707517102708721e+02
2.874172022471689729e+02
2.875046059731882906e+02
2.871157773872578787e+02
2.870519121222608305e+02
2.872579480054490659e+02
2.873122165694523460e+02
2.872576062204029199e+02
2.873405021191361470e+02
2.874594513471820960e+02
2.877265875554130616e+02
2.878700847806360343e+02
2.876807217737616043e+02
2.878693812486599768e+02
2.878907506987576426e+02
2.880251114406991064e+02
2.879061350613819172e+02
2.878440151727938314e+02
2.877764108882390133e+02
2.879573780169994848e+02
2.879845344166507175e+02
2.880751582373304700e+02
2.882175943725853813e+02
2.883701555899144751e+02
2.884170838047749612e+02
2.884363576590982916e+02
