2.324691078826585624e+02
2.342860046513554835e+02
2.346846254479124809e+02
2.351539815757990652e+02
2.353541715148622586e+02
2.351546065609373670e+02
2.360760316101443266e+02
2.362271839117321122e+02
2.359937433708878132e+02
2.360167016583417308e+02
2.364782608078969304e+02
2.361989615026654974e+02
2.361948580708080101e+02
2.364955306999752054e+02
2.365279693505073055e+02
2.362368402218322956e+02
2.366205208150360875e+02
2.365483499470378490e+02
2.363831875856030535e+02
2.367737507799435264e+02
2.365933276722536505e+02
2.362009981871550508e+02
2.369424817571446340e+02
2.361617635782672835e+02
2.365238717323195488e+02
2.367159861884247505e+02
2.368652196989939682e+02
2.363681216646964458e+02
2.368890913448482536e+02
2.368063168440721995e+02
2.363377573636115869e+02
2.370526902209072375e+02
2.365720380804810077e+02
2.365676752374552336e+02
2.368167716267869309e+02
2.366816564867900468e+02
2.364474064686132806e+02
2.369043118874536731e+02
2.367663075074780465e+02
2.371446189499295940e+02
2.364509537517534170e+02
2.367977163122160107e+02
2.367733201962780925e+02
2.369912547141548202e+02
2.364246307657648174e+02
2.372749108485256784e+02
2.368250614270450569e+02
2.366704364669116103e+02
2.369942743711761466e+02
2.364971079021059666e+02
2.367837760038644319e+02
2.367213616319667437e+02
2.370069958908940464e+02
2.364684536646444712e+02
2.369464278468374232e+02
2.369951570864431858e+02
2.366830705317359218e+02
2.367992477089506735e+02
2.369932032100549861e+02
2.364548363044812334e+02
2.368128331692980737e+02
2.370177335465137105e+02
2.365190054528270309e+02
2.367048285060866135e+02
2.371574746360412007e+02
2.364505020552512349e+02
2.366183691330087697e+02
2.368401473260132661e+02
2.368749141588932616e+02
2.363980802452268506e+02
2.368355999919535009e+02
2.366479608499862763e+02
2.368537010532297415e+02
2.368477230865770196e+02
2.365671552995342211e+02
2.366763372688329525e+02
2.371681210244614419e+02
2.370359436743558774e+02
2.363159855500806543e+02
2.368465846914221800e+02
2.365207710353426194e+02
2.368352651426942259e+02
2.367640659183635137e+02
2.366826819782095299e+02
2.369050856503396290e+02
2.370121586878308619e+02
2.367208642169227630e+02
2.370703024787555648e+02
2.365292869081535798e+02
2.369730792061440070e+02
2.367703950226895415e+02
2.369474836723787519e+02
2.368830842889149437e+02
2.372639459679557774e+02
2.367317410720240503e+02
2.369500064334685021e+02
2.372774494213500986e+02
2.370679198273747659e+02
2.373713311451039374e+02
2.371115846472089572e+02
2.365080835421699703e+02
2.371865353561883012e+02
2.372767983226209481e+02
2.366833002694169181e+02
2.372957125959382836e+02
2.368566425476926725e+02
2.373616770695600735e+02
2.370374609673781379e+02
2.370435558314772209e+02
2.372322034838794025e+02
2.373409170774254164e+02
2.370369073960106618e+02
2.372645829634159327e+02
2.370769021148700233e+02
2.370480491541610775e+02
2.367366360491417083e+02
2.373662262415641919e+02
2.372291170289721549e+02
2.366038382656043098e+02
2.374458031652213492e+02
2.373672169673279768e+02
2.374523244473807893e+02
2.370125911685100846e+02
2.375694630826589844e+02
2.374932339646125001e+02
2.371977037138949527e+02
2.373598946861049228e+02
2.373708762440549265e+02
2.374404837525817129e+02
2.370801546591517592e+02
2.377089533881105297e+02
2.373602677332688700e+02
2.370981505420215001e+02
2.375123940877875555e+02
2.375164851593346214e+02
2.374667937513164304e+02
2.376394958379147226e+02
2.372367982545922871e+02
2.376823874564432515e+02
2.374489487822172578e+02
2.372622764110093669e+02
2.372678202195336326e+02
2.375468677866596181e+02
2.373407061792514980e+02
2.372487322437466446e+02
2.377569475292693539e+02
2.375714446931191617e+02
2.376435368504424730e+02
2.374394087563161975e+02
2.377857421395607389e+02
2.371211583833906218e+02
