2.880343886568850280e+02
2.889474411102890485e+02
2.893320560348099093e+02
2.895146753506858772e+02
2.895043726469309036e+02
2.896794945904451311e+02
2.901714398051130388e+02
2.901965898038693581e+02
2.901370274351162379e+02
2.903183588145374756e+02
2.902712727694333239e+02
2.901594554666144177e+02
2.904333184657535298e+02
2.905536823680807856e+02
2.905600277571165861e+02
2.906327464835611636e+02
2.905847513330793390e+02
2.903963907743725485e+02
2.905827521733761500e+02
2.905821494278037562e+02
2.903769612380742160e+02
2.904909058813463503e+02
2.906542986775734789e+02
2.904973423658009892e+02
2.907958318963297302e+02
2.907395959049897556e+02
2.904321600943778208e+02
2.904476662935434774e+02
2.906160800539977345e+02
2.905603929416265032e+02
2.906330762292175791e+02
2.905970957286068028e+02
2.904385866441372173e+02
2.907096479265942435e+02
2.906215714079058330e+02
2.904720765370554432e+02
2.906100757642252006e+02
2.908244830322274765e+02
2.907768188952572928e+02
2.905307214585839120e+02
2.905580831251699010e+02
2.907781942335800522e+02
2.907513074239269031e+02
2.904781270530720008e+02
2.906708976666865851e+02
2.908213638893761299e+02
2.906302026300358534e+02
2.907193965770482578e+02
2.907903479000104880e+02
2.906537767603887801e+02
2.907134129519284329e+02
2.908282289452222926e+02
2.906508024191392110e+02
2.905608159607886591e+02
2.908230614730441062e+02
2.907785496352165069e+02
2.906052550368644916e+02
2.907382364341337961e+02
2.907293014514598894e+02
2.906565486127028066e+02
2.907694231628366879e+02
2.906683070389742056e+02
2.904543194273174436e+02
2.907423493886640813e+02
2.907404972590878174e+02
2.906066190378532497e+02
2.907028353977845541e+02
2.908368866478290897e+02
2.906819882419364376e+02
2.906989632009433535e+02
2.908098428153594455e+02
2.906374238280126860e+02
2.908145512990481052e+02
2.907374841671104946e+02
2.905094408868885125e+02
2.906433770564603378e+02
2.907312285289745546e+02
2.906045771239451483e+02
2.906980866316376932e+02
2.907816211555919494e+02
2.906235760638077750e+02
2.908083109125435044e+02
2.907473213644722705e+02
2.907034443391577838e+02
2.906623819928599346e+02
2.908347448025751874e+02
2.908920040679377621e+02
2.906593423162473186e+02
2.905563766696170092e+02
2.908609676003356981e+02
2.906794919250912130e+02
2.908176623302453550e+02
2.909612538433999589e+02
2.909593268524128575e+02
2.907224411545431053e+02
2.908869224666233890e+02
2.909428628044136076e+02
2.908976864810853726e+02
2.910601678859713957e+02
2.907226989782337228e+02
2.905280084170693158e+02
2.909275431355458750e+02
2.909074510512048732e+02
2.908394141768413306e+02
2.909979356577622411e+02
2.909054743300281984e+02
2.909773834985903136e+02
2.908030898381687166e+02
2.909222187756064955e+02
2.910060049282473642e+02
2.909060743352306986e+02
2.909868282165408004e+02
2.910329556412238503e+02
2.909989214453406134e+02
2.907822881964332851e+02
2.908929308457232423e+02
2.910626843542439133e+02
2.908228696383468446e+02
2.908579199187580002e+02
2.911890907564038002e+02
2.911681218847102741e+02
2.909825043891214591e+02
2.909396106479196646e+02
2.912284491918950948e+02
2.911220193374584824e+02
2.910125006536625278e+02
2.912014863394381905e+02
2.912779649510348463e+02
2.909792618868731893e+02
2.909731940378241575e+02
2.912221870958256886e+02
2.911455612665321837e+02
2.911777717630266125e+02
2.912222583246247609e+02
2.912213851179702147e+02
2.910687979497445781e+02
2.910438709998242643e+02
2.910417553695856441e+02
2.912548402346415060e+02
2.912568220293835566e+02
2.911476134989079583e+02
2.912251660128290496e+02
2.912554639638084950e+02
2.910063117332682623e+02
2.911882471562606725e+02
2.914402729315660281e+02
2.913685243603597996e+02
2.911909434607757134e+02
2.912120499529808058e+02
2.912529647999647864e+02
2.912104725571766153e+02
