2.421060097841575498e+02
2.418115749541508137e+02
2.417492411528712637e+02
2.417465178685940828e+02
2.416905187732909326e+02
2.417331904531162081e+02
2.416466116532810986e+02
2.416234950730173239e+02
2.413497885429352436e+02
2.417554282770485088e+02
2.417664795781347209e+02
2.417015123592077828e+02
2.420441532241931952e+02
2.418804834877682026e+02
2.415489832611028476e+02
2.415507381113463623e+02
2.418012392505090986e+02
2.413700333340235886e+02
2.415392729399586358e+02
2.416850018396285407e+02
2.421154241958817011e+02
2.417835666956123362e+02
2.418113103392186076e+02
2.419560089716884193e+02
2.412843211471291340e+02
2.416940110111903266e+02
2.415590593936816788e+02
2.414639208038036031e+02
2.416626961102185476e+02
2.416665494046835647e+02
2.414927014237563299e+02
2.417332704407271819e+02
2.416356706010884920e+02
2.417312268902974211e+02
2.418039784876955309e+02
2.416613251041882222e+02
2.413088571631574268e+02
2.417838269678280767e+02
2.416001526343864896e+02
2.415838736366654302e+02
2.415782283785733568e+02
2.416812358453686045e+02
2.414668291893592311e+02
2.418530861136648298e+02
2.417406500421818976e+02
2.414630745869663997e+02
2.414114250005081033e+02
2.412578821672607035e+02
2.417256834701594244e+02
2.413001938029770770e+02
2.415647080685233732e+02
2.416291214880172902e+02
2.416064881054913940e+02
2.419945050295132205e+02
2.416072087596640756e+02
2.415189277654762634e+02
2.419474029371407369e+02
2.416867477657946495e+02
2.415954635238102526e+02
2.417418446201619417e+02
2.416539373676406797e+02
2.414042854036866856e+02
2.417597356201738421e+02
2.413956786539524444e+02
2.419634445697149658e+02
2.414702261625335211e+02
2.418406715056302403e+02
2.416051304415177867e+02
2.414901381656718797e+02
2.414362373658284469e+02
2.419566166822109210e+02
2.415253555058298218e+02
2.415435684035992097e+02
2.419787450794139829e+02
2.416698485315459664e+02
2.416398490173644404e+02
2.418478656148016626e+02
2.420103656511724921e+02
2.418775644232388515e+02
2.417040790861562130e+02
2.415292912474477305e+02
2.415854586189641111e+02
2.417825007342030688e+02
2.415578400518846820e+02
2.415940977926569815e+02
2.414948181273714169e+02
2.417151987277943306e+02
2.417822174813023537e+02
2.416878393123181752e+02
2.413753650524661509e+02
2.422273117735959147e+02
2.415145699083210218e+02
2.414112066924886051e+02
2.415038870851360855e+02
2.415983659967530741e+02
2.419120014665195129e+02
2.414324641452477636e+02
2.418220322241735118e+02
2.415049941728536851e+02
2.415500117830726197e+02
2.416508732561532042e+02
2.417814813615851790e+02
2.418442788294670436e+02
2.417513685815405040e+02
2.418070298702904495e+02
2.413869521866945149e+02
2.418435361392056109e+02
2.414049046011649295e+02
2.415547461921537433e+02
2.414568307931062066e+02
2.415947094740409113e+02
2.414639139606774734e+02
2.414544856281009970e+02
2.416243235375097811e+02
2.415162976580037082e+02
2.414956168813247643e+02
2.415887524120783780e+02
2.417889605900445815e+02
2.415922272656688676e+02
2.417517646772765545e+02
2.419673054351776500e+02
2.419626537288453108e+02
2.415851125448251366e+02
2.417122158382232158e+02
2.415803652425065877e+02
2.417521653533159167e+02
2.417098040039710725e+02
2.417960058147990878e+02
2.415551082305100863e+02
2.415123423580806445e+02
2.416819195623151302e+02
2.414983210937349725e+02
2.413849886626913133e+02
2.414724381897232206e+02
2.415615762901196888e+02
2.418081828361243026e+02
2.417664324572486692e+02
2.418955902337506814e+02
2.416774583924354829e+02
2.414953112901712586e+02
2.416514122303370868e+02
2.417064575630226955e+02
2.417563317103755480e+02
2.418754685506346789e+02
2.420433917830377197e+02
2.415759496312723797e+02
2.417579840494247208e+02
2.416460152594476369e+02
2.417461224837716998e+02
2.417776687436005716e+02
2.416854929987667049e+02
2.417160954992615416e+02
2.416163371771579307e+02
2.415783882580674060e+02
2.416951805093426913e+02
2.414238148797771544e+02
2.418038684669689644e+02
2.418651558868420750e+02
2.418835245101685985e+02
2.420189364821100924e+02
2.416802478327289521e+02
2.415300863503912012e+02
2.417464139805713330e+02
2.415790320960135205e+02
2.415101446414080613e+02
2.416875280597793392e+02
2.416300953155817126e+02
2.416174431901098103e+02
2.417000611618956611e+02
2.413316816025808293e+02
2.415463142500339302e+02
2.414516076892067815e+02
2.416447885960008080e+02
2.416070167090121856e+02
2.415984429087548051e+02
2.413299019099031284e+02
2.415315946079152525e+02
2.421021652783580578e+02
2.418091376782732880e+02
2.418809838004703749e+02
2.415002386086430590e+02
2.416920060886510271e+02
2.417786615799943490e+02
2.416233281054416864e+02
2.414109034970003620e+02
2.416651833625869585e+02
2.412841052810291558e+02
2.415831880205576851e+02
2.412615172512687138e+02
2.414808878760572952e+02
2.418034665039994877e+02
2.413814215661460594e+02
2.416441272868966337e+02
2.416589901778824299e+02
2.418148644937453184e+02
2.416096012994606497e+02
2.412367525774336343e+02
2.415081576732382302e+02
2.416478620079093389e+02
2.418072487527700503e+02
2.413439235048852822e+02
2.412679327138906444e+02
2.412151981798533882e+02
2.412581484463515835e+02
2.416593282006393792e+02
2.413716765620913520e+02
2.412099215727548369e+02
2.412914403766556006e+02
2.417321258338803602e+02
2.411888061737752196e+02
2.414423466753090679e+02
2.412844877002667090e+02
2.412477940012499573e+02
2.414397055323200050e+02
2.415545767184917452e+02
2.414992472333426576e+02
2.415524462164124770e+02
2.415978217475035308e+02
2.414691773035281983e+02
2.414964178673480149e+02
2.415180123341575325e+02
2.414226599770808264e+02
2.414955937222952400e+02
2.416162458330760217e+02
2.420228894949789549e+02
2.416745551657622002e+02
2.415944982516919026e+02
2.411676637020153464e+02
2.413876936043991179e+02
2.416709888690751313e+02
2.415173291832886946e+02
2.413209997541102041e+02
2.416948586004096171e+02
2.417546248564528923e+02
2.416194044452090566e+02
2.414067176212334687e+02
2.416730287417000511e+02
2.416073532470816474e+02
2.416957158012825175e+02
2.416049603935161656e+02
2.417518909955742856e+02
2.416761680369568239e+02
2.416484208899743464e+02
2.416802418858835892e+02
2.416622520288551925e+02
2.411877051015940197e+02
2.416127458153511895e+02
2.417842167905515964e+02
2.416991153849910461e+02
2.416255711030471218e+02
2.419223420546883574e+02
2.414634869232174026e+02
2.415946939503337774e+02
2.418624603421532413e+02
2.419090310010540463e+02
2.419507740624530072e+02
2.418352292371914984e+02
2.417197022711490035e+02
2.417008458634553278e+02
2.416629913239339942e+02
2.419315790370066281e+02
2.413858708950922392e+02
2.419596882356997014e+02
2.415624672604001262e+02
2.417261311070002421e+02
2.415625289359061298e+02
2.418869671544805726e+02
2.418093709556893884e+02
2.416887547629453650e+02
2.418930369234733462e+02
2.418344503032797093e+02
2.417069730113006472e+02
2.418625637384843401e+02
2.419807754390084256e+02
2.417048252072844434e+02
2.418207348505014522e+02
2.417667307876740779e+02
2.418957208621190205e+02
2.419234411803094815e+02
2.417306007971111228e+02
2.418229465602759376e+02
2.417172450688620700e+02
2.413809147999517961e+02
2.418327757268819198e+02
2.419710672100735849e+02
2.417099449013964829e+02
2.417472332768496699e+02
2.416687164020359830e+02
2.415167660096702775e+02
2.419314700778501219e+02
2.415498159873034467e+02
2.415495735756424267e+02
2.418156529503878573e+02
2.416760099236803683e+02
2.414228312221060548e+02
2.416727877758723935e+02
2.415622340222188598e+02
2.419165347629751750e+02
2.414159855727502588e+02
2.417172226786991871e+02
2.414683233259582948e+02
2.416888959400941701e+02
2.417787280095261906e+02
2.419316865148332454e+02
2.414061136483972803e+02
2.416679060411941293e+02
2.414318086242165293e+02
2.415100223697552622e+02
2.416713595537197534e+02
2.418165361363986960e+02
2.416848168458797375e+02
2.415038101926433001e+02
2.414824704698555422e+02
2.416806724422256991e+02
2.417842533712220359e+02
2.415009573072258036e+02
2.415710949005189434e+02
2.418521588948133285e+02
2.416991626491102352e+02
2.416041907348127609e+02
2.416105066517764044e+02
2.417632491318371706e+02
2.414874123695648507e+02
2.418031846962324209e+02
2.417417947046318432e+02
2.416815507060203743e+02
2.416521758264647417e+02
2.417037166172095795e+02
2.419728534322231326e+02
2.422037312075675288e+02
2.417260847040435294e+02
2.416355536855801347e+02
2.418116043741668193e+02
2.416996631979767187e+02
2.416209793350581378e+02
2.417426582524965113e+02
2.416259457642605639e+02
2.419386859998516286e+02
2.416726198534972809e+02
2.415693133269325301e+02
2.419068423169412370e+02
2.418727426177459563e+02
2.415299983928726988e+02
2.415678644298953088e+02
2.416539584809937651e+02
2.415385927415059371e+02
2.417810472491441089e+02
2.414810643317557890e+02
2.418347852448763149e+02
2.418738818372063406e+02
2.417395972905169117e+02
2.415177343648927035e+02
2.413393304712675729e+02
2.415341311444011581e+02
2.417689180026025042e+02
2.416484697603642644e+02
2.416053781694208453e+02
2.416758727187816760e+02
2.416620922083990308e+02
2.414543508940003278e+02
2.417284511429105294e+02
2.418287120790382687e+02
2.416784237686323422e+02
2.417954155190318772e+02
2.417025692464942495e+02
2.416679507276855645e+02
2.416485431420461225e+02
2.416457819748624161e+02
2.418071699609851919e+02
2.417972753179969629e+02
2.417266893766551163e+02
2.415130557022446283e+02
2.418134497498816984e+02
2.417373346355935553e+02
2.414498453481891147e+02
2.412958953440654284e+02
2.412608958536364696e+02
2.415161593690841926e+02
2.413619519768224393e+02
2.413031237289705757e+02
2.415495492749524828e+02
2.415770551904730610e+02
2.414990319005208903e+02
2.414156786069693510e+02
2.414302640231237547e+02
2.416046128445366037e+02
2.416907605563142454e+02
2.417109217577018114e+02
2.417018768324894609e+02
2.415288462033092003e+02
2.416871935473737096e+02
2.416762574766707701e+02
2.418733043691902367e+02
2.416381738449946113e+02
2.416934531467818488e+02
2.418296692950244733e+02
2.416280663280147962e+02
2.415183210845211477e+02
2.418272333453373903e+02
2.414522971262549333e+02
2.416855049519805618e+02
2.420089078478817157e+02
2.417302398289689620e+02
2.416083397613023180e+02
2.417647319648953896e+02
2.416103744375021734e+02
2.416876033453640673e+02
2.417844429227733087e+02
2.417577219704424749e+02
2.417458462678010562e+02
2.418608630238870489e+02
2.416804260131241620e+02
2.416494442957619242e+02
2.417392200071974457e+02
2.417747505814300268e+02
2.415276728950480276e+02
2.415602203176592013e+02
2.414535807885552856e+02
2.414086638866774592e+02
2.415561750902141966e+02
2.419811862274509622e+02
2.413146209479152446e+02
2.414533412167055531e+02
2.414996895041442428e+02
2.414451712396412404e+02
2.415005751427967198e+02
2.415271687553299955e+02
2.414188218423294927e+02
2.413462474498289509e+02
2.415259472028590437e+02
2.415460972200827143e+02
2.414658872673303449e+02
2.413219010881241502e+02
2.413001208181670734e+02
2.415574968738345945e+02
2.416440098686510680e+02
2.413370772415728140e+02
2.414429857641181059e+02
2.413586006920882312e+02
2.414415612407838410e+02
2.413516151413156194e+02
2.414803820663174463e+02
2.416684656000082896e+02
2.416495334091289067e+02
2.418013077054810083e+02
2.415926657315797002e+02
2.414227795169569788e+02
2.416505908296902589e+02
2.415306964310340447e+02
2.415275561194762020e+02
2.414698575087810184e+02
2.417553892340179402e+02
2.415337515628217488e+02
2.416369723483330461e+02
2.416323928346714638e+02
2.415372174504154827e+02
2.413264328827763165e+02
2.417846972010191564e+02
2.417535150792940613e+02
2.419234425978271190e+02
2.416557627960981165e+02
2.414522261810215298e+02
2.414597873213719197e+02
2.415827952059687789e+02
2.416133274083188383e+02
2.415606001049829104e+02
2.416596043456969198e+02
2.414635238008613953e+02
2.416148420103500030e+02
2.414993533350728114e+02
2.419860273518598603e+02
2.417349720651410792e+02
2.415672076403061794e+02
2.417437310719961090e+02
2.417907996572142508e+02
2.416928699713932076e+02
2.415543795097622422e+02
2.413066132221399300e+02
2.414554617344219025e+02
2.419534302356800879e+02
2.414930690555284798e+02
2.413457918748310078e+02
2.414994963909629178e+02
2.417028896076108140e+02
2.417116383780781632e+02
2.417553263397166177e+02
2.416870333903965218e+02
2.417026371859784604e+02
2.416237014856230871e+02
2.416281628150410370e+02
2.416566210622105757e+02
2.419107991702695415e+02
2.417749166632603419e+02
2.417022241537100342e+02
2.421054112633140960e+02
2.418438532795454705e+02
2.418434786344661234e+02
2.415591080412187068e+02
2.416951910178079288e+02
2.415175318727559386e+02
