2.870761477665560619e+02
2.869746064085547346e+02
2.868495318559318434e+02
2.869833852409576025e+02
2.869518640721632323e+02
2.868980151319260017e+02
2.869881702392557941e+02
2.868613799423566775e+02
2.867732782595668368e+02
2.869956665272931104e+02
2.869640996732624103e+02
2.870425516204442715e+02
2.871267116079049515e+02
2.869979144069653216e+02
2.868984908870224899e+02
2.869480625651776791e+02
2.869987885141358674e+02
2.867608536672417472e+02
2.868230889040348757e+02
2.869742196718518130e+02
2.870153389368700232e+02
2.869911623951263095e+02
2.870775555496897482e+02
2.869916722161908069e+02
2.867885184429561036e+02
2.868697288529518801e+02
2.868973861324323593e+02
2.868991718460368361e+02
2.869405307954741602e+02
2.868774987401432099e+02
2.869831479376003358e+02
2.869058928175642222e+02
2.869585101344803206e+02
2.870973606747652411e+02
2.870303798395926833e+02
2.868273672633789033e+02
2.869429068299709229e+02
2.870377439348514486e+02
2.868431346106734736e+02
2.869368426695745597e+02
2.870548940910858278e+02
2.869196341977187217e+02
2.868924093886639639e+02
2.868541090460910254e+02
2.869177250960534593e+02
2.868742468567301671e+02
2.868520923752129761e+02
2.867148579856734045e+02
2.868488681654719699e+02
2.867054648704367423e+02
2.869219281370649242e+02
2.868902460901465474e+02
2.869543590280326271e+02
2.869841621367531843e+02
2.869328035907919343e+02
2.870099226169934923e+02
2.869201801123122664e+02
2.869417945761601345e+02
2.868853762978464488e+02
2.868662730405873731e+02
2.868520251846486531e+02
2.868042315909637523e+02
2.869156959923288355e+02
2.869487638725391889e+02
2.870958407242544581e+02
2.868223783457158333e+02
2.868802536216408043e+02
2.868357165414312817e+02
2.868562988041886683e+02
2.869821106124011294e+02
2.869533287549780312e+02
2.868883144358464392e+02
2.869510742628111188e+02
2.870650519267144887e+02
2.868655191019312838e+02
2.869040810304882143e+02
2.870659304312005133e+02
2.870957936548209091e+02
2.870522734819256243e+02
2.869849582860241526e+02
2.868534799149558125e+02
2.870045945376558620e+02
2.868727892207394348e+02
2.868361975391135275e+02
2.869186170696543172e+02
2.869622259291389241e+02
2.869857888548496021e+02
2.870227798974574966e+02
2.870269533601723992e+02
2.870172924878339131e+02
2.871243582053992327e+02
2.868506430733396542e+02
2.868353088823651547e+02
2.868775086675759667e+02
2.869360675023888803e+02
2.869440560718364850e+02
2.868282792847351743e+02
2.868819446198720584e+02
2.868335138275151621e+02
2.868239910106672710e+02
2.869585826475768613e+02
2.870047315816530613e+02
2.869925281317707686e+02
2.869742805530149212e+02
2.869747052217002761e+02
2.867619526245521797e+02
2.870081876643022838e+02
2.868636628100653070e+02
2.868813188847009314e+02
2.868038270688112448e+02
2.868048549789066897e+02
2.868593325686172193e+02
2.868524701315643597e+02
2.869502916957829370e+02
2.868365006090921838e+02
2.867235872748048564e+02
2.870666818935039259e+02
2.869107692816118629e+02
2.869756612408547767e+02
2.869866319316947738e+02
2.870307828660216956e+02
2.870778942051147737e+02
2.870390246683052169e+02
2.869337106096274397e+02
2.869079296495377207e+02
2.870117080213792065e+02
2.869515443481523675e+02
2.869159924308916061e+02
2.868087882914508668e+02
2.867828632573147729e+02
2.867802977369164523e+02
2.867872272076048716e+02
2.868303559308939725e+02
2.869280266525636875e+02
2.869828762307284933e+02
2.868973179709436749e+02
2.869485948142528855e+02
2.869530181419133896e+02
2.869382729631823281e+02
2.868395656641127403e+02
2.870428455179107345e+02
2.870158140272211540e+02
2.871452835933128540e+02
2.871484800679489240e+02
2.870181282217355374e+02
2.869701225244860439e+02
2.869677394099284697e+02
2.868880554165338594e+02
2.869177607188998991e+02
2.869294035465033517e+02
2.869330515394201484e+02
2.869170165255173401e+02
2.868508668076351000e+02
2.869033362213229452e+02
2.869165090388389103e+02
2.868715332675863579e+02
2.870799155312903963e+02
2.871060128024020628e+02
2.871755564466051283e+02
2.871000797250693495e+02
2.867779794908919371e+02
2.869678523017393559e+02
2.869617636141516073e+02
2.868839695649841701e+02
2.869236291021030638e+02
2.869570293124004365e+02
2.869238209510018009e+02
2.867996627174910031e+02
2.868632801162055443e+02
2.869271000965397889e+02
2.868680066272238491e+02
2.867359245572944815e+02
2.869188936043702824e+02
2.868306696093704318e+02
2.867545165682276433e+02
2.868919778452292917e+02
2.869916762199409845e+02
2.871745746379247066e+02
2.870367364354233928e+02
2.869568415205871474e+02
2.868650307421488606e+02
2.869750858798946638e+02
2.869189819284073906e+02
2.867954114487748711e+02
2.867722290085368400e+02
2.868556465611867452e+02
2.867117392804502174e+02
2.868317095111338517e+02
2.867681531102047643e+02
2.869138902988579503e+02
2.869543656370087206e+02
2.866383596413295436e+02
2.867769873946386383e+02
2.869099540054892827e+02
2.869749868387972924e+02
2.868075034963653138e+02
2.866674409006324709e+02
2.866845240318542665e+02
2.869567178975913748e+02
2.869839317619012604e+02
2.866573680572814169e+02
2.866851217434014529e+02
2.866427516865390430e+02
2.866457106051704500e+02
2.868211322463038755e+02
2.866379433180944716e+02
2.866179569081003251e+02
2.866560220742856018e+02
2.867744100361105097e+02
2.867084413819856650e+02
2.868452957465382838e+02
2.867813886669844692e+02
2.868159647576400744e+02
2.868385054744047693e+02
2.868570295966384833e+02
2.869876827183118735e+02
2.868417536925861100e+02
2.868416333138977166e+02
2.868167536064374303e+02
2.868431957952465154e+02
2.868684576167042906e+02
2.868261870381348331e+02
2.868211290011025199e+02
2.869498959947439403e+02
2.870254667479814543e+02
2.868909070310711513e+02
2.867599132883801190e+02
2.868297301812960427e+02
2.867338433511815197e+02
2.868881109409840064e+02
2.868153621931600696e+02
2.869057161002835414e+02
2.869524100650351670e+02
2.868971406540746898e+02
2.869314936919838033e+02
2.868904259708104405e+02
2.870158558598247964e+02
2.869987991364390609e+02
2.869700552703242806e+02
2.868846441780963232e+02
2.870435080560628762e+02
2.869585194127081991e+02
2.869070254625275425e+02
2.870057646637004609e+02
2.869157696703298370e+02
2.867349759605576764e+02
2.869332687844213865e+02
2.870091063334172645e+02
2.869935346854989007e+02
2.869889364161465437e+02
2.870045499145671783e+02
2.868462557983452825e+02
2.869001521858111801e+02
2.870323173855499590e+02
2.871688302351964239e+02
2.871175776977801775e+02
2.869035250155910148e+02
2.869281597615845953e+02
2.869567368564576100e+02
2.870807805501041798e+02
2.869555695133949484e+02
2.868051131748216562e+02
2.870349690910274489e+02
2.869449288936979769e+02
2.869584948644248925e+02
2.868781882155917060e+02
2.870603640943609776e+02
2.869680711575768441e+02
2.870215271412753850e+02
2.869695562394037438e+02
2.869948987610208064e+02
2.869369695612910505e+02
2.871016254946734421e+02
2.870551114154145012e+02
2.870474279722073447e+02
2.870443359329840973e+02
2.869881061877156867e+02
2.870889992249847182e+02
2.870165585692419086e+02
2.869769929618124138e+02
2.869373478824268773e+02
2.868619070763182322e+02
2.869126887777680395e+02
2.871516369191704143e+02
2.870953173190587222e+02
2.869085116956773618e+02
2.869612468425437442e+02
2.869729037244375718e+02
2.870310936548079894e+02
2.870820138613674430e+02
2.869111934088644489e+02
2.869279190801290156e+02
2.869960745278621062e+02
2.869884502504781381e+02
2.868409235383386999e+02
2.868061691642404298e+02
2.869883432811987518e+02
2.869912391795491544e+02
2.868851966546001222e+02
2.869638570996704061e+02
2.868993663332868778e+02
2.868559910221129599e+02
2.869447732036937282e+02
2.868913434202826807e+02
2.867658045811096486e+02
2.868729969395375292e+02
2.868194115425459927e+02
2.868607460178228621e+02
2.869320594518156895e+02
2.871095426120108982e+02
2.870146875657548549e+02
2.868257602601340750e+02
2.869487219239760520e+02
2.869076003334313896e+02
2.868705864511203458e+02
2.868649453001847291e+02
2.868012853513621963e+02
2.869251720945188140e+02
2.867802156142962531e+02
2.869361493700620827e+02
2.869641428500775078e+02
2.869785931430681671e+02
2.868604607202010470e+02
2.869556716551587101e+02
2.869023567142360776e+02
2.869075583886184404e+02
2.869583414444060736e+02
2.870409267343898136e+02
2.871476637661136238e+02
2.871415233201893784e+02
2.869141320342091035e+02
2.870037504156251771e+02
2.870493562078991090e+02
2.869179040317491740e+02
2.869044510797098724e+02
2.869143472652859259e+02
2.870162940668792544e+02
2.870560978638552569e+02
2.868912267761139105e+02
2.868500271258324119e+02
2.870817901505827194e+02
2.869306104642569153e+02
2.869180038393390646e+02
2.869269567089151565e+02
2.868967535356889016e+02
2.869177743781166896e+02
2.869261237419559620e+02
2.869105900633293800e+02
2.869604167528773928e+02
2.868821299467859376e+02
2.870364392516581233e+02
2.869798549908782093e+02
2.868393457747013144e+02
2.868846085875704830e+02
2.869928121208423022e+02
2.868317988953680810e+02
2.869776565835443876e+02
2.868999210565759199e+02
2.868683383026015008e+02
2.869232772728169607e+02
2.869997709488496298e+02
2.870324668308412015e+02
2.869290242846307706e+02
2.869476558213311250e+02
2.869061010740968527e+02
2.869157672068382112e+02
2.868916662722487558e+02
2.869161931615623189e+02
2.870406568208291560e+02
2.869319067670389245e+02
2.870244863880088815e+02
2.868709949303388385e+02
2.870540117313362316e+02
2.869216119395512692e+02
2.868244808447662422e+02
2.866885390693985300e+02
2.866358013902417952e+02
2.868425600505290163e+02
2.867681524995672362e+02
2.868334155631164890e+02
2.868542309075681374e+02
2.867589629532649269e+02
2.867969778811724950e+02
2.868438859812994792e+02
2.868350094041834950e+02
2.870395939965691809e+02
2.870062344063653654e+02
2.869978687701146782e+02
2.868941386371924409e+02
2.868079668092339602e+02
2.869234594236921225e+02
2.870485021557681762e+02
2.870837723429843891e+02
2.868778973549697184e+02
2.869724662924047607e+02
2.869685913983005889e+02
2.868814415325462619e+02
2.868795215967526815e+02
2.869084923214699643e+02
2.868236969848756530e+02
2.870016951517343387e+02
2.870298315393354187e+02
2.869320394883549170e+02
2.868375533223194225e+02
2.869337874981176242e+02
2.869160001414400085e+02
2.870151734825470271e+02
2.870357838005613189e+02
2.869735556646504619e+02
2.869762011938724413e+02
2.869942050615497351e+02
2.869537852013172028e+02
2.869089586309425499e+02
2.870170085474687198e+02
2.869493861993108794e+02
2.869445278943754261e+02
2.869083290263885715e+02
2.867888184446899800e+02
2.867748425158393388e+02
2.870001609292116882e+02
2.870541934721901498e+02
2.867128564062618921e+02
2.867805110513278919e+02
2.866842948122468897e+02
2.867491943112468675e+02
2.868660302241952422e+02
2.869396487992218567e+02
2.868718971765953256e+02
2.867748745637150591e+02
2.868117577489185237e+02
2.868075457999959212e+02
2.867672126734121889e+02
2.867324946929616090e+02
2.868260549143927847e+02
2.869069831692345929e+02
2.867746172438158396e+02
2.867448134967107194e+02
2.866488661850040103e+02
2.867507392513003879e+02
2.866718086537933345e+02
2.867667569618870971e+02
2.869066755507832340e+02
2.869427155596675902e+02
2.869262602493996042e+02
2.869592213240937895e+02
2.867961049308948418e+02
2.868040657618158207e+02
2.869133377495772379e+02
2.868712989241224705e+02
2.868127431172068782e+02
2.868663027666489711e+02
2.869160769586101765e+02
2.869073309280172452e+02
2.868686158440168583e+02
2.867395937084107800e+02
2.868562366644559347e+02
2.868771623247849334e+02
2.868511402642724875e+02
2.869384130246447739e+02
2.871717611748827608e+02
2.869287261169933458e+02
2.868021296517277392e+02
2.868248795559734958e+02
2.869015896801184340e+02
2.867980460613549667e+02
2.869217659294336613e+02
2.869180724957178086e+02
2.868515361583227445e+02
2.869261148774652952e+02
2.868465817599110892e+02
2.870554218929944454e+02
2.870047611691622365e+02
2.869819104758583421e+02
2.869877105451735702e+02
2.870233211315827475e+02
2.870270821809064614e+02
2.868622051247783702e+02
2.867223167151535108e+02
2.870881177058216167e+02
2.870677611941140981e+02
2.867131967108680328e+02
2.866899093430391190e+02
2.867181652796846834e+02
2.868633151489149782e+02
2.870598147159892619e+02
2.869121639557918684e+02
2.868789606272262063e+02
2.867666957355450563e+02
2.868067091788852849e+02
2.869017436257298641e+02
2.868957713140598003e+02
2.870105752371910057e+02
2.868990321395863816e+02
2.870784924950949630e+02
2.870587240569098526e+02
2.870680655373335526e+02
2.868655831100048204e+02
2.868364335647250982e+02
2.869221837594316185e+02
2.869690313665432768e+02
