9.643487653052609687e+01
9.647241820885203367e+01
9.595897101228202075e+01
9.600685528098053112e+01
9.605694848753698523e+01
9.530364565072302696e+01
9.496585040164448799e+01
9.408191624203634262e+01
9.403915568378097589e+01
9.351265735973640858e+01
9.355049811967275275e+01
9.239226187709016358e+01
9.238025183469507340e+01
9.330028271629566916e+01
9.223664512150213568e+01
9.283461871444528413e+01
9.246886860760763227e+01
9.233980132880405733e+01
9.247048119643129382e+01
9.238725200522345915e+01
9.163147788136920724e+01
9.219118889509076098e+01
9.130626266906530475e+01
9.116927872559351442e+01
9.124420990276462362e+01
9.199148846894142650e+01
9.133896072758976459e+01
9.148293227564130348e+01
9.149072969122748589e+01
9.069927706249474397e+01
9.055762008708911992e+01
9.128218139357964844e+01
9.083657041874751314e+01
9.129823373192380132e+01
9.135659003753670504e+01
9.127270366615975661e+01
9.109907768094001312e+01
9.109975268421415251e+01
9.044004175332968032e+01
9.106507052598908558e+01
9.041531165503830891e+01
9.097703929694777969e+01
9.110733465284397425e+01
9.071404320982939851e+01
9.073905698271219933e+01
9.044598582877752335e+01
9.050882870770084310e+01
9.040151072208713856e+01
9.045385920472703845e+01
9.068046127595147254e+01
8.963549792769605062e+01
9.000687530735451958e+01
9.052823439179928755e+01
9.019286910696310144e+01
9.010897620373748396e+01
9.039850015290768681e+01
9.042743798371240871e+01
9.030365620615383193e+01
9.038409431066843069e+01
9.005995296315454368e+01
8.981049787505277493e+01
9.024658581740645502e+01
9.006032171975304834e+01
8.936933490903267341e+01
8.974297469473223998e+01
8.975152185009606853e+01
9.028995728897602646e+01
8.942210424674205171e+01
8.973538391456554564e+01
9.005672696329368421e+01
8.924713587726427022e+01
8.925089101538814873e+01
8.964849631355070869e+01
8.969420878123975172e+01
8.918722073829040653e+01
8.950803331803916763e+01
8.967088007313459741e+01
8.975751723403369908e+01
8.959005557020698518e+01
8.915643183767160451e+01
8.915369691244006844e+01
8.968742561497545296e+01
8.920860562657293258e+01
8.891222814617414372e+01
8.883436017719003530e+01
8.925046881500072971e+01
8.910060601074634690e+01
8.937639386654342388e+01
8.904589967164453412e+01
8.903234852659038268e+01
8.939432986421287808e+01
8.941385196754782783e+01
8.957500076094872554e+01
8.877334124605455656e+01
8.935959038497877316e+01
8.895023025864647082e+01
8.899526726316986469e+01
8.886382734079165857e+01
8.915723669854089906e+01
8.891056270498744141e+01
8.891860887490010157e+01
8.896218408465823302e+01
8.947316593199415991e+01
8.926317050603249470e+01
8.858626524595683804e+01
8.860276986760287343e+01
8.911959144523605403e+01
8.888863534757899743e+01
8.924188898451535579e+01
8.869091995719723798e+01
8.894104248626126719e+01
8.895415230205730950e+01
8.878337691838829926e+01
8.860254058337221750e+01
8.850589976316315699e+01
8.863636081390275478e+01
8.827665185080913091e+01
8.841470597278343746e+01
8.886481651302221962e+01
8.871330889433107814e+01
8.858697559243194064e+01
8.895251769929171815e+01
8.884269133762519743e+01
8.844879999546530769e+01
8.878286416451345531e+01
8.873912087228892176e+01
8.851679581763583826e+01
8.821567692991256138e+01
8.857548108422180633e+01
8.831162694731017382e+01
8.818620940351878801e+01
8.842388955579934873e+01
8.816339530076032815e+01
8.832094521319849889e+01
8.880658298849131427e+01
8.844552292295337281e+01
8.809711702285748913e+01
8.825122497838525248e+01
8.869940026325411964e+01
8.842415764249983567e+01
8.847006077411413116e+01
8.793538305501617458e+01
8.785351054666932669e+01
8.773413964033697710e+01
8.854382056088898878e+01
8.798677117265690129e+01
8.805963670238953966e+01
8.774402741583743648e+01
8.814265778105927041e+01
8.768676257456310452e+01
