2.880288383328233408e+02
2.889797025331030227e+02
2.894293623525705925e+02
2.898177033874824247e+02
2.899079981140332620e+02
2.902191010078610134e+02
2.903756105701167485e+02
2.908654090464939941e+02
2.911048159239107918e+02
2.914567373387922657e+02
2.915848067143678009e+02
2.918435997777594366e+02
2.919943079866028484e+02
2.922011895127537286e+02
2.921100646345396967e+02
2.923390814543717511e+02
2.926082263097083001e+02
2.926228727900191302e+02
2.928694760234845376e+02
2.927943601695874349e+02
2.928030291130136789e+02
2.930934278709395926e+02
2.930887343453916287e+02
2.934233870555335102e+02
2.933774422846493621e+02
2.933527403227274704e+02
2.931241139237436641e+02
2.932800446141679345e+02
2.935948784114388559e+02
2.934794321671909074e+02
2.936944286126212091e+02
2.936483780876777701e+02
2.936888486807827690e+02
2.936783862289366311e+02
2.936137514421884021e+02
2.934960599960400032e+02
2.937418328782264325e+02
2.934917077403126768e+02
2.936463231056405334e+02
2.938714969312018184e+02
2.938114366548950329e+02
2.939415101652863882e+02
2.939275471025744082e+02
2.938019493603155183e+02
2.939287661787826096e+02
2.939956581413870254e+02
2.939495969480333315e+02
2.939659102826455523e+02
2.941191441637766388e+02
2.942784424710539497e+02
2.942448083415146129e+02
2.944612312013294968e+02
2.944135140050606765e+02
2.941694248732450774e+02
2.943419089199821883e+02
2.943564493763049654e+02
2.942011706812686498e+02
2.942619519352537623e+02
2.943947521215154097e+02
2.942173455172159606e+02
2.946122593095143998e+02
2.945585173611148662e+02
2.943084019847356103e+02
2.944728545911476090e+02
2.947268521302309523e+02
2.945472571116137601e+02
2.947034454141654010e+02
2.944032812732821185e+02
2.946650710599469107e+02
2.946289827576409834e+02
2.944452102505322273e+02
2.945334679546230063e+02
2.947607536426069714e+02
2.944971398479880804e+02
2.947464759548908546e+02
2.947005947076514190e+02
2.947183740700875205e+02
2.945745140437292093e+02
2.947192258914071203e+02
2.949423356828119154e+02
2.949797211451106591e+02
2.949908209827663654e+02
2.947239036099481382e+02
2.948326459505639718e+02
2.948628129997903784e+02
2.950372939335353522e+02
2.949504267572796152e+02
2.949854151432791696e+02
2.948402974224807167e+02
2.948947284454391138e+02
2.949921952504489013e+02
2.950635773650710689e+02
2.948931852103577285e+02
2.948179616670617520e+02
2.949882581284590515e+02
2.950687989036524073e+02
2.951231424956434921e+02
2.950307855614998402e+02
2.952260550515885029e+02
2.952451799259234235e+02
2.950248786208945262e+02
2.951517400096806227e+02
2.950567011449165875e+02
2.948401372403881169e+02
2.950194491423294494e+02
2.951631227487334286e+02
2.953053288002634531e+02
2.952132452524494965e+02
2.953155997309397094e+02
2.951563688810911685e+02
2.953084849634146849e+02
2.952881088119511332e+02
2.950341667057749078e+02
2.952471604164725818e+02
2.955214817116794848e+02
2.953409930327777602e+02
2.952290066719539254e+02
2.952292279212566655e+02
2.953587566234078849e+02
2.952247816458474858e+02
2.953317209366077236e+02
2.952501679826418126e+02
2.952496922742894299e+02
2.955566784643946789e+02
2.954768604784265449e+02
2.954302767242398886e+02
2.952229202409747018e+02
2.954015290875565256e+02
2.955333075714913207e+02
2.953737894481844251e+02
2.953495691976048079e+02
2.953990092528707692e+02
2.956025733792694723e+02
2.954782331102273361e+02
2.952581714977451952e+02
2.954418891494552213e+02
2.955852157306566141e+02
2.956244496014444962e+02
2.956997014809927578e+02
2.955856294579277233e+02
2.955717964396184811e+02
2.957248883677792151e+02
2.957271737765892112e+02
2.958684846300907907e+02
2.955954707404584951e+02
2.956287686050085313e+02
2.958333466245913428e+02
2.957600177526520611e+02
2.957671405149184807e+02
2.955008613980641599e+02
