1.005163015674406211e+02
1.002085275774702637e+02
1.003654698836741801e+02
1.001924866896665094e+02
9.996681611546462420e+01
9.989213640473595035e+01
1.000611287602915240e+02
9.987622883454889688e+01
1.003941458896661771e+02
1.002267062311548926e+02
1.004524849308211429e+02
1.005933289281867502e+02
1.005250238200994062e+02
1.005204730014044827e+02
1.002823161806902448e+02
1.001311525675310889e+02
1.001347336326628721e+02
9.989826847016696831e+01
1.000882417779906888e+02
1.001932149125629508e+02
9.986931133436917207e+01
1.001318633112605170e+02
1.002873732628174395e+02
1.007160114570532272e+02
1.001077146001498051e+02
1.001773569730058853e+02
9.980170541547948915e+01
1.001514791756960534e+02
1.002242353096953593e+02
9.984807113934130030e+01
1.000490949635107967e+02
1.001015875627908969e+02
1.002622772782143699e+02
1.015063673278918799e+02
1.033717761107219104e+02
1.016261474732507821e+02
1.012484843341831180e+02
1.002333743661103966e+02
9.998078505115802272e+01
1.009540220554407028e+02
1.005601039599282416e+02
1.005258500848550511e+02
1.011432712384839760e+02
1.003916912450885235e+02
9.966354538642342220e+01
1.005140388267736142e+02
1.002727948208876683e+02
9.990638243403979857e+01
1.002875369750645405e+02
1.006683376708155606e+02
1.005133767166286276e+02
1.001421321760076495e+02
1.005675474986109066e+02
1.017772199320135229e+02
1.011615234303269091e+02
1.008533144850326693e+02
1.007703270677206575e+02
1.007120800709571995e+02
1.002020414192166555e+02
1.004157532312820393e+02
1.005107877332247455e+02
1.003390052000835766e+02
1.011695110773557786e+02
1.010738496324329532e+02
1.006879377161329359e+02
1.004957483275562709e+02
1.007472430374346146e+02
1.006833748340288395e+02
1.005168990818829826e+02
1.001575330805800945e+02
1.003625332427034635e+02
1.007239927516797025e+02
9.987918462860422153e+01
1.004079300164255528e+02
1.007406841140740994e+02
1.008068258259654613e+02
1.005497723083086470e+02
1.006222782572751271e+02
1.005106121559053207e+02
1.002790111292283228e+02
1.003519591533108155e+02
1.003839444328965698e+02
1.004015192868150592e+02
1.007310603263619129e+02
1.003132784224774667e+02
1.005648942801831822e+02
1.001265135870323917e+02
1.003593515380944297e+02
1.002977075345085609e+02
9.998854481007538197e+01
1.010242164600603729e+02
1.006858527977168478e+02
9.996312401183915597e+01
1.007511470356720764e+02
1.004683917067944918e+02
1.005953879170568257e+02
1.000837710636023274e+02
1.000811818944082887e+02
1.007844760143352119e+02
1.004107568474903474e+02
1.004021115255322343e+02
1.003946152969735408e+02
1.002098997752681413e+02
1.006907460710312279e+02
1.003029690153021534e+02
1.008585787896788588e+02
1.009496929486459038e+02
1.004423332531445112e+02
1.004583770384621886e+02
1.002194736252231877e+02
1.010154705959190551e+02
1.005605335147008219e+02
1.007124557590454259e+02
1.022968009814748171e+02
1.017015081861238173e+02
1.012507150537558545e+02
1.011826969034789983e+02
1.010748041910647572e+02
1.006570797100059309e+02
1.012565246635818426e+02
1.011964746030227928e+02
1.009254694905536098e+02
1.011560162198096151e+02
1.008282456954156174e+02
1.011627258188378420e+02
1.012371970894876796e+02
1.008969341683801559e+02
1.009458336554865383e+02
1.006185463320274494e+02
1.011269119536150214e+02
1.011972089023781081e+02
1.009441043527996698e+02
1.013006970368113429e+02
1.018858510160914648e+02
1.013264786443546654e+02
1.010996791455001045e+02
1.004689395570244272e+02
1.007862598436058761e+02
1.004052810203774015e+02
9.987456683871533869e+01
1.005520893242344300e+02
1.017580971192468979e+02
1.025597420451168915e+02
1.019416996671813678e+02
1.009130621514515980e+02
1.000948697513475736e+02
1.004513635651305918e+02
1.003514899772970210e+02
9.936708176689590744e+01
1.000396384925507505e+02
1.001075246000140311e+02
9.934744437653340299e+01
9.914260597236939532e+01
9.962100089825486293e+01
9.985804087705217569e+01
9.959328185022006608e+01
9.899478275246087833e+01
9.954702742402196236e+01
9.956481403705220146e+01
9.954228363615611386e+01
9.907294260018575471e+01
9.963995778145516624e+01
9.908566721242168285e+01
9.933470718326015003e+01
9.958923789433292484e+01
