2.863978490946531679e+02
2.864739424667725984e+02
2.864105235905296354e+02
2.864488639268134307e+02
2.865238604554498920e+02
2.865837129276575297e+02
2.865436531847452102e+02
2.865557696003689330e+02
2.864924453129701760e+02
2.865382381029923522e+02
2.864932040451953981e+02
2.864571141927621625e+02
2.865166950790746228e+02
2.865474829982127858e+02
2.865614906655173968e+02
2.865750182261918440e+02
2.865473066501680250e+02
2.865641316896745820e+02
2.866343502078779011e+02
2.864958599694489294e+02
2.865044754191433753e+02
2.865648440049748160e+02
2.865966890542919145e+02
2.865142466909588279e+02
2.864990707150793128e+02
2.864025821920841395e+02
2.865270127353560952e+02
2.865633644745930724e+02
2.864832526715119911e+02
2.866405551070985211e+02
2.866279974856018384e+02
2.865980520868854455e+02
2.865225069539141600e+02
2.865136078185154247e+02
2.861122213290325931e+02
2.861828787382919472e+02
2.861769922900714391e+02
2.863535653432966228e+02
2.865608235036084466e+02
2.863737524400773395e+02
2.863588145259934095e+02
2.863840992167361037e+02
2.861843191699834961e+02
2.861766507606920982e+02
2.864462008158462254e+02
2.864559977201696483e+02
2.863764455438263781e+02
2.864725205627397600e+02
2.865610745247291220e+02
2.864903105974084951e+02
2.863652790528583978e+02
2.864127177544990559e+02
2.865798524064176149e+02
2.863717289271896789e+02
2.862767050376531870e+02
2.862954596453431577e+02
2.861619411241471767e+02
2.861491288316788655e+02
2.863315689868268805e+02
2.864831932801468497e+02
2.865062507812857575e+02
2.863725435610510317e+02
2.863931146494470568e+02
2.863553006933889833e+02
2.863689762483026584e+02
2.863284498405738532e+02
2.864286013491299059e+02
2.862890471631926630e+02
2.864833877098625976e+02
2.866538057462521465e+02
2.867735618104480295e+02
2.864058920213278157e+02
2.865498840730318193e+02
2.866584860666286545e+02
2.864968591430475158e+02
2.864905147208801282e+02
2.864623372399840946e+02
2.866382740488792820e+02
2.864338910980613946e+02
2.866026010861787086e+02
2.865865762713472691e+02
2.866192106058403510e+02
2.866945136406311576e+02
2.864872422459019958e+02
2.864109423461176789e+02
2.864392087457777620e+02
2.865831857269157013e+02
2.866883864000871540e+02
2.866459520231651936e+02
2.867486246013426126e+02
2.866514860783022414e+02
2.864888185640569986e+02
2.867881043037830295e+02
2.866281874341474349e+02
2.865850351627739201e+02
2.865542321691361281e+02
2.866788937237820392e+02
2.869348845388291238e+02
2.867947236982627146e+02
2.867757423111862067e+02
2.868023484877136866e+02
2.868509690503431671e+02
2.869316088055499563e+02
2.868235252509180100e+02
2.867812451821584432e+02
2.867516934055120714e+02
2.865781315624510057e+02
2.865592737636345078e+02
2.866677764255587704e+02
2.868800176676521119e+02
2.867196562565613362e+02
2.867199904064927409e+02
2.868023372029056759e+02
2.866370199493255768e+02
2.864828048736238770e+02
2.867406109340742546e+02
2.866823838678671450e+02
2.866372167247146194e+02
2.867158123192148764e+02
2.867601075329751552e+02
2.865226406049032448e+02
2.866888878108604786e+02
2.867714656563184121e+02
2.868361090629966270e+02
2.868499592628734831e+02
2.867615686004439794e+02
2.866966743667981063e+02
2.866557002400443821e+02
2.867502286915827767e+02
2.868398325227840928e+02
2.867071080275124473e+02
2.866842576339959692e+02
2.867931830883173916e+02
2.867661458867530087e+02
2.868132270169645039e+02
2.868782120108538720e+02
2.869929466609910378e+02
2.870732452957383316e+02
2.871362778991422715e+02
2.872147373938151418e+02
2.872997482977283994e+02
2.870118167294106684e+02
2.870210143557421816e+02
2.870571929124902795e+02
2.871229545708455930e+02
2.872912389162390241e+02
2.872346674136433649e+02
2.871956365497566708e+02
2.875029371323170153e+02
2.875639505847209989e+02
2.873536726123672338e+02
2.876017906374304971e+02
2.878750290180474281e+02
2.879941058686417250e+02
2.876310215455239359e+02
2.875671205070670453e+02
2.878374765596792599e+02
2.877861162421805261e+02
2.877436194421033520e+02
2.877934981106696455e+02
2.880187192243332106e+02
2.879072936416692414e+02
2.880232481249814782e+02
2.882675249052529693e+02
2.881837141712483117e+02
