2.293458670486104154e+02
2.300042206629910027e+02
2.304187984981202533e+02
2.307234578057645251e+02
2.310648278807937004e+02
2.312883174774876522e+02
2.314628259869143676e+02
2.313655463999750452e+02
2.317576065957965454e+02
2.313638015415474740e+02
2.316651111587852654e+02
2.317199451164611048e+02
2.319068640865598070e+02
2.319719303925294298e+02
2.321130535791423597e+02
2.321354215526367568e+02
2.320961765421718326e+02
2.322977470431145548e+02
2.318189535802241892e+02
2.321491357673272944e+02
2.325154438023739658e+02
2.322825420442039785e+02
2.321031689691505733e+02
2.324614921890027119e+02
2.321935728813642754e+02
2.326524272383100254e+02
2.326461502797638161e+02
2.321891576743887811e+02
2.324009938887033115e+02
2.321526595780140667e+02
2.322309126071596950e+02
2.324063577506310878e+02
2.322759743340480156e+02
2.325172805681273474e+02
2.322064803926546972e+02
2.323360951764682341e+02
2.326308756038505123e+02
2.324162711362598941e+02
2.324284907860219391e+02
2.323946992980689856e+02
2.322471310924745467e+02
2.320675744314910105e+02
2.326114521568848943e+02
2.325816054546109797e+02
2.322661677426543747e+02
2.322655718130679077e+02
2.322541526625448967e+02
2.326022305752080968e+02
2.325178064387343113e+02
2.324472426223676393e+02
2.326119264125106838e+02
2.323017597257840805e+02
2.324840664299829314e+02
2.320908933138611872e+02
2.325596801769821980e+02
2.322924449246059169e+02
2.321737786944952688e+02
2.328564647286785600e+02
2.326001015732099688e+02
2.321768844189073207e+02
2.326402098957057660e+02
2.321982081098745141e+02
2.326431640303984523e+02
2.326044178737430741e+02
2.322769445964969464e+02
2.325015175676920478e+02
2.322158873558249468e+02
2.327698947841716972e+02
2.322597279170220474e+02
2.319343422608572780e+02
2.324817851270594531e+02
2.321986569368667404e+02
2.325561800856995660e+02
2.321834044223646458e+02
2.326394385480255096e+02
2.322455612190044292e+02
2.322778197173066985e+02
2.323353031681307641e+02
2.325146148188101733e+02
2.323634403803530688e+02
2.322012949799742785e+02
2.323059414931826723e+02
2.327631687135923357e+02
2.325720175106986289e+02
2.324747528408603614e+02
2.322100912971725108e+02
2.325068862270565262e+02
2.324035698952610289e+02
2.321990933397225660e+02
2.326386576450280472e+02
2.323359535938392355e+02
2.323796394558432894e+02
2.322777340618394248e+02
2.324235653400874071e+02
2.324225151019521718e+02
2.322881242475897636e+02
2.323695921899272889e+02
2.325127997977558607e+02
2.321205301930421854e+02
2.327141862539925796e+02
2.323681296039272013e+02
2.322736301675237200e+02
2.319033989369694666e+02
2.324830494436409651e+02
2.327142197215513306e+02
2.322567823790580803e+02
2.325604343065731427e+02
2.325387611777371433e+02
2.326471739762005200e+02
2.323137201991892482e+02
2.325746527035095141e+02
2.323616893851791190e+02
2.324122540523234193e+02
2.321141635473809117e+02
2.323444515877571064e+02
2.324888219746649156e+02
2.322042875135479392e+02
2.321433248694362135e+02
2.323998468927321994e+02
2.327419406266380122e+02
2.321625121323178575e+02
2.323117593195034942e+02
2.325622337784966760e+02
2.322763050807253933e+02
2.323176636814464189e+02
2.326848058580246459e+02
2.324093375392610312e+02
2.324501158540540189e+02
2.326279079708166648e+02
2.324868785553387340e+02
2.325679607902004307e+02
2.327390867212776868e+02
2.321196369558130357e+02
2.322624044764144173e+02
2.323420206151756702e+02
2.329248566234623468e+02
2.325443447504837593e+02
2.322547880747806346e+02
2.327561228257850132e+02
2.325875859641795387e+02
2.325584628468829180e+02
2.322909322009707296e+02
2.324752871010045681e+02
2.325646510677579215e+02
2.321758597470117422e+02
2.327220133662658554e+02
2.325546762411489965e+02
2.326200898162608439e+02
2.329544960408350107e+02
2.325670875786984197e+02
2.325581069653434270e+02
