1.056744270651460624e+02
1.060752774836683443e+02
1.059431728120521115e+02
1.060641552629989519e+02
1.069461791640689086e+02
1.060636954221503885e+02
1.060447946142939060e+02
1.062708735580335428e+02
1.062796760190907293e+02
1.058899459882792513e+02
1.062282785213841407e+02
1.060913282624603085e+02
1.056645139824587289e+02
1.064707285173486611e+02
1.062336715539284455e+02
1.057891650556437781e+02
1.059699062946345265e+02
1.063024858447843002e+02
1.059117967455608209e+02
1.060271857831946107e+02
1.065321992761859633e+02
1.063529118495388133e+02
1.060325185271565402e+02
1.058347642697512327e+02
1.057742301396213946e+02
1.061529475178771804e+02
1.056955977672030684e+02
1.061103628320178132e+02
1.065600597132401930e+02
1.060280765736364543e+02
1.065070763487624816e+02
1.065163750571032182e+02
1.062386783627534470e+02
1.061418908966484622e+02
1.060860260328109348e+02
1.063427079807441373e+02
1.063626688601917039e+02
1.063489123120479007e+02
1.061218845763510643e+02
1.066450630706252269e+02
1.063362973763327659e+02
1.068268209473931165e+02
1.065780699756535768e+02
1.063553493489072963e+02
1.064427073620521611e+02
1.064606832661977478e+02
1.064877011991719797e+02
1.064966656934366114e+02
1.055912498745213810e+02
1.058742904177347981e+02
1.063777112325463463e+02
1.064148386164240918e+02
1.065672868571915757e+02
1.064022773203335390e+02
1.063954540310951273e+02
1.059543576740576327e+02
1.058956747264860496e+02
1.064541649925762528e+02
1.064746266171645743e+02
1.064987221607669312e+02
1.064726163067161195e+02
1.060975044119426229e+02
1.060074655226284221e+02
1.064254945431602692e+02
1.066064372665976663e+02
1.063908476501521392e+02
1.064084269069713287e+02
1.063719015681612774e+02
1.059801193832071107e+02
1.064610274935969159e+02
1.070190679877374578e+02
1.068028530465795001e+02
1.063753656267104617e+02
1.065240333260858421e+02
1.064674370544416462e+02
1.063690168707300217e+02
1.065519613557904250e+02
1.064485277340790930e+02
1.064311779515758047e+02
1.066776038344090125e+02
1.063718802787552846e+02
1.062374378316837493e+02
1.063548097439448412e+02
1.066243669590313061e+02
1.059616990999295467e+02
1.063958388356019782e+02
1.064302328858652373e+02
1.065061868048700688e+02
1.068198154436944236e+02
1.064835805630850274e+02
1.067094069993546128e+02
1.067983062478587755e+02
1.063504729584601449e+02
1.066295141557524744e+02
1.064626018758316235e+02
1.064829895657754122e+02
1.063964230097223407e+02
1.065363465011829334e+02
1.066345119932705217e+02
1.064028879494561437e+02
1.066775221818670190e+02
1.063720137528440404e+02
1.064311819744875720e+02
1.064225327744498344e+02
1.066042917529289724e+02
1.064046374001796949e+02
1.061435531017864520e+02
1.068100480898499995e+02
1.062014947787573078e+02
1.063899202916206121e+02
1.066430033293225819e+02
1.063596169429478806e+02
1.066735771300774331e+02
1.068688110352137670e+02
1.064437107172004602e+02
1.067257996103498527e+02
1.061426678538832107e+02
1.063621034614538985e+02
1.069261264865814809e+02
1.065819673074136205e+02
1.064464141542253515e+02
1.064973319439793755e+02
1.067330474257948794e+02
1.062485660986587277e+02
1.065115636039607381e+02
1.065162246853380594e+02
1.061957872453194653e+02
1.061898014285883249e+02
1.068888144052571505e+02
1.062893760860019938e+02
1.063961503037493657e+02
1.064179639313912134e+02
1.064268659589007910e+02
1.067880496257507303e+02
1.069368981066691759e+02
1.064744395300987776e+02
1.064917784254603674e+02
1.063269292666027894e+02
1.064864706868792581e+02
1.059609280364665409e+02
1.062257871124325703e+02
1.065428049270603736e+02
1.066215139604562410e+02
1.063113913138018773e+02
1.061971902979654345e+02
1.063650133402067723e+02
1.062959747667664345e+02
1.060795249296794935e+02
1.061452325792481020e+02
1.069217776270998996e+02
1.062314032394227326e+02
