2.861382190778267613e+02
2.866932656792186549e+02
2.869295739662272240e+02
2.872885857809422419e+02
2.875482588226537928e+02
2.875250023267052484e+02
2.876617759785514750e+02
2.878182640338280294e+02
2.878394524367764120e+02
2.877386890909382942e+02
2.879937417831994821e+02
2.880133372267783329e+02
2.880676208327319614e+02
2.882522499355892478e+02
2.880894349299597366e+02
2.879989943005527948e+02
2.882200084252420424e+02
2.883054511195111331e+02
2.880194640546513369e+02
2.884826146782224896e+02
2.884593079696480800e+02
2.881894455492829366e+02
2.882720601804653029e+02
2.882162959720952244e+02
2.883997156156916049e+02
2.884348134174423990e+02
2.883581762321570636e+02
2.885560901610340920e+02
2.885129447915982723e+02
2.883559638877890734e+02
2.885299674765135478e+02
2.885664940603958826e+02
2.884775201780212228e+02
2.884615768105477400e+02
2.882920255347588068e+02
2.885427565427897321e+02
2.885826679813196733e+02
2.884521606105129763e+02
2.884966870539960269e+02
2.886508530016990903e+02
2.883469890766213553e+02
2.884737107976965831e+02
2.886113905893245715e+02
2.885604431594984476e+02
2.884902538479706777e+02
2.884644282411290419e+02
2.885928099613921063e+02
2.884168143101717874e+02
2.883570442708329438e+02
2.885136430280503532e+02
2.886729361048356282e+02
2.885255220272740075e+02
2.885290745300710000e+02
2.885780196109087683e+02
2.885452783990330659e+02
2.882860161178557519e+02
2.884942315770562118e+02
2.886415306121308504e+02
2.885679274244133126e+02
2.885469246323989978e+02
2.885332011548506443e+02
2.883089415526501966e+02
2.885643148976287762e+02
2.886325660959770971e+02
2.885389949837917811e+02
2.885022267359858574e+02
2.884488078604121597e+02
2.885250220564435608e+02
2.882853608194099593e+02
2.884383426363527292e+02
2.885926530506637278e+02
2.884718999667698540e+02
2.885639871394691909e+02
2.885491350601635645e+02
2.885800343790845091e+02
2.885910843261335685e+02
2.885282059016320204e+02
2.885359301292241980e+02
2.886197076411126545e+02
2.885016459896745573e+02
2.883777868446857724e+02
2.886065603278485128e+02
2.887329044075659681e+02
2.886111053888223523e+02
2.884857473468984495e+02
2.885782659234768062e+02
2.887086934265471996e+02
2.887332415579590474e+02
2.886972165032121325e+02
2.886204585816853978e+02
2.886380012845788769e+02
2.886090492225544040e+02
2.885112429111367760e+02
2.885622962447042710e+02
2.885671081715054243e+02
2.884113877670636725e+02
2.884566938606400868e+02
2.884411525937275087e+02
2.885301819902198872e+02
2.886362143316911784e+02
2.885227062903012438e+02
2.883863178121109172e+02
2.883775432968605514e+02
2.885919132017970696e+02
2.886135488428711255e+02
2.884634492307106370e+02
2.886340140693776561e+02
2.887084095199690523e+02
2.885476556262265149e+02
2.886128904936663844e+02
2.885588547501159269e+02
2.885036985118312032e+02
2.885663232833437064e+02
2.884800751633673030e+02
2.885149112711294492e+02
2.884795006440759266e+02
2.883517363983630730e+02
2.883946518857168826e+02
2.886428840162511165e+02
2.885020774239318939e+02
2.883988621981129086e+02
2.886184185486126808e+02
2.885605842286192342e+02
2.883932883648437269e+02
2.885646428831418575e+02
2.886560282528099606e+02
2.884693805537383469e+02
2.886118058127620429e+02
2.887172492470508018e+02
2.884608339054755106e+02
2.886081430132744572e+02
2.886099558942319732e+02
2.884027749907459679e+02
2.885074964076331980e+02
2.886959655278495802e+02
2.886465876778668758e+02
2.884440233845713237e+02
2.883837059688989939e+02
2.885090969187965015e+02
2.883997610844392625e+02
2.884845597794973742e+02
2.886229870708362455e+02
2.886233787271635833e+02
2.884584407371652901e+02
2.884389131244561781e+02
2.886684985900865854e+02
2.885807089122149023e+02
2.886185976589419511e+02
2.887887564261026796e+02
2.886058474435316725e+02
2.885246042859725435e+02
