2.398200325703515148e+02
2.401181970604887681e+02
2.403179406621236467e+02
2.402491321945010156e+02
2.404037426902085315e+02
2.401960944811041543e+02
2.403307714977654257e+02
2.399327610399749062e+02
2.397992249484427987e+02
2.397744697387392137e+02
2.402339930668584884e+02
2.401328041420615875e+02
2.396822833439199201e+02
2.397774735952445155e+02
2.399800455252372160e+02
2.399753188246083653e+02
2.399417806381807452e+02
2.401326618140980145e+02
2.401066844559733227e+02
2.398090486152743779e+02
2.402349720672278863e+02
2.403192279313697099e+02
2.402772725615488980e+02
2.400179196779339463e+02
2.404664242533497998e+02
2.400804851132666045e+02
2.401632656542196855e+02
2.401784775033692085e+02
2.400045214819175214e+02
2.400867602646389685e+02
2.402361381166083163e+02
2.400080073696743455e+02
2.401323038935840088e+02
2.397403377924960921e+02
2.388805422773498321e+02
2.393890432698926816e+02
2.395789852765259695e+02
2.395342342272233509e+02
2.396813416726245975e+02
2.396450415875960971e+02
2.394330535582994059e+02
2.396708146312558938e+02
2.398493281254966405e+02
2.399401443749679856e+02
2.398694857203845459e+02
2.398342303801821629e+02
2.398986980779884277e+02
2.400247824513666899e+02
2.396719132658241733e+02
2.398310256346921108e+02
2.397054863291128015e+02
2.399691736309133319e+02
2.397015153564154559e+02
2.390418679943923905e+02
2.396285716009267901e+02
2.397297663240069596e+02
2.396238787077425343e+02
2.391963791437466682e+02
2.395390172332779173e+02
2.395937800828758952e+02
2.397818702320006139e+02
2.396846768894311879e+02
2.392046418054052310e+02
2.393354443812293368e+02
2.396953651166421366e+02
2.398750373885604006e+02
2.399206707232462179e+02
2.399342209381392479e+02
2.396300795590253756e+02
2.397841249427071091e+02
2.394770599279128476e+02
2.399151927505362494e+02
2.398438675695713016e+02
2.399613267198150481e+02
2.398818800989557474e+02
2.398448290928715494e+02
2.398188581521389722e+02
2.399497990277401698e+02
2.398381540822058469e+02
2.398329398334008431e+02
2.398253809922858864e+02
2.398454429356403068e+02
2.399182601939347421e+02
2.400686643492150267e+02
2.399597335016947000e+02
2.399768739316349695e+02
2.399796757728694274e+02
2.399703320106715125e+02
2.401536791148856764e+02
2.400411730999464055e+02
2.400816445737874574e+02
2.399705986611276956e+02
2.396169510594378664e+02
2.397217391787570762e+02
2.403072211227049308e+02
2.395407764872949485e+02
2.400579823151856829e+02
2.399737991083418649e+02
2.401801783475710010e+02
2.401173883237798918e+02
2.401739352866623847e+02
2.399830738346330747e+02
2.401301625379286406e+02
2.404036728376862300e+02
2.399424042957258223e+02
2.398196814149384579e+02
2.400684384636904269e+02
2.402048201574257575e+02
2.401120849088290186e+02
2.401701990823553103e+02
2.398520885645931457e+02
2.396947554094558939e+02
2.397054866603550636e+02
2.389903281689484800e+02
2.391402113047728051e+02
2.394123805138104046e+02
2.392023152559857238e+02
2.390363214257940001e+02
2.395686091105125399e+02
2.393029871844930767e+02
2.393615096963512485e+02
2.393526172963640022e+02
2.393011585037918678e+02
2.395813345635707208e+02
2.390774780913826589e+02
2.389810352256634758e+02
2.392828862403952428e+02
2.391298436488981736e+02
2.393077760878232993e+02
2.391282607169184473e+02
2.396286508677630138e+02
2.393253898396317538e+02
2.393504143507686024e+02
2.389603267715187940e+02
2.390102324056349516e+02
2.392607617753608338e+02
2.392157331836477567e+02
2.389920517356698610e+02
2.392533212444758135e+02
2.396477855692884589e+02
2.393710114435934599e+02
2.388088981756062310e+02
2.379361505402883665e+02
2.384550141172369706e+02
2.388232447462502535e+02
2.393143209183304236e+02
2.396807807350802477e+02
2.393989301362167055e+02
2.394847937702773208e+02
2.393256522540305014e+02
2.393107181527208240e+02
2.397694503097736742e+02
2.399279450952081163e+02
2.398599874537369772e+02
2.396627349983029944e+02
2.399297792842925219e+02
2.395798355348032374e+02
2.396240848189041799e+02
2.398558508015094333e+02
2.398988723483360843e+02
2.399868796381054779e+02
2.399715569840278988e+02
2.402969866181964846e+02
2.402903862559008701e+02
2.401523214055055178e+02
