9.967086637202653776e+01
9.887519154964850543e+01
9.895422845098892140e+01
9.873650110418212478e+01
9.932537799043143423e+01
9.883858041683093631e+01
9.897631527122717898e+01
9.919017347902818926e+01
9.933220526148458873e+01
9.967303872395309838e+01
9.896807491763927089e+01
9.919217946403591668e+01
9.920363233562120797e+01
9.930700436511625639e+01
9.878414630849295008e+01
9.920551170253128248e+01
9.895510549592295035e+01
9.866191165734419144e+01
9.911716407723771738e+01
9.915721554374611912e+01
9.940240994864704760e+01
9.941631717613169883e+01
9.923566324541646111e+01
9.935790553152354221e+01
9.901843747608434398e+01
9.917220173240185943e+01
9.904383221021424788e+01
9.921900976411511408e+01
9.949964665271549791e+01
9.874044367036027836e+01
9.905773257514640306e+01
9.905857502089412492e+01
9.933185440490227336e+01
9.907298320967224470e+01
9.877736682641692312e+01
9.988306155415084220e+01
9.882890119347490554e+01
9.871373226210555174e+01
9.917850225074018056e+01
9.916794577552433054e+01
9.888849751358605999e+01
9.954348175578108737e+01
9.949430982784464561e+01
9.904356022981302488e+01
9.937199288308768530e+01
9.966041645061386589e+01
9.859073728060286612e+01
9.865565175524484687e+01
9.931649908927374781e+01
9.891304745022752343e+01
9.946525979245829774e+01
9.953509049000388131e+01
9.917791113399216840e+01
9.956269103462000203e+01
9.953326347708330957e+01
9.883709515036268556e+01
9.953805689572239146e+01
9.946870259069338260e+01
9.944449352405472098e+01
9.954387208046574642e+01
9.981027771896792444e+01
9.870046718474397096e+01
9.930048908995310342e+01
9.947199483799626307e+01
9.895539049508512619e+01
9.940530814565987328e+01
9.881969453800753911e+01
9.876458247811190461e+01
9.885167475628121281e+01
9.907206388945111541e+01
9.898788557885495720e+01
9.881488458653724649e+01
9.929546428796463431e+01
9.887409322200335282e+01
9.915665605169078844e+01
9.920841314485329576e+01
9.889572008142731363e+01
9.926066754684966043e+01
9.916337455300568138e+01
9.890221134800390246e+01
9.880235598841740341e+01
9.895195234142185825e+01
9.882496199937047265e+01
9.905226846674595720e+01
9.917147964350463951e+01
9.887517228474051478e+01
9.915418658591561041e+01
9.914694646803616251e+01
9.905336000939537655e+01
9.936824683629511412e+01
9.872107111305827232e+01
9.869642456271822084e+01
9.893102819366856693e+01
9.837688565275237806e+01
9.851814814603898185e+01
9.874784761757156559e+01
9.881426735263555372e+01
9.982836772184201379e+01
9.903070554051934948e+01
9.881341424320480371e+01
9.948987126187766705e+01
9.936082399616570626e+01
9.895422335272856174e+01
9.953476428921054264e+01
9.873452281331566383e+01
9.929554360197725771e+01
9.923406201745522992e+01
9.886652095827155051e+01
9.967612336011715968e+01
9.893356757758250808e+01
9.874862047486293193e+01
9.888881352091914323e+01
9.956235402617495822e+01
9.866557093918042654e+01
9.870335064464855179e+01
9.899427338121860487e+01
9.920038141008899402e+01
9.954354627213471929e+01
9.953821793335156087e+01
9.888287506284081019e+01
9.925072489353355820e+01
9.871814486138309519e+01
9.899224524820452586e+01
9.922971014487320929e+01
9.966528918631193790e+01
9.913569587989466925e+01
9.858338205054367620e+01
9.939902291739809925e+01
9.887563185974052260e+01
9.900182216755189302e+01
9.926580993789640672e+01
9.903283153207421208e+01
9.927571583070761108e+01
9.953951823594138659e+01
9.918112488159995621e+01
9.957012094392420920e+01
9.909268848607734981e+01
9.856506956308560063e+01
9.923749682727385846e+01
9.910104770747152259e+01
9.915390886797918313e+01
9.868992150791511619e+01
9.906953268263981727e+01
9.922106363195838696e+01
9.899328427495315452e+01
9.900588849338943476e+01
9.958138088366268903e+01
9.891786579826219850e+01
9.932132290878816150e+01
9.886767498139120391e+01
9.907737892777566913e+01
9.918468820224124727e+01
9.914369981607057980e+01
9.953764430074265590e+01
9.973917493312818294e+01
9.975397543946355938e+01
9.910193907227960608e+01
9.941555255817247883e+01
9.974674324859383034e+01
9.892717501856172646e+01
9.962443007727578959e+01
9.941490461491605402e+01
9.956986637311409538e+01
9.917535137677633372e+01
9.961302248845039742e+01
