2.865608772120013441e+02
2.866055229181284290e+02
2.867194867388965349e+02
2.866958044455382151e+02
2.867796922874434244e+02
2.868380882850823355e+02
2.866968889103387710e+02
2.867111768500993776e+02
2.867260702786962838e+02
2.866542595536745353e+02
2.866376291689337563e+02
2.864502922609767097e+02
2.864752096089560496e+02
2.865268635664356793e+02
2.866641297308590879e+02
2.868110581442149396e+02
2.867313452024590674e+02
2.867977472340936060e+02
2.867680213296069951e+02
2.867905938445144898e+02
2.866959766209657232e+02
2.866203810665987817e+02
2.866849198809399581e+02
2.865878458342428416e+02
2.866193936760248562e+02
2.867109842829598279e+02
2.867859782686283552e+02
2.867570245900269015e+02
2.866432071636327805e+02
2.867344034931629722e+02
2.867359881264158616e+02
2.866609683989292421e+02
2.867193387539144851e+02
2.865987612423389805e+02
2.867366322782683596e+02
2.868535069399387680e+02
2.866501245159307700e+02
2.867552797057606426e+02
2.867167891275511238e+02
2.867122466496566631e+02
2.867177649925855007e+02
2.866548862438235687e+02
2.865887845988300455e+02
2.867222349757844313e+02
2.867305520521144899e+02
2.866305803197768114e+02
2.866569133837978711e+02
2.868403190806944849e+02
2.867277554104564956e+02
2.866610969144154524e+02
2.866908029420114303e+02
2.866583667989220316e+02
2.866178317788759955e+02
2.865979386122122037e+02
2.865338154286798158e+02
2.866839399943228841e+02
2.867060004486992284e+02
2.864934013121999783e+02
2.865354408479016115e+02
2.865081492587045204e+02
2.863888064716564372e+02
2.865392216322221088e+02
2.865870063411802562e+02
2.865996755335793296e+02
2.866228539191329787e+02
2.866715126055474911e+02
2.867150897338530626e+02
2.867325892993164302e+02
2.868231969324236275e+02
2.867838230816109331e+02
2.866322184098609682e+02
2.866925679780337646e+02
2.867174233686207572e+02
2.867659374192508039e+02
2.868076510514907227e+02
2.867272484054744837e+02
2.867898075388556549e+02
2.869326161497504586e+02
2.867791898653456997e+02
2.868634143116634618e+02
2.867913464219608954e+02
2.867849776785494669e+02
2.869473718453734818e+02
2.867710022918755044e+02
2.867939939877780944e+02
2.868524607010320437e+02
2.866800889884289631e+02
2.866514515993169994e+02
2.865936753534539321e+02
2.865117208192764906e+02
2.867497325008648090e+02
2.869076137237147464e+02
2.867722338361871834e+02
2.869230495091130138e+02
2.869404772291078984e+02
2.868970624304748185e+02
2.868559377511530215e+02
2.867398349348542297e+02
2.866576998192326755e+02
2.867672381913426420e+02
2.867042541313269908e+02
2.867316228823300435e+02
2.868111834591900333e+02
2.867548517012629077e+02
2.867261684954340240e+02
2.866290197549142817e+02
2.865772464017965149e+02
2.866743872840648919e+02
2.867603744919161386e+02
2.864992234974075700e+02
2.866468646827037787e+02
2.866846929959958743e+02
2.867257862412018881e+02
2.866371661129473409e+02
2.867159915880887979e+02
2.868531697590951239e+02
2.867680450728561254e+02
2.866450175265622988e+02
2.865218463657409984e+02
2.866435604697268218e+02
2.866703599048029218e+02
2.868493625799396227e+02
2.867913090024750886e+02
2.866486274531405911e+02
2.868600291675639937e+02
2.866148799327457368e+02
2.868923401833871480e+02
2.868107020562496814e+02
2.867659105814848317e+02
2.867724298202471687e+02
2.865923954459947254e+02
2.866694621756223000e+02
2.866342220336993591e+02
2.865045341900674316e+02
2.866094073610448163e+02
2.866288277959304764e+02
2.865048999390305084e+02
2.867185332960876849e+02
2.867741554858152426e+02
2.867227252030997420e+02
2.867357446344023515e+02
2.867688947760613587e+02
2.868109566285168626e+02
2.867536373696742658e+02
2.866861875286208488e+02
2.867804999384104008e+02
2.866837632354607308e+02
2.867492092929678620e+02
2.865578550336512080e+02
2.867312185130818420e+02
2.867975921140249511e+02
2.866634986201776201e+02
2.867397565998367668e+02
2.867447723269679614e+02
2.866964078795260775e+02
2.865187983429664200e+02
2.865452318679959376e+02
2.866576492554139008e+02
2.865178385404904020e+02
2.865744999719480575e+02
2.865780964060542146e+02
2.865819778659471808e+02
2.864205821186411072e+02
2.865454212352363470e+02
2.865223075382730826e+02
