2.371104596022229032e+02
2.373201501511525464e+02
2.368293740914911325e+02
2.373074661015745335e+02
2.370714152716032856e+02
2.368800531527457736e+02
2.369482351362022143e+02
2.367066770835430134e+02
2.369946785249660763e+02
2.368969338198332082e+02
2.368365854111187048e+02
2.372880230118420570e+02
2.367646470195617212e+02
2.366450313058538768e+02
2.370843575449920309e+02
2.366860999835631958e+02
2.370085087215390729e+02
2.367150213796581113e+02
2.368094155492531172e+02
2.369584543108977641e+02
2.368489479201764425e+02
2.370271274220159796e+02
2.368077301266554571e+02
2.366396353314773648e+02
2.368860669478383727e+02
2.367774636396958670e+02
2.372459066319675856e+02
2.366706390067762129e+02
2.367616124281407508e+02
2.366202359839342080e+02
2.369097905393351766e+02
2.370717770690757504e+02
2.368619655637700134e+02
2.365982357413986108e+02
2.367647448820701754e+02
2.366638759269104639e+02
2.368073567442631600e+02
2.367366682062962866e+02
2.368469775972304205e+02
2.367322165731573307e+02
2.367297562611303192e+02
2.368073334830055785e+02
2.368986188862281494e+02
2.372531273028412500e+02
2.365636279350390794e+02
2.365352732764078780e+02
2.368834587672199916e+02
2.366792687915374245e+02
2.366679684353879054e+02
2.369046445367731906e+02
2.367638054760523119e+02
2.364294675138352488e+02
2.366059613716063268e+02
2.368843927730097505e+02
2.369009342293313978e+02
2.369809942891744186e+02
2.366932414113044842e+02
2.370013434613881600e+02
2.368917913274443379e+02
2.369748867173387907e+02
2.366768739026231287e+02
2.367190103451360699e+02
2.370342539189654474e+02
2.368660993786800475e+02
2.370285144867837346e+02
2.366132667992770848e+02
2.364028339245689949e+02
2.365594393772803414e+02
2.368138371023295576e+02
2.368388481016377227e+02
2.362541716823570823e+02
2.365828317529521883e+02
2.364751759939044007e+02
2.366681798967344150e+02
2.366233971888574388e+02
2.370102171164381843e+02
2.367212667991372257e+02
2.367869537311401302e+02
2.367700243357584213e+02
2.362809065681963148e+02
2.366243098585622704e+02
2.370051723844559319e+02
2.370899791632099607e+02
2.364380365310715604e+02
2.368969315110745129e+02
2.368101388779785168e+02
2.369602058681021788e+02
2.369039107785565648e+02
2.367779769680803099e+02
2.366088453029869925e+02
2.371901625918401066e+02
2.365104413565253481e+02
2.366151752901472491e+02
2.365505889229777665e+02
2.368142922285029783e+02
2.366557207082882144e+02
2.369070422506241869e+02
2.361731940358540385e+02
2.367165569862686709e+02
2.363626388827006792e+02
2.368743407763587356e+02
2.366582321026137379e+02
2.368604196343611932e+02
2.367915909330371278e+02
2.363634738990091364e+02
2.369508071821337865e+02
2.363174578495249136e+02
2.366102135242136058e+02
2.367532848079373480e+02
2.367934558936257474e+02
2.365457257125061403e+02
2.364149800476583039e+02
2.365341846951431535e+02
2.364273224215656910e+02
2.365701134373817638e+02
2.364857538863076343e+02
2.364465103461163551e+02
2.368425486981887786e+02
2.363053847335224589e+02
2.364751500163653191e+02
2.366977020847161555e+02
2.363044435571134727e+02
2.364069173301447790e+02
2.368345769488540498e+02
2.364270892347028337e+02
2.367160428421385348e+02
2.368102243017891340e+02
2.368503902793464988e+02
2.366224199424618462e+02
2.364289054287248746e+02
2.363984757529156013e+02
2.368662165309526983e+02
2.369662874461283479e+02
2.364543815851404815e+02
2.366860427710197428e+02
2.365508958647215820e+02
2.367628848128766492e+02
2.366740560202981953e+02
2.364683860918968605e+02
2.364687945353500709e+02
2.367027738357683972e+02
2.364073071518784275e+02
2.363069325822937969e+02
2.365798220266464398e+02
2.361483011028134058e+02
2.367109337771629782e+02
2.363987964079485664e+02
2.365748351495507507e+02
2.364343306972589005e+02
2.365004516413011117e+02
