2.395394935285478368e+02
2.395883821812640235e+02
2.394499260389669359e+02
2.398870013039999378e+02
2.398129990077937634e+02
2.398244195736946267e+02
2.397740723369843181e+02
2.395337675541401552e+02
2.395819360052340983e+02
2.396326330539247067e+02
2.397458549644980224e+02
2.396396106121436560e+02
2.397167336691510400e+02
2.394073159602969554e+02
2.393293066767871551e+02
2.395028798264845591e+02
2.399395989178852915e+02
2.394836553031778692e+02
2.393680904250189769e+02
2.398461732034730574e+02
2.398085883762182675e+02
2.399047257140798877e+02
2.401009204539024040e+02
2.396347448996802996e+02
2.396256420754662031e+02
2.397906736176695119e+02
2.396013052857802279e+02
2.397626700531004644e+02
2.400263863302416212e+02
2.396600624072755181e+02
2.397022558672291268e+02
2.397429895621092726e+02
2.398805430408230279e+02
2.392775837811526856e+02
2.381097241635311832e+02
2.392540615170048852e+02
2.392236979198749225e+02
2.394120026460396673e+02
2.395015156361158972e+02
2.397225897259959595e+02
2.395191002879975315e+02
2.393611627782745472e+02
2.395726510953213619e+02
2.394431982884243268e+02
2.395654216243544852e+02
2.399213651690918141e+02
2.396185290553316918e+02
2.394954025746975503e+02
2.395782765446724909e+02
2.398340532092674948e+02
2.395872857395169433e+02
2.394457325913587340e+02
2.395510009102919469e+02
2.388660380995911510e+02
2.391670350968059893e+02
2.391755899893582864e+02
2.396107963427757852e+02
2.397954008065536016e+02
2.400090413131004823e+02
2.399063303868066157e+02
2.396841767737568034e+02
2.396981034268306701e+02
2.389926402149991134e+02
2.389725972747921787e+02
2.391691774642444273e+02
2.394590980279395183e+02
2.394922367617760983e+02
2.397966240262620374e+02
2.397433816394380131e+02
2.396849809169784749e+02
2.397090283619021136e+02
2.396173367312710525e+02
2.398302828713401880e+02
2.393411877036215571e+02
2.396971369313993989e+02
2.396513997618020539e+02
2.393865129218191612e+02
2.394448151839449110e+02
2.396481988778238019e+02
2.397516045516026963e+02
2.395777962086475554e+02
2.394745807543295086e+02
2.393855244341458217e+02
2.393751361631484542e+02
2.395069131024014553e+02
2.394223811814428871e+02
2.393115869132425360e+02
2.396051492855391416e+02
2.396579860101552697e+02
2.398220955017944789e+02
2.395674050998323992e+02
2.394459785849313675e+02
2.396505117141007304e+02
2.393554670970936513e+02
2.394729295326826843e+02
2.396399141727800099e+02
2.393146226455186252e+02
2.394153361511799005e+02
2.398407822018156423e+02
2.398539955837850641e+02
2.398964220891619163e+02
2.398250597737073520e+02
2.396856282227539339e+02
2.393705740183566775e+02
2.398425493393905299e+02
2.398062889518472218e+02
2.397027803171503422e+02
2.396959117945635853e+02
2.398326493476996575e+02
2.396598859168205138e+02
2.395702173914205559e+02
2.398257679188547229e+02
2.396014456572885649e+02
2.388726528565096885e+02
2.390302546754172965e+02
2.392724712084217060e+02
2.394277769865936989e+02
2.393199315800917759e+02
2.392402213882058959e+02
2.392059603331503013e+02
2.389522879087743377e+02
2.387809142562369971e+02
2.388734798726026440e+02
2.390062885906194481e+02
2.389852057649219148e+02
2.389174390042059031e+02
2.391336132633587965e+02
2.390428050580959223e+02
2.388493697041185726e+02
2.390397548221600346e+02
2.390524901265382596e+02
2.390688613896445815e+02
2.388668826098419231e+02
2.383523352140221050e+02
2.384438394931168261e+02
2.387187905680011681e+02
2.389516799898141528e+02
2.391294798218416133e+02
2.391545505078734095e+02
2.393553079552869178e+02
2.393982813639139522e+02
2.388024522257447586e+02
2.377867031234755757e+02
2.380900032907057948e+02
2.387325161192364078e+02
2.390710253618032368e+02
2.395182785759781439e+02
2.393258236956282872e+02
2.390846625480988052e+02
2.392899034721379223e+02
2.395819421473456430e+02
2.401880523185055836e+02
2.396996694846526736e+02
2.396716703917572886e+02
2.396883470909263849e+02
2.396526516309586157e+02
2.396644859165609205e+02
2.393048669102267070e+02
2.396749072906098661e+02
2.397172621329438300e+02
2.399287495948427420e+02
2.400311727704601878e+02
2.397407723831191788e+02
2.399437136744660393e+02
2.399204095240022809e+02
