2.399343085660475765e+02
2.398534104902190904e+02
2.398128745777213737e+02
2.400164969257128860e+02
2.401981064804882919e+02
2.396572065207446940e+02
2.396164810840980124e+02
2.398032498898896847e+02
2.398404134402942418e+02
2.398255020128742387e+02
2.396612880930877338e+02
2.397581525171336523e+02
2.400227653831867940e+02
2.399503928843491849e+02
2.399735293676341428e+02
2.397372483588742114e+02
2.399657638943672282e+02
2.399069163696880196e+02
2.400626292087243883e+02
2.398654301269729388e+02
2.400664520687942058e+02
2.399717965892506584e+02
2.399797056145041267e+02
2.398894741221957929e+02
2.397947468111473484e+02
2.400565655979715984e+02
2.398321773639619607e+02
2.399349044168370426e+02
2.403250341137515704e+02
2.401288462714593379e+02
2.400657494977062072e+02
2.398090382765020934e+02
2.399287436899533077e+02
2.396413650504250938e+02
2.387298156058116945e+02
2.392473861939324706e+02
2.397932771163498273e+02
2.393148532578802303e+02
2.396516793723400554e+02
2.399051524851667239e+02
2.396488935510472800e+02
2.397386033453573475e+02
2.397437395236966040e+02
2.397056070463096660e+02
2.401170575377115028e+02
2.401261759579436159e+02
2.403183174868123331e+02
2.402724657314751369e+02
2.403464490440222789e+02
2.401794939420278467e+02
2.398714088485091906e+02
2.399627475950657924e+02
2.395142903987466525e+02
2.393782168884012833e+02
2.395625612492290202e+02
2.398759050502649188e+02
2.399171121050585782e+02
2.398787082062372917e+02
2.398106031483141578e+02
2.397930273230000466e+02
2.396536971035978922e+02
2.397320465839263761e+02
2.396005443320113955e+02
2.392649738876782237e+02
2.395886617767676228e+02
2.398428166609392918e+02
2.399635853287228429e+02
2.399469987715256423e+02
2.400754138550223900e+02
2.399593683819179830e+02
2.397496847484570992e+02
2.396001490860459455e+02
2.397601316884937432e+02
2.398135898369731365e+02
2.394367938926102397e+02
2.397349861761601062e+02
2.398467168393796953e+02
2.396763411709670208e+02
2.397983472713823687e+02
2.396537699790179374e+02
2.395287545065914401e+02
2.395882851763514338e+02
2.397670563430247341e+02
2.399017073589590439e+02
2.396376730100285783e+02
2.398262789569816675e+02
2.399747232724687080e+02
2.400997714757326946e+02
2.400043082679582938e+02
2.398849914981222184e+02
2.398705632487308321e+02
2.395471510862070943e+02
2.396157699883349323e+02
2.399904593420440051e+02
2.399060492039817802e+02
2.397029715108096468e+02
2.397694210555804375e+02
2.397600062534295091e+02
2.397462729267941768e+02
2.395361595020612242e+02
2.397703075096913210e+02
2.399721341110361266e+02
2.398344235390813992e+02
2.396760235662956120e+02
2.397398852123196491e+02
2.393557061487981343e+02
2.399236616922197243e+02
2.398265987836515762e+02
2.396594766845009019e+02
2.396542216253157278e+02
2.395547929356200711e+02
2.392714514076517105e+02
2.393098045642041427e+02
2.385881038134102994e+02
2.389006007454413805e+02
2.390162116225390321e+02
2.389693962442968029e+02
2.387893275582518982e+02
2.392959552019526654e+02
2.393380291787556473e+02
2.392977223291074722e+02
2.391763791198310116e+02
2.387947233942019523e+02
2.390035947784891732e+02
2.388421909284097637e+02
2.390645205147440038e+02
2.393178418201384545e+02
2.391628676521073942e+02
2.390786908444734138e+02
2.393228181452815022e+02
2.393571552856143398e+02
2.394215842046781120e+02
2.390830447052981356e+02
2.384833478720333062e+02
2.391684612545909658e+02
2.392565266358176075e+02
2.391996192696335299e+02
2.392055291224145037e+02
2.392132597994842627e+02
2.394395921941774361e+02
2.391007575739753293e+02
2.389892176027881305e+02
2.383636114209126902e+02
2.383432474168692181e+02
2.389632950861968084e+02
2.390296727904583349e+02
2.390743973370099127e+02
2.392001841209154520e+02
2.393837816116004262e+02
2.396128491422377067e+02
2.396228501952360830e+02
2.397086625110783871e+02
2.398912851985254520e+02
2.398449444726568345e+02
2.399423573268746850e+02
2.397532256196678020e+02
2.397649717299721885e+02
2.401142268668903910e+02
2.398748568236366907e+02
2.398951776435498005e+02
2.399208051662948264e+02
2.398644037974163723e+02
2.399617722205713051e+02
2.401539530137950749e+02
2.403705453851083291e+02
