1.000795743091503169e+02
1.002824519547694990e+02
9.972136433544515910e+01
9.975882850336277841e+01
1.001783835385790979e+02
1.007760486538185205e+02
1.000883401434466577e+02
9.990567562928004008e+01
1.000608788045832398e+02
1.002140483644965769e+02
1.000748531851948400e+02
1.004291696923078661e+02
9.995771524130269370e+01
1.004237432233436493e+02
1.002463010378543657e+02
1.003092641519760804e+02
1.000673242538025960e+02
1.002050404487236932e+02
9.977788599770752853e+01
1.000383582776916711e+02
1.000949802580671957e+02
9.999954872034457765e+01
9.996097453440552272e+01
9.997272391037365935e+01
1.003396983695497653e+02
9.995783071490420468e+01
1.003277425173575210e+02
9.958513516453967895e+01
9.967202474050600358e+01
9.998622693414573348e+01
1.002733428127336879e+02
1.001786200047995266e+02
9.997583694266266718e+01
1.010480009944032389e+02
1.031991462515774884e+02
1.010144772451240556e+02
1.007424411296013460e+02
1.005696514914752697e+02
9.988493030474455736e+01
9.994309369941525745e+01
1.003619175281180986e+02
1.002495967124693408e+02
1.008113948635183732e+02
1.000851570820588705e+02
9.951930277678970072e+01
9.949305242347652722e+01
9.954514097708732834e+01
9.988487929586068503e+01
9.954816415430072141e+01
9.989410461739988989e+01
1.002317375471407672e+02
1.000182857937905965e+02
1.003646995334097625e+02
1.012744983193728103e+02
1.004075269126236094e+02
1.001396550666883769e+02
1.001805067532457798e+02
1.001894547684207311e+02
1.002033473316866861e+02
1.004250473649522490e+02
1.002543370188162868e+02
9.995687877310992064e+01
1.006679495340942054e+02
1.007680328049305416e+02
1.001821384824677352e+02
9.981576089297597321e+01
9.991210197375266944e+01
1.001606849566566808e+02
9.973898266002152013e+01
1.001954429496231143e+02
1.006849940381621167e+02
9.993518330315446008e+01
1.000703476453042668e+02
1.003957564337422212e+02
1.003437520013252424e+02
9.995155663425805415e+01
1.001924787075719792e+02
1.003942452139443873e+02
1.005737412780425188e+02
1.002466422210498393e+02
1.005349480952457952e+02
9.996208411351381073e+01
9.999989002352639034e+01
1.005254770764270091e+02
9.985817814270238557e+01
9.982498350945904519e+01
9.993189857150893829e+01
9.982425269249391420e+01
1.001557368528325611e+02
9.994161777044156736e+01
1.006607313956779279e+02
1.003165301909976250e+02
1.001892589904788764e+02
9.990428366724701448e+01
1.001625762945333094e+02
1.000042316432580805e+02
1.004915902126655283e+02
1.000891966901425008e+02
1.004333223803960919e+02
1.000644256684601601e+02
9.983465865269396033e+01
1.004221625838034555e+02
1.004435900039706979e+02
1.001802969828474517e+02
1.003270742367809163e+02
1.000237244849539593e+02
1.003629841927425872e+02
1.006223379737732984e+02
1.006936372070874057e+02
1.005764424643086841e+02
1.005839130098370902e+02
1.010092318307420811e+02
1.009000665088762503e+02
1.021777779941825202e+02
1.015250940628197327e+02
1.016064086061214056e+02
1.010712176951045222e+02
1.006660771333074393e+02
1.007391271739658549e+02
1.007628615620977826e+02
1.007679701696730632e+02
1.012792392054856094e+02
1.009241736664950366e+02
1.004775773466898272e+02
1.011821865119601540e+02
1.009720985347443190e+02
1.005690437930503975e+02
1.006390435700074164e+02
1.006329465010043265e+02
1.004068983069516463e+02
1.006428336339352114e+02
1.000834912576482338e+02
1.013284443699446342e+02
1.012551003026877083e+02
1.003500796623801392e+02
1.005840986454087869e+02
1.003827870377588027e+02
1.006642085851949133e+02
1.001490543131377535e+02
1.001195628918049607e+02
1.003016908282250910e+02
1.012935751509945845e+02
1.027992185642116993e+02
1.013933991817986140e+02
1.001454277025899700e+02
1.005190460397307817e+02
9.997732527057122809e+01
9.990353692101763272e+01
9.974204637994438372e+01
9.963962931247674248e+01
9.919797620392377269e+01
9.995647188750139378e+01
9.937076674792139386e+01
9.924534805446620567e+01
9.916119383972279877e+01
9.946851807089855413e+01
9.959317316385291008e+01
9.865562948388280518e+01
9.932250077874086003e+01
9.954781479638944575e+01
9.923412393214306348e+01
9.912264751542051044e+01
9.874652359207181007e+01
9.916225268449112207e+01
9.911090305396209033e+01
