2.872849156625666751e+02
2.873779252808528213e+02
2.874117856914662070e+02
2.870987292757536693e+02
2.872146053657735933e+02
2.872700271552940308e+02
2.873494673856122290e+02
2.871696453417972066e+02
2.873137349038029242e+02
2.874152740690947212e+02
2.874989710929218631e+02
2.873347006135222728e+02
2.872688371022254614e+02
2.873426218945460278e+02
2.871887911325347318e+02
2.871820657937941519e+02
2.872749107392867813e+02
2.874911776187955752e+02
2.872841732259849437e+02
2.872380014028975097e+02
2.873761929681224387e+02
2.875842983139772855e+02
2.872520379757363003e+02
2.871357290246231173e+02
2.873015639591039303e+02
2.875172139057834215e+02
2.875078219216130151e+02
2.874589878494247728e+02
2.874002995927428401e+02
2.873230757130897928e+02
2.871277174080575492e+02
2.872993228912540076e+02
2.873905559146049313e+02
2.874271714255366419e+02
2.872278336404382912e+02
2.873729704710584087e+02
2.873537884585949769e+02
2.873117527868378147e+02
2.872981797140116669e+02
2.873965813642274156e+02
2.874057696733353282e+02
2.873423438098433849e+02
2.873856855526120171e+02
2.876515253555023719e+02
2.876346683489653628e+02
2.873873995127361809e+02
2.875313438299992299e+02
2.876261717803923261e+02
2.875596616311236744e+02
2.874125843201754833e+02
2.875517964446368069e+02
2.875609071594961392e+02
2.874284271961774948e+02
2.873601118256097493e+02
2.873585866919771661e+02
2.874937511601158349e+02
2.873731635991833286e+02
2.873432391437729052e+02
2.874290951485379537e+02
2.876311716905561866e+02
2.876239590266127948e+02
2.872613252185883539e+02
2.872533697397547598e+02
2.873890171061977412e+02
2.874454828710657353e+02
2.876077739362524426e+02
2.876935456279844061e+02
2.873767650213884508e+02
2.874213987903627299e+02
2.875845789324089878e+02
2.872372133140181063e+02
2.874259863902915981e+02
2.875557402231723358e+02
2.876131337047478382e+02
2.873883066070850987e+02
2.872508304424009680e+02
2.874868247306865783e+02
2.875576526849770289e+02
2.874971483956052793e+02
2.872981159751901146e+02
2.873494693553311095e+02
2.873922296000876599e+02
2.875153771131481335e+02
2.874332031790622750e+02
2.873954701180047095e+02
2.874943578189960931e+02
2.874568584292191531e+02
2.874976708167309312e+02
2.875582446238550460e+02
2.875620432062732448e+02
2.875232251977755595e+02
2.875260295088017415e+02
2.875649381920811152e+02
2.876569816018429719e+02
2.876730217926173054e+02
2.875540758109802937e+02
2.876206832951517640e+02
2.875194247126218556e+02
2.875083104535261214e+02
2.874571361910902283e+02
2.875780886275016996e+02
2.876869874487472885e+02
2.874923345256972311e+02
2.875311209059786393e+02
2.876327885311395107e+02
2.874962254979191130e+02
2.873384343436489416e+02
2.873790388349213458e+02
2.874957730055091929e+02
2.874956879529809726e+02
2.875350526215439118e+02
2.876039493763920518e+02
2.876173157726444742e+02
2.874301215008410963e+02
2.873019688024117499e+02
2.873783200742208805e+02
2.876205507213954888e+02
2.875972167905131300e+02
2.875538798626368475e+02
2.875933544573809399e+02
2.875036759545307063e+02
2.875280002091733991e+02
2.874215246027002308e+02
2.874362151010269031e+02
2.875389619517347342e+02
2.874909577973753585e+02
2.876807858533320541e+02
2.876620335898435883e+02
2.873759864633267398e+02
2.874255622949717122e+02
2.875102778504348748e+02
2.877089483182123217e+02
2.879215166085908777e+02
2.875774476842603349e+02
2.876922601715913856e+02
2.878082061993171124e+02
2.878235537573980309e+02
2.878086081122067412e+02
2.877743586750420945e+02
2.878854300637530628e+02
2.881480625831712246e+02
2.879851725878340289e+02
2.876032710483311803e+02
2.877211324564905226e+02
2.880363805002264712e+02
2.879976023853075731e+02
2.879247396917365904e+02
2.881644720232397958e+02
2.881886947744154099e+02
2.880639786196957743e+02
2.881340043328548859e+02
2.883373029064160846e+02
2.883307681587160687e+02
2.882559596523952337e+02
2.881494490620858073e+02
2.883321963449297414e+02
2.885204771544001687e+02
2.883698974104180479e+02
2.884319256857831419e+02
2.885491146985182809e+02
2.883848454156865841e+02
2.883698025133598435e+02
2.885378790821682173e+02
2.885636676627575525e+02
2.886047144188344760e+02
