2.876369540053107698e+02
2.875368469596446630e+02
2.877140006595978434e+02
2.877553840197268187e+02
2.879684394829109806e+02
2.878185944744832909e+02
2.878804880052196040e+02
2.878578788244025759e+02
2.877699442019286948e+02
2.877514112432269826e+02
2.880223188782053967e+02
2.878755176773716471e+02
2.877833702763295491e+02
2.876834362600282020e+02
2.878499353350629235e+02
2.876831486071087625e+02
2.876109040691793552e+02
2.876668406890918845e+02
2.878222688620725762e+02
2.880158140741377792e+02
2.879598975784517165e+02
2.876056535091495334e+02
2.876088701260185871e+02
2.878403223213078377e+02
2.877046095762472646e+02
2.877762050946038812e+02
2.877606258999963984e+02
2.879056239206178134e+02
2.878010424788909063e+02
2.874649719913267063e+02
2.874746255755676998e+02
2.876126783500996567e+02
2.878209685958768773e+02
2.878136885174733948e+02
2.873945138975373652e+02
2.875787568376157424e+02
2.876019052631111776e+02
2.878009393404627190e+02
2.878018187877043488e+02
2.877577892680855598e+02
2.878383407606871174e+02
2.877509433309808742e+02
2.876812573467198035e+02
2.876421091518344042e+02
2.877265647375854201e+02
2.876840169721593270e+02
2.876607351249733711e+02
2.878430312814193712e+02
2.877737616182655529e+02
2.878712649017136300e+02
2.877987876204508098e+02
2.876476422286257275e+02
2.876799408171038408e+02
2.874977082712519518e+02
2.874697605593557341e+02
2.876141990859820226e+02
2.877490777889099149e+02
2.875355711721305738e+02
2.876722969714662099e+02
2.877683746042918642e+02
2.875497185947738785e+02
2.875774427238814042e+02
2.875726909560878539e+02
2.876811143374875428e+02
2.877268517997563322e+02
2.876282589151496154e+02
2.874534673000271141e+02
2.875736136369426958e+02
2.878340470423744932e+02
2.876819569261098763e+02
2.878368007150987182e+02
2.879062792215462423e+02
2.880269875967331359e+02
2.880025303786724749e+02
2.878496050287860157e+02
2.879484338482052976e+02
2.879319591389171933e+02
2.881587176758569626e+02
2.880775168609795855e+02
2.878689149907931437e+02
2.879746928971457578e+02
2.878605235006472753e+02
2.876167868672243344e+02
2.876616977589322346e+02
2.877836779836669621e+02
2.880147537112539453e+02
2.882405137641610509e+02
2.878583665542080894e+02
2.877447282682693981e+02
2.879257931555461028e+02
2.878128766630275095e+02
2.876249309310745161e+02
2.875281128873666034e+02
2.876880866054218586e+02
2.876613633402229766e+02
2.876685054586203591e+02
2.877793769969519531e+02
2.878728230127795200e+02
2.878593677957046566e+02
2.877567858103791991e+02
2.877651862010266086e+02
2.875397576372010349e+02
2.876742640505473787e+02
2.875723511990273664e+02
2.875001105086803364e+02
2.875303204217900088e+02
2.875654620993298636e+02
2.876460294511516622e+02
2.878459098853113005e+02
2.878165702882963615e+02
2.876414526142061732e+02
2.875795608922973656e+02
2.876961980325269792e+02
2.874197031896285921e+02
2.874481343554580235e+02
2.876272046490043408e+02
2.877673082031951139e+02
2.876381721629966819e+02
2.875947020296494543e+02
2.875411200822846922e+02
2.876414762493621993e+02
2.875543159895613030e+02
2.876227413393996812e+02
2.875689388828745905e+02
2.876262267078402033e+02
2.877257634772316237e+02
2.876927549960884676e+02
2.876613228321519955e+02
2.877829139759436430e+02
2.878668276399556021e+02
2.876847724030444056e+02
2.875710939010064635e+02
2.877416868516374393e+02
2.875999853316322969e+02
2.875950056322719774e+02
2.876427472155431246e+02
2.875973684300119544e+02
2.878313176543326222e+02
2.878137220921344692e+02
2.879844931223214530e+02
2.881346304960445650e+02
2.879526958415377180e+02
2.877422175555723243e+02
2.878589204303289648e+02
2.878868035831463317e+02
2.878801227177221449e+02
2.879693686830810861e+02
2.881344228257023019e+02
2.880097374203190270e+02
2.880730769207754633e+02
2.881628658119545321e+02
2.882425633270074172e+02
2.883588697720832101e+02
2.882334791721132774e+02
2.881551422994559175e+02
2.880585945500899356e+02
2.880645788057958043e+02
2.880708089754652974e+02
2.880464444800969090e+02
2.881120399246906345e+02
2.881731894162748517e+02
2.881070004825297133e+02
2.881262869218166998e+02
2.880182926825437448e+02
2.881236319201506149e+02
