9.994641608587794224e+01
9.996317577574056656e+01
1.003706650908446818e+02
9.951277582477337091e+01
9.987028284746837414e+01
9.988609111844243671e+01
1.004565129808684105e+02
1.006712416728769455e+02
1.005154519120642505e+02
9.984091064420179862e+01
1.002677126807399901e+02
1.008610882371552293e+02
1.006646627990650700e+02
1.005271756856028702e+02
1.007818467320782787e+02
9.997927349004193331e+01
1.004256245055922250e+02
1.001644017539962306e+02
1.003668807056030374e+02
1.000217703027578438e+02
1.002889795605843091e+02
1.001815461534410048e+02
1.000720190320571277e+02
1.001869452541863694e+02
1.008207879243462770e+02
1.004271937340579370e+02
1.000850157382375443e+02
1.001741438474850696e+02
1.007710469707114953e+02
9.985282239483190381e+01
9.976071430236441984e+01
1.006582202047923147e+02
9.974120594711716592e+01
1.009621502608807191e+02
1.030728777594933803e+02
1.013378094230801025e+02
1.004178085554381568e+02
1.004519672863755346e+02
1.005615741166732988e+02
1.002533734860125350e+02
1.005273202157446093e+02
1.004834280316773487e+02
1.002443775110313595e+02
9.970797868277519171e+01
1.001155693453149098e+02
1.001199674774524624e+02
9.989393870764087069e+01
9.997789589677341837e+01
1.000204999911597952e+02
1.003760814676997910e+02
1.003724663983336427e+02
1.006677340429641276e+02
1.003325566535725812e+02
1.019421628808081550e+02
1.010009222825290891e+02
1.007314074284355883e+02
1.008563961690336441e+02
1.010101789116721278e+02
1.004708462127041599e+02
9.996126238130405284e+01
1.003304433303160437e+02
1.005774977333235114e+02
1.011403797588336744e+02
1.010341293549249713e+02
1.005787279791052384e+02
1.005916343044554111e+02
1.002692081949717675e+02
9.995441904075600803e+01
1.005588939306380922e+02
1.003569147737270697e+02
1.002984624535475717e+02
1.004392788747283731e+02
1.004219518562997564e+02
1.001325109761237542e+02
1.007387450521742949e+02
1.002098266993716607e+02
1.001920215621755261e+02
1.002536025649553295e+02
1.004470487158722705e+02
1.004449833279840760e+02
1.001060776623010611e+02
1.005270274108873281e+02
1.005434712950123952e+02
1.000240992851835102e+02
1.005115828503452775e+02
1.000755213499815568e+02
1.000674205575181190e+02
1.005847911998805131e+02
1.001234371064238786e+02
1.001394876677751569e+02
1.003005213472218173e+02
1.009221519056342373e+02
1.007811103608901249e+02
1.005483480462917925e+02
1.003455726488099344e+02
1.004411530418512513e+02
1.002622826568147616e+02
1.001852386764484777e+02
9.985387387777875290e+01
1.004569885038850572e+02
1.002419791170693912e+02
1.005743222078851318e+02
1.006145609980339231e+02
1.006128412624223785e+02
1.001020730580410003e+02
1.007667620237608048e+02
1.007839203744753576e+02
1.004404008035952671e+02
1.009621713915924914e+02
1.003035074575635548e+02
1.008587569716979715e+02
1.004449095760408710e+02
1.011617988208402465e+02
1.025676528234967151e+02
1.018325663651253308e+02
1.009959495474508344e+02
1.009292801020229149e+02
1.015514150102588502e+02
1.014483622880887310e+02
1.008516011539965689e+02
1.011841039468809385e+02
1.012848374021952509e+02
1.012001814559900623e+02
1.008169873282371753e+02
1.010579400683008089e+02
1.011840521211514670e+02
1.010031373278680036e+02
1.009309131009375164e+02
1.005361100116470965e+02
1.006627715015701909e+02
1.007896169506627189e+02
1.008273933215721172e+02
1.011388864138234425e+02
1.014796483909121463e+02
1.018322686810111577e+02
1.010146808735543829e+02
1.001375125926788883e+02
1.007808028587476770e+02
1.003255809980392286e+02
9.998117878369667721e+01
1.004484310100745574e+02
1.013691211114386874e+02
1.030030039710683241e+02
1.013975563326461753e+02
1.003012632119296796e+02
9.997872367248795911e+01
1.005144914403291097e+02
1.000107080560653543e+02
9.969949485350572616e+01
9.998379985603041575e+01
1.000984107911776846e+02
9.976810523324117241e+01
9.960823185465568486e+01
9.919707253719053597e+01
9.965468774279894149e+01
9.965874956138084428e+01
9.948734262722592803e+01
9.961488490503477067e+01
9.868604370543374671e+01
9.938922972390041366e+01
9.899199995697519228e+01
9.905535886742275409e+01
9.936188333454130373e+01
9.887936844085568566e+01
9.867006456777913570e+01
