2.864869235660361255e+02
2.865577164973778395e+02
2.864958791891065744e+02
2.864887537599299208e+02
2.865915865502963129e+02
2.866743057742843916e+02
2.864817852403609209e+02
2.862858869918857749e+02
2.862254212420917270e+02
2.863730788580642752e+02
2.864001976548278776e+02
2.863242248448825080e+02
2.864078282977217214e+02
2.863418223332465118e+02
2.862321075174630209e+02
2.863635387199424827e+02
2.864037801067395890e+02
2.864065957888515754e+02
2.864825943130948076e+02
2.863790582904483131e+02
2.863499520054214145e+02
2.864347821697194263e+02
2.864931884649543576e+02
2.866143456061108736e+02
2.863194803029805371e+02
2.863205064432257245e+02
2.864844397179155635e+02
2.864089104507440311e+02
2.863194577314442881e+02
2.863371731994399738e+02
2.865022368210555896e+02
2.864482063123323883e+02
2.864971495826353589e+02
2.866012317977223347e+02
2.864306089088560725e+02
2.862920964427915465e+02
2.863598202291419170e+02
2.864235745769402115e+02
2.863863071225866292e+02
2.864168223296867382e+02
2.863413523960801399e+02
2.863351161448291577e+02
2.863999525194884086e+02
2.866297022508691157e+02
2.867193182907658411e+02
2.865430882726430468e+02
2.866101943121904583e+02
2.866536150284461542e+02
2.865861334692667697e+02
2.865224400157907780e+02
2.865053165615609032e+02
2.864210713891474711e+02
2.865694873030751637e+02
2.862884254615112809e+02
2.863949240906820819e+02
2.864283439577133663e+02
2.863658268238501137e+02
2.862276298811191850e+02
2.862621523801294074e+02
2.865146863921158911e+02
2.866230756959749328e+02
2.865750672282021583e+02
2.864437894226145431e+02
2.863796722260913157e+02
2.865288125835924689e+02
2.864681648874239386e+02
2.865520572338655825e+02
2.867393503945502289e+02
2.868063576970246800e+02
2.867393405735369356e+02
2.867203271089275063e+02
2.866041905958853135e+02
2.866472156196519450e+02
2.866930884096570367e+02
2.865563100623471655e+02
2.866003988462908865e+02
2.865206877813222945e+02
2.867833325735812195e+02
2.868398320132461663e+02
2.868398932002187962e+02
2.868507755103693739e+02
2.866977111522140262e+02
2.865946173211973473e+02
2.865809093064081594e+02
2.866342700026949046e+02
2.867181828746424230e+02
2.868703009668078607e+02
2.867281083581289636e+02
2.867425388248366858e+02
2.868745398040684904e+02
2.869230741068465136e+02
2.865821403817229793e+02
2.865294993869856057e+02
2.865647830674691932e+02
2.865400565434105715e+02
2.866691618549756981e+02
2.866341879174754581e+02
2.867837664349295324e+02
2.870029390262866400e+02
2.868777205080577346e+02
2.868336814117259905e+02
2.868445614985391217e+02
2.867108918065583225e+02
2.867276920371993469e+02
2.867365005080193328e+02
2.867220723229102646e+02
2.865224143262341272e+02
2.866579805620301045e+02
2.866305544124911080e+02
2.867353967976534364e+02
2.867292594661745966e+02
2.867870554844578805e+02
2.867766862818992308e+02
2.865056659538244048e+02
2.864850719559950676e+02
2.865959545650703149e+02
2.866786576207636585e+02
2.865159181474581942e+02
2.864579510613080515e+02
2.865251056515780874e+02
2.865936550430496936e+02
2.866115251097484702e+02
2.865588651272037737e+02
2.865852292105930132e+02
2.866441216937166701e+02
2.867990894983951193e+02
2.866763686103664099e+02
2.867014970692614497e+02
2.868787849205756970e+02
2.870485091127416695e+02
2.869321377944348228e+02
2.868456299975292723e+02
2.867851747317303648e+02
2.869132221238159559e+02
2.867974975934358213e+02
2.867088421335464545e+02
2.869972776827982557e+02
2.870227651400903710e+02
2.870169821095383327e+02
2.872803551112950800e+02
2.872884321746610681e+02
2.872648191244040277e+02
2.869989569621778855e+02
2.870697929935899424e+02
2.872386556939699744e+02
2.874253262739866273e+02
2.873362772202714268e+02
2.873250228216780329e+02
2.875867462752493111e+02
2.875299744512707889e+02
2.874331601505710410e+02
2.874634172111666430e+02
2.876013688400159936e+02
2.878150059660478064e+02
2.878658375451426537e+02
2.876948838434146865e+02
2.877783972423089836e+02
2.877997584108939577e+02
2.881503104714559527e+02
2.881427262546087036e+02
2.881050703220734590e+02
2.881866655293270583e+02
2.881417271542704270e+02
2.881480327632977492e+02
2.881817307165620150e+02
