2.401947697475878556e+02
2.410449827757925050e+02
2.407566716154408084e+02
2.411466264810318307e+02
2.409571251294014758e+02
2.408290250601437492e+02
2.408083382822847796e+02
2.407026537990164172e+02
2.407358019660823913e+02
2.411932773174166584e+02
2.409660728912679986e+02
2.407709411560468595e+02
2.405448088845045049e+02
2.405392076970447022e+02
2.405363099880717357e+02
2.407767261393647971e+02
2.409553068111517007e+02
2.408809768390877650e+02
2.412238574021148168e+02
2.417078118866341185e+02
2.418741601807954282e+02
2.422314485422609494e+02
2.421699828718185472e+02
2.413582126933497705e+02
2.410571505227447915e+02
2.416529294431949211e+02
2.421080864055863628e+02
2.420075120241085926e+02
2.419673608192957772e+02
2.416891248643700294e+02
2.411018500267011007e+02
2.415231780828180206e+02
2.421899245445106601e+02
2.425677529315244101e+02
2.426877289068719108e+02
2.421331842586342020e+02
2.417309870428985903e+02
2.420880473240354434e+02
2.425028542640243074e+02
2.421909798945540615e+02
2.424967078145469088e+02
2.425802031015292926e+02
2.425513577548686328e+02
2.425679106546297135e+02
2.425121972801501613e+02
2.422520820668762553e+02
2.425979904264082734e+02
2.426782859680592139e+02
2.428670044660999565e+02
2.425711804739503066e+02
2.425786966831861946e+02
2.430078566293550466e+02
2.430379366379961255e+02
2.427488413629838817e+02
2.431820733295520824e+02
2.434624271325893403e+02
2.431044712225871933e+02
2.434213115393905298e+02
2.436324465218064006e+02
2.431080772906408072e+02
2.430980133882802363e+02
2.435329258124525325e+02
2.438935361350834228e+02
2.438705843075233588e+02
2.440630053252125151e+02
2.435929883132573934e+02
2.435154708554463241e+02
2.434819824218559461e+02
2.438444044580157595e+02
2.441508929865096036e+02
2.444208189074831523e+02
2.444924123523239530e+02
2.440780259649542359e+02
2.441368252708387274e+02
2.450641993498428803e+02
2.445411705104221483e+02
2.444813024461930411e+02
2.449730019000874108e+02
2.452822629644354038e+02
2.445216582887695438e+02
2.445387721685675899e+02
2.452165526118553771e+02
2.451641845673339901e+02
2.447819484842710551e+02
2.452072696605869453e+02
2.459792131417899554e+02
2.452857130865276076e+02
2.454426980380264069e+02
2.454960464805542415e+02
2.460342499354150050e+02
2.455172490653547754e+02
2.450892369632059626e+02
2.454209029496159076e+02
2.463206553227794302e+02
2.463871686404540071e+02
2.463221197323171907e+02
2.463778128951846327e+02
2.465989937153881328e+02
2.464179149135400166e+02
2.460864787111524663e+02
2.457606651822335664e+02
2.462548951506818184e+02
2.465591116115163857e+02
2.468603199098598964e+02
2.463396665366426816e+02
2.465947563339093165e+02
2.464705484855372788e+02
2.465491523121823150e+02
2.470576259777652979e+02
2.464865515128559252e+02
2.473438251754585906e+02
2.474801531488033959e+02
2.475334498908047465e+02
2.477298640338992470e+02
2.473491540496079324e+02
2.474777289607078785e+02
2.476249827295288526e+02
2.479127981924750372e+02
2.478418034872369446e+02
2.477331553686308609e+02
2.476586901889350827e+02
2.479604576343067208e+02
2.482168137349004837e+02
2.481188943868334320e+02
2.482827816370184735e+02
2.478452985647234925e+02
2.479679954190139313e+02
2.485948761517913397e+02
2.489028002121110319e+02
2.482342374048961062e+02
2.484748809756294179e+02
2.488608891576836868e+02
2.489461019548091372e+02
2.490948541041098281e+02
2.489395221250672137e+02
2.489408242295180287e+02
2.489794994657625296e+02
2.491563622784068741e+02
2.497136841460283279e+02
2.494495700106267577e+02
2.492643501821970915e+02
2.491041147552202517e+02
2.498653701794133042e+02
2.497783240647803780e+02
2.496286017330949960e+02
2.493442778250740446e+02
2.500072876912572610e+02
2.504321923864629014e+02
2.503993263369547719e+02
2.500907079496902554e+02
