2.863111151527867264e+02
2.866419835597383781e+02
2.866196171303159872e+02
2.867190518943803568e+02
2.866687832125236923e+02
2.866400693823878782e+02
2.866168968397917638e+02
2.865933173607528488e+02
2.866794926066899620e+02
2.867396985021306932e+02
2.867818095046912390e+02
2.866509682502748433e+02
2.866227597986858768e+02
2.867435748975031515e+02
2.867543108758872563e+02
2.867942899938719279e+02
2.868384652570500180e+02
2.869823998561379881e+02
2.871161236933152168e+02
2.872487888569005463e+02
2.873001775891493139e+02
2.874665819406768605e+02
2.873646053510033198e+02
2.871663303921237116e+02
2.871909799441273776e+02
2.873984490471609661e+02
2.875663309257643618e+02
2.874925736200486313e+02
2.875141072932045745e+02
2.873983295020145192e+02
2.873256636267011004e+02
2.874843583789531749e+02
2.877521542177897800e+02
2.878882709452759627e+02
2.879050103991749552e+02
2.877980321355294109e+02
2.875367111945936927e+02
2.878024845464876762e+02
2.878274670734841720e+02
2.878445223625602125e+02
2.879793727738074836e+02
2.880230259568772340e+02
2.880133183171045630e+02
2.880309832808600845e+02
2.880209960820550918e+02
2.880176600209206299e+02
2.881469189753036062e+02
2.881957732340299003e+02
2.882356553055815880e+02
2.882515092757857360e+02
2.883014890437760869e+02
2.884380484084277327e+02
2.883789540900871202e+02
2.883581958379179468e+02
2.885222647243806477e+02
2.886381002637209008e+02
2.886067491596186301e+02
2.887498658335037476e+02
2.888227279168671089e+02
2.886156890684905534e+02
2.885950440936557584e+02
2.888146626850976304e+02
2.889197217866354777e+02
2.890292019461197128e+02
2.890301697946783861e+02
2.889301846323392624e+02
2.889289676697173945e+02
2.889595748819372716e+02
2.891360546324584675e+02
2.892393188974858163e+02
2.894061982779199411e+02
2.893973924069726991e+02
2.893705140842407673e+02
2.893956226109081626e+02
2.896558955436591418e+02
2.895263844420658756e+02
2.896145083139367102e+02
2.897706984831036721e+02
2.897927698757725352e+02
2.895864215055694331e+02
2.897072967867538296e+02
2.898597863503704275e+02
2.899079110617486776e+02
2.898270468626319030e+02
2.900295213656800115e+02
2.902749059033984054e+02
2.900453926197470196e+02
2.900724543101102313e+02
2.902296618661840171e+02
2.903953724314640112e+02
2.902128532502559892e+02
2.900950735899689903e+02
2.903585377759709445e+02
2.906260090410610246e+02
2.907209898042173677e+02
2.907005366314720618e+02
2.907328140676053181e+02
2.908831635777647193e+02
2.908137174543194305e+02
2.907470829372774119e+02
2.907111204188963711e+02
2.908585049210723241e+02
2.909162129867125373e+02
2.910125308525439891e+02
2.908915555579533816e+02
2.909700648177428661e+02
2.909795269028394955e+02
2.911416422780823154e+02
2.912542814428931592e+02
2.911535608974569982e+02
2.914762078642196457e+02
2.916002223449729058e+02
2.916274234441590352e+02
2.916481115295675295e+02
2.916720595234459665e+02
2.916878451005512147e+02
2.918814116210480734e+02
2.918819183857545454e+02
2.918390143379526762e+02
2.918524891245809272e+02
2.918839489900938133e+02
2.920648870050151800e+02
2.921480197349755485e+02
2.921016831808730672e+02
2.921745551075169942e+02
2.920729661264841184e+02
2.921609391494811234e+02
2.924096822183697100e+02
2.924030148979377941e+02
2.923020426623821209e+02
2.924858469465529538e+02
2.926940338966873583e+02
2.927376269989600246e+02
2.927810847365053064e+02
2.927467277563998778e+02
2.927748170548797475e+02
2.927659228269372420e+02
2.929214086235812715e+02
2.930636886371372043e+02
2.931071670907147677e+02
2.930787051295951073e+02
2.930728893818409801e+02
2.932901260294597137e+02
2.933450123810983996e+02
2.932987025396270724e+02
2.932810083532300496e+02
2.934810828348260543e+02
2.936950782865692418e+02
2.936565381594429596e+02
2.936256271905336348e+02
