2.397971145939542055e+02
2.395430357976705693e+02
2.394339085338654343e+02
2.398157358968812787e+02
2.398499840704801898e+02
2.397809748395997360e+02
2.397733301384329252e+02
2.401725375955888921e+02
2.397726998349746452e+02
2.400151510005843249e+02
2.398127668387104734e+02
2.395801384179095237e+02
2.396847961475771172e+02
2.400027005069607640e+02
2.399136661553068564e+02
2.398151868841314069e+02
2.398588449890644085e+02
2.397855822510980772e+02
2.399079096107634541e+02
2.398813478251293247e+02
2.397553130532143371e+02
2.396692155709415317e+02
2.399655281636305801e+02
2.397296490493212957e+02
2.398156014108253942e+02
2.398004576226352640e+02
2.396521956599594887e+02
2.395614371739127648e+02
2.398348519300080852e+02
2.395985183042932931e+02
2.395554203564647366e+02
2.397722437266959332e+02
2.398858866029513877e+02
2.391438396677155822e+02
2.385376628697443948e+02
2.391864176525903929e+02
2.394833660399367261e+02
2.396432346554657897e+02
2.392990324132295825e+02
2.397272236507000969e+02
2.395539662323609775e+02
2.395253725147958050e+02
2.396942198957336814e+02
2.401401964828458802e+02
2.397426605002946474e+02
2.398874731881865330e+02
2.397477205498319961e+02
2.400979213579450970e+02
2.396810306706222491e+02
2.398289245379371835e+02
2.397766708350082183e+02
2.394937397329574651e+02
2.394383304706647380e+02
2.389550370868477103e+02
2.392389048702238199e+02
2.399388591746502186e+02
2.399555077525801607e+02
2.399024191000240762e+02
2.395337826353312494e+02
2.395285166787782316e+02
2.398244142052586483e+02
2.399123605823763228e+02
2.390722870742127668e+02
2.393564913147297091e+02
2.393592214899039448e+02
2.392163588295177021e+02
2.393526860952785000e+02
2.396266594329042334e+02
2.395680139097948995e+02
2.396263701128898731e+02
2.396533091927268799e+02
2.396895360157857340e+02
2.393392867462000595e+02
2.396548838101195145e+02
2.397450106347886560e+02
2.397123758757528833e+02
2.397426559512484801e+02
2.398371111800743165e+02
2.395695434367035830e+02
2.392279314270884925e+02
2.394736345098722268e+02
2.393071619250157198e+02
2.394674318893481768e+02
2.395730712269708818e+02
2.396330619276250502e+02
2.397700578403702423e+02
2.395253812189404243e+02
2.397167796878796082e+02
2.399755648874864846e+02
2.399442573568315140e+02
2.398063165651788324e+02
2.395482669583365123e+02
2.398582537127631156e+02
2.397319926285255463e+02
2.396854815051678997e+02
2.399917475707139829e+02
2.398758001549420840e+02
2.398596279932920368e+02
2.397257505493267615e+02
2.399189811222001083e+02
2.399954194225745425e+02
2.397522689900933983e+02
2.398195147600010841e+02
2.396684641960980855e+02
2.395156675699434174e+02
2.397862300455703917e+02
2.397767519979190354e+02
2.399198215191670442e+02
2.399763051875440567e+02
2.399296801451015142e+02
2.395089868903404522e+02
2.398747093366299339e+02
2.392461255499371191e+02
2.388211928658440399e+02
2.386319664880249150e+02
2.384962348620996693e+02
2.389592126267893093e+02
2.387560918923384463e+02
2.390584761528658930e+02
2.393412277411060529e+02
2.388342625958471501e+02
2.387426858285658966e+02
2.388871096720612002e+02
2.387157784439886257e+02
2.387643083121473637e+02
2.389409261616958986e+02
2.386688445982264000e+02
2.390738353894455770e+02
2.389590826947410278e+02
2.389173635098601096e+02
2.390388319151641099e+02
2.391193379143329309e+02
2.387849218962491307e+02
2.386457185348548080e+02
2.390036319393119584e+02
2.392776645220255034e+02
2.391275781115510881e+02
2.393395539347279737e+02
2.390783673384571273e+02
2.391811124001538644e+02
2.389613010533599606e+02
2.386605384717671825e+02
2.379305160403028196e+02
2.382518317612474448e+02
2.386571372875262114e+02
2.387992735611333330e+02
2.388168474443473031e+02
2.392046105344612670e+02
2.392964645518431155e+02
2.394987088825091348e+02
2.392404570205343646e+02
2.392776688320845153e+02
2.396655181799368108e+02
2.398619579174833234e+02
2.398299940642618822e+02
2.394249315231401170e+02
2.393961472723804889e+02
2.398715541845096766e+02
2.400224895694387044e+02
2.398988005042913301e+02
2.400765634647867728e+02
2.400651218171726953e+02
2.398761259749564090e+02
2.399922728796182980e+02
2.398508830904370086e+02
