9.997201693030098113e+01
9.992751181631278712e+01
9.978657067812603998e+01
1.000206030768311507e+02
1.001782038013026863e+02
1.004703831937247145e+02
9.989371517663943223e+01
9.948977713834541703e+01
1.005695557416210164e+02
9.997214335420987652e+01
1.003829004148910116e+02
1.003533475069403238e+02
9.979348298697398434e+01
9.972370599408368719e+01
9.977430206943152768e+01
1.002096024888989660e+02
9.979398835746398788e+01
9.981271724533989698e+01
1.002514806382601051e+02
1.003984090017312241e+02
1.000945433147327748e+02
1.000646026024301563e+02
1.002565017282099120e+02
1.002657589724837379e+02
1.001916344447049028e+02
9.993553096725629814e+01
1.002293317339466086e+02
1.000784396322382008e+02
1.001802433802656509e+02
9.984404836120729954e+01
1.001344843743307109e+02
1.005774865531269739e+02
1.001680065916378197e+02
9.975095694530797630e+01
1.006095004200556247e+02
1.003877650365992054e+02
1.002073507134458623e+02
1.001852126572561730e+02
9.987972985827137506e+01
9.993161218285710845e+01
1.006244087271813896e+02
1.005556989438578483e+02
1.001034271045127042e+02
9.993864323691451546e+01
1.000098754615315073e+02
1.001085416049257475e+02
1.004188969212623874e+02
1.004738960094860118e+02
9.997277498870761292e+01
9.989380318492879951e+01
1.002141045499443379e+02
1.006135464695606601e+02
1.000482155842785374e+02
1.000312529905260277e+02
1.001627328048004273e+02
1.000369174467233506e+02
1.002544780735194649e+02
9.995268625211917879e+01
1.000284261084682811e+02
1.003771876633264242e+02
1.002740096359604962e+02
1.002846840319033532e+02
1.002330285812677175e+02
9.999421106769553091e+01
1.004509124369366191e+02
1.004424311722178942e+02
1.000055836443151662e+02
1.000076470980029626e+02
9.992650774230914124e+01
1.006484253402645663e+02
1.001876303146158875e+02
1.002175433587873528e+02
1.001474657466857110e+02
1.001478289216561990e+02
1.002755225815270848e+02
1.006297864205396166e+02
1.001987215740100936e+02
1.002137990090636777e+02
1.004009527376267670e+02
9.989483400895186094e+01
1.000689380217485080e+02
1.001251183611116176e+02
1.004780654728250084e+02
1.000442985464028851e+02
9.996865053196728468e+01
9.975025918265741609e+01
9.976193423483060485e+01
1.003467485751499595e+02
1.007310599664981083e+02
9.991107953479341575e+01
1.001557490645068214e+02
1.000623162421620691e+02
1.007140508077212075e+02
1.004989339699852167e+02
1.005586283477525882e+02
9.972213665175024744e+01
1.000070543478824874e+02
1.000372461791989167e+02
1.001756280057692692e+02
1.001266263728261947e+02
9.974111507374516350e+01
9.947571311038366559e+01
1.003013739073225139e+02
1.003271246540882231e+02
1.001720333885504033e+02
1.006667096601337192e+02
1.000137420813149021e+02
9.977004756327163193e+01
9.977725862434010651e+01
9.998407638428373900e+01
9.958047594266285785e+01
1.000042766252456801e+02
1.001316567710684495e+02
9.999931608352780188e+01
1.001496383422710466e+02
9.981289454632224079e+01
9.997762515858187271e+01
1.000490727757401288e+02
1.002468891144163194e+02
9.960302535212066743e+01
1.001841567815471166e+02
1.000916661258962108e+02
9.987505754263038682e+01
1.001082296282808812e+02
1.001972792231310336e+02
9.990011779155351235e+01
1.000208805770694624e+02
1.003851765074785334e+02
1.000295878637243874e+02
9.990877899701136755e+01
1.000874285857583033e+02
1.002488773404904379e+02
1.004552224715651647e+02
1.002287786840441299e+02
9.986132319772171684e+01
9.999999736898759295e+01
1.000673625535746964e+02
1.004059629461980450e+02
1.002129886025246464e+02
9.962996551592327421e+01
9.991876377133928600e+01
1.001652297389291135e+02
9.976319448440789017e+01
1.000672422329022169e+02
1.004161923066201183e+02
1.002804292492767644e+02
1.000986494623537766e+02
1.002558312631836088e+02
9.981711577346709419e+01
1.003246000070510178e+02
1.003084726221099032e+02
1.006908520064383197e+02
1.002284018594069863e+02
1.000610625993213461e+02
1.001710669025247995e+02
9.989593558847290922e+01
9.969883234403492622e+01
1.002885902961224502e+02
1.001978442777636218e+02
9.966821866104247363e+01
1.000908726643640279e+02
1.004975606406416659e+02
1.005858393138626496e+02
9.999459167094637735e+01
1.001192570370191675e+02
1.001665590778060988e+02
1.007830367989253091e+02
1.002009317170776512e+02
9.981653434667219926e+01
9.989842444090282925e+01
1.000472478710275510e+02
1.004167483747261969e+02
1.001905209474963812e+02
1.003598024346163271e+02
1.001247953191884079e+02
9.999659655792056867e+01
9.991914965093415901e+01
1.000050340081079980e+02
1.003430404536570535e+02
1.004360622985744840e+02
9.958534984361561726e+01
9.981222593189295367e+01
9.978586172467385040e+01
1.000607537933760796e+02
1.000237340314238992e+02
9.994448018041147463e+01
1.000631672549290698e+02
1.006146599778129911e+02
9.957517513520269858e+01
9.964708582557604188e+01
9.982628846483869722e+01
1.003658324166131024e+02
1.000183547963197981e+02
9.978736978331153296e+01
9.990829854693623702e+01
1.001415777705477552e+02
1.000611967942255234e+02
1.007098124904414362e+02
1.001122877696509477e+02
1.001710599290185115e+02
1.002623375310478053e+02
9.957929828310862774e+01
9.996051101404221129e+01
1.002440872978306174e+02
1.001871935051102582e+02
1.002635754064961446e+02
1.000487135624955357e+02
9.998119936605104385e+01
1.000478133460433270e+02
1.000616038952285294e+02
1.004407232790829170e+02
9.971210533511361973e+01
9.992963663624702519e+01
9.995950562347574930e+01
1.004317291778909720e+02
1.001257922569571974e+02
1.006649866043048291e+02
1.001685423386837357e+02
1.002413847545685570e+02
1.002335415286458584e+02
1.000855017060364816e+02
1.001218081842556700e+02
1.004304405600880585e+02
1.005843253430574009e+02
9.986639517421814105e+01
1.003102868834743475e+02
1.004205051969133393e+02
1.000644615069736005e+02
1.002410826787994864e+02
9.986939343031700389e+01
1.003716942494424842e+02
1.004016733638138845e+02
1.001444283443157701e+02
9.988173900887399270e+01
1.000843067953670129e+02
1.001386263294725012e+02
1.000589481092109168e+02
1.001949592106927156e+02
1.003271353155628702e+02
1.000839300874807094e+02
1.001971737258168531e+02
9.997798218038235518e+01
1.002391673591414616e+02
1.001183567464691606e+02
9.990489716881911875e+01
9.998131238576127089e+01
1.002250380684139941e+02
1.004095374021090947e+02
9.999178188152588120e+01
1.005073749919112629e+02
1.001430550204761545e+02
9.994643164079080577e+01
1.000241665349370379e+02
1.002498939526978461e+02
1.006216867300774283e+02
9.987550846221050449e+01
9.977773811750523691e+01
1.002352261123296557e+02
9.997893069310659087e+01
1.003216571145862730e+02
1.003380412129115626e+02
9.989674140693124116e+01
1.002947476985077770e+02
9.980633762716611557e+01
9.956656365191834368e+01
1.006422993294733743e+02
1.002656918835436528e+02
9.980146172850038511e+01
1.001317335865332865e+02
1.000398368546305932e+02
1.004590340552459082e+02
1.002431948685759124e+02
1.001597119953105448e+02
1.003783269668245879e+02
9.972991003651065967e+01
9.995590121108573101e+01
9.994642719773965212e+01
1.002536504515019402e+02
1.001463296339145330e+02
1.002828754917592704e+02
1.001634401612334386e+02
1.003822317608316297e+02
1.004861322197019859e+02
1.000876298835003126e+02
9.996039558099403166e+01
1.001380069665499519e+02
1.001115947094434517e+02
9.993543585026861820e+01
1.000276246535463400e+02
1.000036198917669736e+02
9.977836272371460780e+01
1.000132572621185858e+02
1.004348842385326748e+02
1.001733560125406512e+02
9.994548939005564137e+01
1.003258055756867151e+02
1.000500867177243123e+02
1.002936222133115649e+02
9.958591314299231101e+01
9.986751025299118112e+01
1.000433506488392510e+02
1.000732808789164636e+02
1.000922694452912083e+02
9.992175200706213900e+01
1.003858329884543110e+02
9.987948985224538490e+01
1.000709224413122769e+02
9.979076257432244290e+01
1.002619886657456192e+02
1.002793161731202503e+02
1.001644514068585323e+02
1.001732967128509273e+02
1.002618418875593846e+02
9.994518764321310300e+01
9.997304253791355677e+01
1.002719581048243782e+02
1.003940355222442093e+02
1.003726870171556129e+02
1.000235253361297936e+02
1.000937186983763922e+02
1.002634142517257914e+02
1.002593917651969235e+02
1.007005911536838454e+02
1.004842016333299028e+02
1.000198430415185271e+02
1.004117253849946820e+02
9.997131848406233701e+01
1.004575380745712181e+02
1.001940228018783614e+02
1.003089977972768878e+02
1.002644228906058146e+02
9.970260197780896760e+01
1.001909841775978265e+02
1.000413070471591368e+02
1.000483783519860026e+02
9.991388739839673860e+01
9.985584852399863109e+01
1.001697824579941880e+02
1.001332693928833351e+02
9.986962371618267298e+01
1.002177393965814218e+02
1.001552276289029777e+02
1.000173557569311100e+02
9.975260933883451742e+01
1.004136898403832134e+02
9.980453767232053508e+01
1.000594813545748565e+02
1.006653054486545074e+02
1.004488367657150576e+02
1.001010601822090962e+02
1.001159470428832066e+02
1.000822660970924289e+02
1.003279627671122398e+02
9.999381200322564212e+01
1.003919679298631280e+02
1.001972746114004309e+02
9.992428030473824663e+01
1.002621460303909231e+02
1.003467351775263268e+02
9.991261644702018430e+01
1.000704233525020896e+02
1.003755637159396912e+02
1.001371502898797416e+02
1.001335760937401886e+02
1.001036204073510589e+02
9.993382241660982857e+01
9.984171512762283385e+01
9.997854088329177102e+01
9.999984723550549859e+01
1.004432861273493671e+02
9.992108007507204093e+01
1.003476491192060251e+02
9.983062460606352317e+01
1.000204731850302693e+02
1.003668450027245314e+02
9.973241072404840679e+01
1.001145184274981261e+02
1.001394031529897717e+02
9.981169985862999283e+01
9.989216225429277074e+01
9.983205820391992802e+01
9.975056175928648372e+01
1.000409628949160066e+02
1.002536839541268563e+02
1.002192289473552052e+02
9.978324382492819211e+01
9.980843299483341013e+01
1.001500841863743432e+02
1.001695095715694919e+02
9.975942750571135775e+01
9.997818341639491280e+01
1.002389117175965367e+02
1.004541152297785516e+02
9.985995914234338500e+01
9.960956873515151244e+01
9.994121192701656753e+01
1.002505405588388072e+02
1.005210612598128961e+02
1.002476694883342248e+02
9.990670178576795024e+01
1.001278542755544549e+02
1.002147997725453905e+02
9.982140767866734166e+01
9.989867642392290747e+01
1.002131065965988483e+02
1.001033083342284016e+02
9.988244075280708500e+01
9.985998110840536413e+01
1.000284905467555632e+02
1.006037933072013715e+02
9.974981778747610406e+01
9.991807023658004994e+01
9.994029307114254834e+01
1.003457193158340743e+02
9.969054508451934282e+01
1.000432095256742286e+02
9.998592770822544651e+01
9.967258119219196999e+01
1.002059264053679044e+02
9.994320427189556710e+01
9.996312036280404811e+01
1.002462750455291030e+02
9.980931423725336060e+01
9.979950625660246999e+01
9.979131032472945151e+01
9.997578315120280479e+01
1.001933688722510851e+02
9.992007847073482196e+01
9.991741244435165470e+01
1.001724514490306319e+02
1.001570320769715607e+02
1.001821889595867674e+02
9.968785705091450211e+01
9.999194302209507157e+01
1.002583339604478994e+02
1.001052461298277336e+02
1.001392051474609985e+02
1.005873469424420819e+02
9.973934357109914117e+01
1.007949578345038617e+02
9.989980556943237389e+01
1.002355673567199688e+02
1.002928084390747046e+02
1.004467729598411694e+02
9.982134297872498507e+01
9.993950512222289717e+01
1.001876741180401496e+02
1.002476832295280786e+02
1.002136641136838335e+02
1.005429968526178328e+02
9.982203547113594766e+01
9.999695013012853906e+01
1.001090553745181637e+02
9.992460723524897048e+01
9.979213278524538566e+01
9.999374446272348393e+01
9.954166497718955497e+01
1.001894231738212255e+02
1.005752054290250754e+02
9.985336347123062239e+01
1.002347792362430283e+02
9.995118544564418528e+01
9.986251511146663518e+01
1.000265260505858720e+02
1.003485912810049996e+02
1.003993157728110219e+02
1.004251335528102942e+02
1.002857018561561517e+02
1.003441806877726066e+02
1.008429847293337502e+02
1.003184863284688078e+02
1.004385680211420180e+02
1.005390618726278262e+02
1.006244505444496582e+02
1.002131426524997408e+02
1.000614007333343096e+02
1.004037265522417641e+02
1.005107496220362435e+02
9.999070085568079946e+01
1.003195252051600193e+02
1.000292024540761417e+02
1.003075528837315034e+02
9.982915009511786764e+01
1.002643745623978475e+02
1.002023575832132138e+02
9.975700027076572951e+01
1.008507539790854679e+02
9.996552377239684972e+01
1.001109839758482849e+02
9.988111939747801671e+01
9.993396835470888107e+01
1.001849421876350590e+02
9.960484404392157387e+01
1.000954043326300393e+02
1.002804940661703625e+02
9.988046035016122914e+01
9.976363459107552956e+01
1.000148391038595719e+02
9.969294075099584518e+01
1.000015169621799913e+02
1.001241616603222297e+02
1.006348607450406121e+02
1.004005081073794514e+02
9.995277172882686045e+01
1.001158988445040023e+02
1.004129123921947553e+02
9.983496386156132019e+01
9.986582955659839911e+01
1.001778305302685794e+02
1.001013617349282754e+02
1.005714586781673603e+02
1.005190058799903312e+02
1.001465973909794798e+02
9.980695721527906983e+01
9.974116394622937776e+01
9.983825258446485407e+01
9.999808659710167547e+01
1.003576971648990508e+02
1.005733310343421039e+02
9.984663805795487690e+01
1.003907204450847388e+02
1.000571364539208190e+02
9.996217262577847862e+01
9.995282200932490468e+01
1.002302772868135889e+02
1.002748588468870850e+02
1.002322453121690131e+02
1.000635036761658938e+02
1.000044504564988159e+02
1.006528425514282361e+02
1.003284761537955205e+02
1.002404153043895576e+02
1.002606962761271490e+02
1.001759926557534754e+02
9.973096033457028398e+01
1.003732432920755997e+02
1.002385215393216669e+02
1.003556570570034836e+02
1.005173257773986393e+02
1.001501264873437975e+02
9.965593798847440610e+01
1.001600858249723842e+02
1.003044800778740182e+02
1.003632334297521425e+02
1.002028473370999677e+02
1.003878985718538814e+02
1.003579952635426906e+02
1.002355853046339007e+02
1.000991528711332990e+02
1.004761565689541811e+02
1.001226284508071558e+02
9.991291740979805525e+01
1.001391485278212343e+02
1.001736971211671658e+02
9.957843722048075108e+01
9.982195687142012730e+01
1.002313507922895610e+02
9.992410780453953123e+01
1.001069224933865343e+02
1.006126691783845786e+02
1.003165124164086137e+02
1.001788761718686942e+02
1.001007805717651991e+02
9.994258857020280118e+01
1.002900646454325084e+02
9.996587156921231099e+01
1.002740895356475761e+02
1.003207258169636731e+02
1.000910675131148793e+02
1.001556859546358851e+02
1.001004240432809951e+02
1.005622768082852332e+02
1.002199024207867382e+02
1.002322798126983798e+02
1.004558285229471863e+02
9.993324048297910167e+01
1.000105744296639187e+02
1.003454217290701962e+02
1.001918809679129510e+02
1.001641981377177757e+02
1.001831300637916655e+02
1.005075605952613955e+02
1.002956292256051967e+02
9.999348544746594314e+01
1.002663423769682396e+02
1.001125868763584634e+02
9.993448440587559389e+01
1.001258424637650251e+02
9.989795199609075382e+01
1.003031673958071792e+02
1.005519952111532689e+02
1.001235157022459390e+02
1.002039210864088972e+02
9.997393024012791329e+01
1.001680185087119099e+02
9.989610691729053826e+01
1.003884837513984252e+02
1.000846377142271848e+02
9.970382302104810890e+01
1.003124312587465710e+02
1.004135209230856702e+02
1.002957004443262718e+02
1.001088227873089664e+02
1.002184179560019146e+02
9.961500472703943387e+01
9.973776375583311449e+01
1.002115136645710010e+02
1.000642795732615724e+02
1.000378171312774072e+02
1.001643013951080405e+02
1.003456123943919209e+02
1.001130089854337797e+02
1.004807864171604734e+02
9.994407719222738251e+01
9.991883979979371588e+01
1.003381800906052490e+02
1.002826465445010768e+02
1.000207265580732070e+02
1.002806003888824904e+02
9.985247950698851582e+01
9.974536470805971078e+01
1.004687741762887896e+02
9.982133615612769972e+01
1.005570869884673897e+02
1.001182036403181286e+02
9.991460052448825024e+01
1.003554715908972099e+02
1.003816700340981214e+02
1.003967163068352448e+02
1.006233175614269584e+02
1.001762188693980988e+02
1.000098008385315183e+02
1.004111915105343087e+02
1.002589150674599381e+02
1.001358084665770463e+02
1.005003902924457719e+02
1.000291056046140312e+02
1.000268698996319472e+02
1.000455440262089581e+02
1.002754129011888153e+02
1.000479382507109136e+02
9.985885863205560042e+01
9.976506195537500332e+01
1.000080446663482121e+02
1.003291730346258106e+02
1.001437761537373632e+02
1.001906372579175013e+02
1.000768829303934808e+02
1.002617024264215360e+02
1.003262486098524420e+02
1.007182712675489711e+02
1.002823467657380121e+02
1.001851307958932153e+02
1.000813573609538594e+02
1.009240410789941507e+02
1.005132889181664808e+02
1.003433276613984617e+02
1.002562347510040723e+02
1.001715828327181299e+02
1.000871198926749770e+02
9.975934168623483345e+01
9.994319126601742198e+01
1.005515135433394533e+02
1.000032456036334452e+02
1.004223795375712172e+02
1.001109337398389272e+02
1.002959771587726578e+02
9.999954474971205798e+01
1.001369696828824800e+02
9.998727587734857991e+01
1.000391747179751434e+02
1.002427431646883207e+02
9.969177771477028216e+01
1.002340283156975573e+02
1.004496741657067247e+02
9.977213989209111844e+01
1.000279711957422677e+02
1.002779646770036805e+02
1.000714988492985640e+02
1.003787145948591757e+02
9.986651212932605404e+01
1.001404161001680677e+02
9.998413780759381098e+01
9.988522242076265911e+01
1.000277577444764034e+02
1.002701264377414674e+02
1.000589934112825148e+02
9.979164322480379212e+01
9.981769242804718090e+01
9.987949341836262818e+01
1.002870473075920330e+02
1.000153291465635021e+02
1.001118902834646320e+02
1.001459212052915291e+02
9.999755303153450825e+01
9.942977378237061714e+01
1.003924965769293891e+02
9.981870439580455923e+01
9.983485986937375856e+01
1.001667030644192806e+02
1.002512452932843416e+02
1.002897650823881008e+02
9.984661958265195381e+01
1.002034515176797527e+02
9.998154673013492300e+01
9.988008125182533092e+01
9.970491598591200955e+01
1.000521903056097841e+02
9.991528517492916706e+01
1.001925427064734890e+02
9.981189939582344550e+01
1.000220360418275476e+02
9.989287354848032408e+01
9.973225894562085614e+01
1.002584841662963271e+02
1.002319008131180880e+02
1.001496537710759753e+02
9.995278606515648789e+01
1.000622305176136280e+02
1.002531746941859154e+02
1.002997011147960649e+02
1.000014592388995851e+02
9.998387444064064766e+01
1.004896637543879478e+02
1.003447679300991382e+02
1.003775578031379752e+02
1.007711052064622663e+02
1.000796502636584364e+02
9.975752106538273267e+01
1.004249341757903977e+02
1.001440712070889703e+02
1.001172730150378385e+02
1.002004940287492758e+02
1.002894308118945759e+02
1.004066495737574911e+02
1.002637362131420105e+02
1.001890504398995603e+02
1.000370745133696033e+02
9.997583432733262043e+01
1.002900350688823892e+02
1.001238990111349949e+02
1.001426753694104264e+02
1.001763671306187433e+02
1.002572619081764884e+02
1.002172154653398337e+02
1.009757996535628308e+02
1.003639511484698659e+02
1.003423745181997475e+02
1.003344584520352356e+02
1.006360103338205221e+02
1.002763744838456432e+02
9.996176335939492219e+01
9.989979887360209432e+01
1.003838016665732766e+02
1.002896023536691956e+02
9.992481291209156780e+01
1.006678523491209063e+02
1.004313268903246552e+02
1.002122460903309502e+02
1.006433955732489522e+02
1.003882609747600441e+02
1.001545072019082880e+02
1.004113370294981706e+02
1.004490730571369568e+02
1.000469511674194365e+02
9.996736114428419739e+01
1.004244718904694764e+02
1.001285117044815252e+02
1.002635574866799715e+02
9.997295216722710620e+01
1.004292872763971189e+02
1.000610438876299924e+02
9.983450698418151603e+01
1.001428976023758679e+02
1.004733319987464455e+02
1.000533519632588195e+02
1.001823243114607607e+02
1.002208272496570061e+02
1.003935492013004591e+02
1.004193352039232110e+02
1.001775281896766359e+02
1.001360698866412378e+02
1.001849691162223053e+02
1.004546134898021847e+02
9.975875069402574979e+01
1.001160851456661902e+02
1.004713211561749944e+02
1.003861976236019444e+02
1.005155290165420183e+02
1.002300599152460023e+02
1.002502298467274073e+02
1.003566149366604208e+02
1.003744294146420657e+02
1.000853006351088510e+02
1.002429011263858030e+02
1.002906943513522862e+02
1.006187907362863712e+02
1.001611870950425782e+02
9.998585778995504825e+01
1.002561942364055341e+02
1.001682185836489793e+02
1.006819384284273724e+02
9.984517513266534650e+01
1.002102432270560399e+02
1.003770738625959211e+02
1.002533242118612407e+02
1.003243392008468646e+02
9.995527853528993489e+01
1.000475649394728066e+02
9.975004898509143914e+01
9.988175968779516722e+01
1.002409758193621201e+02
1.001396781687772659e+02
1.003358754704414793e+02
1.000195094414678891e+02
1.002971306963076330e+02
9.984361160469484275e+01
1.001735819976544093e+02
1.006481093545933305e+02
1.001022265649706355e+02
1.002991245398294069e+02
1.000070957436686712e+02
1.000419244684739937e+02
1.002252943733720230e+02
1.000435324155721872e+02
1.001381055461938416e+02
9.989182493312506494e+01
1.004867707736452047e+02
1.004547004674931117e+02
1.001837976218740067e+02
1.000575838707026861e+02
1.002175580724618129e+02
1.000302104344773255e+02
1.002922598654396751e+02
1.000438842410565172e+02
1.000485613585603488e+02
1.003202807893387813e+02
1.003424399248044523e+02
1.006469804028331936e+02
1.000180574365039661e+02
1.004357515495257900e+02
1.002010789078627084e+02
1.000369777219268173e+02
1.003926232793476885e+02
1.003780528874180646e+02
1.002239099698810065e+02
9.968825943530173106e+01
9.985501381315697245e+01
1.004105549267550117e+02
1.005227327236300567e+02
1.001629559018698359e+02
1.001012464590740336e+02
9.999913607356388923e+01
1.002336801166083546e+02
1.008578513821917539e+02
1.002776289405992003e+02
1.003882377123092482e+02
1.005564600305906424e+02
1.004921026473801788e+02
9.995701563373272336e+01
1.003426722520058547e+02
1.004327974021959307e+02
1.000589143223463253e+02
9.995076569290877444e+01
1.001413593636782622e+02
9.998238996597513051e+01
1.007183244514483675e+02
1.001406694015133070e+02
9.988744543337789139e+01
1.000913881316078715e+02
1.003819955500201786e+02
1.002179516192867226e+02
9.999709199796863857e+01
9.996907875728724946e+01
1.002710316553668122e+02
9.989037234420146660e+01
9.950962381688486857e+01
9.993660612263948906e+01
1.000608213889287725e+02
1.004331854393514192e+02
1.001029434547301662e+02
9.983428213986553601e+01
1.003300259624561477e+02
1.002049344978468497e+02
9.977316409380624407e+01
9.992003033109348564e+01
1.001025397156966505e+02
9.993223938662642070e+01
1.004116270886777187e+02
1.001434534524713769e+02
1.000683810711200294e+02
1.001480917760923717e+02
1.001209443033570921e+02
1.000236427846295300e+02
1.001662546955052875e+02
1.000452523811472503e+02
9.959444829876099448e+01
1.001951047710985421e+02
1.003999473123768666e+02
1.001370312841985992e+02
1.003638517406082684e+02
1.000971077519640176e+02
1.002273630022652355e+02
1.005146812669929659e+02
1.001963431089966008e+02
1.003319723547020317e+02
1.004586208011008779e+02
1.007794260352862921e+02
1.004970924135202353e+02
1.003804840571526853e+02
1.001783978216010524e+02
1.004494320709259085e+02
1.003081750655451287e+02
1.004454669127189419e+02
1.004953630991774247e+02
1.002359375103091992e+02
9.989263102551235818e+01
9.997642671112483015e+01
1.000307370409713599e+02
1.002488520642942120e+02
1.001525099071898950e+02
1.004224306237442903e+02
1.001448558081836637e+02
1.004230354942877170e+02
1.003918240210664550e+02
9.982905151538540167e+01
9.998803503872750298e+01
1.008844404948467854e+02
1.001633135338293101e+02
1.001888729192972960e+02
1.002178241222892439e+02
1.001414182320882560e+02
1.006179331261164549e+02
1.002990874071240768e+02
1.004538170525671603e+02
1.004143263432982423e+02
1.001501692408047717e+02
1.003229050532759743e+02
1.005698797978861876e+02
1.002698839037782506e+02
1.003383804828037000e+02
1.000949817912994746e+02
1.001903157255364221e+02
1.005472392098444629e+02
1.002055218675415773e+02
1.002074069209626117e+02
1.003181787517787455e+02
9.985459860066634974e+01
1.003647048355552585e+02
1.002312614519040039e+02
1.003150395467964131e+02
1.004681824425958752e+02
9.993461297932053355e+01
1.003533778755782322e+02
1.003081608445466912e+02
1.002493979385763083e+02
1.004027538921808969e+02
1.005461781485211645e+02
1.001838400693890776e+02
1.002330926985268320e+02
1.004039747560146196e+02
1.000407393051446974e+02
1.000558688166437804e+02
1.005831462495591921e+02
9.996008885642002895e+01
1.003820023531543342e+02
1.001441809293298348e+02
1.005196822494226438e+02
9.966930186629413413e+01
1.000789531995325632e+02
9.985350758710104913e+01
9.985009778052251761e+01
1.000423092305586721e+02
1.002593672015698871e+02
1.002479568906588838e+02
9.990417224791364958e+01
1.001833820839957525e+02
1.004453211656799567e+02
1.001438864412316292e+02
1.005252287100164494e+02
1.004535378085540600e+02
1.002087063571634786e+02
1.003613444616129868e+02
1.002218203441588003e+02
1.004439660290399416e+02
1.000312695331853092e+02
1.002337584189761941e+02
1.002947938538073487e+02
1.001495249513118324e+02
9.999579773707593233e+01
1.003723213160574659e+02
1.002693283483880009e+02
1.002397919739825483e+02
1.006400951796485401e+02
1.005136751153232382e+02
1.004785427327337146e+02
9.998163926749721497e+01
1.005478630958312323e+02
1.001352435418431384e+02
1.002805622098902631e+02
