2.867987847397835139e+02
2.867597010677146727e+02
2.867710679317477798e+02
2.866864462469781643e+02
2.867459284955967291e+02
2.866025066073165704e+02
2.866291534831657941e+02
2.867233806522901887e+02
2.867202590454044753e+02
2.865737680851013920e+02
2.864385343389105287e+02
2.864131033797798409e+02
2.864773230737243352e+02
2.865524590670822818e+02
2.866505724001473254e+02
2.866446343098952525e+02
2.866282619560031435e+02
2.866667609527714831e+02
2.867630901110860577e+02
2.865434093941860283e+02
2.865159606868613764e+02
2.865568975555522115e+02
2.865357805398713822e+02
2.865772474790428532e+02
2.865671142882591198e+02
2.866397458095274828e+02
2.867601085205561731e+02
2.866021655688550140e+02
2.865873117404237860e+02
2.866132277756931330e+02
2.865743494863214096e+02
2.865525952143861446e+02
2.865113925081041657e+02
2.866553080918386627e+02
2.865670003580704588e+02
2.863998162550042821e+02
2.864706869213179061e+02
2.865192254638200211e+02
2.866257254335216089e+02
2.867262937627439783e+02
2.866740717026946754e+02
2.864620972134663930e+02
2.864920351747840641e+02
2.865572135428074603e+02
2.866986179420763960e+02
2.865792176131207611e+02
2.865556982641509762e+02
2.863922211508953524e+02
2.864350354736068311e+02
2.865781524302375374e+02
2.866377488459474421e+02
2.864407713611775534e+02
2.865545578124629174e+02
2.866324418111664727e+02
2.866518085825810545e+02
2.866440117702503017e+02
2.865769422024932851e+02
2.866173763068707672e+02
2.867347559220084463e+02
2.866143067798311677e+02
2.865504230887673316e+02
2.865904615360507250e+02
2.865854773763882690e+02
2.866076267047758961e+02
2.865867316867759200e+02
2.865652447540823573e+02
2.866307311254475962e+02
2.866022251617176266e+02
2.866459821370017949e+02
2.864908993790720615e+02
2.864902106902486025e+02
2.865985672337423580e+02
2.865223788774182481e+02
2.865779326843348827e+02
2.866164884760824521e+02
2.865028039425194493e+02
2.863520071772734923e+02
2.865340107369923430e+02
2.864703609015742813e+02
2.865942703201319546e+02
2.865815061946831293e+02
2.866049514037184167e+02
2.865206368890414410e+02
2.864963203111993266e+02
2.865340891216275736e+02
2.866560061105835189e+02
2.866459523730429169e+02
2.866104183854577627e+02
2.863799315806508616e+02
2.866140424179304773e+02
2.867214012077340612e+02
2.866974423972328623e+02
2.865521475365858919e+02
2.864520890159225814e+02
2.863085120846517384e+02
2.864793231347987899e+02
2.866997291546546762e+02
2.867290399697080261e+02
2.867225256014785941e+02
2.865702487047392992e+02
2.865954507175200092e+02
2.868809413775413759e+02
2.867628905933239594e+02
2.866054501932236462e+02
2.865686795551758337e+02
2.865469281216965669e+02
2.864601106897042655e+02
2.866100697436719997e+02
2.867842613941948002e+02
2.866842717344066500e+02
2.867280619021942698e+02
2.867207164314059469e+02
2.866279785543009098e+02
2.864697858046021111e+02
2.864798553617632706e+02
2.867938522740513463e+02
2.867036322438387401e+02
2.867150443362268675e+02
2.865099922895634563e+02
2.866612962928672346e+02
2.866962812677614352e+02
2.866678985576065770e+02
2.867210531388252548e+02
2.866888689732678586e+02
2.865516371029007132e+02
2.866527719489627088e+02
2.867381574762363812e+02
2.866157973469532294e+02
2.866278332535929962e+02
2.867637110021951230e+02
2.867221336307772503e+02
2.867071198156580181e+02
2.866281501012079502e+02
2.865701944617781578e+02
2.866429574909400344e+02
2.865809842523258339e+02
2.866567081620989370e+02
2.865833276976134698e+02
2.863693108331548842e+02
2.865866911907734789e+02
2.866467929322397481e+02
2.866871847619948426e+02
2.867856154029086042e+02
2.866716788160406963e+02
2.866475024229121686e+02
2.866523943723402681e+02
2.865972115795095192e+02
2.865767443894713438e+02
2.865659143546615155e+02
2.866224411871649522e+02
2.865803093188102366e+02
2.863718776449593975e+02
2.863916592969538328e+02
2.865471903776955855e+02
2.865451685550676189e+02
2.865856460556175875e+02
2.868028650391314045e+02
2.867034278759489325e+02
2.865045741604057525e+02
2.866062173548037322e+02
2.867118572008626529e+02
2.866792898431120307e+02
2.864537580291292898e+02
2.866475810238394502e+02
2.865969408810673826e+02
2.865242736942395254e+02
2.863555744847251958e+02
2.864109640462671678e+02
2.865837941419891308e+02
2.868152735752055378e+02
2.867006240000774255e+02
2.865820039996615947e+02
2.866175281659809571e+02
2.865426131237765617e+02
2.864616243369843005e+02
2.864783624528589030e+02
2.865764609833861982e+02
2.866131169246183958e+02
2.865395745420205458e+02
2.863760683672119853e+02
2.865424456261824275e+02
2.866180975420797381e+02
2.867759208926479459e+02
2.866212267429317535e+02
2.865990724598001975e+02
2.866133041023016403e+02
2.867408133985847485e+02
2.865269600081921340e+02
2.867214546493352145e+02
2.868143453430879504e+02
2.868154049542003463e+02
2.865761063625478187e+02
2.865946480278058175e+02
2.867919201893709555e+02
2.868040382775006378e+02
2.867197424438365942e+02
2.866436265583601539e+02
2.864305059114485061e+02
2.865432536944913409e+02
2.866175971161732150e+02
2.866594322539788777e+02
2.866858902584178850e+02
2.867599218951990565e+02
2.866029016894169104e+02
2.865319334663423092e+02
2.866773052742809682e+02
2.866405635549425028e+02
2.866696155222850280e+02
2.866733163856914643e+02
2.867286852664678349e+02
2.865315591223346132e+02
2.866762743266187385e+02
2.866913169092579210e+02
2.867168784029635731e+02
2.866021830540891528e+02
2.866067601081745693e+02
2.865322025043752205e+02
2.864623020402090674e+02
2.866342804754470421e+02
2.865572780099190595e+02
2.865319422983073991e+02
2.865919580910812101e+02
2.864953645903383972e+02
2.864225690786116161e+02
2.865961879820742979e+02
2.865412632559528561e+02
2.864542495047907096e+02
2.864915636902659344e+02
2.864449329101652779e+02
2.866087596259593511e+02
2.866039357394079730e+02
2.864847415274381319e+02
2.864002996130333827e+02
2.864590592807226699e+02
2.865895437664434553e+02
2.866260480136872957e+02
2.866012332046266806e+02
2.866128480056477770e+02
2.866723779964766550e+02
2.865559066927668255e+02
2.866176057648389701e+02
2.866283433158222351e+02
2.865662953541596494e+02
2.865803940951013828e+02
2.867919893054681779e+02
2.866733473078188581e+02
2.866540664897869988e+02
2.864785482807625954e+02
2.864870981984961418e+02
2.864427447639325237e+02
2.864329644581282537e+02
2.865726447577944214e+02
2.868672278635272619e+02
2.867012417492890108e+02
2.864848995858395142e+02
2.865203495597393157e+02
2.866295336815657606e+02
2.865726418983056192e+02
2.866022917183890968e+02
2.866322109428913905e+02
2.865337645586023996e+02
2.866484770442772856e+02
2.866073654306294429e+02
2.866842182765788607e+02
2.867703243264228945e+02
2.866950707112516170e+02
2.865890361310199523e+02
2.865598556477193597e+02
2.865674960924045536e+02
2.866810723714100959e+02
2.865485018790755589e+02
2.865615276967258183e+02
2.866020454720168118e+02
2.864031479006577570e+02
2.864901247385002989e+02
2.867199111248783083e+02
2.867998962722383567e+02
2.866366328337020946e+02
2.866201334203264537e+02
2.867322335260280965e+02
2.867658636676897572e+02
2.864549775722968548e+02
2.864126867454781973e+02
2.865209439193291701e+02
2.866475763279320859e+02
2.866470963124903619e+02
2.865861146237163553e+02
2.865369712280237877e+02
2.866398655944108782e+02
2.866166273203178321e+02
2.866404001307221279e+02
2.867099601531694475e+02
2.865900883433129138e+02
2.865187097904108100e+02
2.864978610018825975e+02
2.865401057508373128e+02
2.865818234357017786e+02
2.865115730370847018e+02
2.866151731479144473e+02
2.867644704740901034e+02
2.867226517250668962e+02
2.867030153243806581e+02
2.865428366713732089e+02
2.866017097922943435e+02
2.865819951358706135e+02
2.866238393568715992e+02
2.866809213942632937e+02
2.866994577392216001e+02
2.865976830732481631e+02
2.864917519176730707e+02
2.865460684989165543e+02
2.865786547874468511e+02
2.866850940016045683e+02
2.866007607434607394e+02
2.866008096537281062e+02
2.866326279515047872e+02
2.866302598487162072e+02
2.864166050668057437e+02
2.864228447252988872e+02
2.865333754289785020e+02
2.864611510037435096e+02
2.865483177602334308e+02
2.864115663897413810e+02
2.863555879079085003e+02
2.864825573449554668e+02
2.864722879863044795e+02
2.866070698358350342e+02
2.865859943923562128e+02
2.864794725011292940e+02
2.865412733832592380e+02
2.865367520934511845e+02
2.865650969595408242e+02
2.865383651394978415e+02
2.866287529545655275e+02
2.865613394439351396e+02
2.865851960054760070e+02
2.866247551166837297e+02
2.866761374965960272e+02
2.865787627646222404e+02
2.867668298494373289e+02
2.866391122497782362e+02
2.866428906762434963e+02
2.866171194431466347e+02
2.866753670300234376e+02
2.866363580254368912e+02
2.866623898027655173e+02
2.867286708456956035e+02
2.864962887793137156e+02
2.864142794570582851e+02
2.864824475632651115e+02
2.865577507751934832e+02
2.866776606947941559e+02
2.865920659187859769e+02
2.866377198356092890e+02
2.866367448301966192e+02
2.865152546343060180e+02
2.865815355214603528e+02
2.865888663613811786e+02
2.864638316694143327e+02
2.865353208014237794e+02
2.866135186784603661e+02
2.865116534473619936e+02
2.865823781872861105e+02
2.865457122047490657e+02
2.866102642977970731e+02
2.866673717207893901e+02
2.866599586420465471e+02
2.866363002017120607e+02
2.866718808326010048e+02
2.864673540245775598e+02
2.865175203138645088e+02
2.865689668738345404e+02
2.866586755664112047e+02
2.867413259460725499e+02
2.865628893398923083e+02
2.866062768576686608e+02
2.865625642311916295e+02
2.865765837876795104e+02
2.866321233820198131e+02
2.866687557999045453e+02
2.867309550013537773e+02
2.867562668151664411e+02
2.868098323188262952e+02
2.866839791603833305e+02
2.865374648380530402e+02
2.866411215702309505e+02
2.866308643406682108e+02
2.866323311645177796e+02
2.865973185412203748e+02
2.866984967406019109e+02
2.868626860867389610e+02
2.866265442547269799e+02
2.864588216467781194e+02
2.864591662072533040e+02
2.866733855118427527e+02
2.867144023172077709e+02
2.866356656963542378e+02
2.864382686827920566e+02
2.864331839266129123e+02
2.865541500250520244e+02
2.866344858515891474e+02
2.864665378889947647e+02
2.866170434977865398e+02
2.866803959714994789e+02
2.866382775734494999e+02
2.866031179672114604e+02
2.865876019942176640e+02
2.866984206574651921e+02
2.867111702805405002e+02
2.865509230653997861e+02
2.866581121615012648e+02
2.865831264858105101e+02
2.867731856299961350e+02
2.867040672348865655e+02
2.867637436450082191e+02
2.867304046701858624e+02
2.865621351876192193e+02
2.866703507161881248e+02
2.865735256281602688e+02
2.866159579509019864e+02
2.866948359416847438e+02
2.865040360478843127e+02
2.866050096567253718e+02
2.867645161044465567e+02
2.867667470201708966e+02
2.867158458033176771e+02
2.866032998782485492e+02
2.867097999548118992e+02
2.867886522149642587e+02
2.867275846396900079e+02
2.866400811254614496e+02
2.865781521094490358e+02
2.868699373848351684e+02
2.868843650775016272e+02
2.866059209950170157e+02
2.865364795976115033e+02
2.865455739460274458e+02
2.864362802944987152e+02
2.865785366049807976e+02
2.864367458437920959e+02
2.865799073976581894e+02
2.866685732971810694e+02
2.865749255474318602e+02
2.865211077928757391e+02
2.866587711257644173e+02
2.867375655237915453e+02
2.866458229076367275e+02
2.865251950997871404e+02
2.865091003572867407e+02
2.864168784098986293e+02
2.865108094027463608e+02
2.865142667409580781e+02
2.865241939336106043e+02
2.866094972881735430e+02
2.866486050077573964e+02
2.866517703311646414e+02
2.869039271129835811e+02
2.867375582407133265e+02
2.865245749187138813e+02
2.864530578022229861e+02
2.864365297164133040e+02
2.864323689714555030e+02
2.865852705948732364e+02
2.867021184551732063e+02
2.866297308658456018e+02
2.865618645625542626e+02
2.863763939434292638e+02
2.863303887615828671e+02
2.864348211565965698e+02
2.863843325372134245e+02
2.863902956298497884e+02
2.863458431967758315e+02
2.864269873646254041e+02
2.864112734978403410e+02
2.863652418730580962e+02
2.864120347884916669e+02
2.863955575644648093e+02
2.864321108325111140e+02
2.865254626401888913e+02
2.865846427026898482e+02
2.865523210223537376e+02
2.865301303573955352e+02
2.865642225097012101e+02
2.864876802198660357e+02
2.865233350551799276e+02
2.866728866644082814e+02
2.865610319928680383e+02
2.865554517974220516e+02
2.865891987093602324e+02
2.866214043209322426e+02
2.865772873144624668e+02
2.865599743388382876e+02
2.866276736663616589e+02
2.866995204147503387e+02
2.866779601377413655e+02
2.867222066806868384e+02
2.867201647310524777e+02
2.866997957605441911e+02
2.867763959364703510e+02
2.867369183524922960e+02
2.867173725417604828e+02
2.865507331389054571e+02
2.864743153097821846e+02
2.865159766833433537e+02
2.867022386229598965e+02
2.865338197454130409e+02
2.865032850816690484e+02
2.866811039073530765e+02
2.866348749768145012e+02
2.866833876901187068e+02
2.865473200755772041e+02
2.864592355296499022e+02
2.864906445918066424e+02
2.866890286174916582e+02
2.867592638865597792e+02
2.867888676830782515e+02
2.868065972830691521e+02
2.866205174664996207e+02
2.864236511798789593e+02
2.865814877636572078e+02
2.865523732863272812e+02
2.865018018137170088e+02
2.864867821820891436e+02
2.866118617664472481e+02
2.866101398884101172e+02
2.865894090269256367e+02
2.865713016041374317e+02
2.865245817192202367e+02
2.865851027812578309e+02
2.864542905763619842e+02
2.864036639571366436e+02
2.864449543148073190e+02
2.866135121051828492e+02
2.865104638617607975e+02
2.866310610349834178e+02
2.865561263772310667e+02
2.865725081654055089e+02
2.865023190939052142e+02
2.863829384135607370e+02
2.864567088983080794e+02
2.865092771835383587e+02
2.864934689125148566e+02
2.864642387878757859e+02
2.866031760490756142e+02
2.865522623706659715e+02
2.865166368890366471e+02
2.864890494350747758e+02
2.865291132429944128e+02
2.865972276882453116e+02
2.865478160020401219e+02
2.865228592292145890e+02
2.866601149521881098e+02
2.867025961452230263e+02
2.866660110269915549e+02
2.867308189221967609e+02
2.868664762124245158e+02
2.867242036711509741e+02
2.866893539556690484e+02
2.866805613448114514e+02
2.864866897257147684e+02
2.864650354923038549e+02
2.865341453715236071e+02
2.864746876826345101e+02
2.866605545883441550e+02
2.866262405999459020e+02
2.866072949949785880e+02
2.866314029719191581e+02
2.865859238660223696e+02
2.864477304391146504e+02
2.864907693393514023e+02
2.865722280723684321e+02
2.864925268363642772e+02
2.864954198634797535e+02
2.864457907089991977e+02
2.865432134056579798e+02
2.865083728218123156e+02
2.866540946960782321e+02
2.865731633315101590e+02
2.865165808656772128e+02
2.865494022521739907e+02
2.865319068305557835e+02
2.864720580836693102e+02
2.864841975218255925e+02
2.866388276457533379e+02
2.866442722514741490e+02
2.865770678528814983e+02
2.866160596198811277e+02
2.866509868059397945e+02
2.866960779190475819e+02
2.865500515033591000e+02
2.863547778195965634e+02
2.864899040640595445e+02
2.865873877506282383e+02
2.865438427850169774e+02
2.865222011296787628e+02
2.865791580956639564e+02
2.865437775451952689e+02
2.866440180007921299e+02
2.866609083265224740e+02
2.867385929689343698e+02
2.864944781863196681e+02
2.865734098952523823e+02
2.864705255634410719e+02
2.864683270356906064e+02
2.865920406365177655e+02
2.866454605587073843e+02
2.866806861715683681e+02
2.865994204206270410e+02
2.866230972060265572e+02
2.866104002071339210e+02
2.865519534033538207e+02
2.866291715321204379e+02
2.864196499743968047e+02
2.864788784709343759e+02
2.865479602506304673e+02
2.865880418142648409e+02
2.864946396608460759e+02
2.866193541564198881e+02
2.866108360518783797e+02
2.866484844100278337e+02
2.868823806486074659e+02
2.867122269315495373e+02
2.866427307724833895e+02
2.865322312034149945e+02
2.865087163890119086e+02
2.865328875230687231e+02
2.866137787279991471e+02
2.866713374655403754e+02
2.865733047716429951e+02
2.865088100714179404e+02
2.863812871309385741e+02
2.864942936953031563e+02
2.864968387851218381e+02
2.864957623140234659e+02
2.866177082866837509e+02
2.864019557279299875e+02
2.865001041253128733e+02
2.865190820392191995e+02
2.865942440594412233e+02
2.864776980586555624e+02
2.864733576825643695e+02
2.864576838983047651e+02
2.865634720840964178e+02
2.866178611919120840e+02
2.865541318602549836e+02
2.865130825728446666e+02
2.864868589405510875e+02
2.866135757903033436e+02
2.865291553746636168e+02
2.864973129269626497e+02
2.865056814236430114e+02
2.864699529907620104e+02
2.864165891763810237e+02
2.864890958490088337e+02
2.863667360930558630e+02
2.862949224729874231e+02
2.863105092306850565e+02
2.863340815968721813e+02
2.864799514181668769e+02
2.865607580708407909e+02
2.866772712797304621e+02
2.868208724344087273e+02
2.865691907797879594e+02
2.864673783819339405e+02
2.864052386304643960e+02
2.865189891260565105e+02
2.865077572366304253e+02
2.865909594148999986e+02
2.865268158511811407e+02
2.865008159873357840e+02
2.867318004044522581e+02
2.866637639325157920e+02
2.868047408451090519e+02
2.866459031042733727e+02
2.864753893733373502e+02
2.865574457908799673e+02
2.865057986238177250e+02
2.864806774711434514e+02
2.865450963694817119e+02
2.865425307538189372e+02
2.865926585851061645e+02
2.865533959379592943e+02
2.866631639717699613e+02
2.866641109632777216e+02
2.867074296903422805e+02
2.865617624990716763e+02
2.864888786978507937e+02
2.867114672619861153e+02
2.867179922547211390e+02
2.867425036321465655e+02
2.866034235607657479e+02
2.866869369779762451e+02
2.867280977548305145e+02
2.865184576066878321e+02
2.865891380382480520e+02
2.867364396409082588e+02
2.867290440038926249e+02
2.866668249074671166e+02
2.867139870775620238e+02
2.866843806208152046e+02
2.865470187593684273e+02
2.866437538067963828e+02
2.866163042793377258e+02
2.865639995373081206e+02
2.866125802937089588e+02
2.866060125503016707e+02
2.867146635506245502e+02
2.866869738023515310e+02
2.868050307356340340e+02
2.866826756915143619e+02
2.867209151726940490e+02
2.866198271323322047e+02
2.866538594750391553e+02
2.867402647865740732e+02
2.866525264192405871e+02
2.865238215696948600e+02
2.866555644340045319e+02
2.866862049517184801e+02
2.867049009845366072e+02
2.865969401107090562e+02
2.865509831039025244e+02
2.864632215374163593e+02
2.866026381780044971e+02
2.866037796948739924e+02
2.864975424543342797e+02
2.865657886606305169e+02
2.864248464995270638e+02
2.863957378536950955e+02
2.865998169396441995e+02
2.865970472741443587e+02
2.865615326099839990e+02
2.866940024505260567e+02
2.865832946729503874e+02
2.865909197876471239e+02
2.865326587602739892e+02
2.865403479171479262e+02
2.865418070496131691e+02
2.865512917473270136e+02
2.865833474439996280e+02
2.865009122981782070e+02
2.865276279080223958e+02
2.864717072466589798e+02
2.866413092263962312e+02
2.866822255547745613e+02
2.867034495273720154e+02
2.864945134930890731e+02
2.863358305745648522e+02
2.863448255187628888e+02
2.863923852405295634e+02
2.864130078655667262e+02
2.863067039403782132e+02
2.864093015284113335e+02
2.865688439500082154e+02
2.864883261396032594e+02
2.864384491492360212e+02
2.864315783708680101e+02
2.863216778755709697e+02
2.863449532971804956e+02
2.864199720204736082e+02
2.864418035297785536e+02
2.862299680808989706e+02
2.863735893432138369e+02
2.864404275934340944e+02
2.863013066312131514e+02
2.864331352395568047e+02
2.865542527396609671e+02
2.864383054635989083e+02
2.865274507588639494e+02
2.864384925904994930e+02
2.865715634621057575e+02
2.866039793840042762e+02
2.865342231551052237e+02
2.866296398196626569e+02
2.866980461895439589e+02
2.865693494691821570e+02
2.865816573729519519e+02
2.865489130381208156e+02
2.865718570057742340e+02
2.865516392749881334e+02
2.863810489149496448e+02
2.864791228209003862e+02
2.865052946247647583e+02
2.865677991598734025e+02
2.864737759781760360e+02
2.865721508815259426e+02
2.867216963164821664e+02
2.865794319041865492e+02
2.864326483511700303e+02
2.863456093689416093e+02
2.864545693016110590e+02
2.865020340963641274e+02
2.864803770912396317e+02
2.864611581800152749e+02
2.864862244094343851e+02
2.864930952497158501e+02
2.865503684009506173e+02
2.864296879104713867e+02
2.864642069492796850e+02
2.864726445774933268e+02
2.864286821363039053e+02
2.864756019267437637e+02
2.863487408603292010e+02
2.864586011477418310e+02
2.865376484787397544e+02
2.865739281185649929e+02
2.864712694684875487e+02
2.865240031195815504e+02
2.866335236323686217e+02
2.864833525171800375e+02
2.866513542780361945e+02
2.868110989320721274e+02
2.866117500550181489e+02
2.866026166026200599e+02
2.865732066572448957e+02
2.865647277289204453e+02
2.866003719012834949e+02
2.866936496911627046e+02
2.867858767800308328e+02
2.865436300839120918e+02
2.864988037942343340e+02
2.865023463166624538e+02
2.865588118616956876e+02
2.865715174341901843e+02
2.865983780757517252e+02
2.867578255315929709e+02
2.866800043634491431e+02
2.866950165237871602e+02
2.864922933562276626e+02
2.864399752338790108e+02
2.865961744425808320e+02
2.865843311846787742e+02
2.865615969897268656e+02
2.865840536357298447e+02
2.866242871922891027e+02
2.865010415403207844e+02
2.865936431484574882e+02
2.866695088100272528e+02
2.865702867612708360e+02
2.864572103423609519e+02
2.864782999786998516e+02
2.864679451778936823e+02
2.864951006324247942e+02
2.865351519323312459e+02
2.864872919435048289e+02
2.864791522212854034e+02
2.865115445430975569e+02
2.865818352620531755e+02
2.868490379738731804e+02
2.866603458660101182e+02
2.864664381948450114e+02
2.865458105253765666e+02
2.864634059646476203e+02
2.865643360228497158e+02
2.865917919713760398e+02
2.863600901808344474e+02
2.865172809267988328e+02
2.864142997012555725e+02
2.863583722053926977e+02
2.864216334191747251e+02
2.865032236238073438e+02
2.865704103772736744e+02
2.864543347149561328e+02
2.864968383404078622e+02
2.865422343666848519e+02
2.866854660286504668e+02
2.867103889773823653e+02
2.864037636534529270e+02
2.864136194952586152e+02
2.865463408269430374e+02
2.864766962509801829e+02
2.864479565840178452e+02
2.865124920726701703e+02
2.865731588278605955e+02
2.866203707516942245e+02
2.866235489860706025e+02
2.865948773828770300e+02
2.867237582118623322e+02
2.867996640972327782e+02
2.866703972016582611e+02
2.864913480950651774e+02
2.865953562672894464e+02
2.866011381855179820e+02
2.865608207712630247e+02
2.864951965651284240e+02
2.865700116625959595e+02
2.866462686170565917e+02
2.866749042334733417e+02
2.867395487469649993e+02
2.865286220602133085e+02
2.865901620503780691e+02
2.865669387123413685e+02
2.865136770142259479e+02
2.865469943508156234e+02
2.866073841720536279e+02
2.865627434573702317e+02
2.865331437045635425e+02
2.866523657073226445e+02
2.866121959856944272e+02
2.865689769630707247e+02
2.866076274667144617e+02
2.865357006035752647e+02
2.865428407772226365e+02
2.866272420889698651e+02
2.865611725083600732e+02
2.865120358201809836e+02
2.864405480219274409e+02
2.864676222059802626e+02
2.862998894503796805e+02
2.863250498190920439e+02
2.863341712820845828e+02
2.864071888810438509e+02
2.863667776481687497e+02
2.864579249223525608e+02
2.863994736310665417e+02
2.863753357424000683e+02
2.863077317957933019e+02
2.866167420454012813e+02
2.866111245552560831e+02
2.866829180491229749e+02
2.866380077655128957e+02
2.865187559862459352e+02
2.865068944019185437e+02
2.864725268690355051e+02
2.864350467926355464e+02
2.863845520134852336e+02
2.864309808365721892e+02
2.865209194274328297e+02
2.863661118125696703e+02
2.864246499709417435e+02
2.866534965926340419e+02
2.865633459331957624e+02
2.865644508301077735e+02
2.865223611778714030e+02
2.863606926059738385e+02
2.864949994332203573e+02
2.864486301363428424e+02
2.864675857347944543e+02
2.864995905804870517e+02
2.864650365600925284e+02
2.864588280430921827e+02
2.864483255276354043e+02
2.864674929482402490e+02
2.865253590465037519e+02
2.863657085474837345e+02
2.864320103459826328e+02
2.865275619835755947e+02
2.864455669257771433e+02
2.865046347482550573e+02
2.865034315083339038e+02
2.865726905349694675e+02
2.865924082121533161e+02
2.864394274507117757e+02
2.865581056248200298e+02
2.863333734056205344e+02
2.863913124728558728e+02
2.863855152085828877e+02
2.863723107139581430e+02
2.864008016970786912e+02
2.864431087371509079e+02
2.865208721769113822e+02
2.865347196613501524e+02
2.864811797874987747e+02
2.865470292918838027e+02
2.864637579524030002e+02
2.865103008498919621e+02
2.864690406512320919e+02
2.865327421825713259e+02
2.865123071703680466e+02
2.865621235760883110e+02
2.866734787860419260e+02
2.866265888458947302e+02
2.867077904647258038e+02
2.866675383773716135e+02
2.865411373103964365e+02
2.864453797730579936e+02
2.865427063894827029e+02
2.866731975114015540e+02
2.864918202439383776e+02
2.866083575944812765e+02
2.864148140735046582e+02
2.863603953508691689e+02
2.864480168684161754e+02
2.864241776195839861e+02
2.865283086571855051e+02
2.864564835135768703e+02
2.865020630804543202e+02
2.865211020853216723e+02
2.863773141247209537e+02
2.864808616658247615e+02
2.865910523960648675e+02
2.864240202274575608e+02
2.864213501632945622e+02
2.864590898214146364e+02
2.863839682890596237e+02
2.864221363238696654e+02
2.864408940039984373e+02
2.866043578889705827e+02
2.864546630043711843e+02
2.864823529008893956e+02
2.865435586592682853e+02
