2.871104000405582610e+02
2.871717752285562142e+02
2.870646608750303130e+02
2.869625328201889829e+02
2.871297676192087920e+02
2.871440564938961302e+02
2.871116828828856455e+02
2.871134445268948525e+02
2.871826457216434392e+02
2.872294619673212424e+02
2.870669513495053025e+02
2.871598639781037150e+02
2.869347315583627278e+02
2.870471978383241662e+02
2.871185355152318266e+02
2.870551614347261307e+02
2.871920443467549831e+02
2.872916412360801246e+02
2.871795547269779263e+02
2.869760705732873589e+02
2.869039813262564280e+02
2.870288319489478681e+02
2.872136576711770886e+02
2.869972697315004666e+02
2.868632094495032447e+02
2.870680612420651414e+02
2.871195894529993780e+02
2.871677470246233952e+02
2.869686370415913643e+02
2.868747683221380953e+02
2.868826474782543414e+02
2.870366075866461983e+02
2.869099500302822321e+02
2.869321233806035139e+02
2.866878575178482151e+02
2.866963416448296016e+02
2.867410114413748943e+02
2.867993587483477995e+02
2.868687615820533665e+02
2.869378082078995362e+02
2.868951264824636951e+02
2.869652390628604621e+02
2.868739045503838838e+02
2.869836210704583550e+02
2.869372730667645328e+02
2.869459008870367143e+02
2.870645779677223004e+02
2.870538459305067249e+02
2.871771220338624175e+02
2.870609227698718655e+02
2.870087420869692210e+02
2.870561370427966494e+02
2.869910655879053820e+02
2.867441999013401528e+02
2.868624364906403343e+02
2.870460449658050379e+02
2.869325795094845262e+02
2.869622472960857635e+02
2.870459378957000922e+02
2.871140857633085943e+02
2.871031502940354585e+02
2.870110187830837845e+02
2.868989918908150116e+02
2.868180224328793884e+02
2.868015531518059902e+02
2.868497860239972965e+02
2.870382922437732418e+02
2.870060539050122088e+02
2.871731692746147360e+02
2.869865545836036631e+02
2.869806550571959747e+02
2.869997496259183549e+02
2.869218670853745721e+02
2.869075189449831669e+02
2.870603356561709916e+02
2.871374282059412621e+02
2.869096737797601122e+02
2.869440969770233210e+02
2.871810815586251806e+02
2.871383093663267232e+02
2.872639201194235739e+02
2.872242148372490078e+02
2.871645763139841279e+02
2.870582574614724649e+02
2.869977549137545907e+02
2.869710212923816357e+02
2.870604191790752111e+02
2.871425770414829231e+02
2.871072488529707130e+02
2.871560920714069312e+02
2.871361187715494339e+02
2.870313145719064210e+02
2.869931264545794534e+02
2.871128785144919107e+02
2.872006782497769564e+02
2.871221105094053314e+02
2.872517423496719289e+02
2.873233107831410393e+02
2.871184645071111277e+02
2.872415266768733773e+02
2.870248495291742756e+02
2.870474090027009311e+02
2.871727920734255690e+02
2.871122118003718242e+02
2.870323253204349498e+02
2.871718108993119927e+02
2.873368923980353884e+02
2.873963644618227704e+02
2.874072228704578720e+02
2.871975171019404343e+02
2.870322891029570087e+02
2.871276130725649978e+02
2.871710504613910757e+02
2.869577748760621603e+02
2.869560083733327929e+02
2.869967212309882711e+02
2.869326602956186321e+02
2.869785579404202167e+02
2.871001899753332509e+02
2.870837894897429692e+02
2.870521660303250542e+02
2.869770283153446258e+02
2.871105312559052436e+02
2.871897711112889056e+02
2.872459913299741743e+02
2.870237456025486154e+02
2.871169882558016297e+02
2.872203454268046130e+02
2.873354582314622689e+02
2.872977447791233203e+02
2.874157679061152635e+02
2.872225913146361904e+02
2.870667212185946937e+02
2.869777068785591041e+02
2.871764651137733040e+02
2.871454156113938438e+02
2.872240173757561479e+02
2.872529680600885627e+02
2.872415305797485416e+02
2.873728426505186917e+02
2.872340927733854983e+02
2.871532690624812290e+02
2.870641460276237922e+02
2.869857406590895721e+02
2.870564949156614034e+02
2.871409234028215565e+02
2.872391881430538092e+02
2.873509396217889957e+02
2.873379586167346247e+02
2.874027007990881089e+02
2.875460787954792181e+02
2.876584719129876362e+02
2.877548622227537294e+02
2.876590284790037799e+02
2.877387343429774660e+02
2.877641273371141324e+02
2.879141857596236491e+02
2.877525960146564898e+02
2.878215653096690971e+02
2.877757190436877295e+02
2.876714094013689760e+02
2.878523360752858480e+02
2.881491640226537925e+02
2.880035402825583333e+02
2.879582421665006677e+02
