2006 01   0.00 0.0585 0.0596 285.43 285.00
2006 02   0.00 0.0631 0.0666 285.35 285.18
2006 03   0.00 0.0683 0.0714 286.10 286.05
2006 04   0.00 0.0690 0.0696 287.07 286.93
2006 05   0.00 0.0739 0.0780 287.87 287.99
2006 06   0.00 0.0762 0.0791 288.54 288.67
2006 07   0.00 0.0773 0.0794 288.93 289.06
2006 08   0.00 0.0766 0.0784 288.78 288.85
2006 09   0.00 0.0683 0.0691 288.07 288.14
2006 10   0.00 0.0630 0.0647 286.98 286.97
2006 11   0.00 0.0563 0.0606 285.96 285.85
2006 12   0.00 0.0569 0.0594 285.25 285.40
2007 01   0.00 0.0572 0.0593 285.18 285.40
2007 02   0.00 0.0633 0.0664 285.35 285.40
2007 03   0.00 0.0678 0.0690 286.01 286.20
2007 04   0.00 0.0688 0.0713 286.82 286.90
2007 05   0.00 0.0740 0.0788 287.78 287.94
2007 06   0.00 0.0773 0.0796 288.34 288.52
2007 07   0.00 0.0761 0.0782 288.86 288.93
2007 08   0.00 0.0756 0.0781 288.77 288.86
2007 09   0.00 0.0697 0.0696 287.94 288.08
2007 10   0.00 0.0627 0.0650 286.85 286.86
2007 11   0.00 0.0557 0.0600 286.12 285.72
2007 12   0.00 0.0563 0.0599 285.33 285.22
2008 01   0.00 0.0578 0.0591 284.87 285.29
2008 02   0.00 0.0639 0.0659 285.26 285.41
2008 03   0.00 0.0683 0.0715 285.91 286.12
2008 04   0.00 0.0666 0.0687 286.86 286.87
2008 05   0.00 0.0743 0.0770 287.89 287.85
2008 06   0.00 0.0774 0.0792 288.50 288.49
2008 07   0.00 0.0755 0.0771 288.71 288.74
2008 08   0.00 0.0766 0.0790 288.87 288.75
2008 09   0.00 0.0693 0.0700 288.15 288.05
2008 10   0.00 0.0619 0.0654 286.96 287.03
2008 11   0.00 0.0577 0.0587 285.93 286.08
2008 12   0.00 0.0581 0.0600 285.38 285.39
2009 01   0.00 0.0590 0.0619 285.38 285.13
2009 02   0.00 0.0648 0.0678 285.59 285.47
2009 03   0.00 0.0690 0.0702 286.23 286.22
2009 04   0.00 0.0678 0.0699 287.35 287.19
2009 05   0.00 0.0760 0.0796 288.05 287.93
2009 06   0.00 0.0812 0.0802 288.67 288.49
2009 07   0.00 0.0779 0.0806 288.97 288.92
2009 08   0.00 0.0750 0.0782 288.73 288.82
2009 09   0.00 0.0674 0.0716 288.16 288.06
2009 10   0.00 0.0619 0.0656 287.13 286.93
2009 11   0.00 0.0571 0.0605 286.04 286.07
2009 12   0.00 0.0563 0.0607 285.27 285.48
2010 01   0.00 0.0566 0.0592 285.44 285.46
2010 02   0.00 0.0620 0.0664 285.64 285.45
2010 03   0.00 0.0699 0.0703 285.95 286.41
2010 04   0.00 0.0693 0.0707 287.09 287.12
2010 05   0.00 0.0762 0.0781 288.10 287.97
2010 06   0.00 0.0779 0.0794 288.66 288.59
2010 07   0.00 0.0786 0.0782 289.04 289.04
2010 08   0.00 0.0770 0.0755 288.85 288.85
2010 09   0.00 0.0692 0.0703 288.29 288.20
2010 10   0.00 0.0647 0.0646 287.34 287.10
2010 11   0.00 0.0584 0.0599 286.28 285.94
2010 12   0.00 0.0576 0.0594 285.58 285.28
2011 01   0.00 0.0595 0.0612 285.28 285.27
2011 02   0.00 0.0657 0.0665 285.47 285.63
2011 03   0.00 0.0681 0.0697 286.25 286.17
2011 04   0.00 0.0683 0.0712 287.14 287.15
2011 05   0.00 0.0754 0.0770 288.03 287.92
2011 06   0.00 0.0797 0.0801 288.52 288.65
2011 07   0.00 0.0772 0.0824 288.98 288.91
2011 08   0.00 0.0759 0.0811 288.73 288.90
2011 09   0.00 0.0691 0.0734 288.14 288.21
2011 10   0.00 0.0620 0.0639 287.04 287.10
2011 11   0.00 0.0567 0.0599 286.05 286.24
2011 12   0.00 0.0577 0.0602 285.35 285.48
2012 01   0.00 0.0577 0.0600 285.25 285.47
2012 02   0.00 0.0646 0.0647 285.45 285.77
2012 03   0.00 0.0690 0.0697 285.94 286.36
2012 04   0.00 0.0677 0.0695 286.75 287.32
2012 05   0.00 0.0726 0.0769 287.83 288.09
2012 06   0.00 0.0775 0.0794 288.61 288.54
2012 07   0.00 0.0766 0.0779 288.81 288.95
2012 08   0.00 0.0759 0.0753 288.79 288.78
2012 09   0.00 0.0681 0.0672 288.15 288.10
2012 10   0.00 0.0625 0.0625 287.07 287.16
2012 11   0.00 0.0577 0.0574 286.08 286.04
2012 12   0.00 0.0573 0.0583 285.35 285.53
2013 01   0.00 0.0584 0.0583 285.06 285.68
2013 02   0.00 0.0619 0.0625 285.62 285.70
2013 03   0.00 0.0688 0.0652 286.30 286.30
2013 04   0.00 0.0682 0.0657 287.01 287.00
2013 05   0.00 0.0736 0.0723 287.94 287.90
2013 06   0.00 0.0759 0.0763 288.49 288.52
2013 07   0.00 0.0752 0.0762 288.86 288.90
2013 08   0.00 0.0743 0.0742 288.76 288.89
2013 09   0.00 0.0655 0.0679 288.16 288.15
2013 10   0.00 0.0628 0.0599 287.02 287.11
2013 11   0.00 0.0579 0.0561 286.00 285.89
2013 12   0.00 0.0570 0.0571 285.45 285.36
2014 01   0.00 0.0577 0.0565 285.28 285.31
2014 02   0.00 0.0644 0.0632 285.55 285.46
2014 03   0.00 0.0678 0.0680 286.31 286.12
2014 04   0.00 0.0676 0.0681 287.21 287.01
2014 05   0.00 0.0744 0.0760 288.10 287.99
2014 06   0.00 0.0750 0.0761 288.65 288.47
2014 07   0.00 0.0752 0.0741 289.00 288.90
2014 08   0.00 0.0731 0.0739 288.92 288.75
2014 09   0.00 0.0681 0.0681 288.23 288.25
2014 10   0.00 0.0625 0.0608 287.14 287.05
2014 11   0.00 0.0574 0.0579 286.08 286.01
2014 12   0.00 0.0566 0.0576 285.65 285.27
2015 01   0.00 0.0579 0.0567 285.41 285.23
2015 02   0.00 0.0636 0.0629 285.61 285.67
2015 03   0.00 0.0682 0.0671 285.99 286.20
2015 04   0.00 0.0660 0.0651 287.21 287.08
2015 05   0.00 0.0742 0.0730 288.03 288.12
2015 06   0.00 0.0774 0.0751 288.64 288.55
2015 07   0.00 0.0752 0.0751 289.07 288.83
2015 08   0.00 0.0737 0.0735 288.76 288.74
2015 09   0.00 0.0668 0.0668 288.11 288.23
2015 10   0.00 0.0606 0.0623 287.01 287.17
2015 11   0.00 0.0571 0.0574 286.04 286.01
2015 12   0.00 0.0552 0.0574 285.42 285.43
2016 01   0.00 0.0572 0.0577 285.02 285.23
2016 02   0.00 0.0627 0.0642 285.34 285.63
2016 03   0.00 0.0670 0.0672 286.09 286.27
2016 04   0.00 0.0665 0.0664 286.99 287.35
2016 05   0.00 0.0749 0.0708 288.03 288.13
2016 06   0.00 0.0792 0.0776 288.53 288.80
2016 07   0.00 0.0758 0.0775 288.96 289.16
2016 08   0.00 0.0742 0.0729 288.80 289.06
2016 09   0.00 0.0670 0.0662 288.14 288.30
2016 10   0.00 0.0613 0.0628 287.09 287.32
2016 11   0.00 0.0554 0.0561 286.28 286.22
2016 12   0.00 0.0556 0.0566 285.66 285.63
2017 01   0.00 0.0575 0.0578 285.38 285.51
2017 02   0.00 0.0625 0.0631 285.51 285.50
2017 03   0.00 0.0656 0.0669 286.31 286.32
2017 04   0.00 0.0653 0.0674 287.07 287.29
2017 05   0.00 0.0733 0.0754 287.99 288.17
2017 06   0.00 0.0771 0.0798 288.59 288.82
2017 07   0.00 0.0777 0.0773 289.02 289.16
2017 08   0.00 0.0736 0.0755 288.90 289.05
2017 09   0.00 0.0666 0.0660 288.19 288.33
2017 10   0.00 0.0584 0.0613 287.07 287.25
2017 11   0.00 0.0540 0.0578 286.14 286.27
2017 12   0.00 0.0559 0.0568 285.45 285.59
2018 01   0.00 0.0560 0.0582 285.32 285.15
2018 02   0.00 0.0628 0.0619 285.41 285.49
2018 03   0.00 0.0665 0.0658 286.14 286.20
2018 04   0.00 0.0664 0.0673 287.14 287.14
2018 05   0.00 0.0722 0.0731 288.00 287.93
2018 06   0.00 0.0762 0.0752 288.64 288.61
2018 07   0.00 0.0770 0.0741 289.04 289.02
2018 08   0.00 0.0727 0.0721 288.80 288.98
2018 09   0.00 0.0659 0.0643 288.21 288.33
2018 10   0.00 0.0615 0.0602 287.16 287.24
2018 11   2.41 0.0666 0.0563 286.08 285.97
2018 12   7.84 0.0856 0.0571 285.44 285.57
2019 01  13.26 0.1038 0.0569 285.34 285.28
2019 02  19.58 0.1318 0.0631 285.40 285.57
2019 03  25.70 0.1495 0.0658 286.06 286.08
2019 04  23.62 0.1463 0.0655 287.02 287.18
2019 05  21.92 0.1473 0.0747 287.97 288.10
2019 06  20.36 0.1446 0.0771 288.56 288.85
2019 07  19.15 0.1426 0.0760 288.79 289.15
2019 08  18.22 0.1377 0.0722 288.76 289.12
2019 09  17.31 0.1255 0.0648 287.98 288.22
2019 10  16.32 0.1153 0.0611 287.03 287.43
2019 11  15.18 0.1046 0.0575 286.12 286.39
2019 12  14.06 0.1023 0.0573 285.60 285.64
2020 01  12.82 0.1001 0.0579 285.17 285.45
2020 02  11.67 0.1021 0.0640 285.38 285.90
2020 03  10.46 0.1031 0.0641 286.04 286.50
2020 04   9.43 0.0982 0.0656 286.92 287.51
2020 05  10.48 0.1088 0.0745 287.79 288.41
2020 06  13.92 0.1231 0.0766 288.59 288.74
2020 07  17.78 0.1356 0.0741 288.70 289.11
2020 08  22.12 0.1476 0.0714 288.75 289.13
2020 09  26.33 0.1511 0.0642 287.98 288.37
2020 10  23.93 0.1383 0.0562 286.84 287.26
2020 11  21.89 0.1279 0.0549 285.79 286.18
2020 12  20.07 0.1201 0.0559 285.18 285.62
2021 01  18.55 0.1176 0.0569 285.05 285.27
2021 02  17.20 0.1202 0.0624 285.22 285.77
2021 03  16.00 0.1218 0.0622 286.00 286.56
2021 04  14.73 0.1152 0.0633 286.93 287.41
2021 05  13.56 0.1182 0.0713 287.77 288.19
2021 06  12.40 0.1174 0.0760 288.49 288.78
2021 07  11.04 0.1103 0.0733 288.70 289.21
2021 08   9.99 0.1074 0.0718 288.64 289.04
2021 09   8.91 0.0972 0.0636 287.95 288.40
2021 10   8.01 0.0879 0.0588 286.91 287.29
2021 11   7.24 0.0800 0.0557 285.88 286.23
2021 12   6.43 0.0766 0.0562 285.19 285.52
2022 01   5.96 0.0779 0.0566 285.02 285.43
2022 02   5.30 0.0815 0.0618 285.28 285.68
2022 03   4.68 0.0822 0.0636 286.07 286.46
2022 04   4.07 0.0787 0.0634 287.02 287.36
2022 05   3.51 0.0845 0.0725 287.93 288.26
2022 06   3.04 0.0866 0.0742 288.61 288.80
2022 07   2.59 0.0839 0.0742 288.90 289.25
2022 08   2.09 0.0795 0.0716 288.87 289.13
2022 09   1.71 0.0694 0.0647 288.22 288.48
2022 10   1.31 0.0632 0.0604 287.20 287.42
2022 11   1.10 0.0602 0.0559 286.06 286.26
2022 12   0.89 0.0588 0.0551 285.60 285.74
2023 01   0.58 0.0578 0.0559 285.51 285.35
2023 02   0.48 0.0645 0.0614 285.75 285.61
2023 03   0.40 0.0666 0.0648 286.39 286.28
2023 04   0.35 0.0655 0.0653 287.33 287.35
2023 05   0.30 0.0730 0.0706 288.09 288.27
2023 06   0.27 0.0748 0.0738 288.62 288.96
2023 07   0.23 0.0755 0.0720 288.97 289.30
2023 08   0.20 0.0736 0.0713 289.03 289.22
2023 09   0.18 0.0631 0.0625 288.25 288.45
2023 10   0.16 0.0588 0.0582 287.37 287.45
2023 11   0.14 0.0571 0.0559 286.20 286.43
2023 12   0.12 0.0565 0.0555 285.62 285.79
2024 01   0.10 0.0565 0.0559 285.69 285.57
2024 02   0.09 0.0620 0.0623 285.71 285.65
2024 03   0.07 0.0652 0.0634 286.39 286.59
2024 04   0.06 0.0665 0.0623 287.29 287.43
2024 05   0.06 0.0735 0.0704 288.21 288.41
2024 06   0.05 0.0757 0.0744 288.77 288.97
2024 07   0.04 0.0734 0.0728 289.15 289.30
2024 08   0.04 0.0713 0.0712 288.90 289.25
2024 09   0.03 0.0631 0.0633 288.17 288.38
2024 10   0.03 0.0592 0.0594 287.35 287.32
2024 11   0.03 0.0558 0.0545 286.18 286.45
2024 12   0.02 0.0558 0.0562 285.45 285.73
2025 01   0.02 0.0554 0.0576 285.30 285.44
2025 02   0.02 0.0616 0.0643 285.49 285.80
2025 03   0.01 0.0629 0.0640 286.11 286.41
2025 04   0.01 0.0632 0.0637 287.24 287.36
2025 05   0.01 0.0708 0.0715 288.07 288.18
2025 06   0.01 0.0725 0.0746 288.62 288.82
2025 07   0.01 0.0715 0.0745 288.96 289.31
2025 08   0.01 0.0715 0.0715 289.04 289.22
2025 09   0.00 0.0634 0.0636 288.36 288.46
2025 10   0.00 0.0578 0.0573 287.22 287.43
2025 11   0.00 0.0553 0.0547 286.12 286.42
2025 12   0.00 0.0544 0.0559 285.65 285.99
2026 01   0.00 0.0563 0.0564 285.30 285.61
2026 02   0.00 0.0609 0.0610 285.56 285.91
2026 03   0.00 0.0648 0.0674 286.36 286.56
2026 04   0.00 0.0624 0.0629 287.23 287.66
2026 05   0.00 0.0709 0.0700 288.17 288.23
2026 06   0.00 0.0736 0.0706 288.83 288.76
2026 07   0.00 0.0735 0.0729 289.36 289.30
2026 08   0.00 0.0704 0.0702 289.13 289.06
2026 09   0.00 0.0627 0.0636 288.40 288.40
2026 10   0.00 0.0585 0.0576 287.46 287.43
2026 11   0.00 0.0559 0.0543 286.50 286.30
2026 12   0.00 0.0568 0.0544 286.06 285.48
2027 01   0.00 0.0576 0.0562 285.81 285.51
2027 02   0.00 0.0621 0.0612 285.95 285.65
2027 03   0.00 0.0644 0.0640 286.43 286.22
2027 04   0.00 0.0624 0.0635 287.49 287.18
2027 05   0.00 0.0694 0.0681 288.38 288.15
2027 06   0.00 0.0735 0.0709 288.92 288.86
2027 07   0.00 0.0718 0.0705 289.29 289.22
2027 08   0.00 0.0706 0.0703 289.23 289.08
2027 09   0.00 0.0632 0.0613 288.50 288.50
2027 10   0.00 0.0569 0.0569 287.40 287.40
2027 11   0.00 0.0545 0.0546 286.32 286.34
2027 12   0.00 0.0558 0.0556 285.85 285.74
2028 01   0.00 0.0552 0.0555 285.52 285.60
2028 02   0.00 0.0612 0.0602 285.54 285.92
2028 03   0.00 0.0634 0.0635 286.43 286.58
2028 04   0.00 0.0631 0.0628 287.33 287.54
2028 05   0.29 0.0729 0.0674 288.27 288.29
2028 06   0.95 0.0772 0.0730 288.92 289.01
2028 07   1.60 0.0789 0.0710 289.23 289.31
2028 08   2.26 0.0765 0.0695 289.06 289.23
2028 09   2.91 0.0723 0.0626 288.41 288.50
2028 10   2.47 0.0645 0.0581 287.41 287.52
2028 11   2.11 0.0580 0.0556 286.44 286.52
2028 12   1.79 0.0588 0.0568 285.70 285.73
2029 01   1.53 0.0581 0.0561 285.61 285.57
2029 02   1.30 0.0645 0.0600 285.98 285.94
2029 03   1.13 0.0654 0.0601 286.55 286.83
2029 04   0.99 0.0671 0.0611 287.50 287.63
2029 05   0.84 0.0752 0.0682 288.32 288.48
2029 06   0.73 0.0759 0.0705 288.81 289.00
2029 07   0.65 0.0742 0.0713 289.17 289.43
2029 08   0.56 0.0715 0.0694 289.11 289.23
2029 09   0.47 0.0622 0.0621 288.39 288.60
2029 10   0.40 0.0581 0.0580 287.39 287.51
2029 11   0.34 0.0546 0.0547 286.24 286.50
2029 12   0.29 0.0543 0.0549 285.75 285.66
2030 01   0.24 0.0554 0.0547 285.44 285.62
2030 02   0.19 0.0609 0.0617 285.85 285.88
2030 03   0.17 0.0632 0.0601 286.30 286.78
2030 04   0.14 0.0623 0.0615 287.20 287.77
2030 05   0.11 0.0716 0.0697 288.18 288.41
2030 06   0.09 0.0756 0.0693 288.90 288.94
2030 07   0.07 0.0707 0.0696 289.14 289.45
2030 08   0.06 0.0688 0.0681 289.09 289.36
2030 09   0.05 0.0643 0.0611 288.54 288.71
2030 10   0.04 0.0573 0.0571 287.58 287.68
2030 11   0.04 0.0543 0.0550 286.60 286.53
2030 12   0.03 0.0556 0.0567 285.90 285.94
2031 01   0.03 0.0561 0.0558 285.96 285.78
2031 02   0.02 0.0604 0.0614 286.01 286.08
2031 03   0.02 0.0642 0.0615 286.47 286.61
2031 04   0.02 0.0634 0.0624 287.60 287.68
2031 05   0.01 0.0704 0.0680 288.45 288.54
2031 06   0.01 0.0714 0.0713 289.05 289.28
2031 07   0.01 0.0704 0.0696 289.24 289.62
2031 08   0.01 0.0686 0.0678 289.27 289.46
2031 09   0.01 0.0603 0.0614 288.60 288.74
2031 10   0.01 0.0557 0.0567 287.54 287.72
2031 11   0.01 0.0532 0.0541 286.50 286.77
2031 12   0.00 0.0543 0.0543 285.68 285.93
2032 01   0.00 0.0551 0.0551 285.60 286.06
2032 02   0.00 0.0631 0.0611 285.70 285.90
2032 03   0.00 0.0616 0.0624 286.60 286.54
2032 04   0.00 0.0612 0.0619 287.38 287.76
2032 05   0.00 0.0706 0.0701 288.22 288.59
2032 06   0.00 0.0712 0.0697 288.91 289.24
2032 07   0.00 0.0698 0.0699 289.21 289.67
2032 08   0.00 0.0689 0.0676 289.20 289.46
2032 09   0.00 0.0600 0.0615 288.55 288.71
2032 10   0.00 0.0570 0.0564 287.42 287.79
2032 11   0.00 0.0546 0.0548 286.46 286.90
2032 12   0.00 0.0561 0.0546 285.82 286.19
2033 01   0.00 0.0549 0.0551 285.57 286.12
2033 02   0.00 0.0608 0.0610 286.04 286.18
2033 03   0.00 0.0634 0.0616 286.56 286.88
2033 04   0.00 0.0599 0.0614 287.71 287.95
2033 05   0.00 0.0674 0.0680 288.68 288.73
2033 06   0.00 0.0712 0.0737 289.21 289.42
2033 07   0.00 0.0697 0.0704 289.45 289.73
2033 08   0.00 0.0679 0.0678 289.37 289.55
2033 09   0.00 0.0611 0.0606 288.73 288.97
2033 10   0.00 0.0558 0.0585 287.74 288.10
2033 11   0.00 0.0528 0.0552 286.46 287.02
2033 12   0.00 0.0542 0.0556 285.77 286.43
2034 01   0.00 0.0539 0.0559 285.85 286.29
2034 02   0.00 0.0607 0.0601 286.06 286.50
2034 03   0.00 0.0625 0.0611 286.82 287.04
2034 04   0.00 0.0619 0.0616 287.67 288.01
2034 05   0.00 0.0682 0.0673 288.53 288.95
2034 06   0.00 0.0698 0.0699 289.04 289.45
2034 07   0.00 0.0692 0.0682 289.51 289.67
2034 08   0.00 0.0688 0.0673 289.50 289.54
2034 09   0.00 0.0624 0.0593 288.83 288.83
2034 10   0.00 0.0572 0.0556 287.81 288.00
2034 11   0.00 0.0524 0.0535 286.68 286.95
2034 12   0.00 0.0544 0.0544 286.01 286.21
2035 01   0.00 0.0547 0.0538 286.01 285.96
2035 02   0.00 0.0579 0.0596 286.28 286.06
2035 03   0.00 0.0592 0.0619 287.03 286.71
2035 04   0.00 0.0593 0.0605 287.85 287.67
2035 05   0.00 0.0675 0.0675 288.73 288.58
2035 06   0.00 0.0683 0.0666 289.27 289.24
2035 07   0.00 0.0684 0.0676 289.73 289.71
2035 08   0.00 0.0674 0.0668 289.60 289.49
2035 09   0.00 0.0610 0.0607 289.00 288.75
2035 10   0.00 0.0560 0.0558 288.02 287.83
2035 11   0.00 0.0558 0.0543 286.95 286.77
2035 12   0.00 0.0553 0.0541 286.35 286.07
2036 01   0.00 0.0551 0.0539 286.20 285.85
2036 02   0.00 0.0563 0.0575 286.39 286.12
2036 03   0.00 0.0608 0.0610 286.80 286.67
2036 04   0.00 0.0604 0.0602 287.89 287.80
2036 05   0.00 0.0682 0.0676 288.64 288.64
2036 06   0.00 0.0709 0.0679 289.10 289.23
2036 07   0.00 0.0694 0.0702 289.48 289.71
2036 08   0.00 0.0658 0.0698 289.34 289.66
2036 09   0.00 0.0601 0.0607 288.64 288.81
2036 10   0.00 0.0561 0.0557 287.74 287.90
2036 11   0.00 0.0543 0.0542 286.78 286.78
2036 12   0.00 0.0531 0.0538 285.96 286.35
2037 01   0.00 0.0537 0.0535 285.74 286.20
2037 02   0.00 0.0605 0.0590 286.05 286.40
2037 03   0.00 0.0603 0.0606 286.87 286.97
2037 04   0.00 0.0608 0.0613 287.56 287.99
2037 05   0.00 0.0661 0.0659 288.41 288.70
2037 06   0.00 0.0693 0.0696 289.04 289.37
2037 07   0.00 0.0675 0.0674 289.43 289.75
2037 08   0.00 0.0656 0.0662 289.35 289.57
2037 09   0.00 0.0600 0.0600 288.61 288.86
2037 10   0.00 0.0556 0.0554 287.51 287.81
2037 11   0.00 0.0535 0.0529 286.48 286.81
2037 12   0.00 0.0540 0.0523 285.95 286.15
2038 01   0.00 0.0545 0.0537 285.64 285.87
2038 02   0.00 0.0593 0.0585 285.81 286.13
2038 03   0.00 0.0609 0.0594 286.65 286.82
2038 04   0.00 0.0608 0.0590 287.61 287.58
2038 05   0.00 0.0672 0.0659 288.48 288.64
2038 06   0.00 0.0686 0.0687 289.13 289.25
2038 07   0.00 0.0685 0.0660 289.54 289.61
2038 08   0.00 0.0669 0.0664 289.49 289.57
2038 09   0.00 0.0596 0.0612 288.85 288.80
2038 10   0.00 0.0572 0.0557 287.79 287.71
2038 11   0.62 0.0550 0.0545 286.56 286.60
2038 12   2.02 0.0643 0.0541 285.95 286.06
2039 01   4.12 0.0709 0.0533 286.05 286.06
2039 02   7.09 0.0861 0.0603 286.04 286.29
2039 03  10.07 0.0906 0.0607 286.79 286.85
2039 04  10.71 0.0849 0.0597 287.73 287.86
2039 05  11.51 0.0897 0.0665 288.60 288.69
2039 06   9.78 0.0851 0.0685 289.27 289.26
2039 07   8.35 0.0835 0.0680 289.74 289.56
2039 08   7.10 0.0872 0.0660 289.52 289.48
2039 09   6.10 0.0837 0.0590 288.79 288.75
2039 10   5.25 0.0752 0.0551 287.71 287.89
2039 11   4.53 0.0722 0.0532 286.84 286.77
2039 12   3.94 0.0706 0.0533 286.14 286.06
2040 01   3.43 0.0695 0.0535 286.03 285.84
2040 02   2.96 0.0718 0.0572 286.35 286.17
2040 03   2.58 0.0697 0.0612 286.71 286.73
2040 04   2.21 0.0651 0.0581 287.72 287.74
2040 05   1.86 0.0691 0.0661 288.69 288.59
2040 06   1.57 0.0703 0.0677 289.33 289.32
2040 07   1.31 0.0683 0.0668 289.69 289.68
2040 08   1.10 0.0671 0.0658 289.63 289.50
2040 09   0.92 0.0635 0.0605 288.99 288.75
2040 10   0.76 0.0590 0.0545 288.03 287.91
2040 11   0.64 0.0562 0.0518 286.77 286.86
2040 12   0.53 0.0562 0.0532 286.40 286.16
2041 01   0.43 0.0553 0.0527 285.96 286.13
2041 02   0.36 0.0585 0.0581 286.14 286.38
2041 03   0.29 0.0622 0.0621 286.59 286.69
2041 04   0.25 0.0603 0.0611 287.77 287.72
2041 05   0.21 0.0670 0.0655 288.66 288.69
2041 06   0.18 0.0715 0.0703 289.29 289.27
2041 07   0.15 0.0681 0.0686 289.55 289.63
2041 08   0.13 0.0656 0.0648 289.41 289.54
2041 09   0.11 0.0586 0.0584 288.84 288.91
2041 10   0.09 0.0557 0.0549 287.80 287.82
2041 11   0.08 0.0526 0.0523 286.88 286.95
2041 12   0.07 0.0528 0.0534 286.23 286.53
2042 01   0.06 0.0537 0.0534 285.81 286.00
2042 02   0.05 0.0597 0.0587 285.87 286.35
2042 03   0.04 0.0611 0.0594 286.42 287.04
2042 04   0.03 0.0579 0.0578 287.53 287.91
2042 05   0.03 0.0667 0.0662 288.54 288.68
2042 06   0.02 0.0693 0.0681 289.28 289.35
2042 07   0.02 0.0644 0.0658 289.57 289.70
2042 08   0.02 0.0650 0.0645 289.41 289.53
2042 09   0.01 0.0589 0.0578 288.72 288.98
2042 10   0.01 0.0547 0.0538 287.87 287.91
2042 11   0.01 0.0523 0.0545 286.92 286.80
2042 12   0.01 0.0530 0.0528 286.48 286.05
2043 01   0.01 0.0520 0.0518 286.25 286.01
2043 02   0.01 0.0596 0.0594 286.43 286.11
2043 03   0.01 0.0607 0.0608 287.08 286.78
2043 04   0.00 0.0579 0.0583 288.00 287.62
2043 05   0.00 0.0664 0.0659 288.86 288.51
2043 06   0.00 0.0671 0.0649 289.48 289.14
2043 07   0.00 0.0635 0.0657 289.74 289.65
2043 08   0.00 0.0651 0.0644 289.59 289.47
2043 09   0.00 0.0575 0.0556 288.79 288.94
2043 10   0.00 0.0550 0.0539 287.91 287.86
2043 11   0.00 0.0530 0.0518 286.90 286.62
2043 12   0.00 0.0530 0.0537 286.37 286.11
2044 01   0.00 0.0523 0.0528 286.13 285.97
2044 02   0.00 0.0656 0.0581 286.34 286.24
2044 03  16.71 0.1303 0.0626 286.96 286.86
2044 04  54.28 0.2418 0.0581 287.47 287.83
2044 05  91.85 0.3690 0.0633 288.14 288.63
2044 06 135.60 0.5025 0.0658 288.64 289.26
2044 07 178.00 0.6095 0.0656 288.70 289.80
2044 08 163.60 0.5860 0.0649 288.41 289.62
2044 09 151.80 0.5454 0.0567 287.71 289.01
2044 10 141.00 0.5057 0.0521 286.63 287.97
2044 11 132.60 0.4655 0.0505 285.52 286.86
2044 12 126.20 0.4388 0.0525 284.80 286.21
2045 01 119.90 0.4241 0.0514 284.65 286.18
2045 02 113.00 0.4154 0.0562 285.13 286.61
2045 03 105.10 0.4004 0.0595 285.49 286.99
2045 04  97.40 0.3712 0.0581 286.52 288.09
2045 05  88.85 0.3443 0.0651 287.36 288.95
2045 06  81.19 0.3212 0.0670 287.89 289.54
2045 07  73.57 0.3035 0.0677 288.28 290.01
2045 08  67.10 0.2889 0.0645 288.07 289.83
2045 09  61.64 0.2800 0.0585 287.58 289.16
2045 10  55.82 0.2419 0.0541 286.53 288.27
2045 11  51.64 0.2168 0.0514 285.30 287.08
2045 12  45.84 0.1954 0.0525 284.83 286.39
2046 01  40.38 0.1799 0.0522 284.82 286.16
2046 02  35.09 0.1729 0.0565 285.18 286.37
2046 03  30.88 0.1644 0.0609 285.81 286.86
2046 04  28.28 0.1532 0.0572 286.87 288.13
2046 05  25.88 0.1513 0.0658 287.76 288.94
2046 06  23.04 0.1485 0.0675 288.31 289.51
2046 07  21.22 0.1387 0.0653 288.60 289.93
2046 08  16.83 0.1268 0.0636 288.65 289.77
2046 09  14.22 0.1093 0.0579 287.99 289.10
2046 10  11.66 0.0913 0.0533 286.78 288.01
2046 11   8.46 0.0778 0.0520 285.76 287.17
2046 12   7.04 0.0728 0.0508 285.27 286.48
2047 01   5.94 0.0686 0.0508 285.25 286.28
2047 02   5.18 0.0739 0.0582 285.54 286.28
2047 03   4.47 0.0765 0.0581 286.14 287.00
2047 04   3.89 0.0722 0.0571 287.20 287.93
2047 05   3.42 0.0788 0.0640 288.03 288.92
2047 06   2.97 0.0799 0.0650 288.69 289.52
2047 07   2.55 0.0754 0.0636 289.06 289.80
2047 08   2.19 0.0715 0.0615 288.88 289.72
2047 09   1.88 0.0639 0.0566 288.26 289.11
2047 10   1.78 0.0600 0.0531 287.43 288.17
2047 11   1.88 0.0594 0.0518 286.28 287.20
2047 12   2.01 0.0611 0.0524 285.49 286.54
2048 01   2.19 0.0610 0.0511 285.61 286.48
2048 02   2.39 0.0658 0.0568 285.69 286.63
2048 03   2.03 0.0663 0.0574 286.48 287.17
2048 04   1.73 0.0633 0.0574 287.54 288.03
2048 05   1.48 0.0698 0.0645 288.37 288.90
2048 06   1.27 0.0714 0.0657 288.91 289.59
2048 07   1.08 0.0685 0.0642 289.29 290.02
2048 08   0.94 0.0661 0.0639 289.15 289.83
2048 09   0.82 0.0612 0.0562 288.59 289.15
2048 10   0.70 0.0552 0.0537 287.48 288.12
2048 11   0.61 0.0537 0.0518 286.37 287.00
2048 12   0.54 0.0538 0.0530 285.84 286.47
2049 01   0.46 0.0534 0.0523 285.54 286.59
2049 02   0.40 0.0593 0.0578 285.66 286.49
2049 03   0.34 0.0598 0.0584 286.43 287.27
2049 04   0.29 0.0585 0.0558 287.40 288.09
2049 05   0.25 0.0645 0.0606 288.28 288.80
2049 06   0.21 0.0656 0.0649 288.92 289.51
2049 07   0.12 0.0649 0.0649 289.36 289.91
2049 08   0.10 0.0639 0.0630 289.26 289.75
2049 09   0.08 0.0571 0.0566 288.61 289.14
2049 10   0.07 0.0544 0.0510 287.36 288.05
2049 11   0.06 0.0520 0.0499 286.34 287.12
2049 12   0.05 0.0527 0.0507 285.88 286.50
2050 01   0.04 0.0517 0.0512 285.80 286.25
2050 02   0.03 0.0588 0.0558 285.74 286.45
2050 03   0.03 0.0586 0.0570 286.51 286.87
2050 04   0.02 0.0580 0.0572 287.52 287.86
2050 05   0.02 0.0643 0.0664 288.35 288.81
2050 06   0.02 0.0655 0.0652 288.86 289.33
2050 07   0.01 0.0634 0.0640 289.33 289.86
2050 08   0.01 0.0639 0.0634 289.23 289.65
2050 09   0.01 0.0562 0.0560 288.50 289.10
2050 10   0.01 0.0517 0.0526 287.52 288.02
2050 11   0.01 0.0503 0.0509 286.48 287.09
2050 12   0.01 0.0521 0.0527 285.87 286.64
2051 01   0.01 0.0525 0.0513 285.68 286.35
2051 02   0.00 0.0570 0.0579 286.02 286.54
2051 03   0.00 0.0584 0.0581 286.50 287.06
2051 04   0.00 0.0569 0.0564 287.32 287.94
2051 05   2.42 0.0739 0.0619 288.29 288.76
2051 06   7.84 0.0928 0.0647 288.95 289.41
2051 07  13.26 0.1116 0.0631 289.39 289.75
2051 08  19.58 0.1279 0.0617 289.14 289.70
2051 09  25.70 0.1392 0.0547 288.70 288.90
2051 10  23.62 0.1321 0.0513 287.64 288.11
2051 11  21.92 0.1216 0.0496 286.60 287.04
2051 12  20.36 0.1178 0.0518 286.09 286.12
2052 01  19.15 0.1168 0.0527 285.93 285.90
2052 02  19.02 0.1226 0.0565 286.23 286.32
2052 03  19.89 0.1248 0.0583 286.69 287.11
2052 04  20.69 0.1265 0.0567 287.47 288.12
2052 05  21.33 0.1388 0.0631 288.38 288.90
2052 06  22.00 0.1428 0.0628 288.79 289.39
2052 07  19.56 0.1363 0.0637 289.26 289.94
2052 08  17.42 0.1241 0.0639 289.02 289.76
2052 09  15.35 0.1101 0.0569 288.50 289.00
2052 10  13.60 0.0977 0.0528 287.61 288.24
2052 11  12.08 0.0862 0.0506 286.60 287.06
2052 12  10.66 0.0826 0.0511 285.99 286.36
2053 01   9.75 0.0809 0.0510 285.74 286.50
2053 02   8.58 0.0854 0.0552 286.21 286.46
2053 03   7.53 0.0848 0.0558 286.79 286.94
2053 04   6.59 0.0804 0.0550 287.50 287.93
2053 05   5.69 0.0825 0.0609 288.39 288.79
2053 06   4.88 0.0810 0.0648 288.96 289.47
2053 07   4.14 0.0768 0.0660 289.44 289.82
2053 08   3.37 0.0740 0.0634 289.32 289.76
2053 09   2.78 0.0647 0.0564 288.57 289.16
2053 10   2.16 0.0576 0.0541 287.50 288.02
2053 11   1.80 0.0555 0.0517 286.62 287.04
2053 12   1.48 0.0544 0.0511 285.82 286.50
2054 01   1.03 0.0548 0.0507 285.61 286.05
2054 02   0.84 0.0591 0.0559 285.85 286.23
2054 03   0.69 0.0590 0.0578 286.60 286.85
2054 04   0.59 0.0576 0.0539 287.48 287.89
2054 05   0.51 0.0620 0.0605 288.23 288.73
2054 06   0.44 0.0647 0.0633 289.03 289.49
2054 07   0.38 0.0641 0.0619 289.40 289.96
2054 08   0.33 0.0635 0.0618 289.17 289.76
2054 09   0.29 0.0562 0.0548 288.63 289.22
2054 10   0.25 0.0530 0.0523 287.54 288.24
2054 11   0.21 0.0504 0.0501 286.52 286.98
2054 12   0.83 0.0552 0.0517 285.92 286.49
2055 01   2.27 0.0589 0.0524 285.77 286.54
2055 02   3.70 0.0700 0.0561 286.03 286.42
2055 03   5.38 0.0786 0.0579 286.57 287.02
2055 04   7.00 0.0802 0.0560 287.42 287.99
2055 05   6.43 0.0849 0.0622 288.23 288.93
2055 06   5.97 0.0821 0.0621 289.07 289.58
2055 07   5.54 0.0803 0.0615 289.47 289.85
2055 08   5.20 0.0793 0.0623 289.35 289.87
2055 09   4.95 0.0727 0.0557 288.69 289.11
2055 10   4.69 0.0667 0.0515 287.67 288.10
2055 11   4.42 0.0664 0.0487 286.54 287.12
2055 12   4.11 0.0664 0.0505 286.06 286.30
2056 01   3.81 0.0644 0.0511 285.95 286.17
2056 02   3.47 0.0675 0.0569 286.17 286.43
2056 03   3.16 0.0682 0.0579 286.79 286.93
2056 04   2.83 0.0647 0.0554 287.81 287.92
2056 05   2.55 0.0686 0.0651 288.44 288.93
2056 06   2.31 0.0703 0.0649 289.16 289.50
2056 07   2.05 0.0695 0.0629 289.64 289.97
2056 08   1.90 0.0680 0.0628 289.44 289.85
2056 09   1.69 0.0627 0.0558 288.76 289.16
2056 10   1.49 0.0572 0.0519 287.67 288.22
2056 11   1.29 0.0534 0.0496 286.73 287.25
2056 12   1.11 0.0550 0.0516 285.92 286.52
2057 01   0.96 0.0532 0.0514 285.80 286.34
2057 02   0.82 0.0574 0.0535 286.00 286.77
2057 03   0.66 0.0588 0.0583 286.92 287.20
2057 04   0.54 0.0589 0.0578 287.81 288.05
2057 05   1.65 0.0672 0.0615 288.58 288.91
2057 06   4.37 0.0841 0.0637 289.22 289.51
2057 07   7.09 0.0954 0.0617 289.67 289.90
2057 08   9.78 0.0996 0.0598 289.55 289.82
2057 09  12.53 0.0942 0.0545 288.96 289.11
2057 10  10.64 0.0806 0.0504 287.94 287.99
2057 11   9.08 0.0689 0.0481 287.02 286.98
2057 12   7.72 0.0643 0.0493 286.36 286.53
2058 01   6.60 0.0637 0.0493 286.23 286.28
2058 02   5.62 0.0712 0.0545 286.53 286.38
2058 03   4.87 0.0727 0.0554 286.80 287.16
2058 04   4.26 0.0716 0.0553 287.99 287.97
2058 05   3.64 0.0788 0.0585 288.82 288.79
2058 06   3.16 0.0782 0.0611 289.32 289.49
2058 07   2.81 0.0732 0.0610 289.71 289.85
2058 08   2.43 0.0699 0.0604 289.71 289.79
2058 09   2.04 0.0616 0.0547 288.87 289.01
2058 10   1.72 0.0545 0.0513 287.85 288.03
2058 11   1.45 0.0517 0.0489 286.78 286.95
2058 12   1.24 0.0520 0.0509 286.27 286.35
2059 01   1.02 0.0518 0.0513 286.02 286.27
2059 02   0.83 0.0584 0.0551 286.10 286.65
2059 03   0.72 0.0584 0.0549 286.87 287.06
2059 04   0.60 0.0567 0.0539 287.77 287.88
2059 05   0.49 0.0631 0.0605 288.74 288.81
2059 06   0.40 0.0649 0.0610 289.31 289.49
2059 07   0.33 0.0623 0.0608 289.75 289.81
2059 08   0.27 0.0617 0.0618 289.61 289.84
2059 09   0.23 0.0553 0.0546 289.01 289.16
2059 10   0.20 0.0529 0.0511 287.68 288.18
2059 11   0.17 0.0507 0.0499 286.87 286.90
2059 12   0.14 0.0522 0.0510 286.30 286.43
2060 01   0.12 0.0509 0.0492 286.32 286.36
2060 02   0.10 0.0549 0.0542 286.39 286.37
2060 03   0.09 0.0587 0.0547 287.01 287.06
2060 04   0.07 0.0557 0.0537 287.97 287.95
2060 05   0.06 0.0621 0.0600 288.87 288.94
2060 06   0.05 0.0628 0.0607 289.34 289.66
2060 07   0.04 0.0639 0.0607 289.75 290.00
2060 08   0.04 0.0614 0.0589 289.74 289.74
2060 09   0.03 0.0560 0.0550 289.07 289.29
2060 10   0.03 0.0527 0.0496 287.97 288.15
2060 11   0.02 0.0499 0.0484 286.95 287.07
2060 12   0.02 0.0499 0.0488 286.25 286.48
2061 01   0.02 0.0503 0.0489 285.95 286.34
2061 02   0.01 0.0545 0.0547 286.25 286.69
2061 03   0.01 0.0572 0.0550 287.03 287.38
2061 04   0.01 0.0551 0.0548 288.06 288.08
2061 05   0.01 0.0595 0.0631 289.00 288.99
2061 06   0.01 0.0610 0.0628 289.57 289.66
2061 07   0.01 0.0616 0.0604 289.85 290.04
2061 08   0.01 0.0608 0.0601 289.78 289.95
2061 09   0.00 0.0552 0.0532 289.23 289.32
2061 10   0.00 0.0506 0.0508 288.11 288.35
2061 11   0.00 0.0487 0.0498 287.09 287.34
2061 12   0.00 0.0512 0.0495 286.44 286.58
2062 01   0.00 0.0495 0.0492 286.43 286.20
2062 02   0.00 0.0538 0.0542 286.38 286.35
2062 03   0.00 0.0569 0.0560 287.22 287.28
2062 04   0.00 0.0557 0.0554 287.97 288.27
2062 05   0.00 0.0600 0.0597 288.83 289.06
2062 06   0.00 0.0608 0.0615 289.46 289.76
2062 07   0.00 0.0616 0.0612 289.79 290.12
2062 08   0.00 0.0598 0.0609 289.69 290.02
2062 09   0.00 0.0548 0.0551 289.14 289.33
2062 10   0.00 0.0497 0.0513 287.99 288.59
2062 11   0.00 0.0488 0.0480 287.06 287.69
2062 12   0.00 0.0499 0.0495 286.27 286.88
2063 01   0.00 0.0491 0.0501 286.21 286.64
2063 02   0.00 0.0540 0.0553 286.33 286.71
2063 03   0.00 0.0534 0.0560 287.10 287.48
2063 04   0.00 0.0542 0.0533 288.09 288.48
2063 05   0.00 0.0629 0.0588 288.85 289.18
2063 06   0.00 0.0623 0.0619 289.44 289.74
2063 07   0.00 0.0595 0.0597 289.82 290.15
2063 08   0.00 0.0597 0.0598 289.66 290.07
2063 09   0.00 0.0540 0.0538 289.12 289.36
2063 10   0.00 0.0517 0.0507 288.03 288.34
2063 11   0.00 0.0477 0.0468 287.13 287.31
2063 12   0.00 0.0495 0.0497 286.34 286.47
2064 01   0.00 0.0495 0.0502 286.35 286.35
2064 02   0.00 0.0559 0.0563 286.36 286.62
2064 03   0.00 0.0562 0.0599 287.17 287.29
2064 04   0.00 0.0548 0.0541 288.01 288.28
2064 05   0.00 0.0597 0.0586 288.97 289.09
2064 06   0.00 0.0609 0.0588 289.64 289.71
2064 07   0.00 0.0601 0.0621 290.00 290.17
2064 08   0.00 0.0597 0.0606 289.84 290.12
2064 09   0.00 0.0534 0.0535 289.19 289.33
2064 10   0.00 0.0503 0.0502 288.25 288.36
2064 11   0.00 0.0485 0.0488 287.27 287.32
2064 12   0.00 0.0498 0.0508 286.52 286.71
2065 01   0.00 0.0489 0.0496 286.37 286.61
2065 02   0.00 0.0550 0.0535 286.63 287.03
2065 03   0.00 0.0568 0.0543 287.26 287.32
2065 04   0.00 0.0549 0.0528 288.19 288.27
2065 05   0.00 0.0601 0.0568 289.01 288.96
2065 06   0.00 0.0638 0.0598 289.74 289.64
2065 07   0.00 0.0624 0.0601 290.00 290.01
2065 08   0.00 0.0601 0.0574 289.84 289.85
2065 09   0.00 0.0533 0.0523 289.28 289.30
2065 10   0.00 0.0499 0.0500 288.14 288.24
2065 11   0.00 0.0477 0.0490 287.01 287.21
2065 12   0.00 0.0498 0.0506 286.53 286.45
2066 01   0.00 0.0499 0.0494 286.43 286.28
2066 02   0.00 0.0539 0.0541 286.71 286.57
2066 03   0.00 0.0543 0.0544 287.35 287.23
2066 04   0.00 0.0526 0.0528 288.11 288.28
2066 05   0.00 0.0606 0.0591 288.90 289.16
2066 06   0.00 0.0612 0.0598 289.56 289.86
2066 07   0.00 0.0597 0.0599 289.96 290.23
2066 08   0.00 0.0588 0.0595 289.83 289.91
2066 09   0.00 0.0523 0.0520 289.16 289.33
2066 10   0.00 0.0500 0.0502 288.30 288.42
2066 11   0.00 0.0480 0.0485 287.28 287.48
2066 12   0.00 0.0490 0.0498 286.53 286.87
2067 01   0.00 0.0487 0.0496 286.30 286.68
2067 02   0.00 0.0534 0.0539 286.71 287.00
2067 03   0.00 0.0542 0.0556 287.40 287.48
2067 04   0.00 0.0526 0.0527 288.10 288.46
2067 05   0.00 0.0581 0.0619 288.99 289.29
2067 06   0.00 0.0597 0.0630 289.64 289.98
2067 07   0.00 0.0610 0.0585 290.17 290.25
2067 08   0.00 0.0586 0.0578 289.89 289.86
2067 09   0.00 0.0533 0.0534 289.27 289.30
2067 10   0.00 0.0494 0.0471 288.36 288.25
2067 11   0.00 0.0481 0.0459 287.29 287.23
2067 12   0.00 0.0503 0.0481 286.76 286.40
2068 01   0.00 0.0478 0.0482 286.57 286.27
2068 02   0.00 0.0538 0.0533 286.76 286.50
2068 03   0.00 0.0551 0.0534 287.26 287.34
2068 04   0.00 0.0526 0.0516 288.31 288.20
2068 05   0.00 0.0602 0.0591 289.15 289.03
2068 06   0.00 0.0637 0.0591 289.65 289.60
2068 07   0.00 0.0594 0.0565 290.07 290.20
2068 08   0.00 0.0588 0.0581 289.88 289.99
2068 09   0.00 0.0538 0.0521 289.25 289.12
2068 10   0.00 0.0494 0.0491 288.24 288.29
2068 11   0.00 0.0484 0.0474 287.35 287.38
2068 12   0.00 0.0494 0.0483 286.60 286.56
2069 01   0.00 0.0484 0.0469 286.20 286.71
2069 02   0.00 0.0538 0.0531 286.49 286.81
2069 03   0.00 0.0541 0.0539 287.29 287.32
2069 04   0.00 0.0523 0.0514 288.18 288.16
2069 05   0.00 0.0582 0.0572 288.93 289.24
2069 06   0.00 0.0600 0.0583 289.52 289.85
2069 07   0.00 0.0579 0.0586 289.99 290.20
2069 08   0.00 0.0574 0.0588 289.90 290.16
2069 09   0.00 0.0523 0.0542 289.34 289.46
2069 10   0.00 0.0494 0.0503 288.29 288.42
2069 11   0.00 0.0476 0.0489 287.38 287.53
2069 12   0.00 0.0487 0.0497 286.72 286.93
2070 01   0.00 0.0481 0.0483 286.48 286.78
2070 02   0.00 0.0542 0.0528 286.66 287.30
2070 03   0.00 0.0547 0.0551 287.15 287.56
2070 04   0.00 0.0515 0.0533 288.21 288.49
2070 05   0.00 0.0582 0.0582 289.17 289.27
2070 06   0.00 0.0621 0.0613 289.66 289.91
2070 07   0.00 0.0604 0.0600 290.13 290.31
2070 08   0.00 0.0590 0.0588 289.86 290.19
2070 09   0.00 0.0534 0.0513 289.40 289.40
2070 10   0.00 0.0504 0.0485 288.45 288.49
2070 11   0.00 0.0478 0.0464 287.38 287.40
2070 12   0.00 0.0499 0.0489 286.65 286.78
2071 01   0.00 0.0491 0.0485 286.72 286.56
2071 02   0.00 0.0546 0.0530 286.86 286.87
2071 03   0.00 0.0540 0.0549 287.34 287.33
2071 04   0.00 0.0514 0.0530 288.26 288.26
2071 05   0.00 0.0586 0.0575 289.16 289.17
2071 06   0.00 0.0591 0.0596 289.77 289.76
2071 07   0.00 0.0605 0.0578 290.21 290.20
2071 08   0.00 0.0570 0.0574 290.00 290.04
2071 09   0.00 0.0524 0.0517 289.33 289.42
2071 10   0.00 0.0491 0.0491 288.36 288.40
2071 11   0.00 0.0481 0.0465 287.53 287.18
2071 12   0.00 0.0483 0.0481 286.85 286.82
2072 01   0.00 0.0491 0.0488 286.82 286.47
2072 02   0.00 0.0531 0.0519 287.12 286.73
2072 03   0.00 0.0535 0.0554 287.50 287.31
2072 04   0.00 0.0514 0.0515 288.21 288.25
2072 05   0.00 0.0583 0.0582 289.03 289.15
2072 06   0.00 0.0590 0.0604 289.72 289.76
2072 07   0.00 0.0586 0.0606 290.06 290.28
2072 08   0.00 0.0615 0.0586 290.06 290.07
2072 09   5.62 0.0763 0.0516 289.31 289.64
2072 10  18.26 0.1154 0.0497 288.21 288.68
2072 11  30.91 0.1559 0.0476 287.17 287.45
2072 12  45.65 0.2043 0.0501 286.35 286.70
2073 01  59.90 0.2387 0.0489 286.15 286.98
2073 02  55.06 0.2374 0.0521 286.34 287.27
2073 03  51.10 0.2202 0.0537 286.98 287.63
2073 04  47.45 0.2083 0.0538 287.77 288.45
2073 05  44.64 0.2030 0.0598 288.41 289.28
2073 06  42.48 0.2013 0.0579 289.08 289.84
2073 07  40.35 0.1945 0.0577 289.51 290.17
2073 08  38.05 0.1894 0.0571 289.46 290.07
2073 09  35.38 0.1724 0.0518 288.73 289.37
2073 10  32.77 0.1569 0.0476 287.73 288.40
2073 11  29.90 0.1465 0.0467 286.66 287.28
2073 12  27.21 0.1383 0.0491 286.04 286.56
2074 01  24.39 0.1300 0.0463 285.69 286.38
2074 02  21.96 0.1268 0.0533 285.96 286.52
2074 03  19.88 0.1201 0.0542 286.78 287.30
2074 04  17.67 0.1109 0.0521 287.75 288.16
2074 05  16.43 0.1115 0.0569 288.55 288.99
2074 06  14.62 0.1082 0.0576 289.13 289.62
2074 07  12.90 0.1010 0.0579 289.58 290.15
2074 08  11.22 0.0946 0.0568 289.48 289.91
2074 09   9.67 0.0887 0.0501 288.85 289.35
2074 10   8.37 0.0772 0.0476 287.91 288.39
2074 11   7.12 0.0704 0.0480 286.98 287.22
2074 12   5.72 0.0681 0.0492 285.93 286.62
2075 01   4.65 0.0644 0.0478 286.05 286.71
2075 02   3.54 0.0645 0.0526 286.27 286.50
2075 03   2.97 0.0666 0.0537 287.05 287.46
2075 04   2.38 0.0595 0.0519 287.95 288.24
2075 05   1.53 0.0636 0.0584 288.79 289.09
2075 06   1.25 0.0637 0.0602 289.34 289.76
2075 07   1.03 0.0620 0.0584 289.69 290.14
2075 08   0.90 0.0600 0.0587 289.66 289.93
2075 09   0.79 0.0529 0.0512 288.99 289.29
2075 10   0.69 0.0480 0.0495 288.00 288.35
2075 11   0.60 0.0491 0.0473 286.96 287.26
2075 12   0.53 0.0499 0.0477 286.17 286.71
2076 01   0.46 0.0495 0.0474 285.99 286.40
2076 02   0.41 0.0532 0.0510 286.23 286.60
2076 03   0.35 0.0547 0.0528 287.05 287.32
2076 04   0.31 0.0537 0.0533 287.88 288.18
2076 05   0.27 0.0587 0.0583 288.77 289.03
2076 06   0.24 0.0608 0.0602 289.48 289.67
2076 07   0.21 0.0578 0.0578 289.81 290.11
2076 08   0.18 0.0584 0.0570 289.75 289.94
2076 09   0.36 0.0522 0.0514 288.95 289.36
2076 10   0.81 0.0495 0.0483 288.03 288.31
2076 11   1.25 0.0502 0.0462 287.16 287.37
2076 12   1.70 0.0511 0.0474 286.54 286.68
2077 01   2.15 0.0510 0.0472 286.32 286.51
2077 02   1.83 0.0622 0.0531 286.40 286.71
2077 03  10.53 0.0996 0.0520 286.96 287.28
2077 04  30.48 0.1577 0.0508 287.84 288.16
2077 05  50.47 0.2304 0.0567 288.68 289.03
2077 06  73.82 0.2991 0.0566 289.01 289.80
2077 07  96.44 0.3582 0.0561 289.34 290.13
2077 08  88.61 0.3451 0.0574 289.26 290.17
2077 09  82.18 0.3196 0.0510 288.51 289.54
2077 10  76.28 0.2950 0.0503 287.50 288.69
2077 11  71.73 0.2724 0.0478 286.51 287.76
2077 12  68.21 0.2611 0.0485 285.84 287.00
2078 01  64.73 0.2530 0.0479 285.87 286.81
2078 02  61.01 0.2523 0.0526 285.93 286.97
2078 03  56.70 0.2389 0.0543 286.81 287.55
2078 04  52.51 0.2224 0.0531 287.70 288.55
2078 05  47.89 0.2128 0.0577 288.43 289.27
2078 06  43.56 0.1981 0.0573 288.86 289.87
2078 07  39.05 0.1867 0.0593 289.16 290.26
2078 08  35.15 0.1771 0.0566 289.14 290.09
2078 09  31.81 0.1650 0.0491 288.44 289.39
2078 10  28.26 0.1443 0.0483 287.42 288.47
2078 11  26.28 0.1312 0.0467 286.45 287.64
2078 12  23.37 0.1255 0.0497 285.81 286.89
2079 01  20.63 0.1156 0.0472 285.85 286.68
2079 02  17.94 0.1123 0.0521 285.94 286.64
2079 03  15.46 0.1062 0.0523 286.47 287.39
2079 04  13.37 0.0961 0.0504 287.34 288.53
2079 05  11.37 0.0937 0.0556 288.27 289.26
2079 06   9.14 0.0870 0.0590 288.88 289.88
2079 07   7.44 0.0810 0.0564 289.32 290.34
2079 08   5.66 0.0766 0.0544 289.21 290.03
2079 09   4.75 0.0696 0.0489 288.67 289.44
2079 10   3.81 0.0635 0.0456 287.69 288.36
2079 11   2.45 0.0566 0.0452 286.60 287.47
2079 12   2.00 0.0559 0.0458 285.84 286.57
2080 01   1.65 0.0539 0.0464 285.74 286.33
2080 02   1.44 0.0590 0.0507 285.95 286.63
2080 03   1.26 0.0580 0.0509 286.59 287.31
2080 04   1.10 0.0565 0.0494 287.73 288.37
2080 05   0.97 0.0618 0.0560 288.55 289.12
2080 06   0.85 0.0614 0.0588 289.27 289.73
2080 07   0.74 0.0585 0.0572 289.72 290.13
2080 08   0.65 0.0600 0.0562 289.63 289.96
2080 09   0.57 0.0530 0.0500 288.88 289.37
2080 10   0.50 0.0495 0.0474 287.91 288.49
2080 11   0.43 0.0472 0.0447 286.95 287.18
2080 12   0.38 0.0491 0.0468 286.26 286.65
2081 01   0.33 0.0490 0.0460 285.96 286.46
2081 02   0.29 0.0537 0.0520 286.27 286.58
2081 03   0.26 0.0541 0.0513 286.98 287.61
2081 04   0.22 0.0541 0.0506 287.91 288.45
2081 05   0.20 0.0580 0.0560 288.76 289.16
2081 06   0.17 0.0596 0.0577 289.36 289.80
2081 07   0.15 0.0575 0.0559 289.77 290.16
2081 08   0.13 0.0567 0.0561 289.70 290.12
2081 09   0.11 0.0498 0.0516 289.08 289.48
2081 10   0.10 0.0473 0.0477 288.10 288.40
2081 11   0.09 0.0476 0.0464 287.02 287.42
2081 12   0.08 0.0475 0.0473 285.95 286.72
2082 01   0.07 0.0472 0.0476 286.12 286.55
2082 02   0.06 0.0522 0.0512 286.44 286.80
2082 03   0.05 0.0530 0.0518 286.98 287.46
2082 04   0.04 0.0501 0.0492 288.04 288.39
2082 05   0.04 0.0575 0.0585 288.81 289.27
2082 06   0.03 0.0583 0.0588 289.37 289.99
2082 07   0.00 0.0576 0.0572 289.85 290.39
2082 08   0.00 0.0571 0.0566 289.73 290.33
2082 09   0.00 0.0526 0.0521 289.21 289.63
2082 10   0.00 0.0478 0.0479 288.21 288.53
2082 11   0.00 0.0483 0.0464 287.18 287.55
2082 12   0.00 0.0503 0.0481 286.59 286.97
2083 01   2.58 0.0588 0.0471 286.28 286.99
2083 02   8.39 0.0849 0.0516 286.42 287.13
2083 03  14.19 0.1088 0.0540 287.10 287.77
2083 04  20.95 0.1238 0.0521 287.86 288.52
2083 05  27.50 0.1437 0.0588 288.62 289.40
2083 06  25.27 0.1420 0.0587 289.13 289.93
2083 07  23.46 0.1348 0.0575 289.45 290.22
2083 08  21.78 0.1299 0.0576 289.58 290.14
2083 09  20.49 0.1223 0.0503 288.84 289.55
2083 10  19.50 0.1132 0.0459 287.91 288.62
2083 11  18.52 0.1055 0.0457 286.88 287.78
2083 12  17.46 0.1044 0.0474 286.16 287.32
2084 01  16.24 0.1014 0.0472 285.99 286.97
2084 02  15.04 0.1032 0.0524 286.43 287.12
2084 03  13.72 0.0996 0.0526 286.87 287.81
2084 04  12.49 0.0937 0.0516 287.74 288.56
2084 05  11.20 0.0927 0.0569 288.60 289.37
2084 06  10.08 0.0899 0.0574 289.14 289.94
2084 07   9.13 0.0871 0.0571 289.65 290.34
2084 08   8.11 0.0867 0.0566 289.65 290.03
2084 09   7.54 0.0773 0.0487 288.88 289.39
2084 10   6.71 0.0720 0.0487 288.00 288.59
2084 11   5.92 0.0651 0.0464 286.98 287.40
2084 12   5.15 0.0649 0.0475 286.44 287.10
2085 01   4.44 0.0620 0.0468 286.26 286.43
2085 02   3.84 0.0649 0.0519 286.53 286.70
2085 03   3.27 0.0635 0.0520 286.88 287.49
2085 04   2.63 0.0594 0.0509 288.00 288.40
2085 05   2.14 0.0628 0.0552 288.85 289.19
2085 06   1.62 0.0635 0.0571 289.42 290.00
2085 07   1.36 0.0629 0.0572 289.83 290.34
2085 08   1.09 0.0592 0.0556 289.74 290.21
2085 09   0.70 0.0530 0.0520 289.05 289.47
2085 10   0.57 0.0514 0.0477 288.16 288.47
2085 11   0.47 0.0488 0.0457 286.98 287.36
2085 12   0.41 0.0492 0.0474 286.25 286.81
2086 01   0.36 0.0480 0.0465 286.17 286.67
2086 02   0.32 0.0520 0.0503 286.54 287.00
2086 03   0.28 0.0542 0.0516 286.99 287.66
2086 04   0.24 0.0514 0.0511 288.06 288.59
2086 05   0.21 0.0573 0.0576 288.89 289.32
2086 06   0.19 0.0578 0.0586 289.46 289.94
2086 07   0.16 0.0579 0.0579 289.93 290.31
2086 08   0.14 0.0570 0.0575 289.85 290.25
2086 09   0.12 0.0503 0.0510 289.18 289.52
2086 10   0.11 0.0465 0.0469 288.22 288.66
2086 11   0.10 0.0457 0.0462 287.34 287.80
2086 12   0.08 0.0474 0.0480 286.32 287.15
2087 01   0.07 0.0463 0.0468 286.27 286.88
2087 02   0.06 0.0517 0.0504 286.20 287.13
2087 03   0.06 0.0530 0.0526 287.18 287.49
2087 04   0.05 0.0492 0.0493 288.00 288.38
2087 05   0.04 0.0560 0.0552 288.95 289.33
2087 06   0.04 0.0585 0.0572 289.59 289.91
2087 07   0.03 0.0548 0.0571 289.99 290.32
2087 08   0.03 0.0557 0.0562 289.95 290.21
2087 09   0.03 0.0514 0.0515 289.22 289.61
2087 10   0.02 0.0467 0.0467 288.26 288.48
2087 11   0.02 0.0462 0.0448 287.22 287.51
2087 12   0.02 0.0476 0.0475 286.84 286.86
2088 01   0.01 0.0468 0.0474 286.48 286.77
2088 02   0.01 0.0510 0.0512 286.62 286.85
2088 03   0.01 0.0539 0.0530 287.38 287.47
2088 04   0.01 0.0511 0.0509 288.25 288.35
2088 05   0.00 0.0576 0.0582 289.12 289.30
2088 06   0.00 0.0581 0.0586 289.69 289.94
2088 07   0.00 0.0579 0.0581 290.21 290.40
2088 08   0.00 0.0566 0.0559 290.06 290.19
2088 09   0.00 0.0501 0.0513 289.42 289.68
2088 10   0.00 0.0474 0.0489 288.64 288.72
2088 11   0.00 0.0464 0.0465 287.64 287.85
2088 12   0.00 0.0480 0.0478 287.06 287.10
2089 01   0.00 0.0480 0.0471 286.61 286.87
2089 02   0.00 0.0526 0.0505 287.02 287.10
2089 03   0.00 0.0541 0.0515 287.55 287.92
2089 04   0.00 0.0499 0.0513 288.34 288.69
2089 05   0.00 0.0565 0.0584 289.19 289.53
2089 06   0.00 0.0589 0.0575 289.89 289.94
2089 07   0.00 0.0583 0.0558 290.25 290.41
2089 08   0.00 0.0559 0.0569 290.16 290.36
2089 09   0.00 0.0512 0.0511 289.52 289.76
2089 10   0.00 0.0481 0.0456 288.63 288.74
2089 11   0.00 0.0475 0.0457 287.44 287.87
2089 12   0.00 0.0482 0.0476 286.80 287.32
2090 01   0.00 0.0476 0.0465 286.78 287.22
2090 02   0.00 0.0519 0.0520 286.54 287.25
2090 03   0.00 0.0516 0.0531 287.29 287.76
2090 04   0.00 0.0500 0.0514 288.40 288.71
2090 05   0.00 0.0564 0.0568 289.30 289.47
2090 06   0.00 0.0580 0.0576 289.78 290.12
2090 07   0.00 0.0561 0.0550 290.21 290.47
2090 08   0.00 0.0561 0.0547 289.98 290.30
2090 09   0.00 0.0499 0.0496 289.43 289.75
2090 10   0.00 0.0472 0.0475 288.49 288.70
2090 11   0.00 0.0458 0.0459 287.57 287.79
2090 12   0.00 0.0473 0.0467 286.90 287.19
2091 01   0.00 0.0467 0.0454 286.55 286.81
2091 02   0.00 0.0501 0.0511 286.64 286.76
2091 03   0.00 0.0523 0.0522 287.43 287.66
2091 04   0.00 0.0517 0.0500 288.26 288.65
2091 05   0.00 0.0565 0.0562 289.13 289.33
2091 06   0.00 0.0582 0.0572 289.90 289.96
2091 07   0.00 0.0580 0.0569 290.22 290.42
2091 08   0.00 0.0565 0.0566 290.08 290.26
2091 09   0.00 0.0503 0.0499 289.53 289.63
2091 10   0.00 0.0487 0.0470 288.40 288.68
2091 11   0.00 0.0468 0.0454 287.53 287.56
2091 12   0.00 0.0477 0.0475 286.95 287.11
2092 01   0.00 0.0480 0.0472 286.63 286.82
2092 02   0.00 0.0529 0.0519 286.76 286.99
2092 03   0.00 0.0526 0.0515 287.38 287.52
2092 04   0.00 0.0513 0.0498 288.36 288.47
2092 05   0.00 0.0557 0.0562 289.19 289.30
2092 06   0.00 0.0574 0.0578 289.77 290.06
2092 07   0.86 0.0594 0.0555 290.28 290.21
2092 08   2.80 0.0641 0.0552 290.02 290.25
2092 09   4.74 0.0673 0.0502 289.46 289.56
2092 10   6.68 0.0706 0.0464 288.42 288.57
2092 11   8.62 0.0780 0.0442 287.40 287.68
2092 12   7.32 0.0781 0.0474 286.84 287.04
2093 01   6.24 0.0733 0.0465 286.64 286.66
2093 02   5.30 0.0722 0.0504 286.75 286.84
2093 03   4.53 0.0664 0.0506 287.38 287.52
2093 04   3.86 0.0611 0.0504 288.37 288.35
2093 05   3.35 0.0640 0.0559 289.04 289.26
2093 06   2.93 0.0620 0.0581 289.70 289.73
2093 07   2.50 0.0611 0.0551 290.15 290.27
2093 08   2.17 0.0632 0.0550 290.07 290.18
2093 09   1.93 0.0612 0.0509 289.38 289.54
2093 10   1.67 0.0576 0.0472 288.33 288.60
2093 11   1.40 0.0536 0.0461 287.40 287.64
2093 12   1.18 0.0529 0.0476 286.89 287.00
2094 01   0.99 0.0515 0.0465 286.64 286.70
2094 02   0.85 0.0540 0.0508 286.74 286.77
2094 03   0.70 0.0555 0.0522 287.39 287.28
2094 04   0.57 0.0521 0.0493 288.33 288.44
2094 05   0.49 0.0555 0.0538 289.13 289.21
2094 06   0.41 0.0588 0.0567 289.88 289.84
2094 07   0.33 0.0556 0.0559 290.20 290.30
2094 08   0.27 0.0572 0.0553 290.05 290.12
2094 09   0.22 0.0518 0.0493 289.38 289.59
2094 10   0.19 0.0487 0.0468 288.51 288.53
2094 11   0.16 0.0474 0.0451 287.60 287.58
2094 12   0.13 0.0483 0.0480 286.82 286.95
2095 01   0.11 0.0479 0.0464 286.50 286.80
2095 02   0.10 0.0517 0.0497 286.78 286.89
2095 03   0.08 0.0517 0.0533 287.43 287.38
2095 04   0.07 0.0507 0.0507 288.40 288.40
2095 05   0.06 0.0588 0.0542 289.23 289.12
2095 06   0.05 0.0591 0.0569 289.84 289.88
2095 07   0.04 0.0567 0.0581 290.26 290.33
2095 08   0.04 0.0560 0.0573 290.03 290.27
2095 09   0.03 0.0502 0.0510 289.30 289.55
2095 10   0.03 0.0471 0.0482 288.41 288.70
2095 11   0.02 0.0454 0.0449 287.43 287.75
2095 12   0.02 0.0474 0.0468 286.72 287.07
2096 01   0.01 0.0463 0.0482 286.68 287.17
2096 02   0.01 0.0507 0.0514 286.94 287.16
2096 03   0.01 0.0520 0.0526 287.28 287.92
2096 04   0.01 0.0503 0.0502 288.19 288.81
2096 05   0.01 0.0565 0.0560 289.13 289.43
2096 06   0.01 0.0576 0.0594 289.85 290.02
2096 07   0.01 0.0570 0.0580 290.16 290.40
2096 08   0.01 0.0559 0.0566 290.04 290.33
2096 09   0.00 0.0490 0.0515 289.54 289.65
2096 10   0.00 0.0469 0.0467 288.55 288.68
2096 11   0.00 0.0461 0.0463 287.46 287.71
2096 12   0.00 0.0473 0.0465 286.87 287.03
2097 01   0.00 0.0457 0.0467 286.61 286.71
2097 02   0.00 0.0507 0.0508 286.69 286.88
2097 03   0.00 0.0537 0.0501 287.32 287.58
2097 04   0.00 0.0500 0.0502 288.30 288.61
2097 05   0.00 0.0583 0.0552 289.21 289.26
2097 06   0.00 0.0561 0.0567 289.79 289.88
2097 07   0.00 0.0566 0.0564 290.19 290.25
2097 08   0.00 0.0561 0.0548 290.15 290.01
2097 09   0.00 0.0504 0.0488 289.57 289.39
2097 10   0.00 0.0470 0.0450 288.58 288.56
2097 11   0.00 0.0464 0.0457 287.60 287.38
2097 12   0.00 0.0474 0.0468 286.95 286.83
2098 01   0.00 0.0469 0.0459 286.76 286.54
2098 02   0.00 0.0523 0.0515 286.81 286.63
2098 03   0.00 0.0535 0.0520 287.55 287.42
2098 04   0.00 0.0516 0.0502 288.47 288.29
2098 05   0.00 0.0565 0.0567 289.26 289.22
2098 06   0.00 0.0578 0.0586 289.94 289.80
2098 07   0.00 0.0577 0.0571 290.37 290.23
2098 08   0.00 0.0569 0.0549 290.16 290.10
2098 09   0.00 0.0504 0.0495 289.50 289.52
2098 10   0.00 0.0474 0.0470 288.55 288.49
2098 11   0.00 0.0449 0.0446 287.65 287.55
2098 12   0.00 0.0471 0.0475 287.04 286.87
2099 01   0.00 0.0469 0.0460 286.97 286.69
2099 02   0.00 0.0503 0.0506 286.92 286.78
2099 03   0.00 0.0539 0.0527 287.43 287.40
2099 04   0.00 0.0516 0.0519 288.46 288.39
2099 05   0.00 0.0562 0.0565 289.26 289.16
2099 06   0.00 0.0587 0.0577 289.85 289.95
2099 07   0.00 0.0571 0.0582 290.44 290.33
2099 08   0.00 0.0570 0.0567 290.36 290.12
2099 09   0.00 0.0518 0.0506 289.61 289.68
2099 10   0.00 0.0462 0.0468 288.72 288.79
2099 11   0.00 0.0468 0.0471 287.77 287.85
2099 12   0.00 0.0484 0.0485 287.28 287.14
