2.873781293964548240e+02
2.873560720762857841e+02
2.871942421784474391e+02
2.872578354591537391e+02
2.872736020674372526e+02
2.873436432752707788e+02
2.873823266959709599e+02
2.874414397641370442e+02
2.873770328717341158e+02
2.874909167197934039e+02
2.876932739528180036e+02
2.874355322143142075e+02
2.873268521600453482e+02
2.874584286089938132e+02
2.874750012945042386e+02
2.875410444303088298e+02
2.875793383868179376e+02
2.874223929956016832e+02
2.874108706123909087e+02
2.873790631991643636e+02
2.874080388109343289e+02
2.873440707744489941e+02
2.873792135163944295e+02
2.874185171926931162e+02
2.873185222499836868e+02
2.874272408484527546e+02
2.874724966654773084e+02
2.874682474542321984e+02
2.873280767174487664e+02
2.873395294535246762e+02
2.873671092153797986e+02
2.874109833848360722e+02
2.874303263867309965e+02
2.874261408659252766e+02
2.869744739433477321e+02
2.871161493989889664e+02
2.872093587760272726e+02
2.873396642877606837e+02
2.874971464665320013e+02
2.873892462821265212e+02
2.872425862832621988e+02
2.872864269204827110e+02
2.873844330518878110e+02
2.874025080500316562e+02
2.874718305646839553e+02
2.876891175153229483e+02
2.874849895866141196e+02
2.874087444818028985e+02
2.875505796725533401e+02
2.874898970723850198e+02
2.873726907829026231e+02
2.873347062778875056e+02
2.874131828850264014e+02
2.874016923757858990e+02
2.874948506193448452e+02
2.873208054447724180e+02
2.874256382298802350e+02
2.874880524578951508e+02
2.875317100933457937e+02
2.875383077204230062e+02
2.875407266095311911e+02
2.875863085815378213e+02
2.874614715502933677e+02
2.875503001045324254e+02
2.874963250834110795e+02
2.875330084294836865e+02
2.874669931119428838e+02
2.875560824957021282e+02
2.878034477387548691e+02
2.876716074009313502e+02
2.875382652341970129e+02
2.876803883252626406e+02
2.877545561494459889e+02
2.877314015458717904e+02
2.876777079706385507e+02
2.876818469661205313e+02
2.876630515860446735e+02
2.876370406827843453e+02
2.878109063277177029e+02
2.876736460104618232e+02
2.875944670118832960e+02
2.876644752464977159e+02
2.876246437715120123e+02
2.877086811432840818e+02
2.878036501568594758e+02
2.878018101170444538e+02
2.877744007851160291e+02
2.878392354762655145e+02
2.880012372418784139e+02
2.878841374225356162e+02
2.876889644439988274e+02
2.878422125550760597e+02
2.878943590513818549e+02
2.879802225057950977e+02
2.877713736765946919e+02
2.878849312353715959e+02
2.879055739182125535e+02
2.878733365390046401e+02
2.878707727178025380e+02
2.880700838937602839e+02
2.879233847918066544e+02
2.878783274660491998e+02
2.878474724394217787e+02
2.878888576235872847e+02
2.879616133317263689e+02
2.880077884593726480e+02
2.879667181062986288e+02
2.879784875341517818e+02
2.879272192992595478e+02
2.879310937173766547e+02
2.880811064971416613e+02
2.881553393730922608e+02
2.878312803539467950e+02
2.877442140241881248e+02
2.877621009236415262e+02
2.878846886234685485e+02
2.878401635957403073e+02
2.879736079245850533e+02
2.880504464091163186e+02
2.879660438461236254e+02
2.880504993431478624e+02
2.880969598430460792e+02
2.881199965129587213e+02
2.879993591439136367e+02
2.878910569921069396e+02
2.879524317824698869e+02
2.879765025201645017e+02
2.882467091374029451e+02
2.880403479590949019e+02
2.880269037506285486e+02
2.881598564237434630e+02
2.882277442732432178e+02
2.880588791571138358e+02
2.879655768437078791e+02
2.881383584592783791e+02
2.883346693217659436e+02
2.880941591060276323e+02
2.882286625393582540e+02
2.883244401101669041e+02
2.883311181598177768e+02
2.884139776760849259e+02
2.885375673357839901e+02
2.880254298488632685e+02
2.880486812822003344e+02
2.882612126487802584e+02
2.884365548858678494e+02
2.883318443897606471e+02
2.884262824752655092e+02
2.885714105749445366e+02
2.885528278806347657e+02
2.884460381745564632e+02
2.885131012674319209e+02
2.887318483419178961e+02
2.885703892459145550e+02
2.885487275958208215e+02
2.887323255841476453e+02
2.888197149695653820e+02
2.885962932851180085e+02
2.885781899034638514e+02
2.885971575446253041e+02
2.886946020615354769e+02
2.886388716744524459e+02
2.886613563090870116e+02
2.887794682536897426e+02
2.888375854785779779e+02
