2.384164272252883450e+02
2.402605440609852394e+02
2.416447567656677222e+02
2.426870813960159410e+02
2.431650348261390491e+02
2.434127121240971974e+02
2.436638255347821485e+02
2.438835976856988736e+02
2.439633618670275155e+02
2.445055863594377854e+02
2.452696119399010968e+02
2.453125943496062007e+02
2.456049637148142892e+02
2.455899982804979516e+02
2.455031593051302252e+02
2.456687792269750616e+02
2.456658720566175305e+02
2.461339126960629073e+02
2.462040802401969586e+02
2.458234959052036572e+02
2.461998448054611401e+02
2.463291407267317936e+02
2.464845459146650626e+02
2.464169128998313738e+02
2.469874356952435335e+02
2.466897716583115709e+02
2.470250731985602215e+02
2.471565515121780265e+02
2.466794297075533393e+02
2.465433402453422502e+02
2.467397994881914656e+02
2.470090457720645816e+02
2.467327515724031457e+02
2.469914295998566729e+02
2.475904573664217878e+02
2.470149584446673146e+02
2.468435605153000552e+02
2.473879358012956970e+02
2.476582867768421750e+02
2.473153902329383698e+02
2.473769715469022685e+02
2.476428452656743104e+02
2.475472344956135657e+02
2.476453579398452121e+02
2.473079491730872803e+02
2.472261296352262150e+02
2.475060980963690724e+02
2.476814398224401828e+02
2.477765494725364306e+02
2.479400780285923531e+02
2.479882211542918640e+02
2.471675852711870505e+02
2.473494948373586624e+02
2.476832012574676583e+02
2.478307407214585965e+02
2.478689699407665614e+02
2.479347636951852110e+02
2.477494872483331108e+02
2.473412719302370135e+02
2.474358773149564286e+02
2.477507087439613827e+02
2.478746725563142945e+02
2.479570216716594189e+02
2.480726682130614336e+02
2.476757555121677115e+02
2.481201058075319850e+02
2.482356028779068140e+02
2.479612440722972622e+02
2.477268205608233131e+02
2.479846015996429287e+02
2.483591600438938087e+02
2.481538519184584572e+02
2.478874712700384464e+02
2.478593786987434839e+02
2.483030723386026466e+02
2.484757019331301819e+02
2.480319721863596953e+02
2.477576371386358005e+02
2.481712601778671399e+02
2.483873588953154865e+02
2.479469609569078727e+02
2.482628848667420414e+02
2.480073339382344102e+02
2.482147571280143836e+02
2.487761854207155636e+02
2.480169119773412660e+02
2.474234177036696281e+02
2.481874489888550954e+02
2.484820695421586549e+02
2.483098822738819251e+02
2.481013650847382621e+02
2.484414665871825889e+02
2.484499861481050402e+02
2.482883857188951424e+02
2.483849294493028594e+02
2.486089902490715531e+02
2.486571371018797834e+02
2.479736512078627300e+02
2.484661821024623976e+02
2.490482460356336389e+02
2.485785202908584779e+02
2.479926101298159722e+02
2.484600755101897960e+02
2.490884181000838851e+02
2.488007762365135989e+02
2.484357758738898667e+02
2.489870784496256704e+02
2.490852346509609561e+02
2.491264245565347437e+02
2.491540108072536270e+02
2.489971318801408415e+02
2.490524872820897997e+02
2.490529922641299834e+02
2.489852523157044004e+02
2.493902764513923103e+02
2.488300325473776411e+02
2.487508831540436347e+02
2.491607105020310371e+02
2.488530668998390922e+02
2.491739955122998254e+02
2.492623213738529842e+02
2.490479039965826757e+02
2.492800457848850328e+02
2.492396394304483067e+02
2.489688772078346801e+02
2.485782573336804262e+02
2.493885514575743230e+02
2.498202091901264623e+02
2.488221378959552510e+02
2.491171498481742219e+02
2.492620660155879477e+02
2.496085629937022077e+02
2.498435086491957406e+02
2.496073337067724935e+02
2.496345419142257072e+02
2.496419715176100169e+02
2.494456395777043838e+02
2.489387027206668108e+02
2.495479820527177708e+02
2.500130761622960733e+02
2.498281977657202049e+02
2.502140109584329082e+02
2.498026297881167181e+02
2.495535501520394916e+02
2.499881182233509662e+02
2.502159600730587954e+02
2.498489387362265006e+02
2.497851061748025643e+02
2.494367245129527930e+02
2.500166113456537857e+02
