3.402507416061559411e+02
3.402507433681987550e+02
3.402507440433817010e+02
3.402507447896735471e+02
3.402507451284525359e+02
3.402507458148825776e+02
3.402507459073667633e+02
3.402507462127055078e+02
3.402507465544515526e+02
3.402507462075842568e+02
3.402507470113995396e+02
3.402507471049825085e+02
3.402507473814203536e+02
3.402507475624015569e+02
3.402507476945261828e+02
3.402507476336589889e+02
3.402507479112792907e+02
3.402507482217932306e+02
3.402507484404212050e+02
3.402507480525936785e+02
3.402507479993936954e+02
3.402507486845264566e+02
3.402507485088348744e+02
3.402507485077695719e+02
3.402507489206203104e+02
3.402507488600053307e+02
3.402507488822413393e+02
3.402507494742239373e+02
3.402507491103155530e+02
3.402507486701256880e+02
3.402507488267410167e+02
3.402507492913933902e+02
3.402507490284589835e+02
3.402507491510212958e+02
3.402507499729445613e+02
3.402507494535605588e+02
3.402507490901394362e+02
3.402507494163546085e+02
3.402507498209257619e+02
3.402507495471149923e+02
3.402507495055543245e+02
3.402507491072313996e+02
3.402507494560553027e+02
3.402507498560974568e+02
3.402507493855665643e+02
3.402507491979700376e+02
3.402507493628324369e+02
3.402507499236734816e+02
3.402507498189600597e+02
3.402507501124414944e+02
3.402507499424762614e+02
3.402507491689698895e+02
3.402507491300418110e+02
3.402507499093104570e+02
3.402507497930185423e+02
3.402507494934496322e+02
3.402507498967543142e+02
3.402507497600757915e+02
3.402507497045838250e+02
3.402507494222513174e+02
3.402507498689697627e+02
3.402507504368396098e+02
3.402507502142685780e+02
3.402507500286997129e+02
3.402507497165324253e+02
3.402507502550955110e+02
3.402507503867747687e+02
3.402507499095738126e+02
3.402507496213980289e+02
3.402507500097599973e+02
3.402507501818476499e+02
3.402507496793090809e+02
3.402507499306972818e+02
3.402507498404433477e+02
3.402507501830587557e+02
3.402507509573557627e+02
3.402507499241037863e+02
3.402507498008409925e+02
3.402507497720945935e+02
3.402507502388502303e+02
3.402507500710324848e+02
3.402507500690144866e+02
3.402507503697392508e+02
3.402507499282518211e+02
3.402507506448534969e+02
3.402507502351024868e+02
3.402507498923624780e+02
3.402507499184346216e+02
3.402507502753625772e+02
3.402507503013054020e+02
3.402507501985070917e+02
3.402507503814650818e+02
3.402507504676115673e+02
3.402507499206216153e+02
3.402507505965264158e+02
3.402507503206291517e+02
3.402507505969658155e+02
3.402507500034805048e+02
3.402507501622638983e+02
3.402507511451736377e+02
3.402507511604154047e+02
3.402507505800228387e+02
3.402507502724780011e+02
3.402507506787951570e+02
3.402507507892450462e+02
3.402507505118459790e+02
3.402507509640924468e+02
3.402507511387707382e+02
3.402507510501748698e+02
3.402507510381751672e+02
3.402507509931666050e+02
3.402507509465803537e+02
3.402507507269462508e+02
3.402507505471490958e+02
3.402507515663052686e+02
3.402507506979625873e+02
3.402507503191459364e+02
3.402507510032132814e+02
3.402507506059333195e+02
3.402507511569904750e+02
3.402507511437302696e+02
3.402507512385294604e+02
3.402507505826841339e+02
3.402507506290561992e+02
3.402507511440411463e+02
3.402507505783242436e+02
3.402507509074814038e+02
3.402507518602841401e+02
3.402507510076895301e+02
3.402507506728633189e+02
3.402507511494612231e+02
3.402507510968067663e+02
3.402507512350454135e+02
3.402507509757897424e+02
3.402507511436579080e+02
3.402507513445117411e+02
3.402507516531308625e+02
3.402507509494803344e+02
3.402507509757878665e+02
3.402507517514753204e+02
3.402507513057922210e+02
3.402507513036337627e+02
3.402507515497110262e+02
3.402507513449955923e+02
3.402507517538593333e+02
3.402507517234071770e+02
3.402507515332027310e+02
3.402507512111909023e+02
3.402507512633580404e+02
3.402507514750267319e+02
