9.400432108850877455e+01
9.327202298179228990e+01
9.281351008599109775e+01
9.273664122634322382e+01
9.220123418247119673e+01
9.230740091169076322e+01
9.188418814818329849e+01
9.186162688184168701e+01
9.192814221314404222e+01
9.124324282410879050e+01
9.118346341121275600e+01
9.123395792599889376e+01
9.122932540314850769e+01
9.109721528120233813e+01
9.099005271883356727e+01
9.074398327998953562e+01
9.082346969654251723e+01
9.045089369543597968e+01
9.079478100222598869e+01
9.054375840554331489e+01
9.050922000826734859e+01
9.066321580044552775e+01
9.057302968523833897e+01
9.035539245545392362e+01
9.027426641435744159e+01
9.009121777101883310e+01
9.022125105273157430e+01
9.014826749022144270e+01
9.035371593551720082e+01
9.044414916390587678e+01
9.013415935105456356e+01
9.054063870361221689e+01
9.054436305571925914e+01
8.972935887194655891e+01
9.001878478622352020e+01
9.024957975673119392e+01
9.019708725122883664e+01
9.026006960700709669e+01
8.997132191700619330e+01
9.002932052077238723e+01
9.008627709551296903e+01
8.979561096230544592e+01
8.981102863891884169e+01
8.991027346071092552e+01
8.998664343786516895e+01
8.982044335391567813e+01
8.961087400826416172e+01
8.983342334232725079e+01
8.974861229336181623e+01
8.965897610212670088e+01
8.968652446603381634e+01
8.973091441490942088e+01
8.975937241629509344e+01
8.980325518560034936e+01
8.984447437338873499e+01
8.964814075898402734e+01
8.983125099949900516e+01
8.970084782246988198e+01
8.987334131988848185e+01
8.964667036863839655e+01
8.971927363143531409e+01
8.991451003229434491e+01
8.962816616998905772e+01
8.967715195785554272e+01
8.965530243447919645e+01
8.945827545487668431e+01
8.959929786327211332e+01
8.972495930331018599e+01
8.967262507011660944e+01
8.961553791473814101e+01
8.963195636720143966e+01
8.954233775445868559e+01
8.951994655026800274e+01
8.966111712217734464e+01
8.958285236431460419e+01
8.926002186530827487e+01
8.973806183471081965e+01
8.959409882294859528e+01
8.948456324619651525e+01
8.939884028680954486e+01
8.964404474515283994e+01
8.918456357299703541e+01
8.968312324209792052e+01
8.944428247977573676e+01
8.953320445910672731e+01
8.975938774431584477e+01
8.966112419786445287e+01
8.978146768811588174e+01
8.948344251378144065e+01
8.959871602347617170e+01
8.949102803911306125e+01
8.920233179257355971e+01
8.929750716803077637e+01
8.918128723561972038e+01
8.937668641960965488e+01
8.925522248238900147e+01
8.949167812070204775e+01
8.938722620730210622e+01
8.920818966880284506e+01
8.886001840787629646e+01
8.906315171130263764e+01
8.950128295608793394e+01
8.905908713229941043e+01
8.925007402907762355e+01
8.908799114120006379e+01
8.931627872267326040e+01
8.886300369015130229e+01
8.912071234600482228e+01
8.893841697211912845e+01
8.888562133386903952e+01
8.871247651400410916e+01
8.893397902034007529e+01
8.913492420268259764e+01
8.880712302868192864e+01
8.889659456491357048e+01
8.895145965021902157e+01
8.868377089129165824e+01
8.925003647242702698e+01
8.904861621889143919e+01
8.911508206883338801e+01
8.904479417132677099e+01
8.904433731733115565e+01
8.890700021582438239e+01
8.879581022465072238e+01
8.869600178602557605e+01
8.897545767811823225e+01
8.863937329888206307e+01
8.837577198907656850e+01
8.895022969569849636e+01
8.871888550725795142e+01
8.866130075376345587e+01
8.850995255560184205e+01
8.849309608391627080e+01
8.855074790911199045e+01
8.849358232182794382e+01
8.838798050685977614e+01
8.862578213869441868e+01
8.848904101162247571e+01
8.839488674700608328e+01
8.843420318416207238e+01
8.824821192142910320e+01
8.798113127810763956e+01
8.833362554286669877e+01
8.843629100279213162e+01
8.815931306848220572e+01
8.821497389527981170e+01
8.810238446561618275e+01
8.854721476020102955e+01
8.857974144296919405e+01
8.800198032366220957e+01
