2.882162430297028095e+02
2.889849474767024162e+02
2.895861075649324903e+02
2.899843402073864240e+02
2.902456518782852868e+02
2.904187878562677838e+02
2.905490378996536265e+02
2.906499840958429672e+02
2.907813358499613514e+02
2.909818945514597317e+02
2.912591241202281935e+02
2.913588775616520365e+02
2.914477751409659732e+02
2.916081670464261038e+02
2.915252339600227174e+02
2.915786630408479709e+02
2.916260817285954658e+02
2.918515594956921291e+02
2.918481754798183374e+02
2.917938191199684184e+02
2.919076857780007686e+02
2.920280675618103601e+02
2.920409872342965514e+02
2.920442762109958608e+02
2.921707659421751373e+02
2.921882133904475154e+02
2.922818199015919163e+02
2.924017025412810540e+02
2.921874578829498432e+02
2.920596566730575319e+02
2.921180147119519575e+02
2.922529961387054414e+02
2.921518571656686163e+02
2.923005547680137397e+02
2.925091998411688223e+02
2.923975874466383971e+02
2.922989367867946271e+02
2.924620741940624953e+02
2.926226835471084655e+02
2.924751191930114942e+02
2.924834552225264019e+02
2.925022387728474769e+02
2.925879011443309423e+02
2.926527145063387820e+02
2.925296976110203673e+02
2.924938511597404727e+02
2.926602927836398180e+02
2.926610735783515906e+02
2.926697114846114687e+02
2.928684348342973180e+02
2.927188455868417236e+02
2.925229027168673497e+02
2.925636628868232378e+02
2.927169397472712831e+02
2.927119131506428289e+02
2.927100022385438365e+02
2.927327422692884511e+02
2.927418542785989644e+02
2.926461220466940176e+02
2.926084739231469030e+02
2.926943044965005356e+02
2.927942192318924413e+02
2.928383972823120871e+02
2.927610325601721684e+02
2.926668468542894175e+02
2.928732888868229338e+02
2.928842118816394873e+02
2.926988423359421745e+02
2.926344047539466828e+02
2.927483838052878014e+02
2.928285975572736106e+02
2.928199930385375751e+02
2.927772285648094908e+02
2.927100637266644867e+02
2.928717134183150961e+02
2.930292320247978637e+02
2.927578032745066707e+02
2.926870992549882544e+02
2.928077262168311563e+02
2.928750359223058126e+02
2.927118416984029068e+02
2.928395785091173025e+02
2.929027514156161374e+02
2.928428808155817933e+02
2.929881756792669307e+02
2.927908887824688122e+02
2.925656642846041109e+02
2.927527856052446964e+02
2.929050019333330965e+02
2.928944849943127906e+02
2.928580127909021371e+02
2.930047860403960271e+02
2.930076303265570346e+02
2.929346537185834336e+02
2.930788753658561632e+02
2.930729979737055260e+02
2.930500519012327914e+02
2.928520303193903942e+02
2.930195230191498581e+02
2.932987495790707158e+02
2.931967446697046853e+02
2.928805945802504880e+02
2.930133596963470950e+02
2.932236037843042595e+02
2.931877864711390771e+02
2.930323450837465771e+02
2.932674050524370273e+02
2.933185599622360655e+02
2.932733726194020960e+02
2.933777166992150001e+02
2.933859634087598920e+02
2.933340646158955565e+02
2.932273420414522320e+02
2.932207309285622046e+02
2.934416557491863387e+02
2.932079352244020924e+02
2.932277017607098628e+02
2.932461157544121306e+02
2.931922130837381246e+02
2.933901975847306858e+02
2.933435439415137012e+02
2.933630055900214870e+02
2.932796803182694134e+02
2.933163233812636577e+02
2.933488363717648895e+02
2.932062811551949153e+02
2.934544015753164672e+02
2.935998833906845107e+02
2.933546350674542964e+02
2.933086138525327442e+02
2.934649120250174974e+02
2.935213057524037481e+02
2.935821649134075528e+02
2.936000289449626166e+02
2.936080564993004032e+02
2.936432990560537633e+02
2.935656641879043036e+02
2.933798363153215973e+02
2.935927156068121917e+02
2.937733706306881913e+02
2.937399283278168127e+02
2.937684978429310263e+02
2.937291005310985952e+02
2.936677963076313631e+02
2.937746424191500410e+02
2.938159948012193468e+02
2.937896377479077614e+02
2.936828585360037209e+02
2.936595559086226217e+02
2.937137331160875533e+02
