2.376887303200564929e+02
2.376935572695894336e+02
2.376563997030281996e+02
2.378351337628998010e+02
2.375483563433046186e+02
2.376343025729686076e+02
2.376046776754419625e+02
2.380339731718705423e+02
2.377645819986213667e+02
2.378168311975312861e+02
2.381379360746216207e+02
2.377570358529242469e+02
2.377322898798711321e+02
2.374784112947598089e+02
2.380455210694864263e+02
2.378885533869269011e+02
2.374566900422907167e+02
2.377831052643867054e+02
2.379063436689648654e+02
2.379130682216292882e+02
2.377125456964115244e+02
2.381977735501228608e+02
2.381552741259448283e+02
2.382489598241291162e+02
2.380804232365634050e+02
2.378783890040496090e+02
2.377467764330863247e+02
2.378945307225203294e+02
2.378478200511365515e+02
2.377883364329025824e+02
2.380020933045947231e+02
2.378185626221521716e+02
2.381361686355416794e+02
2.374389604927789605e+02
2.371087127683454412e+02
2.376860093908201179e+02
2.379518887437878902e+02
2.379260139615744549e+02
2.380186806924956784e+02
2.375807696664360265e+02
2.378325740300277857e+02
2.380536657025064358e+02
2.380506460488946914e+02
2.380472984218546060e+02
2.383068645982509395e+02
2.379825655923101806e+02
2.380059045013594812e+02
2.382955298480804913e+02
2.379593907017650452e+02
2.379865719533380286e+02
2.379462306365780080e+02
2.379437207933111722e+02
2.382671558141758226e+02
2.375363663374597252e+02
2.380359007238263302e+02
2.381363086876253021e+02
2.380915094103425247e+02
2.382769453214390296e+02
2.376447045944675835e+02
2.380812163145048714e+02
2.380690159794481531e+02
2.383717317650992982e+02
2.379804148545026692e+02
2.382318506958370108e+02
2.378120908082003950e+02
2.377747972595999215e+02
2.382121358964628826e+02
2.379337542189609565e+02
2.378077155762125869e+02
2.379196453378769718e+02
2.378787910567070867e+02
2.381908556466667335e+02
2.379281742382525238e+02
2.381049878524439976e+02
2.378677590590970397e+02
2.380978735672526909e+02
2.378372048264958210e+02
2.380771749423296058e+02
2.381395454591227008e+02
2.380350111426333513e+02
2.377781632324082466e+02
2.381633217439630528e+02
2.378351102655641114e+02
2.378073693929886474e+02
2.380556875034404811e+02
2.381512041012847760e+02
2.377470377740090726e+02
2.378937636827313611e+02
2.378247626826472185e+02
2.383793330944247089e+02
2.381333976087285009e+02
2.378576519281048434e+02
2.379398766352125278e+02
2.382461685306365951e+02
2.378494189795077034e+02
2.375917704984274224e+02
2.378340681434097803e+02
2.378701922894576910e+02
2.376605826774125774e+02
2.377255453337054405e+02
2.379499531030402579e+02
2.379364498045434573e+02
2.376443756821484214e+02
2.378816783629033296e+02
2.377298032428466570e+02
2.375125773709812336e+02
2.379242882957746588e+02
2.374246431363937688e+02
2.373997719398904565e+02
2.380182476084317784e+02
2.378152275331537737e+02
2.372811284861691945e+02
2.377143941784505898e+02
2.370770146070496764e+02
2.371267921716790568e+02
2.372127611511380394e+02
2.374703167372793757e+02
2.374086954725748058e+02
2.375157074010687666e+02
2.376404063296989477e+02
2.373513149738955406e+02
2.372606981972752180e+02
2.371929270546971509e+02
2.375012844745768632e+02
2.370374267562065427e+02
2.373548353606169314e+02
2.375304305154210454e+02
2.372169598473376766e+02
2.374121209082032635e+02
2.373259205753008700e+02
2.377031296359375290e+02
2.372301254509428929e+02
2.370696663549586276e+02
2.370361457040666266e+02
2.370247490525339629e+02
2.369366384354844115e+02
2.371592140861008886e+02
2.370112443047935358e+02
2.369672107190401391e+02
2.369605221464513818e+02
2.375090869391791273e+02
2.367099077704985746e+02
2.362849618368015854e+02
2.369116527399365850e+02
2.369975390069621710e+02
2.371409222549339404e+02
2.372918671517297469e+02
2.369532657659500785e+02
2.372932074280466566e+02
2.370481850537918547e+02
2.370600595707758202e+02
2.371102410964990668e+02
2.374358149089060532e+02
2.374004809144971375e+02
2.371833961152858308e+02
2.372260413410670878e+02
2.373006275182616776e+02
2.377565700263072301e+02
2.373774876395403624e+02
2.372843310406823036e+02
2.371333646132826800e+02
2.373710540632945367e+02
2.375426765346671800e+02
2.372593572505245731e+02
2.371756516538037829e+02
