1.010008593252434395e+02
1.010878845816078382e+02
1.012775007655885275e+02
1.011466729859697153e+02
1.012941921938570573e+02
1.010730128111165840e+02
1.009660858941710870e+02
1.012218593304165353e+02
1.011577465756802354e+02
1.008554699982472727e+02
1.009958462171306337e+02
1.015547019827800455e+02
1.014720888459525412e+02
1.011710916229221908e+02
1.008169109818872471e+02
1.011004992199653572e+02
1.010927841430723078e+02
1.011162842070509242e+02
1.007236255418755491e+02
1.012270349959974993e+02
1.009108271812265656e+02
1.006920452324692974e+02
1.009862920392007624e+02
1.008150520177802463e+02
1.009009871941688203e+02
1.009348861105255537e+02
1.008793214739892932e+02
1.008954475283474039e+02
1.010102717491695188e+02
1.011199952487041145e+02
1.008695696528747021e+02
1.008752227408358522e+02
1.010616638524959257e+02
1.018769796540878048e+02
1.027891610687928932e+02
1.016060249768839725e+02
1.009401691971157646e+02
1.007447296436235007e+02
1.009926011098723251e+02
1.008881980332898962e+02
1.008420880041574037e+02
1.012266745536665127e+02
1.011094032137247751e+02
1.007354942160480533e+02
1.010142373073221194e+02
1.010152642792537421e+02
1.008216478783155736e+02
1.008919322295270860e+02
1.009277434826413469e+02
1.010324401291337608e+02
1.007973339126806565e+02
1.007997552497483440e+02
1.011331545533526963e+02
1.014949125193292474e+02
1.012605780958691639e+02
1.007405606884360054e+02
1.008574190271970537e+02
1.009477840798712123e+02
1.010078554373660751e+02
1.007230922423344737e+02
1.010064311750887924e+02
1.006512482718801493e+02
1.011014595721505884e+02
1.011280524770576363e+02
1.006993315267894076e+02
1.010654254802859526e+02
1.008379989500058826e+02
1.008349104517563859e+02
1.009870270990050045e+02
1.009026048673494671e+02
1.008455295879232239e+02
1.010585530189775199e+02
1.011557293963480220e+02
1.008683721587463396e+02
1.008494437284846725e+02
1.009543478156581244e+02
1.011712180535928525e+02
1.007225283834088145e+02
1.010382479748178071e+02
1.011011730491616163e+02
1.008054454713778227e+02
1.011201908401157539e+02
1.013109049652738918e+02
1.009491589004801853e+02
1.009524459970088515e+02
1.012272224889129149e+02
1.009718027952963979e+02
1.007747331972871763e+02
1.010333040558636526e+02
1.008468149439464838e+02
1.010846709737786995e+02
1.007603009519714305e+02
1.011337070826573239e+02
1.008360166651233527e+02
1.014295205146929817e+02
1.008780318308118495e+02
1.012590409575366976e+02
1.012793273384730384e+02
1.012510578127429852e+02
1.013795199780069396e+02
1.011856397071065459e+02
1.011380370622076299e+02
1.012562690648485813e+02
1.012166864608326478e+02
1.009865808384458887e+02
1.013114397821831290e+02
1.013870516535927067e+02
1.013398006413056578e+02
1.016622306767697950e+02
1.016934589983740551e+02
1.015336858449245483e+02
1.014674370012493227e+02
1.019322976071911313e+02
1.023817638930516551e+02
1.020267152577396246e+02
1.014643124407515558e+02
1.016184911167222396e+02
1.017510278843249125e+02
1.015556372187414098e+02
1.015689023936177620e+02
1.015152053199079774e+02
1.019818594081221477e+02
1.013992152486693357e+02
1.015871272492818207e+02
1.017420840856652831e+02
1.016280578759834157e+02
1.014655776815883854e+02
1.014198995129677741e+02
1.014407591368813542e+02
1.017233891435141828e+02
1.018326835280889071e+02
1.015242157542416379e+02
1.020012139423682669e+02
1.024334383789327632e+02
1.017795994140237781e+02
1.016850663733321625e+02
1.016806533867841011e+02
1.019103731679459628e+02
1.016794666735424499e+02
1.015151894243929860e+02
1.017176906185597289e+02
1.020508297124974462e+02
1.027932399389413263e+02
1.022921471819064294e+02
1.016059483509357051e+02
1.012446875571304190e+02
1.014388293817738003e+02
1.015711913244928297e+02
1.016747243619040120e+02
1.016221334131330423e+02
1.014953471096083035e+02
1.012170269994970653e+02
1.013450107102226951e+02
1.013926162361141223e+02
1.011697009323828524e+02
1.013390709851739331e+02
1.011648271356370969e+02
1.013559904761339112e+02
1.008617223041135276e+02
1.014004996016184919e+02
1.009019355040280033e+02
1.011166142483486965e+02
1.011339714204587636e+02
1.008255425522689706e+02
1.010978285200879299e+02
