2.856282788009685873e+02
2.856165362244087760e+02
2.857064801445106355e+02
2.857910264519581460e+02
2.856582175442402445e+02
2.856309058518585289e+02
2.857609294772352655e+02
2.858942143942869620e+02
2.857832610407236302e+02
2.858801320119034131e+02
2.859513136282781147e+02
2.858471250847726992e+02
2.856918352994439942e+02
2.856378042499998173e+02
2.858881637574240813e+02
2.857919462333717320e+02
2.856841692945798172e+02
2.857761949285688843e+02
2.858957503991995850e+02
2.858802924745768337e+02
2.858766384701977472e+02
2.860253970317270955e+02
2.860008434992976731e+02
2.859368347367010870e+02
2.859677553882643792e+02
2.858893014882025341e+02
2.858713793152300013e+02
2.858507817320034405e+02
2.858328367750021357e+02
2.859492274052369112e+02
2.860015127673422057e+02
2.859169469710958538e+02
2.860411312505432306e+02
2.859030948833303682e+02
2.857968408762063177e+02
2.859325895364198686e+02
2.859973245084003679e+02
2.859921219394649938e+02
2.860393125710576783e+02
2.857935354627671245e+02
2.860045917956145445e+02
2.861016687396764269e+02
2.860995602412922381e+02
2.861996770716392007e+02
2.862068659555880572e+02
2.860189074666670876e+02
2.860550577088446857e+02
2.861831140031309815e+02
2.860882145048074676e+02
2.860769233618463545e+02
2.860252297266458186e+02
2.861602563997508923e+02
2.862251162955904533e+02
2.859145575987882921e+02
2.861176125938312111e+02
2.861662230574167438e+02
2.862230853439836551e+02
2.861946616201357187e+02
2.859961901361940022e+02
2.861780017202361819e+02
2.861986393659640839e+02
2.863291663952001613e+02
2.862100205855604145e+02
2.862516499940812196e+02
2.861109423646193477e+02
2.861019410251359432e+02
2.861267578451153781e+02
2.860390888416628741e+02
2.860208528688335718e+02
2.861588846709552740e+02
2.861968807228925584e+02
2.861374627936848469e+02
2.861544475183448526e+02
2.862384988905013188e+02
2.861585324788107414e+02
2.862925744245982287e+02
2.861941168128719823e+02
2.862105887274197471e+02
2.862526447660858935e+02
2.862420831897256335e+02
2.861991739822400405e+02
2.862611762788594092e+02
2.860666537532666212e+02
2.860649970033909426e+02
2.862430848826472811e+02
2.862138155783850948e+02
2.860624164519309147e+02
2.861874218799532059e+02
2.862077772343754987e+02
2.863836235169403608e+02
2.863069705079885239e+02
2.861042761042975826e+02
2.862500888055205337e+02
2.863430246949736215e+02
2.861415607817315845e+02
2.860610133850635179e+02
2.861050355097672195e+02
2.861906432624984973e+02
2.861011046753716869e+02
2.861671111866775732e+02
2.861930871039235740e+02
2.862286718785248922e+02
2.861563322797087494e+02
2.862884853910004495e+02
2.861733146795188532e+02
2.861772047758440181e+02
2.861322405518686196e+02
2.860367240726913565e+02
2.861840994970019096e+02
2.862851177673333609e+02
2.860494312920855577e+02
2.860386362938976959e+02
2.861630006540499380e+02
2.858592961020773942e+02
2.859272641245165119e+02
2.860099943221831609e+02
2.861696722524997654e+02
2.860936882173112394e+02
2.861122166795203157e+02
2.861170280191351480e+02
2.860698494956162676e+02
2.861182456850834228e+02
2.860751306638174469e+02
2.862085735790544163e+02
2.860629215889446186e+02
2.862129341100590523e+02
2.862782395607883359e+02
2.862408817392164906e+02
2.863381336400108239e+02
2.863989293394735682e+02
2.863714496118415695e+02
2.862397508186223263e+02
2.862926465263251998e+02
2.861786572321493054e+02
2.861576469337972526e+02
2.861589039805501216e+02
2.863320047039487122e+02
2.863211491949140850e+02
2.862445907565920038e+02
2.863844579892198112e+02
2.865731039167162066e+02
2.863529610023579721e+02
2.863433703393195060e+02
2.864923517175498091e+02
2.864660265163377630e+02
2.866251020168007813e+02
2.866321711552606644e+02
2.866172715071374455e+02
2.866792585698509015e+02
2.866061318788299559e+02
2.865679625082258326e+02
2.865696689859497042e+02
2.868777892441761992e+02
2.868367288513094877e+02
2.867988814257651597e+02
2.868442273690032494e+02
2.869631648780000432e+02
2.870803132324979856e+02
2.868979771469589082e+02
2.868689681608889828e+02
2.868122922320008570e+02
2.870437053772758986e+02
2.870024153373642548e+02
2.869694155318018716e+02
2.870400716630885540e+02
