2.370697089524926753e+02
2.371917114222153771e+02
2.372822134611568856e+02
2.366642670451888080e+02
2.368201777977739368e+02
2.372916941227874474e+02
2.369754969945576306e+02
2.368511617149440838e+02
2.370785615201018572e+02
2.369167740600096010e+02
2.371690459128080590e+02
2.371830594278334274e+02
2.368607744829097612e+02
2.370253260651675475e+02
2.370025831407159842e+02
2.370093108142390008e+02
2.369923204250869446e+02
2.368810820007621771e+02
2.374119661905385783e+02
2.371370496264224812e+02
2.368897057159672670e+02
2.370289306167930761e+02
2.370643395701617635e+02
2.370462795466881971e+02
2.367292862512444742e+02
2.369285945997687861e+02
2.372912400559940522e+02
2.371221698076888913e+02
2.371240598649746119e+02
2.370103947056057052e+02
2.368990832163378570e+02
2.371975341733554785e+02
2.372649512912481953e+02
2.373245095756052763e+02
2.373515421928590001e+02
2.368805701475031071e+02
2.374488763139137006e+02
2.372051709040713376e+02
2.370076682125058198e+02
2.367724897494938148e+02
2.372433017095722789e+02
2.372208531665308158e+02
2.370098440984060346e+02
2.370156074037636529e+02
2.370109919312560294e+02
2.371059264604632801e+02
2.370545010059486231e+02
2.370139809867737597e+02
2.372253218382195143e+02
2.371246961717659190e+02
2.371460032580306176e+02
2.371864117324739709e+02
2.372294407676047285e+02
2.369953086729067309e+02
2.369154459533084491e+02
2.371910069063125093e+02
2.374679674688793796e+02
2.374350140152144206e+02
2.370276128357511425e+02
2.373268979713194540e+02
2.370731264680002823e+02
2.372999894546501594e+02
2.374718141893077927e+02
2.374881670977113970e+02
2.374878427881456275e+02
2.374102138777548134e+02
2.376976724791323932e+02
2.375395831731011924e+02
2.372793714640217502e+02
2.375502595594143429e+02
2.373462941744431873e+02
2.372202734173756937e+02
2.376970221635908445e+02
2.370628571649137939e+02
2.369537577979391187e+02
2.372489557322371638e+02
2.374830532950520308e+02
2.372501973513270741e+02
2.373170479161235846e+02
2.374018929207973940e+02
2.370834524397538701e+02
2.374712061630568769e+02
2.372771406300889510e+02
2.373775137285655319e+02
2.374750223487262986e+02
2.372391015482847649e+02
2.370754551461243409e+02
2.373893416206082350e+02
2.371379604992659154e+02
2.372546453998564004e+02
2.373734056811036055e+02
2.371028981164839706e+02
2.371058805938158400e+02
2.368097379292479161e+02
2.371503152886316741e+02
2.370384333457008381e+02
2.372350105500778739e+02
2.370665202153315079e+02
2.372271926786125675e+02
2.367089713473555150e+02
