3.408850579333130781e+02
3.408880844835200037e+02
3.408853005645925123e+02
3.408863356875090176e+02
3.408911454971167245e+02
3.408861449897112266e+02
3.408867404038095970e+02
3.408841160259302683e+02
3.408857992257197225e+02
3.408871389859199894e+02
3.408856974362009851e+02
3.408859887702693072e+02
3.408896863808513444e+02
3.408861848647962347e+02
3.408876185262502645e+02
3.408873112585351350e+02
3.408893201637149559e+02
3.408881604766790474e+02
3.408848553765890870e+02
3.408830178579465269e+02
3.408881114727799400e+02
3.408853909387154886e+02
3.408877141334746170e+02
3.408866871172226638e+02
3.408879490276690944e+02
3.408876888167415586e+02
3.408861085793382131e+02
3.408858273317170529e+02
3.408913917118051700e+02
3.408860133803269719e+02
3.408867687392943822e+02
3.408842243948192845e+02
3.408864307912018035e+02
3.408880426161085211e+02
3.408859322088796375e+02
3.408862461082305231e+02
3.408898899524036210e+02
3.408857456963522168e+02
3.408879500279620629e+02
3.408864343905905230e+02
3.408889006231784151e+02
3.408882377575263831e+02
3.408836545956956456e+02
3.408842101369608599e+02
3.408882924520403890e+02
3.408866500514161544e+02
3.408887883762256479e+02
3.408865508286597787e+02
3.408882911504003346e+02
3.408878325105624185e+02
3.408855983805763117e+02
3.408865059929086669e+02
3.408908915378219149e+02
3.408860131828415092e+02
3.408862004358026070e+02
3.408838443249395027e+02
3.408865493649691416e+02
3.408881085373482733e+02
3.408859533339579571e+02
3.408857329686695721e+02
3.408908077312500495e+02
3.408862463419297342e+02
3.408892980144799481e+02
3.408876044618714332e+02
3.408887075886020739e+02
3.408884044474600614e+02
3.408826965538946752e+02
3.408835045659203047e+02
3.408891178816188017e+02
3.408859850296068430e+02
3.408891454582860661e+02
3.408864713631663221e+02
3.408876797893394723e+02
3.408889730097843085e+02
3.408846587105439312e+02
3.408868776932948208e+02
3.408909226250659117e+02
3.408859692472333904e+02
3.408870421395692460e+02
3.408850037006793059e+02
3.408874216890980620e+02
3.408892400455604275e+02
3.408853772370327988e+02
3.408852553865910409e+02
3.408901806922301603e+02
3.408858148877114331e+02
3.408885995733519394e+02
3.408879227951288726e+02
3.408885105288330237e+02
3.408882592866291361e+02
3.408831530743882468e+02
3.408828071201957641e+02
3.408904611929983730e+02
3.408862694681467360e+02
3.408891959316654834e+02
3.408878450931433122e+02
3.408876983707870636e+02
3.408900479562401529e+02
3.408854294195080001e+02
3.408859718571529243e+02
