1.036680502298472533e+02
1.038662165133938942e+02
1.034232425526670340e+02
1.036311005021343163e+02
1.035694550965259140e+02
1.038440972727542686e+02
1.037378262084436500e+02
1.036767978282658618e+02
1.038093143231441644e+02
1.036068097815563220e+02
1.037335114071367315e+02
1.038878949679237138e+02
1.035664382414778402e+02
1.035223808626357140e+02
1.035965548771115010e+02
1.034136777478826303e+02
1.036428247216718290e+02
1.039133679886907800e+02
1.039094404779397109e+02
1.033449231355417481e+02
1.033573700453413977e+02
1.033613720488500434e+02
1.039163175186733241e+02
1.037121316474161432e+02
1.032725650035752238e+02
1.037704544187177476e+02
1.039320581076404295e+02
1.033836337871605764e+02
1.032362178040803400e+02
1.032694882568312096e+02
1.032852707142198625e+02
1.036645264098316801e+02
1.035313197502117788e+02
1.032470953066821693e+02
1.033689604596745681e+02
1.038119879921426190e+02
1.034259200018478708e+02
1.036318404505475286e+02
1.037662146742063101e+02
1.038279145324543862e+02
1.037162091997657285e+02
1.036578933361073922e+02
1.035173544002537511e+02
1.036825548143527129e+02
1.035505980740419858e+02
1.035142799346987630e+02
1.035557462802753861e+02
1.035785969733741041e+02
1.033513311193261188e+02
1.035598299836430130e+02
1.036798380559236108e+02
1.032382243184193129e+02
1.036298913396155399e+02
1.034365360017961706e+02
1.034471704439519044e+02
1.031222070060085798e+02
1.033447857183578691e+02
1.033963097707865444e+02
1.030512275398788660e+02
1.033435153310770573e+02
1.032299374977792041e+02
1.032593480610685219e+02
1.032104865977452022e+02
1.033314854028989771e+02
1.033677319441813012e+02
1.032862210820278932e+02
1.033566709835448449e+02
1.030510691985946465e+02
1.032155725839262033e+02
1.032913145944141178e+02
1.032915419661453456e+02
1.040048546526359701e+02
1.032560072900682258e+02
1.034857076658326349e+02
1.035480320725902743e+02
1.034719431671020828e+02
1.031932008371118172e+02
1.036421461552384926e+02
1.036053024001972744e+02
1.033541537239869541e+02
1.032951140895086724e+02
1.036127881469483327e+02
1.037009406297755589e+02
1.031533493600541505e+02
1.034692958057878656e+02
1.032012007783773697e+02
1.038871270473421191e+02
1.036059879357043343e+02
1.034141828876841629e+02
1.034208584214701432e+02
1.034233010473343484e+02
1.033649376913404581e+02
1.038369704526913324e+02
1.037224574196623053e+02
1.037948359533331626e+02
1.037493091318103637e+02
1.035852769076420401e+02
1.032989705555332733e+02
1.038356516992470944e+02
1.038394983281511799e+02
