2.868370233652023558e+02
2.869467035851209289e+02
2.869631803844893057e+02
2.869180887280605816e+02
2.868529065345797449e+02
2.868896683954453124e+02
2.868329743569511265e+02
2.869413396233386493e+02
2.871745023704055484e+02
2.869909934174606292e+02
2.871772721043649312e+02
2.872014230051928507e+02
2.873182383198883940e+02
2.872768116198369626e+02
2.871424336517937377e+02
2.871545110082320207e+02
2.872144404013026247e+02
2.872586016717442021e+02
2.873132469709511838e+02
2.873759845231357417e+02
2.873915436866076334e+02
2.871213075812819966e+02
2.873492288889819406e+02
2.874503763284598676e+02
2.872221065014140891e+02
2.874116908954404721e+02
2.877115303675244604e+02
2.877081062689060786e+02
2.876973009359430193e+02
2.876250401169569955e+02
2.877125893827425784e+02
2.874579012315772957e+02
2.876007655052086989e+02
2.874769896292434623e+02
2.876066520225487579e+02
2.877875253300322242e+02
2.878041634351043854e+02
2.875888277906618100e+02
2.876417545492642489e+02
2.876190903613241971e+02
2.877473762351451114e+02
2.878248491050340476e+02
2.877531377246959892e+02
2.877558164469706981e+02
2.879500721630250268e+02
2.879621782498689413e+02
2.880057332905267913e+02
2.881293229837917238e+02
2.880706558546244764e+02
2.880411690688684985e+02
2.881895554986762136e+02
2.880955491201902419e+02
2.881189123684850983e+02
2.881114200804677807e+02
2.880330163856921786e+02
2.881182293391885310e+02
2.880510374134238987e+02
2.882418600034197311e+02
2.882938912987909816e+02
2.881885581585260638e+02
2.883219410454065041e+02
2.882636816146114143e+02
2.882391808055913316e+02
2.883023181388513194e+02
2.884459607071466394e+02
2.884517878106540820e+02
2.886708325612862041e+02
2.885455979902461081e+02
2.884725887686229839e+02
2.884897287195893796e+02
2.885358660237229742e+02
2.886257365985891852e+02
2.886337396735590914e+02
2.885905657178321917e+02
2.886355444065489451e+02
2.885939322098382149e+02
2.885859772409122002e+02
2.888398183094842580e+02
2.888848316810803567e+02
2.887417282378773393e+02
2.889737880590631676e+02
2.891305779427744369e+02
2.888289346379020230e+02
2.887975206169410853e+02
2.889775035714074534e+02
2.889699541178602544e+02
2.891651730000164093e+02
2.892526326564885153e+02
2.891541713580148780e+02
2.891846943114469468e+02
2.892611830232440866e+02
2.889921065537408253e+02
2.891869428625199703e+02
2.893123797223859697e+02
2.891836475675870020e+02
2.892463133361302994e+02
2.893673203996933694e+02
2.894671929316602927e+02
2.893027631068260348e+02
2.895122285023252857e+02
2.895332709885550457e+02
2.894866066784933878e+02
2.895705137423944393e+02
2.897334615236102877e+02
2.897595444270814937e+02
2.895876621773062993e+02
2.895853312222597538e+02
2.897145445839020113e+02
2.896844644899560421e+02
2.895458917034720230e+02
2.896734213834841398e+02
2.896940469367769992e+02
2.897972049332801703e+02
2.897010340804491193e+02
2.897901501687190944e+02
2.898668280234493864e+02
2.899032605612160864e+02
2.900136272504678914e+02
2.900701404362194467e+02
2.900779161617852537e+02
2.900098841568015473e+02
2.899833158828812998e+02
2.899905875894780252e+02
2.900680548510921994e+02
2.902629315881399066e+02
2.900843746000504666e+02
2.902186177530437021e+02
2.902334865021942392e+02
2.901916732012412012e+02
2.903621136287939066e+02
2.904167572099312906e+02
2.903220317621969571e+02
2.902688238615160685e+02
2.904555201814679322e+02
2.905822344528356211e+02
2.906614708110826655e+02
2.907277762693363456e+02
2.907547511610311517e+02
2.907589273218472385e+02
2.907018596796936549e+02
2.905753417968073791e+02
2.908161013686505498e+02
2.908467823043972089e+02
2.910277761434799118e+02
2.909026964960925739e+02
2.910057245147654044e+02
2.910669315319678958e+02
2.909804731763514951e+02
2.910949131380447739e+02
2.912602038614535900e+02
2.910755729023986760e+02
