2.401890680491380863e+02
2.404775597862569327e+02
2.401424166059860852e+02
2.401614947259126893e+02
2.407055791556356041e+02
2.404317925564508585e+02
2.405123038276598209e+02
2.412044913959690291e+02
2.401362950338335622e+02
2.402335177799983512e+02
2.400679284870969070e+02
2.400372634643613594e+02
2.401728147098231148e+02
2.403954688992913304e+02
2.404310251715987761e+02
2.401143679675233500e+02
2.402597733853273496e+02
2.400393123431415461e+02
2.401284466415943086e+02
2.403268890991053865e+02
2.404607885701586554e+02
2.406020936655072546e+02
2.401531064392629844e+02
2.400185795094081413e+02
2.402238341940513067e+02
2.400544253068840135e+02
2.404210315002192431e+02
2.398866541464647923e+02
2.402002336383700083e+02
2.402816206241186308e+02
2.399086622769822554e+02
2.398077739914710662e+02
2.404884788998936926e+02
2.394645696633475893e+02
2.398221090999019225e+02
2.399881110169392002e+02
2.398132539449719616e+02
2.393625004297924761e+02
2.398325891476690401e+02
2.402322998732461201e+02
2.397234859204424708e+02
2.396155661993214778e+02
2.397457106816415262e+02
2.397763575519064432e+02
2.400103358921174959e+02
2.405294826054525856e+02
2.403159232096420510e+02
2.400251470680683212e+02
2.397684411460540730e+02
2.398270020907090441e+02
2.401164843060114151e+02
2.401881588584446945e+02
2.402529172054038611e+02
2.398613161470833859e+02
2.403399187242331152e+02
2.398767821501814126e+02
2.396969897904714344e+02
2.396792780834158236e+02
2.400300010016081558e+02
2.403397495751704582e+02
2.396366708696959904e+02
2.396780100320268900e+02
2.399580916675866717e+02
2.399410891239510590e+02
2.397577962634599373e+02
2.400854144500013945e+02
2.400639623917151084e+02
2.402241024402513858e+02
2.401419866201489697e+02
2.403398462342800883e+02
2.403189674525148121e+02
2.405580250605371759e+02
2.400741376180421582e+02
2.404080250441833471e+02
2.403326876524293993e+02
2.402580370640528429e+02
2.400116110565335532e+02
2.402770465485021134e+02
2.407230280822755049e+02
2.403449889319366264e+02
2.398469316009853571e+02
2.397784795408714444e+02
2.395396259106051673e+02
2.397913625168631881e+02
2.402503948944688830e+02
2.404910542958284907e+02
2.402990882183947576e+02
2.402136022363455652e+02
2.405591526397075768e+02
2.407267688748749777e+02
2.402423564494455093e+02
2.401901303176441616e+02
2.399922307775958927e+02
2.398346762778774917e+02
2.403196730260246170e+02
2.402818598238461334e+02
2.405065396750103730e+02
2.405491401560849738e+02
2.398378557341732460e+02
2.399461915489442845e+02
2.401842128226593047e+02
2.400982599957535228e+02
2.397283655688515864e+02
2.399260400183738682e+02
2.402347830210110544e+02
2.403144568256468858e+02
2.402589456992843395e+02
2.401220641709830659e+02
2.401397030893717783e+02
2.402410237604768781e+02
2.402550511252993601e+02
2.402679731810308397e+02
2.399590772810255714e+02
2.403361894034673298e+02
2.402664339115700898e+02
2.405125097666062857e+02
2.399993711581208515e+02
2.404500592751813883e+02
2.404245073348324695e+02
2.402039212527937480e+02
2.398530321700487775e+02
2.399020648635882935e+02
2.396440675903670297e+02
2.400348411031039007e+02
2.402851426269882325e+02
2.401408827872045322e+02
2.398758595922855932e+02
2.402283303291048639e+02
2.403328329883560173e+02
2.403314215907951166e+02
2.400620884172006981e+02
2.401501996639449317e+02
2.403247395927621994e+02
2.402738538943299034e+02
2.402411454383595810e+02
2.402458313771050769e+02
2.402481942383386695e+02
2.403840555307080251e+02
2.404593554470592096e+02
2.405091611252962593e+02
2.406058974533384855e+02
2.397730465197904266e+02
2.400676236836767714e+02
2.401214194099557346e+02
2.400986418511506599e+02
2.402253946760864380e+02
2.407453630757796645e+02
2.399670026369492177e+02
2.402988611268555417e+02
2.403752525015093227e+02
2.404170819390776614e+02
2.401111901140427278e+02
2.403322710266797912e+02
2.402951587150527928e+02
2.404165668348709914e+02
2.400906206359867667e+02
2.401046512081335322e+02
2.403739199286387702e+02
2.401060229445529046e+02
2.400760140143672743e+02
2.407025030502514937e+02
2.403322647435456929e+02
2.402938302269079713e+02
2.404963887241833334e+02
2.403017818959654903e+02
2.405983325371329045e+02
2.408820756144134805e+02
2.403561459880967277e+02
2.403186752773404180e+02
2.406200675368570785e+02
2.403862764703767425e+02
2.402913965541403059e+02
2.404100239026475947e+02
2.403370655214550595e+02
2.401739073352504192e+02
2.401878872375749836e+02
2.405950357534049999e+02
2.406886206579961254e+02
2.404345395027395682e+02
2.404173281389771546e+02
2.402314827795302108e+02
2.405090860619147008e+02
2.406590165887406840e+02
2.405517386792896275e+02
2.408343732518477225e+02
2.401976187248765484e+02
2.407102991130943508e+02
2.407332708351629265e+02
2.403229218532863740e+02
2.404608326453160316e+02
2.408883208969979535e+02
2.404625114940369315e+02
2.405733720250663339e+02
2.407359835092025548e+02
2.406167458256632870e+02
2.408411631441421434e+02
2.402673508622046086e+02
2.400098350325826857e+02
2.404297699286554746e+02
2.403810196296812194e+02
2.403386690055948804e+02
2.403739385207406087e+02
2.409817180527670644e+02
2.403621833552367377e+02
2.402117052401771389e+02
2.405687286717067082e+02
2.407169898769321037e+02
2.401819917538921061e+02
2.402895633540695997e+02
2.405687676739615029e+02
2.409729839574477239e+02
2.408260199515582656e+02
2.406973851819602430e+02
2.405082640034001145e+02
2.402956330349633447e+02
2.406859064686826457e+02
2.406988165720723316e+02
2.407055473190009991e+02
2.411950696701587731e+02
2.406365322250332781e+02
2.407868716660994153e+02
2.407481829049111184e+02
2.403497757513360682e+02
2.404458127717789182e+02
2.408874783940451323e+02
2.400793093820207389e+02
2.404098862670498420e+02
2.407876108531931152e+02
2.406157396290489885e+02
2.406645252565990631e+02
2.401790146933619781e+02
2.400531633389347519e+02
2.400089386438599206e+02
2.400177134403460570e+02
2.402442563842951984e+02
2.406995251589244162e+02
2.405490996198066398e+02
2.404877500590052648e+02
2.400817624430576416e+02
2.399215691812712237e+02
2.402552981528608598e+02
2.409566100273105747e+02
2.405617805830296163e+02
2.404989913228181422e+02
2.402609750546902490e+02
2.398481380010109660e+02
2.406903502465005147e+02
2.402838389050524484e+02
2.399910324609174097e+02
2.407389636182436163e+02
2.405506811487421999e+02
2.403402025302374341e+02
2.404070779994069653e+02
2.406612338246148681e+02
2.402208835925684127e+02
2.406060751379721694e+02
2.407687616829149135e+02
2.403941625575583885e+02
2.403111943504454757e+02
2.403993246529080068e+02
2.405548805808477653e+02
2.402659873270424384e+02
2.401506654862638470e+02
2.399941325247243356e+02
2.401394401666129568e+02
2.397951095765301091e+02
2.404853439522561587e+02
2.401275814216532751e+02
2.402649814088816811e+02
2.404932152318841929e+02
2.402354278237935148e+02
2.404400877067636202e+02
2.407292127871959622e+02
2.406088707121235473e+02
2.404630253880126531e+02
2.403873755983734100e+02
2.404545727412492226e+02
2.407147388683771112e+02
2.402638358863297583e+02
2.405568410156335801e+02
2.404515429268667219e+02
2.403247768612636435e+02
2.405230587657835315e+02
2.407233994162097872e+02
2.408268234814242703e+02
2.407648895413799721e+02
2.405245435937098080e+02
2.405406386774775456e+02
2.406861492299409804e+02
2.404314342629538714e+02
2.404826328878535833e+02
2.404003428521525905e+02
2.402981856563990277e+02
2.404968616820218585e+02
2.407196482471054821e+02
2.406413572673020553e+02
2.399511944445847291e+02
2.396162751838908491e+02
2.401122012508291448e+02
2.403218490158072029e+02
2.404761214623774492e+02
2.402234702215822608e+02
2.405157759336474612e+02
2.405757958391992304e+02
2.403421072957299600e+02
2.400658913424495040e+02
2.402929981572621045e+02
2.399363190892806870e+02
2.403336969648044885e+02
2.406080978437884141e+02
2.404340882581256267e+02
2.399983591421120366e+02
2.400710259851744013e+02
2.402828796948227534e+02
2.409509928118660866e+02
2.406249207914911494e+02
2.402364148547803779e+02
2.404280688944415942e+02
2.402873555033262107e+02
2.409791941850923251e+02
2.408453498267715247e+02
2.406059714960059637e+02
2.406219009101722293e+02
2.405755210548497587e+02
2.405307738429144422e+02
2.405645987561328809e+02
2.401643779934883014e+02
2.401185100022320569e+02
2.406081613093800797e+02
2.407074473448106744e+02
2.403383456421372841e+02
2.405889143591345771e+02
2.403868106196867700e+02
2.411327437408695857e+02
2.408454363098418298e+02
2.405619843741615114e+02
2.407597107517080701e+02
2.406006662790109658e+02
2.411423431953757017e+02
2.406780902717431729e+02
2.404122836989077143e+02
2.400898354424705587e+02
2.402925641579419391e+02
2.405572339310546113e+02
2.406593164894232189e+02
2.409356477945789550e+02
2.402598437656353383e+02
2.406160080416088078e+02
2.409070760099714050e+02
2.406881781320950893e+02
2.403265793716225289e+02
2.409217598080622338e+02
2.405792850064367485e+02
2.405049800929949413e+02
2.401954577194123601e+02
2.402431933476716210e+02
2.406927648716211081e+02
2.406962526420868471e+02
2.401237383290971650e+02
2.403602631561139162e+02
2.402229731453838610e+02
2.404185569252564108e+02
2.402837923546853460e+02
2.404370470682197265e+02
2.399925870215573980e+02
2.404791749019162523e+02
2.409531350584154268e+02
2.405617846525114203e+02
2.405113965484260632e+02
2.408071736751585092e+02
2.408520869886180833e+02
2.401952959782205426e+02
2.402130471595060328e+02
2.405002144830699535e+02
2.410325273125012870e+02
2.407811366277780678e+02
2.407423896110698536e+02
2.404733349321425919e+02
2.409816701216107901e+02
2.405526720480439735e+02
2.403335494858832533e+02
2.404196602010774768e+02
2.403972358718473288e+02
2.409946832333502300e+02
2.407906668263823633e+02
2.402909465285536044e+02
2.404060147889713619e+02
2.404028857561388293e+02
2.408430642892166134e+02
2.405235603790922312e+02
2.399938351633165894e+02
2.402106506131990784e+02
2.405248502205462557e+02
2.402702703597589107e+02
2.402689140321222965e+02
2.404259067114057871e+02
2.401416169671481384e+02
2.405998486453422345e+02
2.406457411678654807e+02
2.403056913738267042e+02
2.401337771429614349e+02
2.406615979566248313e+02
2.405962314996575344e+02
2.398604712761654412e+02
2.399807597368688619e+02
2.407548109361173374e+02
2.405043018878459691e+02
2.402954964362111241e+02
2.404994982899032436e+02
2.405061869583678344e+02
2.404673583130883401e+02
2.403243998457992632e+02
2.402725351413021428e+02
2.405616897415582116e+02
2.401928987954557044e+02
2.400302914402126078e+02
2.402042332665079130e+02
2.407249220490026289e+02
2.408025095832196030e+02
2.402457035427877088e+02
2.403698368450279759e+02
2.411482372911704317e+02
2.404669358549912204e+02
2.406922499460133906e+02
2.408053402733450241e+02
2.408290345830538399e+02
2.407153008712358542e+02
2.402104525854365136e+02
2.401301593325187014e+02
2.405824118066138055e+02
2.406418913953542926e+02
2.405256579315065437e+02
2.405981230404239852e+02
2.405019359795191178e+02
2.405409775096857459e+02
2.402285196704600310e+02
2.402947123032601269e+02
2.406428005764800844e+02
2.408980439933898197e+02
2.404911221979797347e+02
2.404800769091549455e+02
2.408033360381412820e+02
2.408653836040724912e+02
2.406027763955846979e+02
2.406392872819843944e+02
2.403608835552134053e+02
2.406117471475879199e+02
2.407212258567966785e+02
2.407357656974207885e+02
2.404396956822794209e+02
2.404302195297941580e+02
2.406766607693487003e+02
2.404307879824940812e+02
2.408317387943866095e+02
2.407080755958556892e+02
2.406380711384777271e+02
2.406907233591158786e+02
2.410397562283136779e+02
2.403686679873484024e+02
2.400964560842613764e+02
2.404115330479785371e+02
2.404705963495234755e+02
2.404034417188437089e+02
2.407095371444047487e+02
2.405649129807511315e+02
2.403692325423175191e+02
2.406920807363844688e+02
2.406965942564684156e+02
2.407621105712928511e+02
2.406133283334525856e+02
2.403194454386809866e+02
2.402918897283490196e+02
2.404102042533504857e+02
2.404272026482325089e+02
2.406950184593060555e+02
2.409084565567778498e+02
2.408785148499720208e+02
2.406455874666412171e+02
2.404151318988392347e+02
2.406352959745052260e+02
2.408093775125864795e+02
2.405473491342381749e+02
2.404516123902137394e+02
2.405385954408477573e+02
2.402467744102004872e+02
2.405532535711403455e+02
2.405081188405655723e+02
2.408522592229049053e+02
2.403596450178486066e+02
2.399756544289192561e+02
2.408970797591792632e+02
2.404615157472741487e+02
2.399799861926863969e+02
2.403884522926897205e+02
2.407464296319009236e+02
2.403859528978676110e+02
2.403185713877884098e+02
2.403493416486194008e+02
2.406554465363952602e+02
2.400893018127536607e+02
2.401130899126447673e+02
2.405587657032433526e+02
2.401219918933834663e+02
2.402278805606163417e+02
2.403279827505485855e+02
2.406481655357844147e+02
2.406090787151601944e+02
2.402294898938250753e+02
2.398726443748224995e+02
2.404106414893479666e+02
2.407008721001325569e+02
2.405190279434082186e+02
2.400506083741811665e+02
2.405093467659254145e+02
2.406248608456928650e+02
2.405335881134480758e+02
2.405528838760756116e+02
2.404657076521527870e+02
2.406563449731973776e+02
2.407871437567645501e+02
2.407635745913275684e+02
2.402539302078064338e+02
2.399166708513570541e+02
2.399887936808361530e+02
2.404144913981835714e+02
2.401745483220580866e+02
2.410536040822086363e+02
2.403113005170130521e+02
2.406146587562475361e+02
2.411814456281598211e+02
2.406885628033260502e+02
2.409146615486928056e+02
2.406978314423284644e+02
2.407905974089872245e+02
2.408305343561581537e+02
2.410969557408311914e+02
2.404614595391234104e+02
2.402614482296112044e+02
2.409548049347517065e+02
2.412349229181101862e+02
2.406632160449696585e+02
2.408139553213790407e+02
2.407703160547152947e+02
2.407180428157644201e+02
2.406984498663107388e+02
2.405417599439780361e+02
2.408641706561452338e+02
2.404031898439560564e+02
2.404000099967805397e+02
2.405739511594963460e+02
2.409141966780951805e+02
2.406541090197648884e+02
2.406794656830342376e+02
2.404257086061131758e+02
2.406591053496079269e+02
2.408698523496115058e+02
2.404547353933080842e+02
2.407419131603384415e+02
2.409655856341888978e+02
2.407451691534458575e+02
2.408807272683528709e+02
2.407849308570927462e+02
2.407963966376963469e+02
2.405655752663588203e+02
2.400788997555106050e+02
2.408126488740748243e+02
2.404491958402447835e+02
2.407508132233441529e+02
2.413059103785216450e+02
2.409513782214708897e+02
2.405780545194674289e+02
2.410589084356255682e+02
2.409686848316788144e+02
2.404116130306047410e+02
2.406549333161673587e+02
2.408187846051474992e+02
2.408568811539236094e+02
2.405395464856626404e+02
2.402630663312073409e+02
2.402705920548301890e+02
2.404511589627678916e+02
2.404540888864192993e+02
2.405997781791656962e+02
2.405502156819854065e+02
2.406310124892127078e+02
2.403192418840066296e+02
2.405044012167935534e+02
2.407830829504638643e+02
2.406267977974340226e+02
2.405698538459948566e+02
2.405530346939524122e+02
2.411021894220451429e+02
2.402636873642142348e+02
2.404133139284362812e+02
2.405614848245152189e+02
2.408643628885177179e+02
2.408955586898503327e+02
2.405322310433153916e+02
2.402943243245092333e+02
2.403514585070296050e+02
2.409302853725465923e+02
2.405072144093056465e+02
2.404355601087434877e+02
2.403496852655812006e+02
2.398591358472235981e+02
2.405711028710726112e+02
2.405293912655752422e+02
2.401625619507418889e+02
2.400777560695754858e+02
2.406998074769074663e+02
2.407377133606949826e+02
2.404015434355291347e+02
2.407273145274267563e+02
2.405740875745542553e+02
2.406857760833255213e+02
2.405776445620177526e+02
2.409901425624887850e+02
2.409380914059721874e+02
2.411854051917684956e+02
2.406850999271497074e+02
2.406028563472745248e+02
2.404283019390752827e+02
2.405898839060826049e+02
2.406066077811714194e+02
2.406296310236722320e+02
2.408383351863358257e+02
2.406342963491021010e+02
2.404570391925244621e+02
2.404829578021960117e+02
2.405877449329186391e+02
2.408994953021899619e+02
2.409053248871673816e+02
2.410075234925560324e+02
2.408139347238984271e+02
2.405412195762210388e+02
2.406017741368802092e+02
2.407528357991014616e+02
2.405285849745321514e+02
2.404873896155914963e+02
2.406119804241041891e+02
2.409203765276100455e+02
2.404205473033276519e+02
2.406806691162803418e+02
2.409037125779510973e+02
2.407341799096151647e+02
2.408839359231197648e+02
2.405349602059362439e+02
2.403535677005340858e+02
2.406349067839000497e+02
2.410769951057673097e+02
2.404951615870552644e+02
2.406476016085799472e+02
2.406149830357198880e+02
2.405195611134511182e+02
2.404292542253425893e+02
2.408487647036523640e+02
2.402771922531704547e+02
2.402353899460636910e+02
2.408871148817629262e+02
2.403105735884245178e+02
2.398812276777591705e+02
2.404254191180349380e+02
2.405620497756494842e+02
2.407296489131581438e+02
2.401502077245726525e+02
2.400877865304294403e+02
2.404605353727132240e+02
2.402405968035974126e+02
2.403214702266444931e+02
2.405741277639657199e+02
2.403706734656486788e+02
2.404043446056468838e+02
2.408635230973170849e+02
2.408575739507806759e+02
2.407383986021517046e+02
2.407012006303719147e+02
2.409658225766268913e+02
2.409390251144317574e+02
2.409634618476929688e+02
2.406127766115109807e+02
2.405690421058331765e+02
2.400552476366033261e+02
2.399979431249522577e+02
2.403923220248124437e+02
2.405548911539693506e+02
2.407661999254637522e+02
2.405214421755794092e+02
2.408007298853881650e+02
2.403790552254242812e+02
2.404220133714547103e+02
2.403962244503803447e+02
2.401282614806544871e+02
2.403053870356641255e+02
2.408888205838560737e+02
2.407379462781504174e+02
2.407623747882349505e+02
2.408921401752915301e+02
2.405994502098264718e+02
2.402622675777145389e+02
2.404619776507638562e+02
2.401867356866534067e+02
2.408090439800879778e+02
2.405756520548264064e+02
2.402346954135625481e+02
2.404667084169141447e+02
2.406247877081282525e+02
2.405901866784603556e+02
2.403472168723871221e+02
2.402273780378571075e+02
2.405058443424226198e+02
2.404680741815367071e+02
2.405338368733274592e+02
2.402450464778355297e+02
2.407800355698759915e+02
2.405401926711191720e+02
2.405117286001013781e+02
2.407648019497039513e+02
2.407089721013149131e+02
2.408814467136508881e+02
2.403181025852345556e+02
2.407022372746168060e+02
2.409808177058984029e+02
2.408374140065690483e+02
2.407360212112719466e+02
2.406035642062757631e+02
2.408490686184234164e+02
2.405997839314172779e+02
2.404569176181509818e+02
2.406251312189537828e+02
2.405546935107474837e+02
2.407924666163223435e+02
2.409185623463181116e+02
2.403172398840963524e+02
2.405583961550099446e+02
2.407402993451974282e+02
2.408890903060451762e+02
2.406172341871737501e+02
2.410096272093782375e+02
2.409083462566700575e+02
2.408968339737817814e+02
2.413336172252031702e+02
2.403681574912262988e+02
2.403707653004384781e+02
2.409584948062969545e+02
2.409146297688632501e+02
2.406731754677332162e+02
2.406765226393833643e+02
2.410487258202113026e+02
2.407626761053137159e+02
2.408342068191891201e+02
2.406415017997497614e+02
2.401798132251304594e+02
2.404430826021332450e+02
2.410106068791878613e+02
2.409307992177657809e+02
2.410787354533897542e+02
2.406248172765869811e+02
2.405904680138910123e+02
2.404625171537854840e+02
2.407571601136159245e+02
2.406448063479184611e+02
2.405923246888537221e+02
2.406404246184330304e+02
2.408496018742839908e+02
2.404162321495670938e+02
2.407891180292181446e+02
2.409524531739378119e+02
2.403112492222180663e+02
2.404034672116175670e+02
2.407591584608803714e+02
2.403678602691727235e+02
2.402998629816337086e+02
2.412357704948077526e+02
2.407542972029524435e+02
2.404045325243754121e+02
2.407672325327911551e+02
2.409849002534623139e+02
2.409475336931369895e+02
2.407805392390567079e+02
2.404535765212663421e+02
2.407942694021064653e+02
2.410037809088239271e+02
2.409927230534152613e+02
2.406432041784730700e+02
2.403096927181443050e+02
2.411399477096889825e+02
2.408114272448880229e+02
2.410802227226303387e+02
2.407061586537751339e+02
2.410815611415073079e+02
2.405791173515003720e+02
2.407842935036960625e+02
2.409514097814388549e+02
2.412164224030405819e+02
2.407938729130698903e+02
2.405491541484309437e+02
2.409485888621271670e+02
2.407130548467850986e+02
2.407070809789197483e+02
2.406016853067738168e+02
2.408710927085381854e+02
2.410084967119522332e+02
2.405064399245478910e+02
2.405562776175223405e+02
2.405935111916724907e+02
2.408010994600132619e+02
2.408188679247510038e+02
2.411164418710428663e+02
2.410978677499569187e+02
2.407252706251609027e+02
2.409343991673694063e+02
2.407342803260621906e+02
2.409827800726305895e+02
2.405760862411742949e+02
2.407070246981393495e+02
2.411902752401805685e+02
2.405685157870423154e+02
2.403790096655490913e+02
2.405146934994839967e+02
2.406255804059499326e+02
2.410282055760347930e+02
2.407584797203851679e+02
2.406359133627635458e+02
2.404239903060081645e+02
2.406408279066729676e+02
2.405305809796839469e+02
2.411576453818842367e+02
2.406374210136516467e+02
2.407809767181097129e+02
2.405243046458283516e+02
2.405984962168062395e+02
2.405032014017811832e+02
2.405600376047607369e+02
2.408724491826171743e+02
2.405423233845047264e+02
2.401945118891752600e+02
2.400390228999777094e+02
2.404421551981570246e+02
2.401278196264203189e+02
2.404295352438120972e+02
2.403449019180080484e+02
2.402663024350166552e+02
2.406881963422373474e+02
2.408256743803772224e+02
2.404264356766730089e+02
2.407449405471188868e+02
2.405225868871786190e+02
2.403781318734263550e+02
2.407905104808553460e+02
2.407806670006279148e+02
2.405217520046739708e+02
2.408430585663794830e+02
2.410482292063404657e+02
2.403386879289624858e+02
2.403139507210788679e+02
2.406436271750014555e+02
2.409268139458763187e+02
2.404708565642338556e+02
2.401901778068126703e+02
2.404564935814504452e+02
2.406764650078157217e+02
2.403935887808193002e+02
2.406647990240147408e+02
2.405377949431415345e+02
2.410812097509415253e+02
2.410646735837272274e+02
2.407312537206729246e+02
2.407967741747920627e+02
2.408413939534565031e+02
2.405246582852062147e+02
2.406869643758935808e+02
2.411386422999603099e+02
2.406006600630269077e+02
2.405501653500868997e+02
2.405853895845557702e+02
2.407203312942206139e+02
2.406615163881177750e+02
2.404034084590552993e+02
2.399862672659729412e+02
2.404684505575728508e+02
2.411280784669909281e+02
2.405829048950082836e+02
2.406980890404665558e+02
2.410043466152822873e+02
2.408710031479727434e+02
2.407218067435088642e+02
2.405644214934546881e+02
2.408935411602963939e+02
2.403139618374813438e+02
2.406751073322361378e+02
2.409258124926605262e+02
2.410498121808867893e+02
2.404825309825219790e+02
2.406077044234089897e+02
2.406163734645999739e+02
2.404383744972877537e+02
2.409148587715153553e+02
2.409339080474819923e+02
2.403970501672203000e+02
2.406641290184436173e+02
2.403456463178407603e+02
2.411012436165506472e+02
2.404221676505880225e+02
2.406012313622767067e+02
2.406688456114416965e+02
2.404586368697181058e+02
2.402356549819904785e+02
2.404059779209898409e+02
2.405139107630667752e+02
2.402443892853790715e+02
2.406045398198561713e+02
2.408964455378814762e+02
2.404976326646058453e+02
2.404249934114218661e+02
2.404225581677532944e+02
2.408883536817896527e+02
2.407951028019831483e+02
2.403187663378176069e+02
2.402413832015863875e+02
2.407244005621525673e+02
2.405641550050406465e+02
2.403190768746492267e+02
2.406124347933283332e+02
2.404421990210914544e+02
2.409950213861418717e+02
2.407893469606920291e+02
2.406400777844557695e+02
2.410419463644136329e+02
2.408079961439742362e+02
2.407436575832381322e+02
2.407640935276369021e+02
2.410327362873092341e+02
2.403387826924128774e+02
2.404525577436754702e+02
2.405149045290157801e+02
2.407926963887767045e+02
2.405215832979448862e+02
2.404858702263951216e+02
2.408774403742643244e+02
2.405364563261121873e+02
2.407053812295475836e+02
2.408119062332156091e+02
2.403273938155545295e+02
2.401401544326411397e+02
2.400684191663330864e+02
2.402396784564173515e+02
2.402476594988625322e+02
2.403351736205146096e+02
2.404349111706141002e+02
2.407552981934430534e+02
2.403458168305311062e+02
2.409183305531679764e+02
2.407390286247799338e+02
2.410218691704566254e+02
2.407971056790923114e+02
2.407867930945683099e+02
2.409203128524244732e+02
2.406571224494406351e+02
2.404866134073563444e+02
2.404603591335921067e+02
2.401721460416471530e+02
2.405052956378948181e+02
2.405315790632474489e+02
2.406899484066377681e+02
2.405558638138381014e+02
2.404801834199143116e+02
2.405937722608545926e+02
2.404006020924838367e+02
2.408262550123057224e+02
2.406011267319439924e+02
2.408197082488844387e+02
2.406296550042324895e+02
2.406153155884214527e+02
2.406920503954218873e+02
2.409115815447077296e+02
2.413427059968900323e+02
2.410871552362841896e+02
2.411479340669541500e+02
2.404469101524549330e+02
2.407521353919065632e+02
2.406750042455294363e+02
2.410516237743239287e+02
2.411077643259621652e+02
2.405861296158261950e+02
2.405006270383846640e+02
2.407579591838684507e+02
2.404075456133647037e+02
2.403634573947946649e+02
2.407584278374270923e+02
2.409686726576422586e+02
2.400210891747213964e+02
2.403130296018780143e+02
2.404637828581158203e+02
2.411764965394974354e+02
2.407240883520317993e+02
2.405206710157557097e+02
2.406221222334766878e+02
2.407528721164414947e+02
2.408535580139826209e+02
2.408754689275640430e+02
2.404866190808243118e+02
2.413175080569528745e+02
2.408475812067117658e+02
2.407975015797394178e+02
2.408930381839827817e+02
2.413241401286408347e+02
2.410794667388592245e+02
2.411042642501041939e+02
2.412455132908115729e+02
2.403879165569809686e+02
2.404739371950324482e+02
2.406698348787603265e+02
2.408810265325932960e+02
2.405746503066953892e+02
2.410010561222087517e+02
2.410801212764480681e+02
2.403625563746464024e+02
2.402275046289885267e+02
2.406204136062208079e+02
2.409113702160500736e+02
2.409607498379493791e+02
2.405273694569677900e+02
2.408060925035411231e+02
2.408574447878256706e+02
2.410043519292158578e+02
2.409802325315751261e+02
2.409642527794859461e+02
2.411134923493118265e+02
2.404373927632075549e+02
2.407018151805155242e+02
2.409230039888499562e+02
2.407058194204586243e+02
2.406954886797944653e+02
2.409019281123706833e+02
2.405433063446892845e+02
2.405083741146537477e+02
2.406137069706750253e+02
2.408056881622234187e+02
2.407509927993093868e+02
2.408735443352610162e+02
2.406160942350971936e+02
2.406500828760445927e+02
2.407110461371819667e+02
2.409449959821385789e+02
2.407670731151916641e+02
2.413322153537531278e+02
2.406395663214462672e+02
2.409179626293310719e+02
2.408001174879145765e+02
2.408612873413732984e+02
2.403202862625411456e+02
2.409518275456631500e+02
2.408166623505731820e+02
2.411090623641909190e+02
2.410079407885241665e+02
2.410713775882755954e+02
2.409229341930166299e+02
2.405202283564322272e+02
2.406228509041036148e+02
2.407509182058845170e+02
2.414798296863669975e+02
2.407794539019271554e+02
2.405659850645331801e+02
2.402415398714780395e+02
2.408868898606767743e+02
2.408154634816181385e+02
2.404546208322464906e+02
2.404832506932050080e+02
2.409932142094944538e+02
2.411099888348809088e+02
2.410417092728030184e+02
2.406580061624006248e+02
2.405798589006796249e+02
2.407116119000539811e+02
2.406674253829414738e+02
2.405542050247470627e+02
2.407305680624659487e+02
2.404369075106942546e+02
2.408079291831261628e+02
2.411052083371537265e+02
2.404043790693905578e+02
2.403385359439481874e+02
2.409389520074287248e+02
2.409100675181994973e+02
2.403819511253072676e+02
2.400649376820478267e+02
2.412904379413881486e+02
2.410312174915189871e+02
2.406399174149228486e+02
2.405462715688692299e+02
2.410245017849644853e+02
2.407118906911745455e+02
2.406230351894527075e+02
2.407412981256605917e+02
2.408016240490253494e+02
2.405575201156418643e+02
2.407146393728928331e+02
2.407282083866244591e+02
2.403489075079615986e+02
2.406574640213256941e+02
2.407858622093839358e+02
2.408067644911780292e+02
2.409458541601260322e+02
2.410542634605919829e+02
2.407404999456047392e+02
2.410261579592047667e+02
2.407571728235034527e+02
2.405901369802865872e+02
2.407026071509813789e+02
2.409907848957649037e+02
2.410230294716801609e+02
2.407078916230098855e+02
2.406572176075040090e+02
2.409025553693036557e+02
2.409437247389820129e+02
2.405650451856342897e+02
2.408601965827792810e+02
2.410633935727746291e+02
2.405342495313451820e+02
2.405232626171939501e+02
2.409275270161713252e+02
2.404743385640186091e+02
2.403480701020262131e+02
2.402343980103864851e+02
2.402578069364784312e+02
2.400392180016206112e+02
2.407236211843975298e+02
2.406857630116674045e+02
2.410878591934810231e+02
2.414385068076283858e+02
2.408876353082794424e+02
2.409177676064273328e+02
2.404538673752290379e+02
2.407810812018939544e+02
2.409643039324495533e+02
2.406392568716649976e+02
2.406703788260366821e+02
2.412226395314382046e+02
2.409571661125935123e+02
2.406372753200512307e+02
2.410075517957018292e+02
2.410109078810760650e+02
2.408334768098804943e+02
2.407502221017483635e+02
2.404398111397557614e+02
2.409646229270554159e+02
2.403681265625384924e+02
2.404460558311865555e+02
2.407468123297356044e+02
2.412309894754421293e+02
2.410849294012766393e+02
2.412812116656295700e+02
2.410493559856523973e+02
2.407560619987207247e+02
2.409213205737366081e+02
2.403283957451094466e+02
2.403689554481101993e+02
2.409716787163670233e+02
2.411607007462626768e+02
2.409138204081592676e+02
2.406544746069983773e+02
2.407251417080086924e+02
2.403353893708914484e+02
2.408545811159694097e+02
2.408980710722140941e+02
2.406394355583582580e+02
2.411335613818064303e+02
2.406941295165297561e+02
2.406843590941231241e+02
2.410383344004996218e+02
2.408957470085150305e+02
2.406969487364912368e+02
2.406628788565727461e+02
2.406521173270859890e+02
2.406058628320220407e+02
2.410038395035044232e+02
2.411453897961764312e+02
2.408181067841100003e+02
2.406114863339411443e+02
2.406910511833054898e+02
2.410072842401731066e+02
2.410312118128445888e+02
2.404790373634118339e+02
2.405100887020418270e+02
2.410152768911152634e+02
2.403898756638612895e+02
2.404244856890991002e+02
2.404403451192282546e+02
2.406274376447314864e+02
2.411051703592436013e+02
2.408362710605279915e+02
2.404883092442982786e+02
2.406654619266726911e+02
2.409662742577062602e+02
2.405417254803610376e+02
2.405535051198987730e+02
2.406164255031465871e+02
2.402477221405075909e+02
2.406376503845032460e+02
2.411926037233156137e+02
