9.936446722380749463e+01
9.980338227098822301e+01
9.894245978031374023e+01
9.895602845195234920e+01
9.908541053856112057e+01
9.874292460013198536e+01
9.828476934027924017e+01
9.973513861225076482e+01
9.993807716470759317e+01
9.968844132114968204e+01
9.887602498813588170e+01
9.944458465281910264e+01
9.928008775402538788e+01
9.895653430983556120e+01
9.972281461784446321e+01
9.913267679984978997e+01
9.929580843345196683e+01
9.931408475434948002e+01
9.898088193009311908e+01
9.873022792057729191e+01
9.901040305192911717e+01
9.938478893657253366e+01
9.951394934398801695e+01
9.940298206150849580e+01
1.000443179563612404e+02
9.942729889780970609e+01
9.985460856945825014e+01
9.882921925322114021e+01
9.919648037970580390e+01
1.001919401173083344e+02
9.916774829122283563e+01
9.959101991320720515e+01
9.977309207795673274e+01
1.003120499826933525e+02
9.950352494261672121e+01
9.911719372291774732e+01
1.001418636480762530e+02
9.949604123518190590e+01
9.900774473720260005e+01
9.940200885243008599e+01
1.005030335921825326e+02
1.002483251789707168e+02
9.908274930588761720e+01
9.949988774333036190e+01
9.906592088710688415e+01
9.845651807144962220e+01
9.936994215810609887e+01
9.947788571700876048e+01
9.974760022885929800e+01
9.957286643129867798e+01
9.951089441088866749e+01
9.886565413816889247e+01
9.970264963738095787e+01
9.934699974782603249e+01
9.976371875544776913e+01
1.001639886343481152e+02
1.001211883883926816e+02
9.910117283711473135e+01
9.922084354452825039e+01
1.001982991348282894e+02
9.924991054317787587e+01
9.966749863149458122e+01
1.001390888755991142e+02
9.926152487750785269e+01
9.969334158310390137e+01
9.958401274433107631e+01
9.887143456080491433e+01
9.953691317458742560e+01
9.848406756825239938e+01
9.914584266494777864e+01
9.948403287948826801e+01
9.976509707707838004e+01
9.888691890132948004e+01
9.919444980397531708e+01
9.873332440570527524e+01
9.956076004860743467e+01
9.930166917688477213e+01
9.875220816755529540e+01
9.962252297412305779e+01
9.950069705209375570e+01
9.929227086924532841e+01
9.993222764194780439e+01
9.979578472889932073e+01
9.944566235864077441e+01
9.852568252474283383e+01
9.933904590101853671e+01
9.952889569962889027e+01
9.881196298331997241e+01
9.884338369064234087e+01
9.954046786022166771e+01
9.931540626991282750e+01
9.946764474731513417e+01
9.991355029062667370e+01
9.850194512468959829e+01
9.870629421293121197e+01
9.949787957734139354e+01
9.917661599023911378e+01
9.973785028614508974e+01
9.975736087699384314e+01
9.901770952089118794e+01
9.931674301013276818e+01
1.002510820336540860e+02
9.890740430297393004e+01
9.906549218291338832e+01
9.919545320408343514e+01
9.950742575379710786e+01
9.952694508955626418e+01
9.908343516834388254e+01
9.958655907385703188e+01
9.928735411291802393e+01
9.935575911477245370e+01
9.906342781756320903e+01
9.923805800853466508e+01
9.884542311567737727e+01
9.905038770124558312e+01
1.001559671738381780e+02
9.875936259418990915e+01
9.911900665883136696e+01
9.999899617640267024e+01
9.964324548708871987e+01
9.954648760526482931e+01
1.004410629718629480e+02
9.908830431573638009e+01
9.915162299398618018e+01
9.916685439276646719e+01
9.922442807766837802e+01
9.900621133500224857e+01
9.900341155786419733e+01
9.861299317582466983e+01
9.967246036604380777e+01
9.969085329724337896e+01
9.873237432730915941e+01
9.899299222961938938e+01
9.923742960639656019e+01
9.921051776150581247e+01
1.000422198919434180e+02
9.919167037801638287e+01
9.888429569553925091e+01
9.870677813136636303e+01
9.870713769407102234e+01
1.004158878141822271e+02
9.934387078996411446e+01
9.868090479683691285e+01
9.946360368209430192e+01
9.906474677752385105e+01
9.881758801100507128e+01
9.961566158831385565e+01
9.898177888240327604e+01
9.965826566069621606e+01
9.906936857163697141e+01
9.950983068095956696e+01
9.938610623763827334e+01
9.899194666314478752e+01
9.876568702678956413e+01
9.904221574029072883e+01
9.938919462453482367e+01
9.966773618307661309e+01
9.992386254394033074e+01
9.853107479676316416e+01
9.915601133463890449e+01
1.002701100284347291e+02
9.882346023901573062e+01
9.872604134206683568e+01
9.939950691431114649e+01
9.879319179091790204e+01
9.890282351294719376e+01
9.954562220413295393e+01
9.898905608167792991e+01
9.901166119026930801e+01
9.941859347468823671e+01
9.890191544002476576e+01
9.932361119568410857e+01
9.940831587671971192e+01
9.932033981562972258e+01
9.949113120900501883e+01
9.845968688709264427e+01
9.898807052315642352e+01
9.978063873096884606e+01
9.911026149116123918e+01
9.886182208893751522e+01
9.898952232639059901e+01
9.886601559471033340e+01
9.899474439849831242e+01
9.885712419146533136e+01
9.929738815087084447e+01
9.931225618327943039e+01
9.833373987328776877e+01
9.820227686368231446e+01
9.930249368107236307e+01
9.815584111366048603e+01
9.909306709703547256e+01
9.892428423838600793e+01
9.941061470631035490e+01
9.865014659310803324e+01
9.914219693058504390e+01
9.958703734360754822e+01
9.943574458801219862e+01
9.972497748091610958e+01
9.863478963612844552e+01
9.856066139775261092e+01
9.901592387283498908e+01
9.850658066688340853e+01
9.927608649650481709e+01
9.926522970781098820e+01
9.886095585378798489e+01
9.868704975865468043e+01
9.997543182540452733e+01
9.916265316457550227e+01
9.839228101583091757e+01
9.907414780819946998e+01
9.875322456672535054e+01
9.845370670094705190e+01
9.923173813051768377e+01
9.871756180102390488e+01
9.865364853890946506e+01
9.867466694605751343e+01
9.872276996981493369e+01
9.795722841946128767e+01
9.870570710056362884e+01
9.993184782341286621e+01
9.884105108714506116e+01
9.915251187782980935e+01
9.872326056936883276e+01
9.920423885625530147e+01
9.959272445320601719e+01
9.952216773497993074e+01
9.891913653437289611e+01
9.858879220655717290e+01
9.904471661619832901e+01
9.886248600917333818e+01
9.976436887878122661e+01
9.947972259149291574e+01
9.926102041538023002e+01
9.952025066555393096e+01
9.939262258883657353e+01
9.901478139693502101e+01
9.881023907138234108e+01
9.954248676310253074e+01
9.954263916372815402e+01
9.899090679378228685e+01
9.892704208498817309e+01
9.875448479655027256e+01
9.836516143203944296e+01
1.003691230937316305e+02
9.928900728726057423e+01
9.844234367379924322e+01
9.917565624909504152e+01
9.947698313056490349e+01
9.903633033644997852e+01
9.942241850974086503e+01
9.854033005820154756e+01
9.863049813966688362e+01
9.910832173728429950e+01
9.934799712089444768e+01
9.867939426216160825e+01
9.914183915235078359e+01
9.960247987484456189e+01
9.902869672658385980e+01
9.904048557791385576e+01
9.936481112596236187e+01
9.944212613938663026e+01
9.948074323063150359e+01
9.924404326738749660e+01
9.985560172162439585e+01
9.964448971712077707e+01
9.884035510515444400e+01
9.915054573376367841e+01
9.932297622651707059e+01
9.879130405151312289e+01
9.939136974953318315e+01
9.853440858104420386e+01
9.878406660096025860e+01
9.928072365533870425e+01
9.918903961432543781e+01
9.931578983035062436e+01
9.867208301347341148e+01
9.961839361752494426e+01
9.905449209552647005e+01
9.918360360423197619e+01
9.945922120616829432e+01
9.886427841017757601e+01
9.943498047983418076e+01
9.848108042967423614e+01
9.837167567226852327e+01
9.893704955234248644e+01
9.834967234595482921e+01
9.885393109070874118e+01
9.847794402903656419e+01
9.984005493341805959e+01
9.923816834542049037e+01
9.929397103893190035e+01
9.893237580720069957e+01
9.869461836609627881e+01
9.907287455524442521e+01
9.912968759532274987e+01
1.000124837465105543e+02
9.958290880182590854e+01
9.928279560051764463e+01
9.896879096301022116e+01
9.921209184228608535e+01
9.875459902254993949e+01
9.908244811085883441e+01
9.856883714577837452e+01
9.958843932647465635e+01
9.925153599786250425e+01
9.862610037740778068e+01
9.956093052222097128e+01
9.891031487211402862e+01
9.898792116545148190e+01
9.941471575888175494e+01
9.951806199443954881e+01
9.955886438025686402e+01
9.936254953915141641e+01
9.825169993807031688e+01
9.897687679542985961e+01
9.891189089746183072e+01
9.920212920202838802e+01
9.909347318882801403e+01
9.869777602948914819e+01
9.854628996941629282e+01
9.908812791875072890e+01
9.917366848573495020e+01
9.854431660040567920e+01
9.915806769184297309e+01
9.905434603771516322e+01
9.909045278124735034e+01
9.940998203349089124e+01
9.858130635339955461e+01
9.907722034060691385e+01
9.957526123604242230e+01
9.906946780581233725e+01
9.935846543329172675e+01
9.892972886383272169e+01
9.838580247131083922e+01
9.868743343446512029e+01
9.904684402030254375e+01
9.934583090611015166e+01
9.884800941211450720e+01
9.934878513664938282e+01
9.936861631734701916e+01
9.952817368236385676e+01
9.900394629459664486e+01
9.875394467536126797e+01
9.885321899324134165e+01
9.822677784081345465e+01
9.985842320890056101e+01
9.927883826628497843e+01
9.875977728924017640e+01
9.786443144313666664e+01
9.905165466783391537e+01
9.888362132295618778e+01
9.824608743115982179e+01
9.915721795945972872e+01
9.955079059143537279e+01
9.902601895584082570e+01
9.914218705476405091e+01
9.859559753755668510e+01
9.961872187567547599e+01
9.920117715332621344e+01
9.890946488797733593e+01
9.910046149979292807e+01
9.937780048540571443e+01
9.973808127006084590e+01
9.932121968847464188e+01
9.887585080817980554e+01
9.811499775883953589e+01
9.917308586648506719e+01
9.869860240686004715e+01
9.894947702839498049e+01
9.871290937003770694e+01
9.960358065348488310e+01
9.943591470804388166e+01
9.816109063990599282e+01
9.875218740113319882e+01
9.853479867438575468e+01
9.912752741581230964e+01
9.909163841078888879e+01
9.877571781090263414e+01
9.888484503656927416e+01
9.964068835397499413e+01
9.884633406795468602e+01
9.912833099179805174e+01
9.847780996632371853e+01
9.845965640649205852e+01
9.957774252646952107e+01
9.949971234529901665e+01
9.897034749994561764e+01
1.001654496746134129e+02
9.883408781861233194e+01
9.944234411777135563e+01
9.934421408118065244e+01
9.946379320577744920e+01
9.930486268704471797e+01
9.848256941701346534e+01
9.909042423822079115e+01
9.905947652729106778e+01
9.929559098448918064e+01
9.941260093909689033e+01
9.924267938350949692e+01
9.975651603148345714e+01
9.899438882326982991e+01
9.855282220216396638e+01
9.956659387383025717e+01
9.963027664780138082e+01
9.876513544891530216e+01
9.864716740023563091e+01
9.907508591797979136e+01
9.901461856806946571e+01
9.883655914000576104e+01
9.882557502494275070e+01
9.898153255055991906e+01
9.928535783776551682e+01
9.931414045276322611e+01
9.937021012608346382e+01
9.923292529651352822e+01
9.946782376508059542e+01
9.876073360628753051e+01
9.822596290698972155e+01
9.917105478966270482e+01
9.907764540916134877e+01
9.854542814582771371e+01
9.916675282189710572e+01
9.915929430971236513e+01
9.847679749865564247e+01
9.849861902344184728e+01
9.878231135642208471e+01
9.970441116237238077e+01
1.001075533214101370e+02
9.885903954755872292e+01
9.894382756556710490e+01
9.894650653039757060e+01
9.809912712785927624e+01
9.953840542577177075e+01
9.875842116294261075e+01
9.955283247335795238e+01
9.951703972429636735e+01
9.864451412814840126e+01
9.872218398146945617e+01
9.941021471053568348e+01
9.926421753215070964e+01
9.872408217101009598e+01
9.851291476890612842e+01
9.918702779835523131e+01
9.847445786037975779e+01
9.958286514673390855e+01
9.887337717424134098e+01
9.921314443259450400e+01
9.827836182271879295e+01
9.890173878728545276e+01
9.992581267270747958e+01
9.908533627643150510e+01
9.888762292973025581e+01
9.901123665335092028e+01
9.890439723924011162e+01
9.869138499572113687e+01
9.888722467644129210e+01
9.859124793634821060e+01
9.938070169449501634e+01
9.892289741462047914e+01
9.920088706998562600e+01
9.899256715562252396e+01
9.919048537545313593e+01
9.862491503521152936e+01
9.912511728700327751e+01
9.963311914312116357e+01
9.907269996725808880e+01
9.909530694226795333e+01
9.862585676912317467e+01
9.898212989939879947e+01
9.931493608120122474e+01
9.982510861992362550e+01
9.870968628288734692e+01
9.855093122065581213e+01
9.845040163289785085e+01
9.923065729990263151e+01
9.879159260081235061e+01
9.836769477911377635e+01
9.925840946980622448e+01
9.885982243389241830e+01
9.879096707298894842e+01
9.844734089404731492e+01
9.903895445036899048e+01
9.884091622668159971e+01
9.955381244628974002e+01
9.880744094262387023e+01
9.892321530486314884e+01
9.897745038364571712e+01
9.903259985378961971e+01
9.945637800299478215e+01
9.874670516052901803e+01
9.959508309371979351e+01
9.957193393820017491e+01
9.926975885267442834e+01
9.915805630882734079e+01
9.904796900557433048e+01
9.906646908329592804e+01
9.880727481623993924e+01
9.939811298738946732e+01
9.953798280805712295e+01
9.987303964635890452e+01
9.893544857830433159e+01
9.922442700143746208e+01
9.909651163834746512e+01
9.890197745862643330e+01
9.869393884096170666e+01
9.914129728332865454e+01
9.947076365441991186e+01
9.942211957248986209e+01
9.951379164742546379e+01
9.860165800788512058e+01
9.909960040904893219e+01
9.989579509389405132e+01
9.883941690017756798e+01
9.880043608749231510e+01
9.888625922128294121e+01
9.923006711555115089e+01
9.877666506426402293e+01
9.893588446602075237e+01
9.875238819704095761e+01
9.907444467540607036e+01
9.953865829911354979e+01
9.919394165631047144e+01
9.863772918664352574e+01
9.945455417684534893e+01
9.940164829189482987e+01
9.909685631556544649e+01
9.823688028052116294e+01
9.896129305513335339e+01
9.901167494391575019e+01
9.848755728418360889e+01
9.843108205854399273e+01
9.884457841386127086e+01
9.856140351490394380e+01
9.886502192515435183e+01
9.869702364831869090e+01
9.969035746747756832e+01
9.884215569859122752e+01
9.838648554891848619e+01
9.818106344732741775e+01
9.869469537999033548e+01
9.842531837395425498e+01
9.903228487421732495e+01
9.893245263099630904e+01
9.936909166968234786e+01
9.864629344559615731e+01
9.836283447493023857e+01
9.917187786387340509e+01
9.942604788023605522e+01
9.848850185496496579e+01
9.865764814869298505e+01
9.933743102422245386e+01
9.847655336267797566e+01
9.931433496320131837e+01
9.831688112043018180e+01
9.900366920550408167e+01
9.956995616005643512e+01
9.951286921982250533e+01
9.788178614401108746e+01
9.890423042266341724e+01
9.825175634478443953e+01
9.877870207571054095e+01
9.918459718631119415e+01
9.979027351653348887e+01
9.906164912382070042e+01
9.837437728999674391e+01
9.855519968435915246e+01
9.862107814885045798e+01
9.873127492752566070e+01
9.879619043129561362e+01
9.917387582126048073e+01
9.853378072849579894e+01
9.884877270012948713e+01
9.917487107286284242e+01
9.904155404378201411e+01
9.879101726157625762e+01
9.801568674104386503e+01
9.929226981872920987e+01
9.939811544913624175e+01
9.898973243460200422e+01
9.907431032008058480e+01
9.869486876538918807e+01
9.928284009619419237e+01
9.900737410888883971e+01
9.898405823499633982e+01
9.934436159410107336e+01
9.848267437506126498e+01
9.873213689283380745e+01
9.872593680398703953e+01
9.909624087916692758e+01
9.913536160109208595e+01
9.810474654139663642e+01
9.993815219701652097e+01
9.874351285876069539e+01
9.886543734363020519e+01
9.829104352522715260e+01
9.898876954491252889e+01
9.856330818926677750e+01
9.911078184136080438e+01
9.954578429492865155e+01
9.930806274522461763e+01
9.937655066233575951e+01
9.974584821970746873e+01
9.895799601661785516e+01
1.001838958695836936e+02
9.883646666568166950e+01
9.889057035690251496e+01
9.882969816690763309e+01
9.957510867099493623e+01
9.929410981947675907e+01
9.882168983685164676e+01
9.912403956162030738e+01
9.879811955023394887e+01
9.899235747537092323e+01
9.845846460871781858e+01
9.818233301343424557e+01
9.843935012083284164e+01
9.928971997631593638e+01
9.816358796764251338e+01
9.880443717545331594e+01
9.884991184229234307e+01
9.945010034384880271e+01
9.899862710251831288e+01
9.843131350453694495e+01
9.892140054302232954e+01
9.885835159515528403e+01
9.854385384278670301e+01
9.922519979784885891e+01
9.897027196112206582e+01
9.896472901210275097e+01
9.969672025709746777e+01
9.834041174022310372e+01
9.840008383067198849e+01
9.865990490200469765e+01
9.894917631372817368e+01
9.928537757805678154e+01
9.854680373682293748e+01
9.954227692745222100e+01
9.843798984512001482e+01
9.904216863941489635e+01
9.854557671359116000e+01
9.896430199744843037e+01
9.806719805632631903e+01
9.912566307338289562e+01
9.925445784140102035e+01
9.902249841563860855e+01
9.927154198415884423e+01
9.935365883733327053e+01
9.882601104122585411e+01
9.869647522343450419e+01
9.910368220766547154e+01
9.890670827949058719e+01
9.930884606932211511e+01
9.866631240001085246e+01
9.883566141344630296e+01
9.951852221034972956e+01
9.913871883317578693e+01
9.881415343778148497e+01
9.933200305802375851e+01
9.951325765423634095e+01
9.932022223516067072e+01
9.858353245539109366e+01
9.873486972242353943e+01
9.855826659285945368e+01
9.955453315115715895e+01
9.964480362843812600e+01
9.933939249540402727e+01
9.894644094755479102e+01
9.922349613140642077e+01
9.911771223802107045e+01
9.900826435830647654e+01
9.892243292633462204e+01
9.809733528543212344e+01
9.867325755630342599e+01
9.913608970015405930e+01
9.825946165426063317e+01
9.873565731191924044e+01
9.869481043890806404e+01
9.925170882034188935e+01
9.911036461057530289e+01
9.912072925013940505e+01
9.989671735560618515e+01
9.947712512415354524e+01
9.925326636564666671e+01
9.891702523150878790e+01
9.888317337337538504e+01
9.870999979965931459e+01
9.875819767299513785e+01
9.937964880221102248e+01
9.948456086029126766e+01
9.875117677164105601e+01
9.909861782717860024e+01
9.918412303306921274e+01
9.893248867100281529e+01
9.854538443580463536e+01
9.890337105220692138e+01
9.905303542745183165e+01
9.870211066472008099e+01
9.957323972059175787e+01
9.891105220460853786e+01
9.911626865904895567e+01
9.905175490526043802e+01
9.959614877790666299e+01
9.926383194266635712e+01
9.855043905443028507e+01
9.887195187348218894e+01
9.907884741794912031e+01
9.910061753710795074e+01
9.945439909440146664e+01
9.918734213219649121e+01
9.892245897288300682e+01
9.853322753128828992e+01
9.959386626655192742e+01
9.899230849927431564e+01
9.863281694901114349e+01
9.932361657642432817e+01
9.858913720574228989e+01
9.839669655872022247e+01
9.868695148239140735e+01
9.895137306625947815e+01
9.855882860121455735e+01
9.866428930516498497e+01
9.913932410466986767e+01
9.891619552782721314e+01
9.782279790624569671e+01
9.876980978984455817e+01
9.998173289204883929e+01
9.906525383603393209e+01
9.910609955124367332e+01
9.909169013016393990e+01
9.863400957737894714e+01
9.847553387595142738e+01
9.982166189571525194e+01
9.889272846205926726e+01
9.912051073436300896e+01
9.835034575639060961e+01
9.855999578580504306e+01
9.849278936998967993e+01
9.875491064581491685e+01
9.861853865436687272e+01
9.833464372762331607e+01
9.914966185745366545e+01
9.939896091122541577e+01
9.835980319343815381e+01
9.912308690868007943e+01
9.924194259935784146e+01
9.876843659810772635e+01
9.812827290158952565e+01
9.908321438467697817e+01
9.867883668454578583e+01
9.887616110968239980e+01
9.923486997229481688e+01
9.885533672573347985e+01
9.873618563251444868e+01
9.866275679888127570e+01
9.816995361197096770e+01
9.903385475335930721e+01
9.895866680987262498e+01
9.967178320469439257e+01
9.854512620773039089e+01
9.959786007163584998e+01
9.866642221179618844e+01
9.887779070271494675e+01
9.851894555991755453e+01
9.921457158391439179e+01
9.880875673739045340e+01
9.880865967474692013e+01
9.944220881915457255e+01
9.890643746027207328e+01
9.861894479542847591e+01
9.888154300725439327e+01
9.883118110875834361e+01
9.906175686131318514e+01
9.931223539788977916e+01
9.898488397870283961e+01
9.839792385580476264e+01
9.921230639229980852e+01
9.854453815622012769e+01
9.862076392518423518e+01
9.904289327486554839e+01
9.903091621368098174e+01
9.865843260072040266e+01
9.837285023712172460e+01
9.934994444650142498e+01
9.948547615830607072e+01
9.820964241829763353e+01
9.811080465905634185e+01
9.879185340915496738e+01
9.882652608027420627e+01
9.849148162239423243e+01
9.851366028623677096e+01
9.889900994940937551e+01
9.854168523110649858e+01
9.789427863531928153e+01
9.885413269616100251e+01
9.886258152972460778e+01
9.852735844243615304e+01
9.974829443785112915e+01
9.832695409294827016e+01
9.894505648785268193e+01
9.857148915582898496e+01
9.918318056436407915e+01
9.963138183874089293e+01
9.909839865719027330e+01
9.862059084475585280e+01
9.860751515836658143e+01
9.879601873182669181e+01
9.788849169774660197e+01
9.880975499140919283e+01
9.894626956303159204e+01
9.832596173454885502e+01
9.930443420106861652e+01
9.866648403524895627e+01
9.852299708175296189e+01
9.855150280086809289e+01
9.829271661698849982e+01
9.945347651856319260e+01
9.904268882643619065e+01
9.884299930774925258e+01
9.869388998814895331e+01
9.877557964654658917e+01
9.878018687218013838e+01
9.895702868535363450e+01
9.928050787450315795e+01
9.847823086708848450e+01
9.910324828139890485e+01
9.839497993194278536e+01
9.863608800275416399e+01
9.977994485375553779e+01
9.876638032621933405e+01
9.928089321427025027e+01
9.963335132563180707e+01
9.883302592360722372e+01
9.828349008743391835e+01
9.968711892544926911e+01
9.900589771152182550e+01
9.998135538804609723e+01
9.909536016678013937e+01
9.968410762268796077e+01
9.889974002976715894e+01
9.901805139166765457e+01
9.867061973558487864e+01
9.860088297955185510e+01
9.902706318063646052e+01
9.897821177635466938e+01
9.925640007695544398e+01
9.907611791113998834e+01
9.849810351032458300e+01
9.828305126292003990e+01
9.871480057644883743e+01
9.903809308380114373e+01
9.910132040287852817e+01
9.867952229132656328e+01
9.930576117410667791e+01
9.889744735740049464e+01
9.896569827962616728e+01
9.848987001149760090e+01
9.934989831320199016e+01
9.904795879557913452e+01
9.871779047843030241e+01
9.889561928173975502e+01
9.972151841258374816e+01
9.868444947510850795e+01
9.892289250102048470e+01
9.850184682438886341e+01
9.839547494634223312e+01
9.846473088701056042e+01
9.888102349221954057e+01
9.934138395403198274e+01
9.900559778296018010e+01
9.849436388712257440e+01
9.897853114652838258e+01
9.881852240331875237e+01
9.873617322221303994e+01
9.887680881299284863e+01
9.861783778421637692e+01
9.890710046461686034e+01
9.899520997298958491e+01
9.931327369904886382e+01
9.925928506714656407e+01
9.796247702760831544e+01
9.952783924963517848e+01
9.856190199053101253e+01
9.883219697036308560e+01
9.881790159243358573e+01
9.913803240836541875e+01
9.891469713619686388e+01
9.939791712408516844e+01
9.942181603680232627e+01
9.888904395173410933e+01
9.849073433073702688e+01
9.881244280966886606e+01
9.887107757663035557e+01
9.884928491981355592e+01
9.937849568546239709e+01
9.881999438344097086e+01
9.895261312751294724e+01
9.841074484747902318e+01
9.980387706186951391e+01
9.892925214256165134e+01
9.885305757773686253e+01
9.852671381274994644e+01
9.959849817893298507e+01
9.911952650144661447e+01
9.882479468964999114e+01
9.993375628365294006e+01
9.908149968915046202e+01
9.868930813514570843e+01
9.893292805829247527e+01
9.955058803535185064e+01
9.975733405086545247e+01
9.890309794349127515e+01
9.904099033563348087e+01
9.932011917045100802e+01
9.919947872321671412e+01
9.849479118176684267e+01
9.878285592029656925e+01
9.948884539179421438e+01
9.913612394279783757e+01
9.892989095600302107e+01
9.866118458554387871e+01
9.919293119382395219e+01
9.863287873424668817e+01
9.856119826203273249e+01
9.947960255990227552e+01
9.822927792158826321e+01
9.851354102842957161e+01
9.861550137823230955e+01
9.851563881370645959e+01
9.889898304966796161e+01
9.942348617670307931e+01
9.820359957208843582e+01
9.958564641389216376e+01
9.885331795941057464e+01
9.922404185270828236e+01
9.892818226967050066e+01
9.928261051957615280e+01
9.864260961003346040e+01
9.883686063632165997e+01
9.863174053767691873e+01
9.876843256748009026e+01
9.857163412448022655e+01
9.998807069927268287e+01
9.978696143107687533e+01
9.956016485331697652e+01
9.911684362494906964e+01
9.907032438845085665e+01
9.966096761611629518e+01
9.885723883381557187e+01
9.887911838666565245e+01
9.875179944798237841e+01
9.870816256766788399e+01
9.868901862547157577e+01
9.848927863178118969e+01
9.893381304784089991e+01
9.839159314456033201e+01
9.873109275548728192e+01
9.891279768327154898e+01
9.989792878901039330e+01
9.882476509582413371e+01
9.926960828884271848e+01
9.928810477619818187e+01
9.870013288312772204e+01
9.912051770913717519e+01
9.849488777338382306e+01
9.896998005491126094e+01
9.998351857333841508e+01
9.880933378443437221e+01
9.822436354539904357e+01
9.877107566889141310e+01
9.857255441881949309e+01
9.855102175360707406e+01
9.900335866758955206e+01
9.873723435274639826e+01
9.861211222234102536e+01
9.860617383026239224e+01
9.895719779119114889e+01
9.874350728986418346e+01
9.900374137304260103e+01
9.878441747428530562e+01
9.842514021319097139e+01
9.834294789383989155e+01
9.838268750306882282e+01
9.943711026936544783e+01
9.952572659003567423e+01
9.868861487863506454e+01
9.937507360902816345e+01
9.921173973248761513e+01
9.885248861114264685e+01
9.843307175448795476e+01
9.916644264082225391e+01
9.927422357848608669e+01
9.829498368108728812e+01
9.830255060464635619e+01
9.873922321366647736e+01
9.891512506880552280e+01
9.872158495869048522e+01
9.911590862847913286e+01
9.889328463078322784e+01
9.890490986508139315e+01
9.878233740645508476e+01
9.841823409256862476e+01
9.879390499897408517e+01
9.924483562135874593e+01
9.882534169539546554e+01
9.844224710248057875e+01
9.850316362036261353e+01
9.829481747068099651e+01
9.870441498899408828e+01
9.971333283543701498e+01
9.866968726152249758e+01
9.895937612383890780e+01
9.875736494608857186e+01
9.856906039818984766e+01
9.872154831606242453e+01
9.887984797936603343e+01
9.910720004800242577e+01
9.939599568401818885e+01
9.894083649156247873e+01
9.859202206334303753e+01
9.870498810316975380e+01
9.888551213543759388e+01
9.858658467152787352e+01
9.826879271821594841e+01
9.892241844227358172e+01
9.906551930448188159e+01
9.847402925952637531e+01
9.848476612982227607e+01
9.911804346815621614e+01
9.864299591448464355e+01
9.891661016937139550e+01
9.900592602642065287e+01
9.880798590207238874e+01
9.869492962362083688e+01
9.912255526663348348e+01
9.848419383150569217e+01
9.909215822231425363e+01
9.864853011342819400e+01
9.846824629118488303e+01
9.810203063025448955e+01
9.905625983694544345e+01
9.935255995044674648e+01
9.862999611270578271e+01
9.906389242687235708e+01
9.861622264522263492e+01
9.850069667599886714e+01
9.909346660555466713e+01
9.870932238200799702e+01
9.892820528309427175e+01
9.882313386909031294e+01
9.929499474183609209e+01
9.832829434700711602e+01
9.893538442477540684e+01
9.894358598228517110e+01
9.854365856262172940e+01
9.892712317052058779e+01
9.840232666631682434e+01
9.906793710880810977e+01
9.875079316031740007e+01
9.851985098071942559e+01
9.810997445957285379e+01
9.858630582853214719e+01
9.907285244697476401e+01
9.933386460513283112e+01
9.914626076446926106e+01
9.845814108949717536e+01
9.916607347922742122e+01
9.848591187263910740e+01
9.873850340595829778e+01
9.822630082050459066e+01
9.872489144353301072e+01
9.901281882367295850e+01
9.989767141427678609e+01
9.839782093806864793e+01
9.932957413594203899e+01
9.862835723355431128e+01
9.888108164464399863e+01
9.866354298275700785e+01
9.871239985660605498e+01
9.851399486644839953e+01
9.968458557690335908e+01
9.858063494119907944e+01
9.886012174609287229e+01
9.893765248595565254e+01
9.906867112816938459e+01
9.857855017380131812e+01
9.829607475057785848e+01
9.832003183056298212e+01
9.946249360340340218e+01
9.891849166399806847e+01
9.891359909402429196e+01
9.874542660423996665e+01
9.899585367969812921e+01
9.924687353670628909e+01
9.890709083793564105e+01
9.887643711177241812e+01
9.898718691757972010e+01
9.936432080569822745e+01
9.882224755998258559e+01
9.850260657170315426e+01
9.848083425116202250e+01
9.908532758067953239e+01
9.824793214193562108e+01
9.840896877219751104e+01
9.863412926603496089e+01
9.869823841878415749e+01
9.877741822681851147e+01
9.920806999182478592e+01
9.886635051427627729e+01
9.803051769863459697e+01
9.893302106906061510e+01
9.933065389083331809e+01
9.869375961275812870e+01
9.835452780417794827e+01
9.885637677584583116e+01
9.895404704811625152e+01
9.851495256014116819e+01
9.885089787237099301e+01
9.895548447313757379e+01
9.879488562643020089e+01
9.879440795633651362e+01
9.999820101791426907e+01
9.903545175742965512e+01
9.910273777519250871e+01
9.959919669999885627e+01
9.929905699138180353e+01
9.855160633331905728e+01
9.882704649719566703e+01
9.841205111278939910e+01
9.831136373275991502e+01
9.914126732792777830e+01
9.894858190728579928e+01
9.885359575845212987e+01
9.876726977144907949e+01
9.828038354360579376e+01
9.939320185066880242e+01
9.912257829183253932e+01
9.854817103479759055e+01
9.825504336848575804e+01
9.870864791943445482e+01
9.853602128218143719e+01
9.826900665569691284e+01
9.883769485817957445e+01
9.947102296177446590e+01
9.886583917120127296e+01
9.850454917808171729e+01
9.907265733537582264e+01
9.869965493289599578e+01
9.817850253054189125e+01
9.851968120117685146e+01
9.886439004100878947e+01
9.760902216217505156e+01
9.916027537460155372e+01
9.880735313527240748e+01
9.855146618969611438e+01
9.951840810117484182e+01
9.920820676695747409e+01
9.844267787323992991e+01
9.820456187430255568e+01
9.873162125041282877e+01
9.912254452818791606e+01
9.893863004560768104e+01
9.881843717756292733e+01
9.828061752318070887e+01
9.829055416716165894e+01
9.884478015237282023e+01
9.855610956613394080e+01
9.866483522305753695e+01
9.881755333489347493e+01
9.860594484532134629e+01
9.891258072691965708e+01
9.938679565072912681e+01
9.909053620814198382e+01
9.897264564215731752e+01
9.856840446221144703e+01
9.881390789995576540e+01
9.811561449845852678e+01
9.910736005085182398e+01
9.943692127179389217e+01
9.900207797814317701e+01
9.834917477800270547e+01
9.831585849697835044e+01
9.954180994863158105e+01
9.881844045670732157e+01
9.872104548976845706e+01
9.927889966361199470e+01
9.946345303969469853e+01
9.910334881538403806e+01
9.855464938924450280e+01
9.863962964356902319e+01
9.830246687777038517e+01
9.902591247200548707e+01
9.839584592625054427e+01
9.844360081696014220e+01
9.907878870107840896e+01
9.952334432353622162e+01
9.940580965744946695e+01
9.978623382096189687e+01
9.918790406655021741e+01
9.796196658927919998e+01
9.889374015226883330e+01
