2.869834869754803890e+02
2.870649198967473126e+02
2.869828686883117257e+02
2.870131992293329972e+02
2.871994320450501164e+02
2.871180503377733544e+02
2.871917329402075438e+02
2.872772547388560156e+02
2.869391712016391125e+02
2.869179936476670605e+02
2.868464960649480986e+02
2.868791974738925319e+02
2.869589901460598185e+02
2.870258105626364795e+02
2.869785344258706914e+02
2.869007670123841649e+02
2.869520974776535809e+02
2.868901218744871926e+02
2.870273209096166056e+02
2.872009313669780113e+02
2.871421621065225622e+02
2.869921779387785818e+02
2.870273126302558353e+02
2.869934244156553973e+02
2.869077976188136176e+02
2.869610730824643952e+02
2.870145478453728742e+02
2.869112349668055231e+02
2.869721513488194091e+02
2.869480961208069516e+02
2.867974944306947691e+02
2.868929737264681989e+02
2.869312476108936494e+02
2.867545675586031848e+02
2.867483435723949583e+02
2.867650239925235951e+02
2.867069372959327325e+02
2.865576919161768501e+02
2.867314676496420702e+02
2.868537908200386255e+02
2.867089440181767372e+02
2.866294217571178251e+02
2.866807405982410160e+02
2.867776234500738042e+02
2.868781957512509848e+02
2.870002019654763785e+02
2.869161289399554562e+02
2.867884353814192764e+02
2.867002411996214164e+02
2.868027703976017051e+02
2.869694035447415104e+02
2.870782457198744737e+02
2.869342076349354898e+02
2.869661911029152748e+02
2.869202731163081239e+02
2.867489778055094689e+02
2.865970056600790485e+02
2.867398349648015596e+02
2.869009735961560068e+02
2.869503494880459584e+02
2.867005443377124152e+02
2.868197419788641582e+02
2.868074306600631189e+02
2.866612499243345269e+02
2.867221580151467037e+02
2.867850183858345758e+02
2.869970696361407363e+02
2.868869820203436234e+02
2.869228045737315256e+02
2.870064721647716510e+02
2.869728595420444890e+02
2.870496700529046734e+02
2.869157145411491570e+02
2.869761304262445378e+02
2.869778611838873417e+02
2.870417028536085695e+02
2.869678088782200689e+02
2.871459300416652241e+02
2.871988929582404353e+02
2.869631597351857408e+02
2.868692903204475897e+02
2.867011851901264095e+02
2.866791905978051886e+02
2.868182783189091651e+02
2.869537462968193609e+02
2.870107513829995582e+02
2.869651493529720483e+02
2.869912769365773215e+02
2.870762614651872013e+02
2.870798607894888050e+02
2.868569959704029202e+02
2.868750600401453994e+02
2.868013447486649738e+02
2.868503954026268730e+02
2.870074383923814594e+02
2.870581763854153792e+02
2.870028634877210720e+02
2.869545719849228931e+02
2.868321783105892564e+02
2.868342520392874917e+02
2.869153185644509563e+02
2.868784613921989717e+02
2.868131657607368084e+02
2.869327808986503214e+02
2.869423584630519031e+02
2.870350513721699031e+02
2.870095008025644461e+02
2.870232072301512289e+02
2.869354917405465244e+02
2.869686403116196516e+02
2.869297633994873991e+02
2.868948983732134934e+02
2.868448583659532005e+02
2.869373983772524639e+02
2.870333343492071663e+02
2.869474010400085717e+02
2.869013170783296687e+02
2.869562728054995091e+02
2.869319055124745432e+02
2.868434648093953570e+02
2.868316287759082002e+02
2.866869110767764255e+02
2.866907882730203596e+02
2.868374957912289460e+02
2.869998257461560911e+02
2.869494600694190467e+02
2.868921981827359673e+02
2.869629386396640598e+02
2.870489888301717656e+02
2.869422393732558589e+02
2.868145029729708995e+02
2.868341726315116489e+02
2.869264857799279298e+02
2.869950918624541032e+02
2.869178149121283354e+02
2.869473667717192029e+02
2.869067975692093455e+02
2.869826696202755443e+02
2.870133029342496798e+02
2.871095531271008099e+02
2.870800465461660451e+02
2.867528349660147455e+02
2.868693117351151614e+02
2.869127174062572863e+02
2.868552905583181314e+02
2.870311777054032518e+02
2.872046119303944920e+02
2.869546946090169968e+02
2.869875728157909407e+02
2.870571826475974717e+02
2.870208832388189535e+02
2.868573231068073142e+02
2.868743842475886936e+02
2.869207362651192739e+02
2.870499227022081072e+02
2.870195580247559519e+02
2.870076988151816408e+02
2.869643696216282365e+02
2.868815243538106756e+02
2.870855250662967251e+02
2.870971116968159436e+02
2.868583712001654931e+02
2.869727782481976988e+02
2.869815796950088043e+02
2.870187399883370176e+02
2.871680804539241194e+02
2.872142901826599086e+02
2.870435591508169750e+02
2.870537987044888837e+02
2.871030792966539593e+02
2.870512441029539445e+02
2.871023895980450220e+02
2.870746426911476874e+02
2.870369609591061817e+02
2.869128373344630631e+02
2.870305115627874670e+02
2.872488707238159691e+02
2.871478903989226978e+02
2.870281323281815844e+02
2.871152615401713319e+02
2.870888353918946336e+02
2.871509651354087964e+02
2.871493202128337998e+02
2.871855026319638569e+02
2.871409971915174424e+02
2.870387364926404530e+02
2.871443338159850214e+02
2.872339636127962308e+02
2.871115659427511559e+02
2.871526373257555633e+02
2.872580967201670887e+02
2.871011539252529587e+02
2.871575118453752680e+02
2.872874121489890058e+02
2.872424375497702158e+02
2.871645439299829832e+02
2.869398904753289798e+02
2.869436652667814656e+02
2.869773442656016300e+02
2.871089393188371446e+02
2.870661796081189436e+02
2.872903895502817591e+02
2.873887521218713914e+02
2.870001789066423612e+02
2.870552422114600972e+02
2.872540311434514138e+02
2.871601315345914145e+02
2.869491557287382193e+02
2.871271318104148804e+02
2.872298090179241967e+02
2.872115325333244868e+02
2.872014737503815809e+02
2.872016492171961204e+02
2.870775134370703086e+02
2.870872692505380996e+02
2.871485643102975587e+02
2.871961327759179312e+02
2.872984903031801309e+02
2.874142285144350240e+02
2.871883623647966601e+02
2.871745433185414527e+02
2.871267349133858602e+02
2.870634650814868110e+02
2.872154461072303206e+02
2.871540431143910155e+02
2.869582488819203263e+02
2.870202167052581785e+02
2.872006709058610454e+02
2.870771324781730414e+02
2.871418142595630343e+02
2.869053760848317438e+02
2.868171506840976122e+02
2.868433069102811146e+02
2.868954986283902713e+02
2.869849169312600452e+02
2.871148466014321343e+02
2.871004265054523330e+02
2.869931758401226602e+02
2.868431421755861379e+02
2.867952390817960691e+02
2.870479392592264389e+02
2.872830065270596265e+02
2.870508658770433499e+02
2.870272913900544154e+02
2.867663723893228962e+02
2.868473763439133677e+02
2.870394371348019149e+02
2.869896178096240078e+02
2.869276512132440189e+02
2.871418466111871908e+02
2.870310874612989096e+02
2.870864298796131493e+02
2.871674385756758738e+02
2.871169152424242839e+02
2.869962832454176009e+02
2.871848972712829777e+02
2.871854190042207051e+02
2.869775660182954766e+02
2.870727566023974759e+02
2.870985915349496622e+02
2.870524106951929753e+02
2.868896036862760184e+02
2.868906505427722209e+02
2.868830801656275185e+02
2.867687951019383945e+02
2.868156848219358039e+02
2.869307395733121666e+02
2.869992691137102838e+02
2.870163103126974420e+02
2.871770130120100930e+02
2.870544656640735752e+02
2.871547365470026989e+02
2.872475942075892021e+02
2.872084694863784193e+02
2.871754494475836168e+02
2.870329933130943232e+02
2.870465434361972257e+02
2.871029450577005377e+02
2.869943324296859259e+02
2.870303823550534617e+02
2.870059471651510989e+02
2.871177836612069427e+02
2.871311315385051444e+02
2.872341960999499975e+02
2.871678991684928519e+02
2.871724396622185509e+02
2.870817510069207970e+02
2.872658447774985575e+02
2.871111617576415824e+02
2.870025031928033741e+02
2.870761928842804309e+02
2.870324899265311842e+02
2.869798489554891034e+02
2.871491501694868589e+02
2.871201561189947711e+02
2.870865423109526091e+02
2.867822758171483315e+02
2.867558934208644814e+02
2.868994583713825364e+02
2.870088710359902961e+02
2.870140576648335013e+02
2.869425140234041578e+02
2.870120128044572994e+02
2.870323907866388140e+02
2.870597832850962732e+02
2.870219020016227773e+02
2.869502516497800002e+02
2.868645077807266830e+02
2.870160813753947764e+02
2.870309881162208967e+02
2.869118475003802473e+02
2.868470382463773376e+02
2.868810622598758187e+02
2.870448762766938557e+02
2.872279483979275483e+02
2.870758882709005206e+02
2.870471055948053163e+02
2.869960742013080903e+02
2.870767307963276949e+02
2.871972811172897195e+02
2.871718523989492269e+02
2.870595777397773531e+02
2.871382510087815945e+02
2.871496469221221446e+02
2.871159645680225481e+02
2.871008373900300512e+02
2.869199727015900976e+02
2.870298700501930966e+02
2.871496610974192549e+02
2.871104811623885666e+02
2.870484062182310367e+02
2.870571468070070296e+02
2.870746259097031157e+02
2.873356349431001036e+02
2.871673957247390945e+02
2.871564313592281792e+02
2.872875100898635878e+02
2.872431131599408332e+02
2.873337653966431162e+02
2.870957145325851911e+02
2.870204049340125607e+02
2.869849439167808214e+02
2.870960397240310726e+02
2.870905716970457888e+02
2.871903114691791643e+02
2.872664337188162449e+02
2.869984793401033585e+02
2.871166128208061536e+02
2.872921600457943327e+02
2.871175446063201093e+02
2.870927732642875299e+02
2.872362044113613706e+02
2.870768494000462283e+02
2.870051138404543281e+02
2.870108452497583471e+02
2.871158596637223468e+02
2.872125601155627805e+02
2.870692554370124867e+02
2.868988281589297458e+02
2.869581346861036195e+02
2.870415603026067402e+02
2.870501852818079556e+02
2.870673307176776348e+02
2.870306685047938231e+02
2.869848781538573235e+02
2.871358538114964176e+02
2.872012584707710516e+02
2.870627705375408141e+02
2.872086621081564886e+02
2.872719973624391514e+02
2.871775013245066361e+02
2.869156327296532822e+02
2.870473915418307911e+02
2.871915093008910276e+02
2.873208087134387938e+02
2.873010234573822004e+02
2.871784482382140595e+02
2.870375080745125729e+02
2.871792922978514184e+02
2.870411802705718287e+02
2.869973200496330605e+02
2.869745276658995294e+02
2.870430429068425724e+02
2.873261939381026764e+02
2.872489788883657980e+02
2.869636974204814237e+02
2.870634022242720675e+02
2.870755393914377578e+02
2.871262473621084155e+02
2.870339683329265767e+02
2.869127239523263597e+02
2.869082341992788656e+02
2.869598517323172473e+02
2.868896440996011279e+02
2.870229674013490921e+02
2.870539883657738187e+02
2.870131101179859456e+02
2.871645576258635515e+02
2.872341086471387257e+02
2.869863097583425429e+02
2.868788384021701745e+02
2.870874255189571613e+02
2.869778055973795858e+02
2.868281847315022901e+02
2.869415609439344621e+02
2.870817366794011036e+02
2.869644257204065525e+02
2.869654893605739403e+02
2.869685471486682218e+02
2.870609091078241022e+02
2.871225051354885522e+02
2.870095172671520913e+02
2.869474785090264390e+02
2.870018286481738983e+02
2.869941653164729018e+02
2.868638451766099138e+02
2.869482728781911760e+02
2.870926849021994371e+02
2.871666458186996351e+02
2.869452262700376082e+02
2.872330072951229454e+02
2.873488444260533470e+02
2.870787400421974098e+02
2.872921850089731493e+02
2.873547162788188416e+02
2.872845189535096893e+02
2.871559966984796688e+02
2.869056911706202868e+02
2.869365623263077509e+02
2.871332311753416207e+02
2.871169075861900524e+02
2.870929007335045071e+02
2.870938369537662425e+02
2.870352694013013775e+02
2.870848764644137532e+02
2.869252971477712322e+02
2.870410059977530750e+02
2.872029675567890763e+02
2.872102737144916205e+02
2.871036480178043462e+02
2.871182865811155693e+02
2.872060745097023187e+02
2.871753492995360943e+02
2.871758404314289237e+02
2.871144312852442795e+02
2.871632708258368325e+02
2.872518412398097780e+02
2.871703599421229569e+02
2.871727858287350728e+02
2.870079801916185716e+02
2.869865651700017679e+02
2.871125675023622534e+02
2.871870502088489729e+02
2.871640799213540731e+02
2.871166942922887984e+02
2.871292715095935364e+02
2.872360976941761805e+02
2.872531196046714399e+02
2.870074097790224528e+02
2.869756957877767718e+02
2.870007810395793513e+02
2.870857868392051273e+02
2.871327262055410188e+02
2.872198469695751442e+02
2.871152455057707016e+02
2.869995824752564317e+02
2.871613040898341183e+02
2.872666403342371382e+02
2.873198397047086132e+02
2.871628258036702732e+02
2.869769411962947174e+02
2.870222560610014284e+02
2.870656999239888023e+02
2.871119588653755841e+02
2.872701630282929841e+02
2.872547862956325275e+02
2.872169784345134076e+02
2.872061191497546702e+02
2.871445087790271486e+02
2.871330829202994437e+02
2.871669609754744101e+02
2.870754181456126730e+02
2.870729367627748729e+02
2.870649808351697629e+02
2.870135709407376794e+02
2.871262677095203912e+02
2.871049268312994514e+02
2.871859774772767082e+02
2.869628844993739563e+02
2.870024847825691836e+02
2.871954003781763163e+02
2.870211770182098121e+02
2.868820086068623709e+02
2.870431822380740527e+02
2.871246267895256779e+02
2.869112990979886035e+02
2.869075174778266728e+02
2.871024587211016410e+02
2.870632423111288176e+02
2.868553885980119844e+02
2.869915808429863091e+02
2.870323209502456052e+02
2.869898769617518610e+02
2.869625441371514398e+02
2.871084611215325708e+02
2.871772913599459685e+02
2.871091795079284452e+02
2.869220259325038000e+02
2.869829793165275191e+02
2.870834960419205686e+02
2.873424992678781678e+02
2.870655127465348642e+02
2.870241136817037386e+02
2.871591311131290922e+02
2.871257977686628351e+02
2.870671555722069002e+02
2.870811780179085986e+02
2.870994136626647446e+02
2.872571391758381196e+02
2.872179658071086124e+02
2.871770759656342875e+02
2.868816247803691226e+02
2.868936782408200088e+02
2.870188408371610080e+02
2.870197300536693774e+02
2.871165478309990249e+02
2.873212419138824885e+02
2.871211379257507019e+02
2.872403269323827431e+02
2.874024067611441637e+02
2.873160565802069755e+02
2.872509586798741452e+02
2.872163080495079726e+02
2.872059067798077763e+02
2.873375047148349495e+02
2.872974021079928093e+02
2.870696483681728637e+02
2.871225540258918727e+02
2.873099639040004831e+02
2.874010470367217636e+02
2.872422268758304540e+02
2.872793163393072859e+02
2.872943879666981388e+02
2.872983417631607495e+02
2.872409933834485400e+02
2.871189172334871387e+02
2.872316714937120423e+02
2.869732351622264446e+02
2.870061663485122949e+02
2.871889733680504264e+02
2.872241383323893729e+02
2.871767614539160718e+02
2.871133938892760966e+02
2.871109320143734180e+02
2.872915547154468072e+02
2.872912429122549725e+02
2.871574700520154124e+02
2.871963451171053521e+02
2.871994444930010673e+02
2.872461427262851430e+02
2.872526761552162498e+02
2.872479450378043566e+02
2.872290114698352568e+02
2.870264857400523510e+02
2.870245468530313815e+02
2.871934131722481425e+02
2.870999270770051339e+02
2.873517630760180168e+02
2.875626731522330033e+02
2.872508080427127766e+02
2.872650592634022360e+02
2.872479261191330693e+02
2.871434847504585832e+02
2.870666508535061325e+02
2.870762879429231589e+02
2.871781679886169059e+02
2.872966597668003033e+02
2.870955861128991273e+02
2.870093973644272296e+02
2.870310580962315044e+02
2.870781857560795629e+02
2.871134568858669809e+02
2.871188154598085589e+02
2.871733015612666691e+02
2.870981544522604167e+02
2.870689342828155191e+02
2.870723936185341358e+02
2.872438563871792780e+02
2.872514952511590423e+02
2.870452053063270341e+02
2.873027531247484490e+02
2.871910431291886994e+02
2.869198697201182426e+02
2.870559745188901957e+02
2.872401294610418176e+02
2.871983480604661736e+02
2.872141520694132737e+02
2.871248494582767421e+02
2.869853822641159695e+02
2.870918234340172717e+02
2.872211819257024104e+02
2.870456221046878795e+02
2.871097876121029344e+02
2.869840816149243778e+02
2.869101920862436259e+02
2.871157610846621537e+02
2.870616957929497630e+02
2.869533588614636415e+02
2.870520238489572762e+02
2.873014425026689764e+02
2.872142703601206790e+02
2.871602252563636171e+02
2.871834646188602846e+02
2.870960545898180953e+02
2.872273805792981420e+02
2.871705878229000177e+02
2.872400278046692961e+02
2.873061240978783530e+02
2.872607404286083579e+02
2.871697977905481594e+02
2.871427211204789955e+02
2.870510542858086751e+02
2.871403665247215713e+02
2.871362597011690809e+02
2.872071608839020200e+02
2.871716608094603771e+02
2.870910765177364965e+02
2.871077119082295326e+02
2.871558606813707115e+02
2.871788874433156593e+02
2.872252265154918973e+02
2.871975199487652048e+02
2.872934388537785821e+02
2.873252673386838865e+02
2.870915417004898131e+02
2.871618337413742665e+02
2.872699518483715337e+02
2.871104418227205883e+02
2.871532373364731257e+02
2.871562530593145652e+02
2.871660439285109874e+02
2.871415852683318803e+02
2.872306349110443762e+02
2.872582104029298193e+02
2.873402836468189321e+02
2.873289500187277099e+02
2.870429664795103122e+02
2.871218793355777734e+02
2.872678742079450558e+02
2.872987102319421524e+02
2.871188772669323157e+02
2.869777199895285662e+02
2.871111134801099638e+02
2.870021806015767538e+02
2.870837115188925850e+02
2.870590354931067623e+02
2.870079811428703351e+02
2.870773521658088043e+02
2.872114353895116778e+02
2.868743515098195189e+02
2.868396898038596987e+02
2.870571859474638359e+02
2.871627388907865566e+02
2.871686816353589506e+02
2.869186566654179273e+02
2.869956827394908601e+02
2.870166119513406215e+02
2.869349167957744839e+02
2.869827053483650161e+02
2.870554512198170301e+02
2.871381193301195367e+02
2.871935253895117057e+02
2.872993651478284391e+02
2.872386176305117829e+02
2.872521260416137920e+02
2.871491121822955961e+02
2.872762787106835276e+02
2.873139701822192933e+02
2.872130619894923029e+02
2.871865959252755260e+02
2.870848191537788807e+02
2.869394521596037180e+02
2.869091789634675820e+02
2.871509561810384525e+02
2.871483432007092347e+02
2.871812917534820713e+02
2.871882129216501198e+02
2.872206510692330994e+02
2.870120119588859211e+02
2.871100529455865171e+02
2.871387419193173969e+02
2.869697156320021350e+02
2.871533285392797552e+02
2.873289729346428771e+02
2.871983478072400544e+02
2.871860024254389145e+02
2.872181672660753975e+02
2.871217247592711033e+02
2.870530554285664380e+02
2.870160136331631406e+02
2.870138785327145001e+02
2.871576044916612886e+02
2.870080990288484486e+02
2.869624061670497781e+02
2.871254132691757377e+02
2.872293010127743287e+02
2.871161829189128980e+02
2.870329090194458672e+02
2.871013168287897201e+02
2.871466573658626658e+02
2.871278676301227506e+02
2.870597631101416596e+02
2.870634701470640380e+02
2.871848192182676485e+02
2.870533391278933664e+02
2.870594084547706757e+02
2.871505958384738619e+02
2.872256520391754862e+02
2.872113405544548641e+02
2.870949234274308992e+02
2.873194628176671017e+02
2.872496598871683204e+02
2.872442167638150750e+02
2.872684300009640310e+02
2.873188723918485721e+02
2.872587763605817486e+02
2.871200703429090026e+02
2.871277948739321459e+02
2.871572772090660806e+02
2.870968497626221279e+02
2.873391379877890586e+02
2.872795719551526759e+02
2.870891739754879950e+02
2.871714188159890000e+02
2.872375867400137963e+02
2.872326905064607558e+02
2.872219368062564513e+02
2.873639245538517457e+02
2.872077301468684141e+02
2.873277385829503032e+02
2.874034804166419121e+02
2.870090829150507830e+02
2.871645372343731424e+02
2.872455481010200060e+02
2.872523415901100066e+02
2.872196169400477288e+02
2.872306446578555210e+02
2.872600504870674740e+02
2.872224731540536595e+02
2.872808384388957279e+02
2.871565841868646203e+02
2.870495532341557805e+02
2.871196564683133943e+02
2.872654406593492808e+02
2.874185484538652986e+02
2.872830853558610329e+02
2.872041652941985035e+02
2.870945343150788176e+02
2.871718482253033358e+02
2.871689823587818751e+02
2.872288530135141968e+02
2.871426399543900629e+02
2.871787703670282212e+02
2.872889590324754749e+02
2.871719074688086266e+02
2.872179536451505442e+02
2.871943901481593002e+02
2.870892553827389406e+02
2.871221456835731374e+02
2.872475339212057293e+02
2.870644921747587546e+02
2.871440204123337026e+02
2.873053421791130404e+02
2.871643275938662896e+02
2.871273353974956990e+02
2.872823814420451640e+02
2.872315420336729517e+02
2.872872720969219813e+02
2.872521011276187437e+02
2.872263271266851348e+02
2.872122710394007754e+02
2.872649947049948764e+02
2.872816607249848744e+02
2.870515671963757427e+02
2.871136638264187582e+02
2.873448245049841603e+02
2.872448775458889827e+02
2.873148965050816628e+02
2.872732634501236362e+02
2.872900634243000582e+02
2.872021061944760731e+02
2.872335224071046582e+02
2.873106427460220971e+02
2.874322494182618470e+02
2.872088315562070306e+02
2.872691494786697035e+02
2.872484258469879705e+02
2.872412198921747404e+02
2.872368902286416983e+02
2.872468283956625328e+02
2.874075592962410042e+02
2.873623995565696987e+02
2.871104450050740979e+02
2.871964473660416388e+02
2.872949374102939260e+02
2.872246710065417119e+02
2.872732660765415176e+02
2.874405595137596379e+02
2.872943778586113126e+02
2.872060013606455300e+02
2.872537680043840282e+02
2.872774450017129197e+02
2.872697549530937522e+02
2.871232769506259501e+02
2.872917101714834871e+02
2.873730393129945924e+02
2.871483994827491415e+02
2.870552298683920185e+02
2.872014838381579125e+02
2.871894942072373738e+02
2.872539593798225610e+02
2.871902424599487063e+02
2.870833317532165552e+02
2.871098331014517271e+02
2.871716162355191386e+02
2.872294121628913786e+02
2.873272927868457600e+02
2.871789523556396944e+02
2.871237253436226524e+02
2.871167592035630491e+02
2.872404149386593986e+02
2.871727366866070383e+02
2.872231842129631900e+02
2.872365885335851203e+02
2.871201920163447880e+02
2.870536584002784934e+02
2.869255986353856542e+02
2.870110223243618748e+02
2.869178455483645962e+02
2.870215070707943141e+02
2.870201805462655216e+02
2.870998162721099902e+02
2.872111635084473278e+02
2.872515630705407261e+02
2.870646423921683095e+02
2.870624046133781349e+02
2.870710614620348906e+02
2.871373704463258036e+02
2.873022769637352098e+02
2.871910079318932958e+02
2.871248960314497367e+02
2.872078564435342400e+02
2.872381790290989443e+02
2.870755305303990212e+02
2.870831291988592966e+02
2.872166735000781728e+02
2.871591126547760950e+02
2.870070987689030630e+02
2.869663180012424277e+02
2.872690814723482049e+02
2.872277683317190053e+02
2.870758636700509783e+02
2.871368488546908111e+02
2.872544759958399823e+02
2.873356784259202641e+02
2.872658512573382836e+02
2.872070599643715809e+02
2.871960013105953635e+02
2.872481397026051582e+02
2.870967538944742046e+02
2.872151600003389831e+02
2.872019647538701292e+02
2.870669735661779214e+02
2.870848207006629877e+02
2.871712416343364680e+02
2.871488369651712560e+02
2.870828424844079905e+02
2.870797307972205203e+02
2.869526418528256499e+02
2.871907868083904418e+02
2.873242814008102641e+02
2.871545990901738605e+02
2.872238997894541512e+02
2.872531094823458488e+02
2.872299891746629328e+02
2.871576923174393983e+02
2.871718711904246675e+02
2.872404002607257780e+02
2.870293574637336746e+02
2.872480602809267225e+02
2.872571262302006971e+02
2.872193151571144085e+02
2.871414053221040490e+02
2.871272128211530799e+02
2.871614760576622416e+02
2.871024245436804563e+02
2.872675340070513244e+02
2.872083004351107434e+02
2.870434226827917428e+02
2.871051964639908078e+02
2.872316364241063411e+02
2.872675187474725362e+02
2.870788597147595738e+02
2.872200470340561083e+02
2.872284131710950419e+02
2.869769952644819568e+02
2.870090875147924976e+02
2.870249479258457654e+02
2.870926109083197275e+02
2.869980089522383082e+02
2.871601491827647124e+02
2.872075918890960224e+02
2.870444992777593143e+02
2.870043300060224851e+02
2.872047420685374277e+02
2.873733751633379825e+02
2.871391240993029896e+02
2.870551166496196061e+02
2.869921295693039269e+02
2.871536384443455177e+02
2.871225507967284898e+02
2.870272864070161063e+02
2.871587588089785186e+02
2.872133152097840707e+02
2.872706418390668546e+02
2.871908116820459327e+02
2.871901409091281607e+02
2.873476013354045904e+02
2.873382362691955905e+02
2.872142138231117201e+02
2.871397678988031430e+02
2.872039736239904641e+02
2.870275389804539827e+02
2.870825937588643342e+02
2.871146351482702812e+02
2.871106024766174301e+02
2.871229228842478278e+02
2.872889279202876764e+02
2.873988830478998011e+02
2.871667072258372286e+02
2.872358104160251173e+02
2.870812438717384794e+02
2.870025360906213905e+02
2.868974320120475454e+02
2.868675869132544562e+02
2.869580684395010621e+02
2.869344516535098251e+02
2.870619336743100121e+02
2.871234815131281835e+02
2.871565320876969167e+02
2.871293441934647035e+02
2.873029134262933439e+02
2.872324727889475184e+02
2.872815531052518736e+02
2.872121933359855461e+02
2.872449155404731869e+02
2.873496216223374518e+02
2.871015482820380953e+02
2.870744944625141102e+02
2.870775269750856182e+02
2.870200822405235499e+02
2.871439749100125596e+02
2.871615715420078914e+02
2.871940573136551507e+02
2.871912909574532478e+02
2.871591897359393784e+02
2.869241512747834122e+02
2.870853617941803009e+02
2.872364420233234341e+02
2.872321747917911807e+02
2.871483226142662488e+02
2.871182664190505989e+02
2.871684918118294263e+02
2.871848995549281085e+02
2.872729233609584298e+02
2.874834342549650046e+02
2.873978603874119813e+02
2.872084281177939147e+02
2.870906054183722631e+02
2.872685612968849114e+02
2.872418158966373198e+02
2.874001381455834121e+02
2.872922716719579626e+02
2.871832469679931705e+02
2.872035782750711519e+02
2.872463589228794945e+02
2.870258987165346980e+02
2.870830503447694468e+02
2.871942493088303650e+02
2.871402582031184352e+02
2.870029306807738863e+02
2.870916153991291253e+02
2.871780235745257528e+02
2.873402957768620922e+02
2.871539205547535403e+02
2.871557000341460366e+02
2.871758184286478013e+02
2.871788332127334797e+02
2.872463197878917640e+02
2.872756152045196814e+02
2.873763279360242109e+02
2.874623462862693941e+02
2.871875208619021578e+02
2.871913278016374420e+02
2.873933138459528891e+02
2.873844479105848109e+02
2.873385804899082245e+02
2.873570325603134279e+02
2.873479557951148422e+02
2.871162181557114650e+02
2.871473080319723863e+02
2.872287962233372696e+02
2.872497168026365557e+02
2.872550310290752691e+02
2.872764777368656723e+02
2.872917553135816888e+02
2.870501025766613452e+02
2.870798900740138038e+02
2.871824070119412227e+02
2.873225242569761235e+02
2.872557769201268343e+02
2.871538874758666111e+02
2.872464066709340500e+02
2.874097493308993307e+02
2.874381158318598182e+02
2.873534015384117879e+02
2.873713777141688865e+02
2.874023878982089286e+02
2.871992049295998299e+02
2.872813378884818007e+02
2.873892280122113903e+02
2.872324133021352282e+02
2.872566317473524578e+02
2.871142407337118811e+02
2.872007520929108750e+02
2.871173521179843533e+02
2.871560344261005753e+02
2.871739174833276138e+02
2.872091429202359336e+02
2.872436669740262687e+02
2.871754944379677568e+02
2.871488560678144495e+02
2.871311236427825975e+02
2.873093347897028593e+02
2.873683293896819464e+02
2.874060911273124361e+02
2.872000727511288574e+02
2.872933503830786321e+02
2.871456857245379410e+02
2.870880448086828096e+02
2.871966556549243137e+02
2.872818951695800820e+02
2.871959956339987343e+02
2.873566580967975028e+02
2.872657162690425139e+02
2.874092671455252344e+02
2.872453330408794727e+02
2.872695505752780605e+02
2.872227804875930133e+02
2.873685540528841216e+02
2.875171810895516842e+02
2.872239831307718418e+02
2.871697558586084256e+02
2.870430912724853556e+02
2.871620909315658423e+02
2.870368870910763235e+02
2.870627373154309794e+02
2.871490091093581327e+02
2.873092914052135711e+02
2.873136330769066831e+02
2.873480473035356795e+02
2.871054110790163918e+02
2.870983848884870326e+02
2.871557325737091446e+02
2.870717112092953585e+02
2.871047159404923264e+02
2.870929202936420097e+02
2.870670622015933304e+02
2.873067399729407043e+02
2.872427508404381911e+02
2.870879114174757092e+02
2.871592539746014268e+02
2.873396127863169909e+02
2.872777408838613837e+02
2.871319333357332653e+02
2.872309519027983811e+02
2.874904186086588993e+02
2.872174562000633387e+02
2.871332039755734513e+02
2.871380461329255809e+02
2.872797014323627423e+02
2.871787128764748900e+02
2.871724989398729235e+02
2.872430823466599463e+02
2.871839163246830822e+02
2.871789194303762542e+02
2.871758441404375048e+02
2.871631869566966202e+02
2.870916703562873522e+02
2.872223223106324212e+02
2.872619503806836292e+02
2.872552735592532827e+02
2.874149375905752208e+02
2.873381445906231875e+02
2.872382078552981284e+02
2.873097200446489978e+02
2.872772968596212309e+02
2.871512180923993469e+02
2.872585462860183725e+02
2.873905748510096032e+02
2.871961706269626688e+02
2.872203727842471039e+02
2.872249825133946501e+02
2.873581469642270463e+02
2.872513340702170694e+02
2.871889601442387630e+02
2.873626107365528242e+02
2.872969808881630343e+02
2.871325074966833313e+02
2.872569562748154794e+02
2.871600296366958105e+02
2.870124684620962512e+02
2.870366463960901342e+02
2.869583032936142786e+02
2.869565703699617529e+02
2.870428090640767209e+02
2.872036567896701627e+02
2.872602544734770618e+02
2.875292925285181127e+02
2.874079453279159679e+02
2.872008645825011968e+02
2.872353949791904029e+02
2.870959377164131183e+02
2.873513234727531085e+02
2.873646739407702739e+02
2.871480765923577678e+02
2.871886100154277415e+02
2.873561972527588182e+02
2.872282562873911615e+02
2.872213520757021001e+02
2.873560578367855669e+02
2.874010169403346140e+02
2.872392890033065100e+02
2.872128774215632916e+02
2.871700626689240039e+02
2.871546972328622473e+02
2.870633272816778003e+02
2.871697451479848837e+02
2.873852488099426523e+02
2.874528035930210876e+02
2.874081436310722211e+02
2.874345754444453291e+02
2.872494223848369757e+02
2.872869144443298524e+02
2.871754251995685649e+02
2.869834628842428401e+02
2.871126768879653923e+02
2.873136466751041667e+02
2.873824520806783198e+02
2.871886232260916927e+02
2.871564804510338718e+02
2.871096590487950948e+02
2.871724109606843740e+02
2.873546337959749053e+02
2.873109711204311338e+02
2.871634950346048072e+02
2.872822540433896279e+02
2.872542294860696757e+02
2.872886145669027087e+02
2.873460606745867949e+02
2.872445706845629161e+02
2.872234803671350960e+02
2.871541475767540987e+02
2.872819221867094370e+02
2.872949688452495707e+02
2.874297569618886428e+02
2.873678275617511986e+02
2.871541849749849575e+02
2.871753379338105674e+02
2.871805525156626686e+02
2.873716180880062439e+02
2.873641141918171229e+02
2.871577183279834458e+02
2.871993200707270830e+02
2.872363349285682830e+02
2.870774104086013381e+02
2.871127691405627615e+02
2.871015626788845339e+02
2.872808943227003056e+02
2.873613879282308972e+02
2.872773473167133602e+02
2.870837475343571441e+02
2.872273044759713798e+02
2.873457242424298101e+02
2.870758683606837280e+02
2.871168908133594755e+02
2.871108233224072137e+02
2.870405357296928628e+02
2.872795702308975478e+02
2.873801896048595950e+02
