2.328354894719135473e+02
2.339507489094339689e+02
2.344604852519147187e+02
2.348893674815385850e+02
2.351155401195473189e+02
2.362173809922624912e+02
2.357378153144901489e+02
2.356623591229919157e+02
2.360399027634417450e+02
2.361010052224146420e+02
2.359662463507443135e+02
2.365127432480034884e+02
2.364934582214240208e+02
2.361184110319271667e+02
2.364696987897368388e+02
2.365115157971311817e+02
2.363574251012724687e+02
2.363170780851549182e+02
2.367149947188598844e+02
2.363763616841731334e+02
2.360152144870224902e+02
2.369160708957513464e+02
2.366078589430061641e+02
2.363109267530624038e+02
2.367474325707541141e+02
2.365397969350492247e+02
2.367717025965271205e+02
2.364746415198884222e+02
2.368271405924311068e+02
2.368122613281295514e+02
2.365914094654432631e+02
2.363739265276858248e+02
2.370002449014417607e+02
2.373338788445244063e+02
2.364485048782983370e+02
2.367604473533786802e+02
2.366243915630438721e+02
2.372805043720116203e+02
2.367444303178630207e+02
2.367063866476403291e+02
2.372319926105512025e+02
2.368411961017562533e+02
2.365252610360499546e+02
2.367678262187456824e+02
2.370139521208503766e+02
2.367207171150378429e+02
2.369528987837075249e+02
2.366175046313200028e+02
2.368973386266918340e+02
2.367158400046503459e+02
2.363937657410210704e+02
2.367605730760474216e+02
2.371140744586596441e+02
2.364606169011393604e+02
2.368592837913538744e+02
2.364771401461642029e+02
2.363891794725551847e+02
2.368392497575659661e+02
2.369310151826988715e+02
2.367726282439259649e+02
2.364677690093735691e+02
2.369705124740171414e+02
2.369971702446094923e+02
2.365795220887064261e+02
2.369110968128482853e+02
2.365853884337588227e+02
2.367066787479006109e+02
2.371127900740627581e+02
2.366503797654338825e+02
2.364316847764198144e+02
2.374570364227765538e+02
2.368499450855695443e+02
2.362395532126157889e+02
2.371556147328134330e+02
2.365233365847553841e+02
2.370650567102381672e+02
2.367269246981088884e+02
2.370298417270483640e+02
2.365019544244725012e+02
2.366405615445021624e+02
2.368964473425351969e+02
2.368885592397967912e+02
2.365108211726842171e+02
2.368654259823706809e+02
2.367482180134726661e+02
2.364670056605652917e+02
2.369464798609656100e+02
2.372368361205899419e+02
2.371481038488056186e+02
2.369545925109473501e+02
2.366192712013114487e+02
2.371521594491234453e+02
2.372943562834405213e+02
2.365309510557009105e+02
2.372147611970505352e+02
2.372183834259726893e+02
2.368388738281755366e+02
2.367681250812258895e+02
2.369635005956437510e+02
2.372147976555047819e+02
2.368135749921902971e+02
2.367972056427188363e+02
2.373416981112004294e+02
2.371692969785826506e+02
2.369218010222668056e+02
2.366600055003678733e+02
2.371020263682525240e+02
2.375743263205359881e+02
2.369943681851787858e+02
2.372161767543524604e+02
2.372625029741501805e+02
2.372327466222322983e+02
2.368210686858870702e+02
2.373160594905149026e+02
2.373952975017735696e+02
2.369851519755939080e+02
2.373567940775422755e+02
2.373713881189426047e+02
2.370118094004211855e+02
2.375085176911011615e+02
2.373221503094314073e+02
2.374131734507268447e+02
2.372282163782537054e+02
2.373840347134972433e+02
2.366213945331126070e+02
2.372506269748905652e+02
2.373990763963402912e+02
2.373234702691654832e+02
2.371856629548182127e+02
2.375742615418687365e+02
2.374284591465075209e+02
2.372024809131206382e+02
2.374816088697346288e+02
2.370763239775237423e+02
2.374241225743999451e+02
2.371931846861496069e+02
2.375172910379509119e+02
2.376460860023599935e+02
2.365760740692230968e+02
2.376861638782288821e+02
2.374745854186184317e+02
2.368011689451149095e+02
2.374796456309013593e+02
2.375897159186541785e+02
2.373423926747782104e+02
2.374615850727516317e+02
2.379919515139025350e+02
2.374094258657258081e+02
2.376629469624252806e+02
2.379325005954745222e+02
2.374079988212236003e+02
