1.013373781296119773e+02
1.013161956012189648e+02
1.010042233026851051e+02
1.007253805795837138e+02
1.012623157235397429e+02
1.007366507500122879e+02
1.005524239100287360e+02
1.005545245187940964e+02
1.010566366020830316e+02
1.013115471609361435e+02
1.010691297178753416e+02
1.009153255988850191e+02
1.005054696153890319e+02
1.010116526981889820e+02
1.012219955726665148e+02
1.009719509887385698e+02
1.008964976210754543e+02
1.010303132358682774e+02
1.011464745714637985e+02
1.003732569578904048e+02
1.009169087855550941e+02
1.011814763556329098e+02
1.006679663217397405e+02
1.005764772369153661e+02
1.012608601618772326e+02
1.012211739304459144e+02
1.011683859346449736e+02
1.011067186201479586e+02
1.007345945700964904e+02
1.012934125970901960e+02
1.009610904695648941e+02
1.009647010874727044e+02
1.010300137747309890e+02
1.008419542538305791e+02
1.007739136400287379e+02
1.010297777015034626e+02
1.011661044366083928e+02
1.009329566413784249e+02
1.010900136663594395e+02
1.008501008956117886e+02
1.011543989204770924e+02
1.008100433587641618e+02
1.011395480543359326e+02
1.010611638307206448e+02
1.008647105861047777e+02
1.012001113981283851e+02
1.013463463167876881e+02
1.012080245132263912e+02
1.012573395802924523e+02
1.006679942467389850e+02
1.007235322607757126e+02
1.013281154525412404e+02
1.012366902674936142e+02
1.011983953181395606e+02
1.012988985608510433e+02
1.011846350785512385e+02
1.016138390420309179e+02
1.011485959774538514e+02
1.010805936329840620e+02
1.009386210994289144e+02
1.012553799164013952e+02
1.012947018497011982e+02
1.007561486026214084e+02
1.012737251191571204e+02
1.010377874000202922e+02
1.010666924681559777e+02
1.010821043823180645e+02
1.011864324065389980e+02
1.012727486828546262e+02
1.011020852209142475e+02
1.009863504319832259e+02
1.005099803611302036e+02
1.011402778676790604e+02
1.011194733143826880e+02
1.013197457332520912e+02
1.009806590908763297e+02
1.012319646180033743e+02
1.008659399623883246e+02
1.008567015236579891e+02
1.013055604957338574e+02
1.013032882975775948e+02
1.007553389231875798e+02
1.008543298437021463e+02
1.014828278778475550e+02
1.013355929115558638e+02
1.013044542984693948e+02
1.014596647815971124e+02
1.008439042548711768e+02
1.005345670957182591e+02
1.005594423104574986e+02
1.016161715082265431e+02
1.012559233686583724e+02
1.005890102288706061e+02
1.011510302903284355e+02
1.012489128572010060e+02
1.011681012544813285e+02
1.008685744403327504e+02
1.014696026074582136e+02
1.013383260387639524e+02
1.012999437676753445e+02
1.009640699953061898e+02
1.012075859438289598e+02
1.015224387561078885e+02
1.011697504751883656e+02
1.008466780428951637e+02
1.012725101225205009e+02
1.015630437360975549e+02
1.008760454013496286e+02
1.006996956651738486e+02
1.013935205970061020e+02
1.010540589294007106e+02
1.004426515911218303e+02
1.009737118605780211e+02
1.012364267997362646e+02
1.007324730713717855e+02
1.010551801555742628e+02
1.013299913976483850e+02
1.010617344689496235e+02
1.009785022769859637e+02
1.011040945221178475e+02
1.010773333018975251e+02
1.007541993510341314e+02
1.016213396890540821e+02
1.009524624031206912e+02
1.006705404231436773e+02
1.011413824928105640e+02
1.010434414211083549e+02
1.006939644957434439e+02
1.012273614335079941e+02
1.011015037254084774e+02
1.007490960306283370e+02
1.009835495236117282e+02
1.010818632525756584e+02
1.012411966164074926e+02
1.011322615866986752e+02
1.008363234929533263e+02
1.010278645345400292e+02
1.008782656288505564e+02
1.015913735664461086e+02
1.012104479886990021e+02
1.008920699082080006e+02
1.011183801431153597e+02
1.011847429081791034e+02
1.010236073720436849e+02
1.005810506359735399e+02
1.008663296179220907e+02
1.005825033006732241e+02
1.002879036916569362e+02
1.009425004629127329e+02
1.006453275991698888e+02
1.006125359896958997e+02
