2.378766873672880990e+02
2.375577440836953258e+02
2.377760413501930827e+02
2.380392479366398675e+02
2.378406453925537392e+02
2.375447033269302892e+02
2.378146465974494674e+02
2.378596321414555916e+02
2.376559036349919154e+02
2.378009102861708470e+02
2.377586551528601149e+02
2.377397255371754738e+02
2.375699558097180386e+02
2.380961148105386371e+02
2.377471796873699361e+02
2.378593715978256569e+02
2.376409008152240574e+02
2.378155750965921413e+02
2.379991004675568149e+02
2.376353281898107923e+02
2.376788027775778289e+02
2.378120697297558763e+02
2.380500668754515345e+02
2.374397820911690076e+02
2.377410623499204121e+02
2.380242846401807526e+02
2.377496176924889824e+02
2.375689391557479837e+02
2.376307979400278327e+02
2.375970086131381152e+02
2.377264945511784902e+02
2.379794474073872550e+02
2.379087347410393534e+02
2.376715856214255211e+02
2.371508603204274266e+02
2.376144352876253834e+02
2.375183399576367549e+02
2.374748620121589511e+02
2.376555740592585551e+02
2.377890831258670232e+02
2.376053398290653149e+02
2.375009895278347187e+02
2.378843880632500998e+02
2.377980264110936162e+02
2.375478654693438045e+02
2.379136643078537645e+02
2.379340699380616968e+02
2.379867534050193854e+02
2.378921656211116158e+02
2.377072849923443698e+02
2.373400252188062325e+02
2.376604963004523086e+02
2.376476551067810306e+02
2.373039930742284014e+02
2.375067439470035424e+02
2.375211464375703088e+02
2.372764708719729754e+02
2.376128404481754330e+02
2.376513082484122208e+02
2.375199390227534479e+02
2.376932456545425794e+02
2.376968735016121173e+02
2.377404322772716512e+02
2.373356967799782353e+02
2.375664100829118297e+02
2.375900190540997698e+02
2.377577304055669174e+02
2.379928654118175757e+02
2.377526998808375254e+02
2.375965023956817674e+02
2.380924405522751783e+02
2.379112743967675669e+02
2.378474574639471939e+02
2.377878306312154280e+02
2.380809979775796137e+02
2.381767935649440915e+02
2.382800039909229781e+02
2.380973112840782449e+02
2.381102136624616321e+02
2.378303823737477671e+02
2.379765959010031509e+02
2.381107798436425185e+02
2.382030064516288519e+02
2.382361280055108637e+02
2.380068973134507075e+02
2.381143134289827401e+02
2.380396766712722467e+02
2.380254081372433177e+02
2.380890815491596868e+02
2.382336621573702189e+02
2.383450157952746622e+02
2.381680347606590260e+02
2.380495471113235908e+02
2.381740590904487362e+02
2.382542439068151623e+02
2.379913891329904061e+02
2.382969713679752601e+02
2.380473591478359197e+02
2.382021439534017873e+02
2.382527953553670557e+02
2.384195250270377073e+02
2.380947250344770794e+02
2.379841153564859724e+02
2.382847886448962242e+02
2.381459291336214790e+02
2.381851934057789038e+02
2.383507658460378025e+02
2.383266440060837397e+02
2.384402149689430814e+02
2.382724545346576690e+02
2.380381025214156807e+02
2.379826332741129988e+02
2.378540471786298269e+02
2.378955427889229668e+02
2.379168625129690327e+02
2.375419476652703850e+02
2.377230387673220378e+02
2.380537595543577254e+02
2.379770835667278561e+02
2.378687789280816105e+02
2.380034824124066972e+02
2.377052473286493068e+02
2.377042171406848468e+02
2.376146805532703468e+02
2.374677170245184641e+02
2.375850769452828217e+02
2.374057416583340228e+02
2.377067081564108548e+02
2.379678403041537820e+02
2.377351936297663997e+02
2.378445985031079033e+02
2.379499116185237426e+02
2.376726537434610691e+02
2.374383007870632412e+02
2.377438862769487002e+02
2.373945195074709034e+02
2.373134295503049032e+02
2.372761778958714558e+02
2.372369912212800216e+02
2.377036351823036568e+02
2.376603677193968736e+02
2.373296798803288254e+02
2.368615163483367780e+02
2.372033622727546174e+02
2.370688899579456290e+02
2.372415786770278316e+02
2.373568603793489444e+02
2.374129967939646804e+02
2.371839268997890997e+02
2.372504770673275516e+02
2.375475560815280005e+02
2.376194096970355076e+02
2.374471739740787655e+02
2.373677434936845714e+02
2.374805949790080319e+02
2.373790874911626076e+02
2.373313420444455915e+02
2.375632532920909910e+02
2.373126366780605565e+02
2.374894523647027427e+02
2.376741778579571474e+02
2.376541013584768791e+02
2.376761463506513508e+02
2.379337673738046135e+02
2.379125477570422902e+02
