1.032738640742579861e+02
1.028429526841860024e+02
1.035353414228052316e+02
1.030323698191208877e+02
1.029563699391234053e+02
1.031015628727952986e+02
1.035932680949111955e+02
1.027579640143347461e+02
1.030311057161278114e+02
1.032019580620765424e+02
1.031912181539305919e+02
1.034293522769915938e+02
1.031276849981154413e+02
1.031222163948753661e+02
1.031481129571004516e+02
1.024680246888682547e+02
1.030917823832920135e+02
1.026853725332083371e+02
1.038269432464583275e+02
1.035355527473956982e+02
1.025749210469335111e+02
1.031827801353179694e+02
1.032844989427614877e+02
1.028235964711131345e+02
1.029857798498938593e+02
1.029788717207322293e+02
1.030370388807467634e+02
1.031375060991707784e+02
1.025012986051256121e+02
1.030066664786950241e+02
1.026825233072784584e+02
1.028086101922189783e+02
1.027449926261860327e+02
1.035899053645146495e+02
1.052824774899010549e+02
1.035911138446330000e+02
1.032874240788000151e+02
1.032858293316289888e+02
1.029219143353760728e+02
1.032786485973657165e+02
1.030455207505147683e+02
1.033795563942184543e+02
1.030065175733329710e+02
1.037580484917266546e+02
1.022354211174049539e+02
1.029272415980367015e+02
1.029457646978660392e+02
1.030908374651801154e+02
1.035474405095728940e+02
1.030266914223684580e+02
1.030310679712426207e+02
1.031055289999905540e+02
1.036230515867338937e+02
1.038572172425371747e+02
1.039701786158033769e+02
1.028240852821530353e+02
1.030830386996435664e+02
1.031017277097012510e+02
1.037052903186262682e+02
1.024813811285670084e+02
1.025409145384664527e+02
1.028851285090529046e+02
1.039128538519620832e+02
1.038646143577725525e+02
1.038650226348423615e+02
1.026491761637418563e+02
1.025973338326974158e+02
1.030030184074298063e+02
1.031034009545161183e+02
1.027770065115811775e+02
1.026571860172586668e+02
1.026108443541960895e+02
1.034389165580300869e+02
1.024419452734319265e+02
1.023607282509333345e+02
1.022620696993965765e+02
1.025886837276693342e+02
1.030857546337608568e+02
1.026430351488819923e+02
1.029443097963162472e+02
1.028509373089015497e+02
1.023146667716592475e+02
1.025431120843099535e+02
1.029025744231488915e+02
1.025771330922705147e+02
1.026559994764315888e+02
1.026629840893692318e+02
1.024003920480903389e+02
1.023636407027657924e+02
1.028138593040682878e+02
1.032328689085761653e+02
1.027570162938950915e+02
1.027202731249130352e+02
1.025302401451273795e+02
1.027490976477946703e+02
1.031435846615532768e+02
1.024941541517704735e+02
1.024977293566974481e+02
1.027693968508357472e+02
1.027515941952511156e+02
1.028198743992219448e+02
1.030989278079561444e+02
1.023158445585883101e+02
1.027776868840836642e+02
1.026402405924097820e+02
1.026602567863903346e+02
1.030166003031003612e+02
1.021326279797453509e+02
1.025367748424531698e+02
1.027942217413017119e+02
1.033542111440329450e+02
1.027032509333491817e+02
1.030920697995515383e+02
1.038422725803557540e+02
1.039557182525989560e+02
1.032338536571929950e+02
1.026009030806187496e+02
1.031203894393395188e+02
1.024998672487576385e+02
1.033125635445633037e+02
1.032281636758282843e+02
1.033326407733540577e+02
1.030994911405404082e+02
1.033943937561053303e+02
1.028863378002941431e+02
1.034059355155343241e+02
1.028834519276604880e+02
1.026877616267747726e+02
1.031531211425388364e+02
1.029388297953374405e+02
1.030524192210951355e+02
1.028661100883482362e+02
1.032380019994826057e+02
1.041932893051117190e+02
1.034896888247405826e+02
1.030504297702448753e+02
1.034541079573556317e+02
1.030530121916251716e+02
1.028972662042325652e+02
1.030104060162651507e+02
1.027880503227494415e+02
1.035716814169397253e+02
1.049548587361168188e+02
1.038277709008888934e+02
1.029242109947503394e+02
1.033617783540823751e+02
1.026851370756076989e+02
1.032100258702489413e+02
1.029964667284877322e+02
1.026426920245877454e+02
1.030879620596035551e+02
1.028389868882945990e+02
1.028943434104260746e+02
1.030631842603361861e+02
1.024685966382234170e+02
1.027213656575074339e+02
1.024500645261780960e+02
1.032142163767669700e+02
1.027252832495217518e+02
1.021443279207774708e+02
1.023893943156032122e+02
1.030088927870363591e+02
1.020752811649963263e+02
1.020962661608187574e+02
1.023521678882477062e+02
