2.857129288861431178e+02
2.856791329562714168e+02
2.858487834686598035e+02
2.858742174627839177e+02
2.858195006475648938e+02
2.857779283081367225e+02
2.857233737332616101e+02
2.857399240958563382e+02
2.858524523325127689e+02
2.859690036046235377e+02
2.858217336387501746e+02
2.856870919112883485e+02
2.857284760133398436e+02
2.859004655339286387e+02
2.857055849155942155e+02
2.858161880868655089e+02
2.856930740563518043e+02
2.859898830768674429e+02
2.859655814175197293e+02
2.855791211761274440e+02
2.857590500220434819e+02
2.858636590028926321e+02
2.858380139959733697e+02
2.857787868064098689e+02
2.859179084189277660e+02
2.859550798534391447e+02
2.858060873974216634e+02
2.856536136386527573e+02
2.858313335571010043e+02
2.857428008492077538e+02
2.857804508274848558e+02
2.858653547648903555e+02
2.858909108782802946e+02
2.859498846223600026e+02
2.856788487976209012e+02
2.858194753910578356e+02
2.857781331334154515e+02
2.857527731789531913e+02
2.858769667975607831e+02
2.859111860103674303e+02
2.858045946397788271e+02
2.858402439254774094e+02
2.859981294852842097e+02
2.857169864492817055e+02
2.857594783914170762e+02
2.861338036895611481e+02
2.860121908957385131e+02
2.860459359406674480e+02
2.858851848324864591e+02
2.858018057510812469e+02
2.857748884120988464e+02
2.860005819112320751e+02
2.858499174057201913e+02
2.858239326813554158e+02
2.857972025203195017e+02
2.856902459713540452e+02
2.857440238781818493e+02
2.859121600261532876e+02
2.858092747122478272e+02
2.857457863937422076e+02
2.859721203780943029e+02
2.861377479351874058e+02
2.861479116558856504e+02
2.860248246105277872e+02
2.860035228110319281e+02
2.858839981535168704e+02
2.861519625177380135e+02
2.861909503024299966e+02
2.860527517250405367e+02
2.860350738718432240e+02
2.861705660443548709e+02
2.861875603942381190e+02
2.860896198546393521e+02
2.860839654768584523e+02
2.861532483757466139e+02
2.862271202595447335e+02
2.863243287984356016e+02
2.862467980447339073e+02
2.862602944982267559e+02
2.861079526120930723e+02
2.862475222223296782e+02
2.863460670585731691e+02
2.863825321001840507e+02
2.863237640301533702e+02
2.863591300951383687e+02
2.862490565732787786e+02
2.861918380657756416e+02
2.862513433468947710e+02
2.864170519672433670e+02
2.865229174665489040e+02
2.865455395452949574e+02
2.863890712942796881e+02
2.863585768982203490e+02
2.864486877201695165e+02
2.865905399731494754e+02
2.863897104033620167e+02
2.862600399083632396e+02
2.863110571941754756e+02
2.865226629958377202e+02
2.865076824000615261e+02
2.865800564390409022e+02
2.863419430900882503e+02
2.864259811884460873e+02
2.864422568271325531e+02
2.864454373257601674e+02
2.865136572958253396e+02
2.863596460863458901e+02
2.864455816398489674e+02
2.864826939778205883e+02
2.864931131688400114e+02
2.864371958560762437e+02
2.862983991949000711e+02
2.863870725723227224e+02
2.864093854492042510e+02
2.863454803302429923e+02
2.861553575704304535e+02
2.863708306367771002e+02
2.864435480812341552e+02
2.863786049693842415e+02
2.865824452041817949e+02
2.865447488849892466e+02
2.863295325371922218e+02
2.864175088191891518e+02
2.863479791694639403e+02
2.863165969984817139e+02
2.863200003403808296e+02
2.863307207238204910e+02
2.865465264202869662e+02
2.867036954009014380e+02
2.864388684887263139e+02
2.866646286285692895e+02
2.866293177599764590e+02
2.867029293663260887e+02
2.866648702110374529e+02
2.865104289388656298e+02
2.864706707733946587e+02
2.864372790495087315e+02
2.864145242594665888e+02
2.866037121339882674e+02
2.869094972024309982e+02
2.866953488098816365e+02
2.867189095930160079e+02
2.865524135459502304e+02
2.865278205888817524e+02
2.864277221344857480e+02
2.866534455886156252e+02
2.867121860664126984e+02
2.867417081942577965e+02
2.865522627947008800e+02
2.867425815857924931e+02
2.869981192018001366e+02
2.869026766827623192e+02
2.869000375563213083e+02
2.869157491137738702e+02
2.868741223720962239e+02
2.868329428539513515e+02
2.869085476520041880e+02
2.870315765940761139e+02
2.868731420583815748e+02
2.870669829475205574e+02
2.872501934118532745e+02
2.870804200444305820e+02
2.870802053590401215e+02
2.872679595608593104e+02
2.873216065153487193e+02
