2.360533329798813895e+02
2.361804398403606626e+02
2.368537533798471202e+02
2.376083118571260400e+02
2.380057428116241169e+02
2.379178916101917309e+02
2.383758511622363301e+02
2.388134271255868555e+02
2.387399431421359850e+02
2.393363553365620930e+02
2.391007571008793775e+02
2.394873560270364408e+02
2.399026710871892192e+02
2.397676562200199157e+02
2.401170578111531597e+02
2.399206373747478835e+02
2.403568059134215389e+02
2.398685313036906734e+02
2.402633161684450442e+02
2.403339798296929075e+02
2.405778553772033490e+02
2.405772554391648157e+02
2.404635135185211254e+02
2.403498910181682220e+02
2.408729427667569496e+02
2.406908290269942654e+02
2.410823649251434233e+02
2.405175783426963108e+02
2.408266853603161906e+02
2.408364431306033566e+02
2.415266472824548885e+02
2.405981242958389146e+02
2.408520424946736114e+02
2.410348306437701069e+02
2.410839092171082712e+02
2.413180771778327482e+02
2.409711998315132462e+02
2.412641414930084522e+02
2.410763687188190545e+02
2.412975017885229079e+02
2.406865335092442990e+02
2.413427681386815209e+02
2.408696805325202206e+02
2.413626266067097106e+02
2.407798719573690960e+02
2.416332887597014576e+02
2.408820971533050681e+02
2.412720050994475685e+02
2.407788837410019198e+02
2.414148849817764528e+02
2.406618883383424929e+02
2.412895251365953300e+02
2.411649660086783626e+02
2.415576083520300870e+02
2.414526363243532785e+02
2.415575620586967318e+02
2.409640841909819358e+02
2.418819503525564869e+02
2.414545001380142537e+02
2.415333697398074548e+02
2.415217869837970568e+02
2.417991194709609601e+02
2.414266701110841780e+02
2.412565183787605463e+02
2.417594910935868313e+02
2.414014522260132480e+02
2.417880797405055944e+02
2.416493047699002261e+02
2.413098291113509504e+02
2.420919834005569840e+02
2.417721673443473094e+02
2.416319774002346605e+02
2.420168726230625964e+02
2.419540126728022642e+02
2.414667071850623472e+02
2.418785759748103601e+02
2.418318395019246339e+02
2.418268643700087352e+02
2.421951110759155199e+02
2.415470632511122915e+02
2.423600981058362152e+02
2.416862444093541455e+02
2.420536403308291256e+02
2.418281631915818934e+02
2.422539433018825150e+02
2.421459629367222703e+02
2.421895553264888861e+02
2.418788574362671682e+02
2.423983328626652565e+02
2.418592037536357111e+02
2.425252520920277277e+02
2.421526791588916865e+02
2.423186050653709742e+02
2.421810796793756708e+02
2.422928014755684387e+02
2.423786035762474000e+02
2.422670705637454205e+02
2.421304339259290828e+02
2.424321513378248198e+02
2.423963524386788606e+02
2.422559571519518613e+02
2.423299221793456297e+02
2.420115402328149230e+02
2.424481440519087130e+02
2.419793764258531610e+02
2.421977331721059272e+02
2.422127223334287009e+02
2.426301699915722736e+02
2.418919136430784818e+02
2.423471576678462895e+02
2.422042055664254292e+02
2.421059079309035553e+02
2.418024147658740048e+02
2.422819042210821863e+02
2.418433760211491688e+02
2.423359372724200114e+02
2.420398781851318688e+02
2.421691234090214664e+02
2.423126157798476186e+02
2.423738582915384541e+02
2.417353196649958420e+02
2.423617410445854148e+02
2.416327620909390532e+02
2.422318139699838468e+02
2.420688052828591879e+02
2.418967298595876798e+02
2.426549351828140004e+02
2.425275915340558583e+02
2.420623209792620401e+02
2.426458176972467129e+02
2.423874291230669940e+02
2.425933085306052419e+02
2.420324955857007581e+02
2.422816814127274085e+02
2.421913452031518545e+02
2.425559161714653271e+02
2.424567884573578738e+02
2.420313083309569038e+02
2.426817145162297322e+02
2.421390702925225753e+02
2.426756546471551701e+02
2.426113201405614461e+02
2.423481643908688739e+02
2.425739666185986607e+02
2.428826851491220111e+02
2.423600539685641309e+02
2.422500179682705266e+02
2.423966278837675929e+02
2.423835678552535740e+02
2.424996616483737171e+02
