9.829006041486876200e+01
9.808857056594075630e+01
9.728458338697448937e+01
9.709802230535422041e+01
9.693562613704001762e+01
9.634131421837030018e+01
9.672202420127133848e+01
9.641027796623534130e+01
9.615535021736080523e+01
9.611451973644268776e+01
9.607611804457037863e+01
9.570723361516280647e+01
9.591131881550181504e+01
9.554174915258056444e+01
9.547205352947646873e+01
9.556767784785991182e+01
9.571845496946617970e+01
9.567206200525082238e+01
9.578211964208962570e+01
9.526499927228627485e+01
9.558698063003652123e+01
9.523076558305035633e+01
9.535840059288391046e+01
9.523268364226935034e+01
9.537120767286177170e+01
9.501124056681244667e+01
9.542667821487196989e+01
9.536293391034071476e+01
9.558764164739967839e+01
9.510405800928786846e+01
9.539359036770547107e+01
9.547784301061541612e+01
9.539484008129041115e+01
9.531136757255207215e+01
9.523518671965348403e+01
9.526629345229237344e+01
9.508969796748486658e+01
9.523399040753020017e+01
9.511702529939996964e+01
9.540907542660328033e+01
9.499179203766557578e+01
9.559242375260755864e+01
9.508982131197704746e+01
9.512373536173352306e+01
9.500303355986352472e+01
9.517944271721852090e+01
9.501140283529981900e+01
9.537318855467924550e+01
9.527913866701145196e+01
9.551931932951396220e+01
9.520666871519988206e+01
9.534988462142656829e+01
9.493042397725430703e+01
9.515216929426854620e+01
9.497666850363673063e+01
9.490034223001401870e+01
9.508596178019303125e+01
9.501022716008539248e+01
9.495417897070230140e+01
9.495386030689779489e+01
9.479672028986463772e+01
9.495274022830800220e+01
9.490508357116459592e+01
9.481978330475703842e+01
9.496586010912092490e+01
9.472638532525814981e+01
9.501159485455308129e+01
9.472414508099409147e+01
9.486754292191916704e+01
9.466555972020786669e+01
9.461119385291192430e+01
9.513690584955388374e+01
9.462821310443092671e+01
9.476604208927376760e+01
9.442486210526978141e+01
9.492373476327280457e+01
9.472467303917494519e+01
9.472783702201171252e+01
9.495879565959818081e+01
9.464036222658569386e+01
9.463631484219597212e+01
9.480902872102670642e+01
9.468257624209593359e+01
9.463458324899404772e+01
9.468193167939826083e+01
9.428868091937721374e+01
9.458135390106673412e+01
9.467138759752533872e+01
9.466264533509495038e+01
9.443064871470939181e+01
9.442222201495508216e+01
9.430786275111763928e+01
9.403747735854192058e+01
9.451685555154146812e+01
9.446009134079088199e+01
9.451980855814987592e+01
9.473197792436508280e+01
9.432282706217846169e+01
9.439166868497552798e+01
9.432025865378028584e+01
9.460098063037634120e+01
9.451846976004314627e+01
9.457747116840430124e+01
9.474773922253400826e+01
9.446765980161016785e+01
9.471102394241052025e+01
9.468516855455798975e+01
9.458241466657189278e+01
9.437662585424159545e+01
9.482674953161351539e+01
9.472228999343776934e+01
9.470654230792997907e+01
9.482309814416828431e+01
9.483130195076637392e+01
9.469697252894741268e+01
9.479748034356224196e+01
9.464566808336276438e+01
9.472436675452335919e+01
9.485804328956920983e+01
9.468318473907481803e+01
9.492532930240217581e+01
9.500742555878123596e+01
9.442843946935045096e+01
9.475926678987902108e+01
9.488102795806219092e+01
9.459213910586480267e+01
9.457139804040360787e+01
9.439832242095739900e+01
9.438872218189662533e+01
9.418352404443190551e+01
9.454630390646126159e+01
9.444934280479581901e+01
9.464217906105970712e+01
9.476760285974374654e+01
9.462050334561924103e+01
9.439017828923431352e+01
9.403195800610698996e+01
9.462198372188559858e+01
9.473669277047542892e+01
9.432509740525966890e+01
9.460306631849380210e+01
9.450631493427964358e+01
9.441201092720665144e+01
9.479255649275252438e+01
9.465626241363020199e+01
9.445252745283930551e+01
9.473921347555533146e+01
9.486888510559629140e+01
9.459482114873969749e+01
9.471339498294223347e+01
