2.877645182525277505e+02
2.882994833055224717e+02
2.888108802590311939e+02
2.893971794894749223e+02
2.895721774086376286e+02
2.896629024357932281e+02
2.900278562018145294e+02
2.902572010497405017e+02
2.902943201987656039e+02
2.905348125660584060e+02
2.906871324809173416e+02
2.908249733092627025e+02
2.909830648562809188e+02
2.910772313762382169e+02
2.912855163805427310e+02
2.912272712957668546e+02
2.913034227034062837e+02
2.912247403046873728e+02
2.913881173084137686e+02
2.914504330437946464e+02
2.915971193751819897e+02
2.915633457370802830e+02
2.916326499793037215e+02
2.916120040857342133e+02
2.917605154180168370e+02
2.917386533378651734e+02
2.918072650378283015e+02
2.917301323997022564e+02
2.918079889222381667e+02
2.919355570179023402e+02
2.920220612997208605e+02
2.916728836888134992e+02
2.918987405254984537e+02
2.919516312937236648e+02
2.920784264060168880e+02
2.920840075185371347e+02
2.920207125342315635e+02
2.920313572611061659e+02
2.919920933197140016e+02
2.919834639529089486e+02
2.919343015496365297e+02
2.920034439298502207e+02
2.918624297473914453e+02
2.920518727980837070e+02
2.919563433596896971e+02
2.921497469944434329e+02
2.918936704146537977e+02
2.920055769541012864e+02
2.920122461605103013e+02
2.919264162912196525e+02
2.918146569061082687e+02
2.920072305659720087e+02
2.920846663762098956e+02
2.922440666824107325e+02
2.921968554580832915e+02
2.922056887647227654e+02
2.921199567406821416e+02
2.923329808078725023e+02
2.922490511706675420e+02
2.922602646371534547e+02
2.923676014634033322e+02
2.924693883492768123e+02
2.922543684325974027e+02
2.922571084399828010e+02
2.923720852448548726e+02
2.923375843060843522e+02
2.924441001595403122e+02
2.923588443635156295e+02
2.924959303651111782e+02
2.926093078063650523e+02
2.924166900156881184e+02
2.923666137185113598e+02
2.925734161033037708e+02
2.925569760996075388e+02
2.922684111577190720e+02
2.925728802989146402e+02
2.925426579518734798e+02
2.925996605880570769e+02
2.926367388270461447e+02
2.925675928358564875e+02
2.926799018610259395e+02
2.925838039012983813e+02
2.926937170885777846e+02
2.926984859366858132e+02
2.927426047427127855e+02
2.925935304588649046e+02
2.927470003975097370e+02
2.926844990434286160e+02
2.927225638141707691e+02
2.926586412646324220e+02
2.928956986792359203e+02
2.927690416452550153e+02
2.928561722061948558e+02
2.929957223565123172e+02
2.929206829228582478e+02
2.928544333914999811e+02
2.927411078937788602e+02
2.927697979783920914e+02
2.929108773888593191e+02
2.929143595406807776e+02
2.928725303709870218e+02
2.927989760088635762e+02
2.927970532046587664e+02
2.928162035977867959e+02
2.927356263046780782e+02
2.927582505776379662e+02
2.927297807569138399e+02
2.928789285146539214e+02
2.927192831231088803e+02
2.928705828170545260e+02
2.927358823755178605e+02
2.926372657456662978e+02
2.926956923385397431e+02
2.927185354971907145e+02
2.927533262196205328e+02
2.928417793986771471e+02
2.926998169455989682e+02
2.928969071520562579e+02
2.929008664152206052e+02
2.927026140301779265e+02
2.926256039100703106e+02
2.926753949395829864e+02
2.925774760996060309e+02
2.927874661039749640e+02
2.926771035336407181e+02
2.927752820423273192e+02
2.930749283581586155e+02
2.928864293581399920e+02
2.928713785715619906e+02
2.929781840433877278e+02
2.930365982513960148e+02
2.929549736273210669e+02
2.927788700302565417e+02
2.928665991570862843e+02
2.928752667285740472e+02
2.929701855639062273e+02
2.929284263679595028e+02
2.930621884101057617e+02
2.930473624826308310e+02
2.928996146890833643e+02
2.931430564918472328e+02
2.929267776825284386e+02
2.929864179717067714e+02
2.931429024595916530e+02
2.930379778296451150e+02
2.928942266293766465e+02
2.929665262865270847e+02
2.929212663903871885e+02
2.928666743423967205e+02
2.929436179475197264e+02
