2.400359491986872911e+02
2.396962505307271840e+02
2.396374967239160014e+02
2.397830124660252977e+02
2.394321111442279744e+02
2.396520704999917371e+02
2.396226725671716338e+02
2.398667424453778949e+02
2.400128645295287413e+02
2.397659539199847814e+02
2.399807610379811251e+02
2.398049528691797434e+02
2.396187568284618976e+02
2.393840062741161034e+02
2.394013389751039824e+02
2.393300407193851242e+02
2.396885776284837277e+02
2.393872563360145307e+02
2.393292495404559759e+02
2.397861627487112628e+02
2.394000027204015453e+02
2.396500308941451465e+02
2.394167621892415809e+02
2.397108678224215055e+02
2.395774678384845799e+02
2.399264401033472041e+02
2.401353878105061597e+02
2.399981916479265465e+02
2.401356017569203516e+02
2.397455701564921640e+02
2.399017283475902786e+02
2.398740317049117436e+02
2.401372469479464655e+02
2.396724212404835441e+02
2.397262826609979527e+02
2.395114666076599121e+02
2.397063155370510970e+02
2.399322255183147092e+02
2.397044257045249367e+02
2.401034295245125350e+02
2.398861938062460695e+02
2.398293095970526849e+02
2.396818369708057901e+02
2.399084992879265030e+02
2.401228290098205491e+02
2.400514038264783210e+02
2.397852984839022668e+02
2.399619979766086146e+02
2.398785232912068466e+02
2.396232414209112278e+02
2.392599013017919845e+02
2.398023863982664352e+02
2.396684178757791415e+02
2.396188326535146871e+02
2.394498422643117408e+02
2.398541340075995834e+02
2.392048671227087482e+02
2.398739678369690012e+02
2.399003580175339039e+02
2.397244581086351616e+02
2.395508888761885373e+02
2.397043344831048444e+02
2.399063358060409143e+02
2.396966444250295751e+02
2.398963972188081470e+02
2.393191758353578678e+02
2.396204980262703259e+02
2.396003359073783656e+02
2.398803646565033034e+02
2.399263799651270404e+02
2.399174352158171359e+02
2.397980756628323888e+02
2.401387430068136837e+02
2.397213717300120663e+02
2.399490166613121289e+02
2.399182686530620003e+02
2.400230003192682204e+02
2.399170225813751358e+02
2.401643666609582226e+02
2.401300737596044144e+02
2.401873868175599398e+02
2.399417937999506023e+02
2.399930942393439182e+02
2.401112009887633860e+02
2.399566228910829011e+02
2.401095743986164450e+02
2.402757860084795141e+02
2.400105852294534259e+02
2.403719135260112978e+02
2.402115055664413887e+02
2.401699677085944415e+02
2.399271262890899834e+02
2.403493771014786660e+02
2.401136111291399118e+02
2.402527306575788941e+02
2.403425027510964753e+02
2.401684495468209377e+02
2.403560205974631856e+02
2.401238183909387374e+02
2.401943943144228797e+02
2.402132222587156321e+02
2.401431775720611768e+02
2.402436411036734114e+02
2.403225753201750479e+02
2.404186922232262305e+02
2.404346971273336067e+02
2.402143681557580805e+02
2.403280710169017027e+02
2.404710258472792646e+02
2.401450968309876259e+02
2.403250124582409910e+02
2.400160200628562279e+02
2.404153810390291426e+02
2.401320376693226706e+02
2.402538020481845535e+02
2.403930256726183359e+02
2.403414315026454062e+02
2.405618622905988957e+02
2.404610929185820680e+02
2.403405056033309677e+02
2.406833723235581601e+02
2.406562442388948000e+02
2.406854352344744541e+02
2.405272111758530684e+02
2.405232946901042226e+02
2.408430850740757876e+02
2.402827210907559277e+02
2.405449263061622958e+02
2.407144761397471484e+02
2.403859640419601646e+02
2.407917453695538370e+02
2.406780082765620818e+02
2.405596679695587170e+02
2.405813187551367207e+02
2.406538516315630147e+02
2.405571004724934312e+02
2.407072872455869117e+02
2.407085654729709177e+02
2.408014017435058065e+02
2.408323526912294881e+02
2.407278995684515337e+02
2.407140330798692958e+02
2.408723794291913975e+02
2.406359007234277954e+02
2.408993143628238442e+02
2.412067640240130686e+02
2.408567239316595305e+02
2.408747582088820138e+02
2.409565064429274628e+02
2.410889596232914300e+02
2.408151447770236473e+02
