9.888749944159303595e+01
9.879687134077896360e+01
9.881064867940268925e+01
9.915487791346417623e+01
9.901833372994262561e+01
9.867764291703394974e+01
9.867991627133146437e+01
9.869484979093745380e+01
9.833394437281071987e+01
9.849398382941224384e+01
9.847170214677875322e+01
9.893297849901314578e+01
9.891423847643299894e+01
9.870727860774594831e+01
9.941478244778529927e+01
9.866749936820922073e+01
9.917036079027975859e+01
9.851221485417927681e+01
9.844076307985397989e+01
9.876672838096631324e+01
9.874989058615744852e+01
9.869472127183263410e+01
9.873481297573700033e+01
9.841859991377862116e+01
9.789405832561759269e+01
9.821669356608168755e+01
9.796674684793526922e+01
9.793075822996542001e+01
9.837702171733938883e+01
9.793546096810324286e+01
9.837462192517283199e+01
9.787396635122684074e+01
9.833826857570331015e+01
9.833972095856115914e+01
9.830467819946871089e+01
9.830892956193535781e+01
9.796918749234730228e+01
9.836547512677076099e+01
9.762278987374956785e+01
9.817947496341639635e+01
9.804542843291511645e+01
9.780421643202957682e+01
9.821265185284336496e+01
9.790906507877001275e+01
9.839530426088674631e+01
9.801287165658220601e+01
9.796462061393789611e+01
9.825061728996921318e+01
9.825882297309611602e+01
9.850698799299443920e+01
9.843712516925484124e+01
9.807748059779568450e+01
9.835464523350269417e+01
9.826656024512054444e+01
9.863850279396517351e+01
9.841391706650706794e+01
9.792916289091959925e+01
9.797710994670616458e+01
9.798150014230931504e+01
9.819144447472450565e+01
9.821699071473263132e+01
9.773162531279980669e+01
9.797625264156020819e+01
9.767674792534337769e+01
9.830446523239858436e+01
9.840984659282230496e+01
9.790620547099878479e+01
9.787544859693905153e+01
9.754077970363336192e+01
9.794117764929573866e+01
9.748196096467121663e+01
9.740455781364954646e+01
9.785775963358008767e+01
9.744034883598386898e+01
9.780956237248848595e+01
9.747618046573006723e+01
9.741395890765853949e+01
9.745425326763559326e+01
9.723411051333694388e+01
9.749860193489332971e+01
9.748719241025607118e+01
9.723816828542881296e+01
9.695913787814356510e+01
9.760809578931063868e+01
9.730352897901519782e+01
9.730554221288171846e+01
9.752763170629111755e+01
9.707517816809225053e+01
9.715705353786404430e+01
9.722411248770852410e+01
9.766645181860081948e+01
9.697037826568130470e+01
9.692700699908034778e+01
9.710936412618643487e+01
9.727241860300433984e+01
9.683249090389621472e+01
9.706068924221108318e+01
9.684913825780871832e+01
9.729828010385337222e+01
9.679059555868870746e+01
9.734103046957721972e+01
9.687402202010969177e+01
9.645727165171525996e+01
9.721672448304737202e+01
9.664322918152008413e+01
9.698681738914611117e+01
9.675112674446178573e+01
9.687350598791577738e+01
9.686724308034700925e+01
9.680651574683720639e+01
9.696277515169555272e+01
9.689669759041004227e+01
9.683424511100714938e+01
9.675109488637252753e+01
9.646018569578421875e+01
9.670311522823817540e+01
9.676629198006985177e+01
9.648637341875661377e+01
9.675387909941390774e+01
9.632790200864093322e+01
9.661581591146183712e+01
9.624790153533068349e+01
9.623645911069564818e+01
9.654968376591722290e+01
9.653089291645648018e+01
9.609983674780215779e+01
9.647742739819723568e+01
9.645773508017371967e+01
9.629653215602854743e+01
9.633361038945480459e+01
9.625676991044666408e+01
9.628410436650568727e+01
9.596300742340862655e+01
9.615878351687699421e+01
9.585788851052041082e+01
9.683619285059516812e+01
9.587734831197923313e+01
9.609361774664239420e+01
9.587939033186383142e+01
9.633084350699881782e+01
9.605006915733815731e+01
9.597629668236743328e+01
9.590419181725745545e+01
9.556866074658971399e+01
9.584587687088185248e+01
9.577032783616635925e+01
9.599255528963993811e+01
9.599521794717077228e+01
9.546867372801874296e+01
9.558325373621870824e+01
9.541957861056425827e+01
