2.876360175342224466e+02
2.875114953979273196e+02
2.875289812573778931e+02
2.876013716631892407e+02
2.875427014984920220e+02
2.876415619043877427e+02
2.876895583437446362e+02
2.877547565316083933e+02
2.877946293052892770e+02
2.877771606001250007e+02
2.879645874562775134e+02
2.876806912723810115e+02
2.877148502289403496e+02
2.877000847478125820e+02
2.877026035725621682e+02
2.877571327280381297e+02
2.878696501777872641e+02
2.877886520158537564e+02
2.878218751914644145e+02
2.879843362421763118e+02
2.879451054532341345e+02
2.879476052369336685e+02
2.878915545489826968e+02
2.880461715763742063e+02
2.880646705750441470e+02
2.881052044042681928e+02
2.883076855722658252e+02
2.883585531547598180e+02
2.884111809215726794e+02
2.883629277513334159e+02
2.883131933269488059e+02
2.883771655538391769e+02
2.884009716044268430e+02
2.882689568334391765e+02
2.883086174034212945e+02
2.882249323642578815e+02
2.884295684770902426e+02
2.884409023817190132e+02
2.885277655517389803e+02
2.885223379764843799e+02
2.885217796434218371e+02
2.885249515435264129e+02
2.885783282525487721e+02
2.886417827682193433e+02
2.887102327259175922e+02
2.887296022052175886e+02
2.886706733550731201e+02
2.886790803789345432e+02
2.886721219516363703e+02
2.885396748221971279e+02
2.885805464219118903e+02
2.887299372274848110e+02
2.886906755346233240e+02
2.887256566643955011e+02
2.887661132684580139e+02
2.887553634923264667e+02
2.886959077212397347e+02
2.889611748420149411e+02
2.889822303071136389e+02
2.889454558241479845e+02
2.888894187839125038e+02
2.889982458109339518e+02
2.889940215963026731e+02
2.891021492981865890e+02
2.890956910881630506e+02
2.889450493700369975e+02
2.890529206312499468e+02
2.891060567846164986e+02
2.892837704772870211e+02
2.892721521064102035e+02
2.893193903505280673e+02
2.893932621078686793e+02
2.895217254401665059e+02
2.895244264292737171e+02
2.894532126328213621e+02
2.895275285615533107e+02
2.895713763799297453e+02
2.895649904977989877e+02
2.896998788930165460e+02
2.897506757313354910e+02
2.897959785086216584e+02
2.898000389963372072e+02
2.897549633501297421e+02
2.898615692460165860e+02
2.898303048379798952e+02
2.899482015951934386e+02
2.900674260069934007e+02
2.899282323440909863e+02
2.900410208285093177e+02
2.901349569641088806e+02
2.900327381638392694e+02
2.899815928786294421e+02
2.900978616877337686e+02
2.902331649848469510e+02
2.901930552895823325e+02
2.901506162937144495e+02
2.902394600543407819e+02
2.903343818546243256e+02
2.903161603207273629e+02
2.903104584585783527e+02
2.903941574990433878e+02
2.904000147150827615e+02
2.904961270502391812e+02
2.904827368602199726e+02
2.905813485230418678e+02
2.905362953621879569e+02
2.905343823369737493e+02
2.906485272356499081e+02
2.906607477084367588e+02
2.906489872082595411e+02
2.905450661225390263e+02
2.905888042050144122e+02
2.907173703143412240e+02
2.907003507595335918e+02
2.907764540423152653e+02
2.908683017644591473e+02
2.909055378950166073e+02
2.909883810948651330e+02
2.908631242665460945e+02
2.909771961137866469e+02
2.910901370048192689e+02
2.910677543507072187e+02
2.911552531446591843e+02
2.911923763235191132e+02
2.912018614235634573e+02
2.913182486535188787e+02
2.911698787142070159e+02
2.912805718328029911e+02
2.913027130602042121e+02
2.912850306629081274e+02
2.914239168038528760e+02
2.914704257549398676e+02
2.914734120107048057e+02
2.914053476682661312e+02
2.916339406230560485e+02
2.915619667286892422e+02
2.915939874700126779e+02
2.916412468476760864e+02
2.917346670704191069e+02
2.917970835250376354e+02
2.916895202726667549e+02
2.918279965728530101e+02
2.917999722962401279e+02
2.918223755586216157e+02
2.919096711707775285e+02
2.919370744283198746e+02
2.918368155870233522e+02
2.918852538320786039e+02
2.920807599286783329e+02
2.920677926735888832e+02
2.921121308687802980e+02
