2.378762981767057738e+02
2.380111217426843950e+02
2.379295837619455654e+02
2.382483771591044786e+02
2.382700090386794898e+02
2.376838167633113983e+02
2.376175981180784049e+02
2.379428199108822071e+02
2.376632832972872222e+02
2.378357930811804124e+02
2.376535324766163910e+02
2.378148002241322274e+02
2.377767398190191273e+02
2.378856596120257620e+02
2.375660760872156914e+02
2.377074627484099381e+02
2.375324803045416502e+02
2.377206146482525639e+02
2.377582774953274338e+02
2.377603117422430614e+02
2.377526774498352609e+02
2.384043209286071487e+02
2.381987181911676998e+02
2.378784773045437078e+02
2.378150234911920506e+02
2.377533902949875255e+02
2.378301455177255548e+02
2.376531192974297539e+02
2.379429745157872560e+02
2.375754481235416904e+02
2.376170419814042987e+02
2.375470024073354978e+02
2.381355759044935212e+02
2.380182720523174282e+02
2.372792323563574257e+02
2.374851046828974006e+02
2.376005660264832784e+02
2.375256343234922554e+02
2.375418683998294398e+02
2.377969998547987416e+02
2.377611347223932796e+02
2.375478345665179631e+02
2.376348874931529735e+02
2.372623165466702346e+02
2.373856801561148586e+02
2.377925399543072160e+02
2.376030098568568576e+02
2.377590989654698603e+02
2.376438384410207334e+02
2.375876273707006305e+02
2.376880242894536934e+02
2.377816486734886610e+02
2.374036570335739782e+02
2.374433587709196445e+02
2.374775345059785252e+02
2.374392641574004301e+02
2.373547789523030076e+02
2.372567381639812538e+02
2.377444838419447990e+02
2.375893943433403308e+02
2.374657707238906426e+02
2.374688575982277143e+02
2.374987818944768776e+02
2.373700439574931806e+02
2.376581176659612993e+02
2.377371812809932123e+02
2.377044863379173023e+02
2.378693191807251424e+02
2.378328227131383983e+02
2.377670969458375794e+02
2.379145479525721214e+02
2.379470375588463469e+02
2.379795729321786837e+02
2.376600423099250747e+02
2.376479091706519569e+02
2.379445424096718398e+02
2.382656918903610688e+02
2.380117239863507450e+02
2.381679571772067163e+02
2.384835670737655562e+02
2.381072849282878394e+02
2.382719362761429238e+02
2.383631411036832048e+02
2.381340929087297411e+02
2.380427115543139678e+02
2.382452160454410830e+02
2.382032584067733580e+02
2.385228883816008363e+02
2.381668044790132797e+02
2.380928142834442554e+02
2.379769102117107877e+02
2.380095709617673663e+02
2.379601778756813530e+02
2.380225594579553956e+02
2.381088395781797544e+02
2.378097978541815962e+02
2.382681048673279918e+02
2.384020248510242084e+02
2.383565756367765971e+02
2.382835329982188739e+02
2.379697618739575091e+02
2.380085303468406721e+02
2.382814875204260545e+02
2.381666285817404969e+02
2.378293292973936559e+02
2.379108550522976486e+02
2.382392749709701150e+02
2.385895833231797667e+02
2.379934512618093549e+02
2.382419036172536551e+02
2.383425664088133260e+02
2.380363488925868580e+02
2.378290829042920507e+02
2.374889571209564565e+02
2.370354840371473699e+02
2.374756201412519374e+02
2.376611083089633496e+02
2.373719337037347543e+02
2.376624751877973551e+02
2.374829947421848146e+02
2.373862457019894237e+02
2.376280736253642942e+02
2.376180816025319018e+02
2.374542592911320469e+02
2.374920092473040825e+02
2.375182161777042893e+02
2.374894725271743994e+02
2.372668753671459569e+02
2.371329930007836708e+02
2.369038890914109743e+02
2.369923510357337761e+02
2.373572879524535892e+02
2.372059117499755985e+02
2.371831029202150205e+02
2.376249498577612940e+02
2.372769657319456371e+02
2.372746275897777366e+02
2.375136801274928473e+02
2.374648204724053357e+02
2.374556242470206371e+02
2.375400867823120450e+02
2.369638919418468106e+02
2.365656514235464840e+02
2.367165715206383254e+02
2.369420657092403246e+02
2.367579143033569551e+02
2.369487993219562441e+02
2.371093838026655760e+02
2.372397211836770623e+02
2.372222603298791057e+02
2.375435643122143290e+02
2.374942473957976006e+02
2.375591505458075972e+02
2.374701175666143627e+02
2.373179449161555112e+02
2.374688483678282864e+02
2.375147208674684407e+02
2.376543583925306393e+02
2.373835557645369363e+02
2.373430749490391634e+02
2.371858427174620374e+02
2.373920356497751811e+02
2.375068427490356555e+02
2.374395454772698031e+02
2.375145544391489238e+02
