2.858457126325045579e+02
2.858129790002427058e+02
2.859631418951230444e+02
2.860951590363428636e+02
2.859920825402066953e+02
2.856922030067604510e+02
2.858387806900717578e+02
2.859612766611588199e+02
2.858072992884153223e+02
2.858563761876212652e+02
2.856611558898477483e+02
2.858669356656446325e+02
2.857914307900634299e+02
2.858250173808096406e+02
2.857485973121919756e+02
2.858945872949715863e+02
2.856863403435530131e+02
2.857958212784710668e+02
2.858033661192428099e+02
2.857896825297918326e+02
2.858785054605198184e+02
2.861533640250327153e+02
2.860832185096238049e+02
2.859216296835185744e+02
2.858763606509639885e+02
2.858633082565991685e+02
2.859352232986538525e+02
2.858512083025468087e+02
2.858596741766872356e+02
2.857596489346262274e+02
2.856775177200114513e+02
2.857149021175621897e+02
2.861026544633361937e+02
2.859784005463650374e+02
2.855165125935062065e+02
2.857157669113994984e+02
2.858130574034079814e+02
2.857109103167413764e+02
2.858384025936378521e+02
2.859356238939944319e+02
2.859532219516605096e+02
2.858755245633827258e+02
2.856928891479475396e+02
2.855674011038769322e+02
2.858390060676721873e+02
2.858345365481652038e+02
2.858118872516313900e+02
2.858811518591879803e+02
2.857966748615770598e+02
2.858269259255005750e+02
2.858616373539287565e+02
2.859433320204486222e+02
2.858218896189464999e+02
2.857010322610715320e+02
2.857288461047186274e+02
2.857410905875283902e+02
2.857721965460093543e+02
2.857524014781541268e+02
2.858864292821759818e+02
2.858771591745820047e+02
2.858125823586975685e+02
2.858949091531141562e+02
2.858234495277387737e+02
2.857489399015565255e+02
2.859116255564964604e+02
2.860404616467732239e+02
2.858819887213095967e+02
2.860503984132976143e+02
2.861116159674140818e+02
2.859237457325320406e+02
2.860051857701640188e+02
2.861390216737643755e+02
2.860454597704862181e+02
2.858919846033857652e+02
2.860643513732450742e+02
2.862948805104200574e+02
2.862968463599412985e+02
2.862337186664825595e+02
2.863797617599664704e+02
2.863179684439258494e+02
2.862564946251530387e+02
2.864709013571489891e+02
2.863406821119945675e+02
2.862521711188313134e+02
2.864136708866200820e+02
2.864069600764838128e+02
2.863761258667081506e+02
2.864632496387026208e+02
2.864096095555861439e+02
2.862779881081345934e+02
2.862580649988979076e+02
2.862836441997106931e+02
2.863513246990527819e+02
2.863712829633972774e+02
2.862729578080084138e+02
2.863295412358429530e+02
2.863825392565564130e+02
2.865490165387364527e+02
2.865006967783088498e+02
2.862782821769285420e+02
2.863141414218001728e+02
2.863249723580694877e+02
2.865113699408468051e+02
2.863727959028510099e+02
2.860308442192218763e+02
2.863249491480872848e+02
2.865602717664829129e+02
2.865673106904394558e+02
2.863301740576344514e+02
2.865771085232067321e+02
2.865190231359579798e+02
2.863344403432810736e+02
2.862025068289632941e+02
2.861215774171195676e+02
2.858635375839230619e+02
2.861145281825459392e+02
2.861610408199089193e+02
2.862282516865053026e+02
2.862905291857864540e+02
2.861666127056008122e+02
2.861798376889719293e+02
2.864502326002610744e+02
2.863053492794385875e+02
2.863554975463966343e+02
2.863497790343024576e+02
2.862031074787930720e+02
2.862364138201545529e+02
2.862673490393790985e+02
2.861173548886919775e+02
2.859755353899010970e+02
2.860531049219271722e+02
2.863887851435194989e+02
2.864579106473317438e+02
2.863183101716270471e+02
2.864580687223145787e+02
2.863281965185877311e+02
2.865283853906497029e+02
2.867483234396265175e+02
2.866202226143203120e+02
2.865945891639185561e+02
2.865975620814768376e+02
2.865753825963406598e+02
2.864336448219875706e+02
2.864104339479518444e+02
2.864471724510735839e+02
2.862221647727295704e+02
2.865336343252816391e+02
2.866793735054764056e+02
2.866083431844426741e+02
2.865438962224566239e+02
2.867398109638302799e+02
2.868640997110398416e+02
2.869039707956958978e+02
2.868543704329946422e+02
2.869329741307021209e+02
2.871719881417336637e+02
2.869756836936020363e+02
2.869784843301856085e+02
2.869744259904892374e+02
2.869938769878999096e+02
2.868678076063040976e+02
2.869908653410157626e+02
2.870068158115470283e+02
2.869605038431306525e+02
2.869534229052132446e+02
