2.341023348395087851e+02
2.352859089553868728e+02
2.361298818329742346e+02
2.363479569256701041e+02
2.371167308468858437e+02
2.372464577559231600e+02
2.372551462922984058e+02
2.373213892542902386e+02
2.376564152977015567e+02
2.381175604397226380e+02
2.380624091824830941e+02
2.376888558540842666e+02
2.378934318503109182e+02
2.382921405835828352e+02
2.384585425474092517e+02
2.380667443367171643e+02
2.380316993412261297e+02
2.381568062966166508e+02
2.385120279902616005e+02
2.381983174539587651e+02
2.383561768274257417e+02
2.383621273065842843e+02
2.386271680313687682e+02
2.386087285416789712e+02
2.384779339189933580e+02
2.387380770403990482e+02
2.387563389850229498e+02
2.389509040230614119e+02
2.387048644580536063e+02
2.385395213593015740e+02
2.388147733955702279e+02
2.390446998606579427e+02
2.391424257908292077e+02
2.389199059428548253e+02
2.389061516503002167e+02
2.388337763518162546e+02
2.389955074773756962e+02
2.387748813872705966e+02
2.389962109108757602e+02
2.388774839784759934e+02
2.389873730375961998e+02
2.391783570934317140e+02
2.389940312841278285e+02
2.391362925324624200e+02
2.391332326572470777e+02
2.391211958921660710e+02
2.391643948897381051e+02
2.390742429142644312e+02
2.391237759496738420e+02
2.390745887564709165e+02
2.391202270931143232e+02
2.391501409066426049e+02
2.392211257576444439e+02
2.390184291950669149e+02
2.390725313098355116e+02
2.391192761556413870e+02
2.391901554468127813e+02
2.392506639167948777e+02
2.389941867759856962e+02
2.390222877315343624e+02
2.391353038163571512e+02
2.392538882371795808e+02
2.392877010099104211e+02
2.392269232723558332e+02
2.394560349356213464e+02
2.394282440331192845e+02
2.395694754553539099e+02
2.393099681224125845e+02
2.395615985960178875e+02
2.393461664684301979e+02
2.396896744895771292e+02
2.393998383453932775e+02
2.392339829859212443e+02
2.394993907556203396e+02
2.394373783942013745e+02
2.396381118664076837e+02
2.396033307891600828e+02
2.394621297377370865e+02
2.394998598716510116e+02
2.393473641815465669e+02
2.395550939151228249e+02
2.395304262231424843e+02
2.394362396754504800e+02
2.394365906530288157e+02
2.393461361271530166e+02
2.393351656047753124e+02
2.396742618852865405e+02
2.394931267640668011e+02
2.394068532158119353e+02
2.392123762625434438e+02
2.391577231659817926e+02
2.395158781511313748e+02
2.394745495719023438e+02
2.393533419409962164e+02
2.394481088870448673e+02
2.392397616151514512e+02
2.393475709568505465e+02
2.393111910095545909e+02
2.393647281097092900e+02
2.399231961537514053e+02
2.395415471159055869e+02
2.397633154699215936e+02
2.398058327341138067e+02
2.398556451283857029e+02
2.397991721555345350e+02
2.396450926697950763e+02
2.395878685502494818e+02
2.398253844866571001e+02
2.396079229681385243e+02
2.399256107202927240e+02
2.397469355985334687e+02
2.401399049076032099e+02
2.397703608959716064e+02
2.397394377914900190e+02
2.397204032874373922e+02
2.395548640360169372e+02
2.397869989510561481e+02
2.398801520980268833e+02
2.399052892888513213e+02
2.395961171929892259e+02
2.397114098496940642e+02
2.398319542909302129e+02
2.399061796920632617e+02
2.397548064824953826e+02
2.401106321330808839e+02
2.400108578771292116e+02
2.396736402690729903e+02
2.398998035578978261e+02
2.398641204552901911e+02
2.398395058115482925e+02
2.399642555381321074e+02
2.399129192682170526e+02
2.399636934699990434e+02
2.398107403164699747e+02
2.399469708128252989e+02
2.397856853736394669e+02
2.400128453736453764e+02
2.396788416735176952e+02
2.398149212482846906e+02
2.399603864261910928e+02
2.399847023125310272e+02
2.400157637689295314e+02
2.398447280501323746e+02
2.397697651908466696e+02
2.398502287703882132e+02
2.397825648908605842e+02
2.399662378603431989e+02
2.402320818125677988e+02
2.401380897937105203e+02
2.401600716009088785e+02
