9.718570591978492246e+01
9.699559028893997947e+01
9.690456135675439953e+01
9.658965778039639360e+01
9.664957711766805915e+01
9.673599945760157937e+01
9.655402430798871194e+01
9.649452232460657797e+01
9.611193651087427270e+01
9.631327464654343373e+01
9.626742596399259355e+01
9.642921727913794427e+01
9.625261566070862784e+01
9.630312478336038851e+01
9.620510361381933251e+01
9.652111367180891932e+01
9.652688834361453019e+01
9.635507368268933703e+01
9.632520123511871191e+01
9.640785305987556342e+01
9.638087195949175623e+01
9.625913711472874468e+01
9.601928269814634120e+01
9.647389884845098607e+01
9.639363305202930121e+01
9.651887366237707511e+01
9.625294814628951201e+01
9.632566739287780422e+01
9.628319772577883384e+01
9.613656273432259525e+01
9.633100707515728800e+01
9.604702463637219978e+01
9.604339505567902791e+01
9.586319671902282380e+01
9.652993527868794388e+01
9.632498735055203554e+01
9.635297468606175642e+01
9.595699715097403271e+01
9.617192066711085374e+01
9.607722703167746658e+01
9.615155085922003764e+01
9.599434577233306243e+01
9.605848357627145617e+01
9.591843252613136883e+01
9.604770447738792427e+01
9.633085537873608928e+01
9.606901064528547352e+01
9.591948157166768851e+01
9.639983673140011433e+01
9.601583915938410030e+01
9.621092450103459726e+01
9.604084777280900198e+01
9.615716425113369326e+01
9.634895329629148364e+01
9.635640861070571361e+01
9.613584468345983680e+01
9.597206272669173188e+01
9.649253851682796324e+01
9.587142028847733854e+01
9.624579441060164697e+01
9.605706064117661924e+01
9.616696292634799192e+01
9.603052417462532730e+01
9.602794916569531836e+01
9.578782173289680202e+01
9.593607774073488770e+01
9.592825257430587271e+01
9.600251865025713016e+01
9.597235018115340210e+01
9.591011144918657294e+01
9.589621115343749125e+01
9.599167152342933207e+01
9.592628480948407343e+01
9.597022247222948010e+01
9.599446921320257786e+01
9.572797636198441751e+01
9.598842862312649515e+01
9.598747251638830846e+01
9.616818642751309199e+01
9.606721395469577374e+01
9.583770565331296609e+01
9.599659860401759204e+01
9.627608311811088981e+01
9.600085720574141135e+01
9.604846362397886139e+01
9.592275246964540258e+01
9.604031036377210739e+01
9.607373940316632854e+01
9.590901221486085149e+01
9.606226873563862512e+01
9.598035620325475747e+01
9.575891535758653106e+01
9.595009174002738916e+01
9.641086735814286612e+01
9.618114850266891835e+01
9.625274381459321660e+01
9.576624894991788040e+01
9.601258905824363410e+01
9.620952422104615209e+01
9.576660418008437148e+01
9.605103499316901150e+01
9.585043247930518362e+01
9.590449337526587215e+01
9.566685780762247759e+01
9.599014064746010888e+01
9.599724323391910730e+01
9.592560492504924241e+01
9.603133069478793971e+01
9.587626964308167032e+01
9.564347714276226498e+01
9.567508795348317108e+01
9.579772884121990728e+01
9.574192312604397159e+01
9.553266465717659628e+01
9.607673844445764644e+01
9.584864777278197323e+01
9.581710780062860522e+01
9.564754251816141561e+01
9.608089021964282495e+01
9.573172127593453240e+01
9.582258744680744655e+01
9.593399657432695449e+01
9.562738953563086852e+01
9.560930700685014472e+01
9.579793642559967282e+01
9.568549121621363440e+01
9.599846649339788485e+01
9.579497241470721747e+01
9.591877788201065869e+01
9.605301821023948605e+01
9.582762639166050178e+01
9.587579637446792447e+01
9.595866925035727490e+01
9.584092967920126682e+01
9.597982948926910751e+01
9.572288730729265183e+01
9.578896897700614943e+01
9.578752880202834774e+01
9.591080828664742342e+01
9.576981850099438986e+01
9.583591251551814594e+01
9.577025835132008069e+01
9.573505338547386145e+01
9.596670420177862582e+01
9.566890517532135618e+01
9.567844430982529502e+01
9.572493854939369839e+01
9.572725363326827619e+01
9.571348319955882289e+01
9.551175763768934246e+01
