2.873371565510043979e+02
2.878528533915771845e+02
2.881333441202697827e+02
2.882898138332801068e+02
2.884486783041102740e+02
2.885404533150656903e+02
2.885521837977821065e+02
2.886818068092847511e+02
2.888519943343096656e+02
2.889716444288050639e+02
2.889865387897118580e+02
2.889638557402714127e+02
2.890268495603103247e+02
2.890963063054044255e+02
2.891526436856647706e+02
2.890785579145738211e+02
2.890515123198089213e+02
2.891615921572164325e+02
2.891292138590481500e+02
2.891639503895124221e+02
2.891425402005818910e+02
2.891830496407694682e+02
2.892827457833496965e+02
2.892958578984541305e+02
2.892799858831033930e+02
2.892695108038897160e+02
2.893539863855959879e+02
2.894071756738620138e+02
2.893130696939238646e+02
2.893500425373439953e+02
2.894013325470102131e+02
2.894039343832363897e+02
2.894145481503946371e+02
2.894031464772012328e+02
2.894092139551448781e+02
2.894076374101677516e+02
2.893593178491267395e+02
2.894453894987267972e+02
2.894054716142866255e+02
2.894286937848925163e+02
2.894488677822279215e+02
2.894991252962113322e+02
2.895509525325686582e+02
2.895749025509886678e+02
2.896151702057824764e+02
2.895217318747531863e+02
2.894667772937610266e+02
2.895037128924783474e+02
2.895265409727389851e+02
2.895446228312112567e+02
2.895264210314111892e+02
2.895057469050480563e+02
2.895466332407264645e+02
2.895595113438927228e+02
2.895101225511351117e+02
2.895086091092715037e+02
2.895985914386455988e+02
2.895176720675530646e+02
2.895440664400991295e+02
2.894752258384256152e+02
2.895142572165157731e+02
2.895850564902074780e+02
2.896553501419848544e+02
2.896338222399612619e+02
2.896734180723031500e+02
2.898037114010368214e+02
2.896853097081119017e+02
2.896249045347274773e+02
2.896765972983103552e+02
2.896767929648024733e+02
2.897482422278950480e+02
2.897068367677005085e+02
2.896464874873218491e+02
2.897104316700005597e+02
2.897669208309214923e+02
2.897907115368719815e+02
2.898015784577103773e+02
2.897072109231686454e+02
2.896937076509265694e+02
2.896534733121273462e+02
2.897844031622022953e+02
2.897807427935679243e+02
2.897693180015652388e+02
2.897090358144749871e+02
2.897091893599457535e+02
2.897005728479261961e+02
2.897715581183011295e+02
2.896315244276098042e+02
2.896670156597945720e+02
2.896191631549667136e+02
2.896560214868616754e+02
2.897748275850381674e+02
2.897751351195074108e+02
2.897370426362244871e+02
2.896809587234571950e+02
2.896080507406824722e+02
2.897097758847575619e+02
2.897587532604381977e+02
2.897139656416970297e+02
2.899365726635840588e+02
2.898579082702080427e+02
2.898367195777680081e+02
2.898556584167635606e+02
2.899442169271879379e+02
2.898317340608683139e+02
2.898029871526560441e+02
2.898310835852586820e+02
2.898365564471167204e+02
2.898725817281091963e+02
2.899214240432447127e+02
2.899061840409155479e+02
2.899477001035084527e+02
2.898389077186702707e+02
2.898849229396729470e+02
2.897877917093524616e+02
2.899294952686049669e+02
2.898720951534084520e+02
2.898727550823392107e+02
2.898582004101459688e+02
2.898822604422994687e+02
2.899542443163091434e+02
2.899233401027748869e+02
2.899550224543705212e+02
2.899658460459663161e+02
2.899902101146985842e+02
2.899931646605210176e+02
2.899166492115912774e+02
2.899875729202456114e+02
2.899384227525646338e+02
2.899486903137166678e+02
2.899613537673728842e+02
2.899100661835412325e+02
2.899249273879950124e+02
2.898933993438180892e+02
2.899049677542186032e+02
2.899165975398569230e+02
2.899563389405583962e+02
2.899194692603475119e+02
2.899681052725626387e+02
2.899315652343753413e+02
2.899222354180532193e+02
2.899132738687254118e+02
2.900208159127711269e+02
2.900118612614529638e+02
2.899694810115521477e+02
2.899989394233548410e+02
2.900466178818253979e+02
2.900760523020915684e+02
2.900865006198734477e+02
2.899908236366488836e+02
