2.379048750653845445e+02
2.379094925087557328e+02
2.378298220475229527e+02
2.382116787072791624e+02
2.380351299184732454e+02
2.380668298062464601e+02
2.381845478458422178e+02
2.379997910816489366e+02
2.381527871026034120e+02
2.381645067696723572e+02
2.383711816693861181e+02
2.385780896973557219e+02
2.382587570050818613e+02
2.378276055131742908e+02
2.381038722848647922e+02
2.382912758718765360e+02
2.382704943953645795e+02
2.381093230534248733e+02
2.382968544312418544e+02
2.383477878518453963e+02
2.382932599976076062e+02
2.381914323144881109e+02
2.380381746621567629e+02
2.382425958175162179e+02
2.379134591221172457e+02
2.380071034114605766e+02
2.380432760304904889e+02
2.378462810331994035e+02
2.379839935782970031e+02
2.379873809954222850e+02
2.380508446840438808e+02
2.380244643321531441e+02
2.380499886342609841e+02
2.381767795015612421e+02
2.373953311344493784e+02
2.377670907666968390e+02
2.379978222042088021e+02
2.379240513768258722e+02
2.379770966703507327e+02
2.382147486189493577e+02
2.380127160796865837e+02
2.379301744152627123e+02
2.380273658099167449e+02
2.381111077633707680e+02
2.384927667095970207e+02
2.382468519590137248e+02
2.383707091480919189e+02
2.381305764585132181e+02
2.385064966129995412e+02
2.381157333964595466e+02
2.383593884901368654e+02
2.382019989472509280e+02
2.383673163263802053e+02
2.379279126872956169e+02
2.378822786563747229e+02
2.381080343025713546e+02
2.379179293270093467e+02
2.384632766098818308e+02
2.380611329425404392e+02
2.384131571276661816e+02
2.387746493159775412e+02
2.384064970507214696e+02
2.381254536447472674e+02
2.385301779191310061e+02
2.383009844987172130e+02
2.380916314076519882e+02
2.383658577790021411e+02
2.383248643934763038e+02
2.383505559956743411e+02
2.383474180971809631e+02
2.386338172070423127e+02
2.383042846990363159e+02
2.382485144694634300e+02
2.382540153351708341e+02
2.384581647301417036e+02
2.384298588300361814e+02
2.381745964307145584e+02
2.387163611177622045e+02
2.383695074900978170e+02
2.383305256176050477e+02
2.385657656597117864e+02
2.383022710361792349e+02
2.385086272871332937e+02
2.383416536573268729e+02
2.383966737279454549e+02
2.384859079525954542e+02
2.383555684730273185e+02
2.382277042769239870e+02
2.384341520329839170e+02
2.386098421973529469e+02
2.381485032322261759e+02
2.384444419537784370e+02
2.381403174783385737e+02
2.385498185847130799e+02
2.383163507912506702e+02
2.384726493282323929e+02
2.381661516438871615e+02
2.383911437937862274e+02
2.382218359979539173e+02
2.381701669088405140e+02
2.387136394017100258e+02
2.382859215571714628e+02
2.380681289934436791e+02
2.382223493810997752e+02
2.382009770551011059e+02
2.380503798313542063e+02
2.383940827963504319e+02
2.383631695652665030e+02
2.381485784330186561e+02
2.380530201379827986e+02
2.383938838836128298e+02
2.378267548041500277e+02
2.380797200437165202e+02
2.377581102115200338e+02
2.380348229066243277e+02
2.376395836590852184e+02
2.375556214409542406e+02
2.374963731408571732e+02
2.376568334812438081e+02
2.377334160491030843e+02
2.379817027588284191e+02
2.374221916439992413e+02
2.377906742312503638e+02
2.376171149864889287e+02
2.374753174476030324e+02
2.375576785264352111e+02
2.378722294215305340e+02
2.374698961092420006e+02
2.375360093169720415e+02
2.379178346427163717e+02
2.375827172935595399e+02
2.377873364369437752e+02
2.375430849533039179e+02
2.375003880775114169e+02
2.372769606663797219e+02
2.376748526371320906e+02
2.374156627502942172e+02
2.373559051597804057e+02
2.372983297822389659e+02
2.377410159858306145e+02
2.378172914021511133e+02
2.371847979287940973e+02
2.365088096992836881e+02
2.368210702082801618e+02
2.369201160380977171e+02
2.372019806800348078e+02
2.371874704132451086e+02
2.373992208807321731e+02
2.373826260245934634e+02
2.374241931531954890e+02
2.375894578941209829e+02
2.375237817703006158e+02
2.375297209070204474e+02
2.372654866773816309e+02
2.372898346112559977e+02
2.377786679870292801e+02
2.372928370955733897e+02
2.371390909073469402e+02
2.370796682894731475e+02
2.377424133082519973e+02
2.372768480909265634e+02
2.372373107243509196e+02
2.375075250870119987e+02
2.373142926160096806e+02
2.375553367529221589e+02
