1.007203403558189763e+02
1.008224814303795824e+02
1.007969915915501389e+02
1.011481464263310386e+02
1.005561112862221336e+02
1.006258854820535902e+02
1.007486013582269351e+02
1.005649530065264372e+02
1.005440975867101656e+02
1.007191480371802612e+02
1.006681143147564939e+02
1.007365829866219684e+02
1.009592171777381253e+02
1.008765013566524402e+02
1.007083685819375631e+02
1.007030679931478261e+02
1.008689859405212133e+02
1.009921735218146495e+02
1.003052420703361349e+02
1.005662078830606561e+02
1.007981586398157532e+02
1.008401123545829279e+02
1.008455362091087295e+02
1.010268444914754014e+02
1.010418558151490629e+02
1.005627488564809795e+02
1.009249354252783775e+02
1.008969180759023203e+02
1.007166894534670547e+02
1.008119907764186678e+02
1.011005092482667465e+02
1.008393393436072643e+02
1.005104261936608623e+02
1.012684641355971991e+02
1.024530809327869036e+02
1.011128405137390018e+02
1.010343940085534200e+02
1.007583775968414983e+02
1.006592532446363748e+02
1.004655207117576765e+02
1.009985298477438391e+02
1.009617546437892628e+02
1.008482165951209737e+02
1.006953030010356542e+02
1.006930786124206776e+02
1.005700531495807724e+02
1.006359111142304386e+02
1.008131427505732063e+02
1.007888099784234868e+02
1.004254214066508553e+02
1.006957613704695831e+02
1.005854720096286457e+02
1.007352358500839813e+02
1.017279036691708853e+02
1.010306620372044222e+02
1.006337223193576165e+02
1.009411933284970360e+02
1.010183238285098355e+02
1.009116298790671067e+02
1.003808312956285107e+02
1.003545245093504121e+02
1.004614329044575669e+02
1.009601439439787072e+02
1.008885998627650196e+02
1.005082671011435878e+02
1.007476206241080945e+02
1.007968616792397398e+02
1.006952449974836554e+02
1.006234271677994485e+02
1.005690472731024983e+02
1.005739977688295852e+02
1.005343129764242889e+02
1.008549898297209637e+02
1.004354709054419459e+02
1.006056575711140226e+02
1.007056709429997596e+02
1.005569743989915992e+02
1.005855392691657926e+02
1.005088598076897597e+02
1.007044239311979226e+02
1.007834734485271611e+02
1.004161111860456259e+02
1.007471478812188508e+02
1.007954859888927928e+02
1.005933609788170884e+02
1.004459741344887078e+02
1.006477728018582098e+02
1.005682251367484241e+02
1.005844787086191587e+02
1.006890711787961976e+02
1.006674940540744387e+02
1.004173392330176142e+02
1.007010071325785390e+02
1.006403411870919768e+02
1.005550907292586515e+02
1.009519832775503829e+02
1.007099692604100625e+02
1.006825379977748298e+02
1.008226966094112385e+02
1.010695583721521444e+02
1.008916741197439109e+02
1.008017545057319353e+02
1.007431234182125763e+02
1.008379920087860881e+02
1.008142098964931961e+02
1.008315175683694775e+02
1.006670187649633164e+02
1.009770013435355764e+02
1.008576709853027751e+02
1.007767033519040041e+02
1.012109872136674085e+02
1.010110100936874886e+02
1.010342046921861510e+02
1.021086365571681398e+02
1.017883133179016113e+02
1.014360851211589534e+02
1.011207441939671838e+02
1.013281280438919794e+02
1.013683827135817381e+02
1.011991880443790279e+02
1.015129938690917726e+02
1.015982070584078230e+02
1.012833759080260023e+02
1.013146532284508936e+02
1.011518280497357978e+02
1.014409808070565191e+02
1.013532897078064110e+02
1.012345614088454795e+02
1.012832553568455722e+02
1.014404293051401709e+02
1.012384627548419331e+02
1.012075437686961408e+02
1.014916869475395629e+02
1.019059587241850977e+02
1.015450426035671398e+02
1.012341472074316044e+02
1.013780903703244434e+02
1.013695682494637964e+02
1.012993209150022693e+02
1.011119740240591796e+02
1.009986182429095578e+02
1.019062625056694316e+02
1.030329282095478192e+02
1.019238773030711513e+02
1.013838377802893120e+02
1.011854959251494961e+02
1.011004202289477121e+02
1.012301829590854823e+02
1.012099026965787942e+02
1.012780844431949987e+02
1.012998134241640855e+02
1.010812319504172336e+02
1.011947816181922803e+02
1.010974199408298091e+02
1.012531819227163936e+02
1.009880776356444159e+02
1.009837495878923050e+02
1.014022416769219035e+02
1.011812298902746079e+02
1.011749081317042993e+02
1.011015144325062920e+02
1.007149316085083939e+02
1.009488397568188134e+02
1.011443544286924379e+02
1.009494219292753883e+02
