2.398350602056996195e+02
2.401092340730320700e+02
2.395611510300442148e+02
2.398273548694830026e+02
2.395597303278567836e+02
2.401915680060598959e+02
2.399966769916135263e+02
2.400492591997757756e+02
2.402000397832924818e+02
2.401640069562321003e+02
2.402490248006965885e+02
2.399696309656215192e+02
2.398384097107470723e+02
2.400321676315755610e+02
2.400010495220083442e+02
2.399189906633172313e+02
2.400012736902945960e+02
2.402133082011582701e+02
2.405082594980742670e+02
2.401438592234263751e+02
2.400802064786737446e+02
2.397765127324523462e+02
2.398701558508205665e+02
2.399114632292290707e+02
2.402088726738996911e+02
2.400471371273602017e+02
2.401345495381060573e+02
2.401275223325120294e+02
2.402157345861521662e+02
2.401616061674727973e+02
2.400499856267651921e+02
2.399580493722075971e+02
2.396615740921921258e+02
2.392992270249544902e+02
2.386689713822559042e+02
2.393352518670506015e+02
2.395402982621390890e+02
2.397240312828562026e+02
2.396545237879404056e+02
2.397445830659240755e+02
2.399442800538801350e+02
2.396452980431979825e+02
2.394431739285360266e+02
2.397837972142653200e+02
2.400115336011361649e+02
2.397638551564242277e+02
2.399890323999840973e+02
2.404579178090270091e+02
2.398992007552981249e+02
2.398020983935067250e+02
2.401399620494387648e+02
2.400917277126344800e+02
2.396149806886371607e+02
2.392606547620365802e+02
2.396739323013606509e+02
2.399804340948218169e+02
2.397079882642757411e+02
2.398037285978632269e+02
2.397504563438855030e+02
2.398448233507180021e+02
2.397526744535173009e+02
2.397666793332537338e+02
2.395130808945302476e+02
2.393832368292092951e+02
2.397974774906018922e+02
2.395901510637578724e+02
2.394323927288786820e+02
2.395513974674067015e+02
2.397060786711108733e+02
2.397581232019336994e+02
2.398464928184712335e+02
2.398953270117522436e+02
2.398532238336586033e+02
2.398001722275911334e+02
2.394900593487345475e+02
2.395963832098878754e+02
2.397218212803071253e+02
2.396106305242761039e+02
2.396820029620150478e+02
2.395660971424262300e+02
2.395266652717589579e+02
2.394949684869552584e+02
2.397007105694625864e+02
2.399189335323634680e+02
2.398393754164861775e+02
2.396503816343908113e+02
2.400395089924628280e+02
2.402466783078785966e+02
2.397742742901563133e+02
2.402604615063523568e+02
2.398824147634694839e+02
2.399428244580409171e+02
2.401846757334136271e+02
2.397639435173844902e+02
2.398334529826719290e+02
2.400234596466056303e+02
2.400105309363744084e+02
2.402802444721735071e+02
2.400858303561774676e+02
2.401932265301887526e+02
2.400225359315376465e+02
2.398646730282392525e+02
2.397322162187406320e+02
2.398405288883226092e+02
2.397154611481977327e+02
2.399229088554826319e+02
2.400185391955817806e+02
2.400498986437442852e+02
2.398444272002828654e+02
2.398426450273381363e+02
2.399922523469051328e+02
2.397051197283192039e+02
2.397169927314890572e+02
2.391593025334263700e+02
2.390583726273922593e+02
2.387204955016042334e+02
2.390115125908593257e+02
2.391614894884763771e+02
2.391262197567508281e+02
2.393306178541486986e+02
2.392004441166608046e+02
2.395700653523693688e+02
2.390928802438565697e+02
2.394529020786567060e+02
2.389840870706731266e+02
2.391108437324881208e+02
2.390782049902857125e+02
2.393172442264359177e+02
2.394450698922567824e+02
2.394990064671625589e+02
2.397302591499020252e+02
2.397240243716762791e+02
2.393294801030845065e+02
2.385077011929258788e+02
2.392818967526743847e+02
2.392223674353635943e+02
2.390350644148747676e+02
2.392714119871012883e+02
2.393110271061877654e+02
2.395199310791266782e+02
2.395233253863449647e+02
2.388537717581798745e+02
2.384927565686919877e+02
2.389460194625222869e+02
2.389542614705757444e+02
2.389775964504144667e+02
2.393387402512881010e+02
2.394445809561602516e+02
2.397508307775725882e+02
2.399679671587836083e+02
2.397136599023972678e+02
2.399749598852246493e+02
2.401867683759413694e+02
2.400131148932313181e+02
2.403360104493645792e+02
2.399272849513300514e+02
2.396958447351035772e+02
2.396689628342466847e+02
2.396293995146446889e+02
2.399517037791603968e+02
2.401320328775811674e+02
2.400187663635452680e+02
2.400457585314856033e+02
2.400040098851864059e+02
2.399765815572124836e+02
