9.981525407628139135e+01
1.004625109363872184e+02
1.007159680024586237e+02
9.954604242336223763e+01
1.000115109160152400e+02
9.989254414573058227e+01
9.965083755849694569e+01
9.989834921263461354e+01
9.997267565021280689e+01
9.966370466630225167e+01
1.000941329970859357e+02
1.002704877503430652e+02
1.003906825871886355e+02
1.004235428743656513e+02
9.972683983589257650e+01
9.952845510586912781e+01
9.993065258236346438e+01
9.964032633250405979e+01
9.978050789401065401e+01
1.000407096168449499e+02
9.996782430986051793e+01
1.000048788422163426e+02
9.998609800465936814e+01
1.001357666045187074e+02
9.970966075147805441e+01
9.997688696453697332e+01
9.978527356288708461e+01
9.981795021633705289e+01
9.972794713421343715e+01
9.958276636574771601e+01
1.001290514925956927e+02
1.003988925658823774e+02
1.000262697567841172e+02
1.012041939792807597e+02
1.031475036469774551e+02
1.012235542521508620e+02
9.983133385935865078e+01
1.000997839949709061e+02
1.004492504025135986e+02
1.001324702290501847e+02
1.002478661000432822e+02
1.008204421576437113e+02
1.002280561489376822e+02
9.994545547449558853e+01
1.003527671248244815e+02
9.981969354333240574e+01
9.937962611228003595e+01
9.971301119801763946e+01
1.000019879941999505e+02
1.000991771595841016e+02
9.963167626436631963e+01
9.989226690697687161e+01
1.000302267317496359e+02
1.012613132587881069e+02
1.008802045730924846e+02
1.002230110681767457e+02
1.002457381426843313e+02
1.002125863058197410e+02
1.001306873479049955e+02
1.001801900666752658e+02
1.002030961145386527e+02
1.000098885558753068e+02
1.008214342889126129e+02
1.008785668369919222e+02
1.007152272498219645e+02
1.001199562836185777e+02
1.007220499325793668e+02
1.004654131793724474e+02
9.997433776467983080e+01
1.001514071391963654e+02
1.005245372943433182e+02
1.000874409277714534e+02
1.001607828589438469e+02
1.005572005429844893e+02
1.006732215680164586e+02
9.963417507824151187e+01
1.002062674384856109e+02
1.003876479736301803e+02
1.001161716846353897e+02
1.006979507641091232e+02
1.004657261042003000e+02
9.983138920099248992e+01
1.002366330723165930e+02
9.984490893709623549e+01
1.001514015465047578e+02
1.002864093002861381e+02
9.957797171383573698e+01
9.998514755980478697e+01
1.001884575382083540e+02
1.000166364016536704e+02
1.000629178286521750e+02
1.001242634709558814e+02
1.000645725945284426e+02
1.002841526065501938e+02
9.988033444435869512e+01
9.984650204117143346e+01
9.974735522884994054e+01
9.988704976840631389e+01
1.000838730425952008e+02
9.987864751396017482e+01
1.001677248164937026e+02
9.990712174552061242e+01
1.001111513930776482e+02
1.004014358402056928e+02
1.005299582367973272e+02
9.971852534680881774e+01
1.002262167297960644e+02
1.000843892188260185e+02
1.000828896206189000e+02
9.999053992181505635e+01
1.002312353478046845e+02
1.002630162662939455e+02
1.006429178600405976e+02
1.020036710547387173e+02
1.021001256481173272e+02
1.015181952038365552e+02
1.005613514376499893e+02
1.010508486145779870e+02
1.009278591824252089e+02
1.009992559543105273e+02
1.003686791326907155e+02
1.007018570649245248e+02
1.008064699821276804e+02
1.003524914245366659e+02
1.010472117230034002e+02
1.009873019189649170e+02
1.005776969153919964e+02
1.001951266446259297e+02
1.006687757821008944e+02
9.983556596760728041e+01
1.000184008149847301e+02
1.003071110265553756e+02
1.009920897258010228e+02
1.011191703302192053e+02
1.005839142745177384e+02
1.004960181883977981e+02
1.002500829237491899e+02
1.003380170058219818e+02
1.001482084075609720e+02
1.000145835838327883e+02
9.998934374909254075e+01
1.012066841054780753e+02
1.025415774638764077e+02
1.013950475904870245e+02
1.005263937841027655e+02
9.998595632521106324e+01
9.989000972186232730e+01
9.951168315199312531e+01
9.923053315486005488e+01
9.962039266832988460e+01
9.974752410323362994e+01
9.945187450700889542e+01
9.898570250123613334e+01
9.906553120060236495e+01
9.924158196246021646e+01
9.968793475983493124e+01
9.942573800072928236e+01
9.936888370218248667e+01
9.909541217800837387e+01
9.901721590369659509e+01
9.888481179272065447e+01
9.915283708310433042e+01
9.906519994373594784e+01
9.905927811717747034e+01
9.920184890927646393e+01
