2.865781689961798406e+02
2.866368613405693964e+02
2.863773053737294845e+02
2.864386523333337777e+02
2.865137181291830188e+02
2.866946425757199677e+02
2.866334816264094911e+02
2.867413390464249119e+02
2.866539078207545685e+02
2.866738933028294127e+02
2.867376070743956120e+02
2.866783564377947755e+02
2.866772515109444157e+02
2.865949800941726267e+02
2.865791676354176616e+02
2.866761602571150434e+02
2.866457236017621426e+02
2.868065294916006565e+02
2.868892794841489717e+02
2.866607848021894256e+02
2.866376135743632290e+02
2.865378089273252726e+02
2.865371306650659449e+02
2.866544910870695162e+02
2.867072145664505456e+02
2.866400451931888824e+02
2.867232590339113472e+02
2.867675814347730920e+02
2.868301984233430630e+02
2.867650218353616651e+02
2.867133821657770909e+02
2.865594587749283733e+02
2.864870068839798591e+02
2.865609183818438055e+02
2.863944637940287521e+02
2.863218159478811344e+02
2.864809195603397711e+02
2.866347679322266231e+02
2.866033041063954556e+02
2.866086760145122412e+02
2.866184640760612297e+02
2.864433479528444195e+02
2.864287304950383941e+02
2.866044663500987895e+02
2.865699702687444983e+02
2.865685396463359211e+02
2.867379807769440276e+02
2.869171840046291777e+02
2.866901115758119545e+02
2.866891348875598737e+02
2.867912794748088459e+02
2.867588236570131812e+02
2.868168664107702739e+02
2.867244355217345628e+02
2.867560893656180383e+02
2.867611600646254715e+02
2.867447379394654376e+02
2.866548455717792763e+02
2.867563692515158209e+02
2.867469234848499013e+02
2.866756944015384647e+02
2.867429334847550422e+02
2.866611454383563569e+02
2.866291523769018568e+02
2.865702802594717014e+02
2.866441222841820604e+02
2.865258508911406352e+02
2.865311286203638019e+02
2.866747567549803648e+02
2.867417481476711032e+02
2.867746778626880086e+02
2.867896255323559558e+02
2.869015759937631742e+02
2.867347741436655042e+02
2.865737337864389929e+02
2.866614148224276732e+02
2.867208308395058225e+02
2.866323442365144842e+02
2.866833838603169511e+02
2.866516881575649904e+02
2.866153488848503343e+02
2.867480058838626178e+02
2.867911357561779937e+02
2.868622005228415333e+02
2.868775147769175078e+02
2.868729400037854589e+02
2.869305742013604004e+02
2.871082651573588009e+02
2.869151277093450858e+02
2.870970827059721842e+02
2.869152999515142142e+02
2.869708128655201449e+02
2.869271858153654762e+02
2.867807574754568236e+02
2.868668766238509420e+02
2.870507574928980716e+02
2.869820427710929494e+02
2.871267818951245090e+02
2.871012657017611787e+02
2.871011683414890854e+02
2.870237858619991016e+02
2.870310606852413571e+02
2.870512981605953087e+02
2.869728293932705014e+02
2.868299766839013500e+02
2.870131243662788734e+02
2.870262055834000421e+02
2.870660079856752418e+02
2.869348578400910696e+02
2.870683045458657148e+02
2.871540286699218996e+02
2.871116501961019480e+02
2.870488974911783657e+02
2.870166194555937977e+02
2.867596977615737046e+02
2.865454437555197273e+02
2.867060034366883770e+02
2.867612155806869509e+02
2.867379180103222893e+02
2.868334486093040709e+02
2.869804527695454226e+02
2.870260701605574241e+02
2.867822899138688513e+02
2.870210828762972710e+02
2.869225206738149723e+02
2.869201549775334001e+02
2.869194261938980048e+02
2.870628575510804126e+02
2.870925689006911057e+02
2.871891841799873077e+02
2.875092090096327979e+02
2.874421871071122041e+02
2.871987114454290690e+02
2.870233125395811271e+02
2.872508442569891827e+02
2.872493491144700215e+02
2.871839367089749544e+02
2.871932079754268443e+02
2.873955350482393101e+02
2.875175368054859177e+02
2.874962115736203145e+02
2.875041282324083909e+02
2.875136054768078111e+02
2.874377772665770863e+02
2.874200928033037599e+02
2.873381035638065555e+02
2.874426991845743373e+02
2.875949951704462819e+02
2.877916381019431356e+02
2.878760779564602785e+02
2.878340872980510881e+02
2.879680621812671575e+02
2.880299691892615783e+02
2.881418583052534927e+02
2.882934028255110661e+02
2.879318858163060213e+02
2.878750726626768142e+02
2.878974714059729081e+02
2.879929368130294733e+02
2.881734465184580927e+02
2.882114954460084277e+02
2.882012631455413612e+02
2.881966969676952317e+02
2.882283319771739230e+02
2.882645298627792272e+02
