2.385965337447858872e+02
2.386123319938045597e+02
2.386634262965484652e+02
2.386611388130035039e+02
2.385169083425035979e+02
2.386846105844914803e+02
2.385363443701262156e+02
2.386815503913971099e+02
2.393061451311588144e+02
2.387898708422406173e+02
2.385983507483998665e+02
2.386901675991827858e+02
2.387476258830864992e+02
2.386869006459116918e+02
2.386436389612936466e+02
2.385834361193099937e+02
2.390043016738142114e+02
2.386775700456880429e+02
2.385021959060511278e+02
2.388467870309624175e+02
2.384680949216298131e+02
2.386826633398717092e+02
2.387540898639661009e+02
2.387933707050814292e+02
2.386207022331800545e+02
2.383927773775121750e+02
2.390582178812789778e+02
2.389678292548938714e+02
2.387263010065065316e+02
2.388785623566178629e+02
2.388928895131348327e+02
2.387702595561935368e+02
2.386356992882339227e+02
2.384853794458231562e+02
2.384579864683023516e+02
2.381684787090173643e+02
2.386035178766523188e+02
2.383878064981395255e+02
2.385741119451221550e+02
2.382849596289499061e+02
2.383993241774220166e+02
2.383488059649111221e+02
2.385569460574218965e+02
2.385667365216470728e+02
2.386635798390235834e+02
2.387521802741971726e+02
2.385181280486318940e+02
2.383009367569062249e+02
2.383972809747654082e+02
2.385991675282937194e+02
2.383501211248022571e+02
2.387031785032949074e+02
2.386453292060389231e+02
2.385122425100900330e+02
2.386123775091265031e+02
2.385819413943200686e+02
2.389395287994952071e+02
2.387278172665168938e+02
2.387502527310261087e+02
2.386018898523182088e+02
2.389634811241964201e+02
2.388372878971075295e+02
2.388096790822231412e+02
2.387135570274965346e+02
2.387347225433234144e+02
2.388954136527955825e+02
2.385837343676313367e+02
2.391279781316183062e+02
2.392035722849614103e+02
2.390412241575076280e+02
2.389884685988480442e+02
2.389549892960945954e+02
2.394069263300657155e+02
2.393560407180874279e+02
2.397561955716209923e+02
2.395193010158061782e+02
2.390870726391518417e+02
2.390521232313694497e+02
2.389239657711378015e+02
2.391641197016034539e+02
2.390664531241048962e+02
2.391452299532955124e+02
2.392934291639920446e+02
2.393842240706348150e+02
2.390693252742392758e+02
2.390098643719567235e+02
2.390250006056439815e+02
2.392449879760737019e+02
2.392562788633448747e+02
2.391623806828860950e+02
2.393358576298101354e+02
2.395385690398389897e+02
2.392881395353771268e+02
2.392292161867175935e+02
2.388033521136914885e+02
2.387465991917120789e+02
2.391754372520261711e+02
2.391755111310568509e+02
2.390087486909279448e+02
2.394577281615292748e+02
2.392707748719521987e+02
2.389449522790754088e+02
2.389670383692344728e+02
2.393351850916897376e+02
2.390470750808675859e+02
2.389726248494386027e+02
2.387943978118585164e+02
2.391579011592505424e+02
2.392800380610328546e+02
2.391435204868202220e+02
2.394503163483786921e+02
2.391051893230645931e+02
2.392961254951096635e+02
2.394599999343270440e+02
2.393977387778930108e+02
2.391632909145075701e+02
2.391973321985038012e+02
2.396854327754905682e+02
2.397234940090671955e+02
2.395605795937208597e+02
2.395353005157523114e+02
2.398578512842514385e+02
2.393279865598487675e+02
2.393549715105567941e+02
2.394589229733262528e+02
2.398825012027816683e+02
2.395281489889680415e+02
2.396017302669237949e+02
2.402181587471146713e+02
2.398942773357923670e+02
2.398575368111002888e+02
2.399277317069020228e+02
2.399269057280424988e+02
2.400006338342772381e+02
2.399383900757972015e+02
2.401729418072120552e+02
2.401248641934093939e+02
2.398112255894558302e+02
2.399550333453967141e+02
2.397298020109572292e+02
2.401299590933963373e+02
2.397468412003402136e+02
2.400983820763825634e+02
2.401517138667678921e+02
2.403406282193768675e+02
