3.416517816546679569e+02
3.416517816546679569e+02
3.416608035881158116e+02
3.416517816546192421e+02
3.416517816546203790e+02
3.416517816546203790e+02
3.416608035880681769e+02
3.416517816546203790e+02
3.416517816546203790e+02
3.416517816546679569e+02
3.416608035880681769e+02
3.416517816546679569e+02
3.416517816546679569e+02
3.416517816546203790e+02
3.416608035880681769e+02
3.416517816546203790e+02
3.416517816546203790e+02
3.416517816546679569e+02
3.416608035881158116e+02
3.416517816546203790e+02
3.416517816546679569e+02
3.416517816546203790e+02
3.416608035880681769e+02
3.416517816546679569e+02
3.416517816546679569e+02
3.416517816546679569e+02
3.416608035880681769e+02
3.416517816546679569e+02
3.416517816546203790e+02
3.416517816546679569e+02
3.416517816546203790e+02
3.416517816546668200e+02
3.416517816546679569e+02
3.416517816546679569e+02
3.416608035880681769e+02
3.416517816546679569e+02
3.416517816546203790e+02
3.416517816546679569e+02
3.416608035880681769e+02
3.416517816546203790e+02
3.416517816546203790e+02
3.416517816546203790e+02
3.416608035881158116e+02
3.416517816546203790e+02
3.416517816546203790e+02
3.416517816546679569e+02
3.416608035880681769e+02
3.416517816546203790e+02
3.416517816546679569e+02
3.416517816546203790e+02
3.416608035881158116e+02
3.416517816546679569e+02
3.416517816546203790e+02
3.416517816546203790e+02
3.416608035880681769e+02
3.416517816546203790e+02
3.416517816546203790e+02
3.416517816546679569e+02
3.416608035880681769e+02
3.416517816546679569e+02
3.416517816546203790e+02
3.416517816546679569e+02
3.416608035881158116e+02
3.416517816546203790e+02
3.416517816546679569e+02
3.416517816546679569e+02
3.416608035880681769e+02
3.416517816546679569e+02
3.416517816546679569e+02
3.416517816546679569e+02
3.416608035881158116e+02
3.416517816546192421e+02
3.416517816545788833e+02
3.416517816545788833e+02
3.416608035882183572e+02
3.416517816545788833e+02
3.416517816545788833e+02
3.416517816545788833e+02
3.416608035882183572e+02
3.416517816545788833e+02
3.416517816544276798e+02
3.416517816545788833e+02
3.416608035882183572e+02
3.416517816545788833e+02
3.416517816545788833e+02
3.416517816544276798e+02
3.416608035882183572e+02
3.416517816545788833e+02
3.416517816545788833e+02
3.416517816545788833e+02
3.416608035882183572e+02
3.416517816545788833e+02
3.416517816545788833e+02
3.416517816544276798e+02
3.416608035882183572e+02
3.416517816545788833e+02
3.416517816544276798e+02
3.416517816545788833e+02
3.416608035882183572e+02
3.416517816545788833e+02
3.416517816545788833e+02
3.416517816544276798e+02
3.416608035882183572e+02
3.416517816545788833e+02
3.416517816545788833e+02
3.416517816545788833e+02
3.416608035882183572e+02
3.416517816545788833e+02
3.416517816545788833e+02
3.416517816544276798e+02
3.416608035880671537e+02
3.416517816545788833e+02
3.416517816545788833e+02
3.416517816544276798e+02
3.416608035882183572e+02
3.416517816545788833e+02
3.416517816544276798e+02
3.416517816545788833e+02
3.416608035882183572e+02
3.416517816545788833e+02
3.416517816545788833e+02
3.416517816545788833e+02
3.416608035882183572e+02
3.416517816545788833e+02
3.416517816545788833e+02
3.416517816544276798e+02
3.416608035882183572e+02
3.416517816545788833e+02
3.416517816545788833e+02
3.416517816545788833e+02
3.416608035882183572e+02
3.416517816545788833e+02
3.416517816545788833e+02
3.416517816545788833e+02
3.416608035882183572e+02
3.416517816545788833e+02
3.416517816545788833e+02
3.416517816545788833e+02
3.416608035882183572e+02
3.416517816545788833e+02
3.416517816545788833e+02
3.416517816545788833e+02
3.416608035882183572e+02
3.416517816544276798e+02
3.416517816545788833e+02
