1.018623111053945678e+02
1.015853924455498856e+02
1.017877638629357051e+02
1.016357542430091172e+02
1.019585713044085225e+02
1.011204091911980782e+02
1.013780950044079674e+02
1.010510814797693797e+02
1.017545584731816319e+02
1.018535454782942651e+02
1.016765700149078810e+02
1.016819538890996881e+02
1.014170041232624158e+02
1.016871587908091925e+02
1.014126578604324180e+02
1.011597743275863763e+02
1.018301519802813715e+02
1.015039894592256218e+02
1.015974612171338407e+02
1.018860932742240806e+02
1.016467904583066115e+02
1.010441214553705862e+02
1.015330333078810980e+02
1.016934749918849121e+02
1.014982859426658592e+02
1.013095973906738863e+02
1.010599396416061637e+02
1.015767358399103841e+02
1.016976181425950330e+02
1.014627814235200844e+02
1.013506939929936124e+02
1.019105991672537357e+02
1.013165974857450919e+02
1.021386022645971678e+02
1.012645255759323533e+02
1.018569738289292133e+02
1.020738722044147693e+02
1.016993550780605204e+02
1.016422927134695300e+02
1.020944142768481555e+02
1.017621473703748052e+02
1.014470812911761897e+02
1.020015227324527274e+02
1.011594156016936950e+02
1.015485009958394897e+02
1.014466339830729993e+02
1.020705920426660782e+02
1.011014122782917184e+02
1.012545743124693018e+02
1.016595346867207610e+02
1.013734880188364968e+02
1.017589872690974602e+02
1.012645050663782200e+02
1.014277591680717165e+02
1.017164250852347180e+02
1.011205842377848541e+02
1.016994492132190402e+02
1.018005992214554709e+02
1.017967597181930159e+02
1.016611301128038320e+02
1.012812250265489382e+02
1.019338142761222770e+02
1.014471195346617804e+02
1.017303949290468523e+02
1.013222032250073426e+02
1.012588733452203797e+02
1.018712864387243258e+02
1.015251352685307467e+02
1.015562003939792817e+02
1.010557238906659876e+02
1.012959421349107885e+02
1.019191652258332397e+02
1.014545571918091582e+02
1.010571191863236180e+02
1.011320137114571622e+02
1.012838323280911936e+02
1.012901651611071543e+02
1.014486050679614664e+02
1.013350859856242749e+02
1.011342293316459973e+02
1.013676608234708709e+02
1.007480409939873454e+02
1.012456314895762972e+02
1.010608410521275431e+02
1.015517907854757738e+02
1.014893697249716951e+02
1.014276665869165868e+02
1.008079534182562611e+02
1.013670800517963499e+02
1.016514623327772142e+02
1.014062408714508621e+02
1.008055751175015757e+02
1.015359306776565091e+02
1.008905511035693365e+02
1.020771112071392537e+02
1.011122292943164069e+02
1.013347457965530936e+02
1.012311665206064077e+02
1.011806520742656943e+02
1.015097959631392968e+02
1.019051633940686798e+02
1.011785049035487276e+02
1.006772032280622398e+02
1.017754620204419638e+02
1.012098934447758865e+02
1.014626019424832606e+02
1.008145831016386893e+02
1.010339221059735593e+02
1.014039283271023919e+02
1.010806970465055770e+02
1.012700188326025597e+02
1.015684145685504376e+02
1.012365439527512621e+02
1.015529847900116209e+02
1.010649783864327418e+02
1.012802597401776126e+02
1.012619282798689397e+02
1.012483316348925086e+02
1.020892274690068575e+02
1.010658174809453413e+02
1.014372072974105521e+02
1.010416921336530578e+02
1.015808532553074173e+02
1.012583763260391407e+02
1.012245431588498832e+02
1.012665325377955128e+02
1.015310974335028504e+02
1.005292129596984410e+02
1.022138036164109991e+02
1.015973080745307016e+02
1.009081780770512751e+02
1.014062620506874595e+02
1.013689679490356639e+02
1.015804519016329692e+02
1.017713004819918297e+02
1.016181293267684822e+02
1.009940869463254813e+02
1.020296604679075898e+02
1.010143087815973928e+02
1.010460588873006458e+02
1.024485707930984546e+02
1.017752411820326728e+02
1.011888740986183421e+02
1.016403393487140079e+02
1.014266991199429668e+02
