9.784029253336341014e+01
9.791220805995027376e+01
9.818586758522046409e+01
9.787329540930171845e+01
9.786181929874585705e+01
9.802706825652005307e+01
9.776709810271158574e+01
9.741058016316463863e+01
9.788995628087450029e+01
9.752462586141136569e+01
9.781780065169607497e+01
9.753988021414970433e+01
9.777186907495816115e+01
9.757800497520003091e+01
9.771952542343355219e+01
9.718342899202178842e+01
9.751919220742219352e+01
9.807147062947603899e+01
9.746446880623449260e+01
9.750767910239669334e+01
9.786637092681250749e+01
9.748972295966945012e+01
9.814391368450678499e+01
9.744739746708843597e+01
9.766609293412805926e+01
9.758689448528345167e+01
9.782030450779795672e+01
9.766058197499080507e+01
9.800332830868408962e+01
9.816702208885102721e+01
9.776059713351878599e+01
9.740513493183647142e+01
9.789578002360461539e+01
9.734600097796607088e+01
9.777655507632154297e+01
9.786941386710576296e+01
9.792049569122541186e+01
9.719010633658997733e+01
9.772637606841358604e+01
9.775265949141039812e+01
9.729417844961479034e+01
9.753785873859170863e+01
9.750913179315381285e+01
9.763495455467420925e+01
9.756575523184029919e+01
9.738145225075004419e+01
9.783919563498272964e+01
9.742536618627549672e+01
9.751426773560729089e+01
9.740926753947987038e+01
9.767650171651126811e+01
9.794702277557944115e+01
9.732690566506897767e+01
9.811378924457380890e+01
9.728836366761696297e+01
9.738003339338088438e+01
9.770747749562899287e+01
9.723992385612156397e+01
9.762279196170641171e+01
9.763567451172774270e+01
9.819631554348676161e+01
9.773036308225715629e+01
9.762149230775452224e+01
9.719552060857056119e+01
9.770933362546179524e+01
9.755796164195486142e+01
9.756820462900823543e+01
9.758706347750444365e+01
9.738026900876066350e+01
9.736513898617066332e+01
9.692562406198378255e+01
9.756695190811512930e+01
9.757212446049489074e+01
9.707476104960875318e+01
9.772989204225292781e+01
9.704255389442414526e+01
9.705080136265252122e+01
9.780259121352747798e+01
9.737348788370104558e+01
9.710604086778118926e+01
9.780742403339270652e+01
9.750078841831627585e+01
9.734174740040334939e+01
9.789099096530888744e+01
9.752518191092968891e+01
9.714107345768707091e+01
9.738612835587655070e+01
9.710115531135194544e+01
9.747430475740198119e+01
9.694450384962162559e+01
9.762809556216477347e+01
9.732184443584090161e+01
9.761626337899308226e+01
9.771255772219275570e+01
9.734257717242303443e+01
9.707624813015945620e+01
9.735542545610394427e+01
9.734597687134942134e+01
9.752268761154819288e+01
9.712237717084080657e+01
9.730230920304633457e+01
9.747989280564650016e+01
9.760380906229492837e+01
9.704041532980942009e+01
9.739551291461674509e+01
9.785863912931399966e+01
9.782236344468356037e+01
9.751950468859809007e+01
9.773243914407743205e+01
9.703081292127789936e+01
9.748889243540878624e+01
9.703932173538642303e+01
9.750657226209601447e+01
9.750087434176521128e+01
9.746980893105309462e+01
9.742475869575474690e+01
9.768093336254044345e+01
9.710256264432659634e+01
9.717736967735515918e+01
9.687780837942428036e+01
9.701794036226441165e+01
9.781521211682286321e+01
9.713147761707487859e+01
9.745116190759824804e+01
9.745957170143537951e+01
9.739978233229157922e+01
9.741612176793437072e+01
9.746733254932503598e+01
9.734616003246894422e+01
9.741602739025249491e+01
9.711272480423146192e+01
9.765040603455811663e+01
9.733293668177400093e+01
9.728110669007888589e+01
9.759787007793464397e+01
9.687990124811936710e+01
9.774308694717539936e+01
9.755282859998989409e+01
9.731735014525462191e+01
9.752054575678009485e+01
9.712692201648178525e+01
9.682521565697284416e+01
9.739252904826044244e+01
9.754014059353006871e+01
9.738871500092506039e+01
9.726531410614079221e+01
9.722570322144419208e+01
9.738788963351112216e+01
9.684348179824930014e+01
9.742652422031657977e+01
