2.875542865126142829e+02
2.882671610838659717e+02
2.887129821253479918e+02
2.888698290731013003e+02
2.892414877189850699e+02
2.892726277824953627e+02
2.893240850874855710e+02
2.894149935235840303e+02
2.895789704839532419e+02
2.898584161443973812e+02
2.898193663444355934e+02
2.897611901937817720e+02
2.899215634491450260e+02
2.900352603449834419e+02
2.899971478527434670e+02
2.899168257205973873e+02
2.901745300645768566e+02
2.900677873174715273e+02
2.900732188746908946e+02
2.900021683358616542e+02
2.901842854186947420e+02
2.902020817826325469e+02
2.902285094658642493e+02
2.901063722426288223e+02
2.902695915600396575e+02
2.902725261117737432e+02
2.901168584457313955e+02
2.901857826276655601e+02
2.903082767075788411e+02
2.902703192074835101e+02
2.901393982876957693e+02
2.901517044157193936e+02
2.902156745421863775e+02
2.902586191973220480e+02
2.903839447492027261e+02
2.902861465471375482e+02
2.903880014389549729e+02
2.902454806890091277e+02
2.903815323526785619e+02
2.904854235333189081e+02
2.902963209658117307e+02
2.903168197529980716e+02
2.904097653548932954e+02
2.905153607029214413e+02
2.903248345511614730e+02
2.904674996791599142e+02
2.904502574619495476e+02
2.904317883295499882e+02
2.904289593318133029e+02
2.904822096897281085e+02
2.904814022024378346e+02
2.904633004422379940e+02
2.904602650559689323e+02
2.905021045500838568e+02
2.902899735313648648e+02
2.903703516398190345e+02
2.904047187032563784e+02
2.903998962788278391e+02
2.904573498737639170e+02
2.904190095113787606e+02
2.904558570173978183e+02
2.903210154699009991e+02
2.905429669345523394e+02
2.904909096409626841e+02
2.905698646485552672e+02
2.904420503693204978e+02
2.904766661036406390e+02
2.905018965563230608e+02
2.905929182315326216e+02
2.903229423352535150e+02
2.905546713108668087e+02
2.905461928676957655e+02
2.905500046670438792e+02
2.905263414330073033e+02
2.906040743067363792e+02
2.905272860749016104e+02
2.906900070733167354e+02
2.907239819864810784e+02
2.905502980778906021e+02
2.906982604330169124e+02
2.906897051535791547e+02
2.905440172565142802e+02
2.905839084078175460e+02
2.907281257353947694e+02
2.904352325785248468e+02
2.905472944753829552e+02
2.907029585536377567e+02
2.907540780604501265e+02
2.906968793727175466e+02
2.906706805720283455e+02
2.906662778399751232e+02
2.905331078328689500e+02
2.906794611792855108e+02
2.908017898184567116e+02
2.904653384108389105e+02
2.906855746704714534e+02
2.907949785182252072e+02
2.906930352800270612e+02
2.907467891607007004e+02
2.907479703419645602e+02
2.908223198656736486e+02
2.907089747473243619e+02
2.906194402070927936e+02
2.906603090409292349e+02
2.907454723671730221e+02
2.907837824511387339e+02
2.905427729224099380e+02
2.906628779123408890e+02
2.906563215635003417e+02
2.906598797553536428e+02
2.906552158989896952e+02
2.906624449082904675e+02
2.907406083439915960e+02
2.907048726173780437e+02
2.907485192756212200e+02
2.907453581577933619e+02
2.906699281931533960e+02
2.908340684137634753e+02
2.907386762342309794e+02
2.907792918666887090e+02
2.908377657743482132e+02
2.907889660322622376e+02
2.906466464670971845e+02
2.906291763226930698e+02
2.906459757851361019e+02
2.905689927522512903e+02
2.905777746875198204e+02
2.907502123309078570e+02
2.906342299114782577e+02
2.906510395540222476e+02
2.907838142331166296e+02
2.908472428539105863e+02
2.907255755369029089e+02
2.907387973070061662e+02
2.908551822619074301e+02
2.907744271798995896e+02
2.908240982508355614e+02
2.906722967236030968e+02
2.906619237671407632e+02
2.906559035530539745e+02
2.907835001035087998e+02
2.909669530098483961e+02
2.909097886101364452e+02
2.907756846614925621e+02
2.908285594290434801e+02
2.907845381726298228e+02
2.907392766477581176e+02
2.908000040154531121e+02
2.908180977965914167e+02
2.909492884008771512e+02
