1.031333577390087015e+02
1.032103077571427008e+02
1.030393927216018284e+02
1.026582928483329056e+02
1.022704420077201775e+02
1.035268968441098991e+02
1.029320422860920416e+02
1.026678076110729734e+02
1.032415257203887080e+02
1.024325079800590430e+02
1.031425247367995013e+02
1.033622073640987651e+02
1.032805823326613108e+02
1.028226262343883377e+02
1.027165419296084252e+02
1.027391706955965986e+02
1.029277960760592947e+02
1.030108716814421967e+02
1.025492399989363577e+02
1.025138148178870523e+02
1.033513410128380201e+02
1.027739628306037361e+02
1.024711399589670151e+02
1.036065001266560870e+02
1.033543580195410669e+02
1.029426115785467459e+02
1.024754309904046039e+02
1.030358084414580020e+02
1.020118931188838332e+02
1.025185241904446656e+02
1.024011566531199264e+02
1.028424675251488480e+02
1.025798496139988174e+02
1.035171685623570426e+02
1.048694756620086679e+02
1.037334896809732783e+02
1.025319518156654226e+02
1.024239158268729426e+02
1.026579937226262444e+02
1.029660046366997648e+02
1.030555961497869504e+02
1.032994457214578148e+02
1.026524753229437010e+02
1.025696365688210676e+02
1.026498063279486388e+02
1.031334775429855455e+02
1.022620591492265163e+02
1.025106833561374486e+02
1.033242736374297692e+02
1.024872980365832262e+02
1.028233237047146531e+02
1.027469120322640492e+02
1.029952675554429220e+02
1.038809168469994688e+02
1.032355200871700731e+02
1.031716512422725458e+02
1.028147631682583096e+02
1.027756437239993517e+02
1.027346933523340198e+02
1.027247132833886241e+02
1.029775826404532353e+02
1.028162765141795489e+02
1.030362765824024649e+02
1.041478252644253075e+02
1.030016633897335083e+02
1.033592183784493415e+02
1.032260974596312764e+02
1.027080752843735496e+02
1.026139553844549113e+02
1.025981375469753942e+02
1.027759085816080074e+02
1.025343272180647318e+02
1.027203580289458387e+02
1.033055382428353681e+02
1.025114270469884445e+02
1.027084427776501911e+02
1.029866266678784115e+02
1.027968808603381490e+02
1.032653680554754629e+02
1.030717389359397060e+02
1.028011517410022435e+02
1.029661491543277947e+02
1.032199657549883796e+02
1.029496824115039573e+02
1.027316299719331170e+02
1.023291471587190102e+02
1.029220347065127612e+02
1.026802074486892593e+02
1.030137015027362821e+02
1.029330687186572817e+02
1.026430831958977734e+02
1.026199370517656604e+02
1.029786089015981219e+02
1.026964479646737942e+02
1.032498690777025416e+02
1.026302193952833335e+02
1.031282009195387417e+02
1.027498218807933767e+02
1.029586728777904909e+02
1.028172487184951223e+02
1.026724639830098340e+02
1.030793959430764204e+02
1.029522655906346387e+02
1.032557959011264188e+02
1.022482505491538518e+02
1.025353198621734947e+02
1.025804913956858542e+02
1.025771484712683446e+02
1.031223739928464482e+02
1.029873444301891112e+02
1.031144521102493599e+02
1.026402710393103490e+02
1.031901701589261364e+02
1.042979559571042074e+02
1.037144029432890449e+02
1.029390059206041457e+02
1.030484454444054592e+02
1.033428230263238135e+02
1.026021363789335368e+02
1.031651477468317921e+02
1.040182982814843626e+02
1.030658932036671018e+02
1.027482345352369606e+02
1.027431256853659107e+02
1.032180005343075351e+02
1.030353893896570980e+02
1.033148073258190180e+02
1.026653322738594483e+02
1.025969573520305431e+02
1.030653664802652116e+02
1.026485776687973868e+02
1.030925914598362851e+02
1.032211963607708185e+02
1.040099727769682403e+02
1.030736666219769262e+02
1.032081820088596373e+02
1.027673579552708247e+02
1.029279356775605834e+02
1.029608896411505157e+02
1.024409135424202759e+02
1.030334530075087969e+02
1.035722978033838899e+02
1.049614153252727675e+02
1.045002486495920806e+02
1.031525723500736973e+02
1.024269317198463938e+02
1.022000704308404693e+02
1.032473518350201545e+02
1.026623664126580024e+02
1.033990374615769241e+02
1.023236333029094425e+02
1.025703746902274816e+02
1.029673584051927122e+02
1.020817717802618887e+02
1.029684465649352774e+02
1.027197792632502598e+02
1.024302142655651124e+02
1.025853105984575535e+02
1.021254569913445351e+02
1.026142153157630901e+02
1.025156693077903896e+02
1.028064946639031376e+02
1.028066542890527870e+02
1.021376152375391939e+02
1.020294618953648040e+02
