2.381210981743325590e+02
2.380193139471492429e+02
2.383109811851527127e+02
2.383497398136894390e+02
2.380109779736189637e+02
2.382822216683695444e+02
2.382628618977976487e+02
2.381755790573033380e+02
2.382046600483338068e+02
2.382439649120087495e+02
2.385690739847050281e+02
2.383649462714996332e+02
2.375340639598434791e+02
2.377619082657614626e+02
2.380940437840539232e+02
2.379965203027412599e+02
2.379099112866634584e+02
2.379313527924163907e+02
2.377945660612082577e+02
2.381603369633286036e+02
2.379628447515176788e+02
2.381090530567037433e+02
2.379099204173471662e+02
2.379600057288306516e+02
2.383312485280440285e+02
2.379759957105519277e+02
2.380170459634338158e+02
2.381445664366287644e+02
2.381073669134168540e+02
2.377844856559172229e+02
2.382793041533722942e+02
2.383497704829138684e+02
2.378079577660259929e+02
2.374701861665270428e+02
2.374075969982655181e+02
2.376098999764441544e+02
2.377221799155654480e+02
2.378234140497047235e+02
2.377257007331794227e+02
2.376468615303610079e+02
2.378052626967427443e+02
2.376978205284985677e+02
2.373987159901721782e+02
2.378483390386510621e+02
2.380682657782001286e+02
2.381827426656199407e+02
2.379549989246126245e+02
2.380378010092634042e+02
2.379058662915145703e+02
2.380213685313193537e+02
2.379791265697553229e+02
2.378934038212197208e+02
2.374583241563295530e+02
2.373219118850460347e+02
2.376311348782867299e+02
2.375551832252550923e+02
2.378337280634151227e+02
2.379065763282214903e+02
2.380172794514227519e+02
2.382987705264311842e+02
2.382909944022871969e+02
2.379877564529830636e+02
2.377381807014149615e+02
2.377520191418448974e+02
2.377067877823554909e+02
2.378226065542520757e+02
2.377581885907574417e+02
2.377355561741980807e+02
2.376079531690656665e+02
2.378356224053924564e+02
2.378229506242888647e+02
2.379444329314338518e+02
2.378071823049300519e+02
2.376888703758974373e+02
2.377031467782241236e+02
2.379647415101495369e+02
2.376105915518755012e+02
2.381980677109157511e+02
2.379604097056585204e+02
2.377263675407128858e+02
2.377432713437842438e+02
2.377708672155892202e+02
2.375144110720685546e+02
2.376376834094596688e+02
2.376757527687070706e+02
2.375194358075688967e+02
2.379186212711852022e+02
2.376097529558328745e+02
2.376433716899960871e+02
2.376648170813541583e+02
2.379521256997742285e+02
2.380021174918483666e+02
2.380719501439250507e+02
2.377723984681972809e+02
2.376895541949779442e+02
2.378693451876984000e+02
2.378038636114860367e+02
2.377500820910302934e+02
2.378078144815603991e+02
2.376663438097102983e+02
2.375619279243211395e+02
2.376094862697789267e+02
2.376538621736443417e+02
2.378464441306401795e+02
2.379675992823791546e+02
2.379759024179118967e+02
2.380049439425571052e+02
2.381708016685633993e+02
2.379072808261662431e+02
2.380730007354729025e+02
2.379099522630942545e+02
2.375324904591144843e+02
2.375719757006582142e+02
2.372514343374664350e+02
2.374403817666054977e+02
2.374926980203242692e+02
2.376175583532968005e+02
2.378385226279719120e+02
2.379331234877066663e+02
2.378073050729592808e+02
2.377781800260293039e+02
2.376508068921890242e+02
2.377788474646702923e+02
2.375477913718839318e+02
2.373801642019197118e+02
2.377137361833264038e+02
2.377215065897066779e+02
2.373086849218081795e+02
2.374345530684634866e+02
2.375026054322919720e+02
2.373899451233558011e+02
2.375640765981846982e+02
2.373050854596655199e+02
2.370533900123062097e+02
2.374182117123331466e+02
2.375091178411180124e+02
2.374185401664526580e+02
2.376362009474233616e+02
2.374202781665067050e+02
2.375471733573236008e+02
2.377484170227308198e+02
2.374942207902459756e+02
2.369242548430709405e+02
2.369221376252070002e+02
2.371240641892087524e+02
2.373720111776619888e+02
2.375976113761419981e+02
2.372970929915600209e+02
2.378477047342981621e+02
2.375096810514330343e+02
2.374450490802720140e+02
2.376827966788292770e+02
2.374724624814946594e+02
2.375886221483494012e+02
2.377353995133518083e+02
2.375072125055436345e+02
2.375047829276866480e+02
2.372619883617292373e+02
2.373976247903642331e+02
2.379314005068842164e+02
2.377887821484345920e+02
2.376521708645335593e+02
2.377011710659852213e+02
2.378868181955717489e+02
2.378620311226280535e+02
