1.027659751640306212e+02
1.022801240161137883e+02
1.031290624527811133e+02
1.028079987763760954e+02
1.026741030388922837e+02
1.024267125156985827e+02
1.023901047134094711e+02
1.030606127629495035e+02
1.025541464039419424e+02
1.025042633838285582e+02
1.022544063607116840e+02
1.039119925855491857e+02
1.035255472521959064e+02
1.026545545775118029e+02
1.033488228484198004e+02
1.030024435073747640e+02
1.031703798849102327e+02
1.026361633821390598e+02
1.024844446224256416e+02
1.027475769609939817e+02
1.031126063091321612e+02
1.026802637991164602e+02
1.024819151388736458e+02
1.027217594998000294e+02
1.029233010279194787e+02
1.034858669099661057e+02
1.022097122642253453e+02
1.024875474634847592e+02
1.029724480339862822e+02
1.028858224820961169e+02
1.027409138071425190e+02
1.035195509028237097e+02
1.028001347370929892e+02
1.036087341936649295e+02
1.048517607668576233e+02
1.033793849398826836e+02
1.032187122321847284e+02
1.030664714628120322e+02
1.031459638741005591e+02
1.031837492244800814e+02
1.031454592489836983e+02
1.034603513745467467e+02
1.029520966257567238e+02
1.025923790692576745e+02
1.029576225098150672e+02
1.026950023212177001e+02
1.029065679890292273e+02
1.029501667893301686e+02
1.026148179098094602e+02
1.025954620076685586e+02
1.034365581282438598e+02
1.026510882444248409e+02
1.028609821669692934e+02
1.040861473561998736e+02
1.035848915569643083e+02
1.029912345154375544e+02
1.025234596206577748e+02
1.029165726493599777e+02
1.024138121107681201e+02
1.026400713281234829e+02
1.027961437780500091e+02
1.030026642123057741e+02
1.028757423633734760e+02
1.036817096353157694e+02
1.032635085078985639e+02
1.030716340281870202e+02
1.029959590468787241e+02
1.030352878243896413e+02
1.030086241104348233e+02
1.028640633006005345e+02
1.028640509708584574e+02
1.032464443361309918e+02
1.031398000920973459e+02
1.026086534835338426e+02
1.029130974890727970e+02
1.030415853040304484e+02
1.025138143801910502e+02
1.027046700524049214e+02
1.032735496816748082e+02
1.032492014705906058e+02
1.028182203206039276e+02
1.032268046384017453e+02
1.027046772449686358e+02
1.035164645308449138e+02
1.032016250612693256e+02
1.028678805578234261e+02
1.030576003216085184e+02
1.035564700228569421e+02
1.024363925022520192e+02
1.029003750856725219e+02
1.029782217267513573e+02
1.026970695713779520e+02
1.030666300979627863e+02
1.029933960526113310e+02
1.026367578563269234e+02
1.032092683592290570e+02
1.032530090719974396e+02
1.030688199958265017e+02
1.031976655350964762e+02
1.030443377890979519e+02
1.032126259548172840e+02
1.029706301769161882e+02
1.026112984277489346e+02
1.028294051909168161e+02
1.031574089629198880e+02
1.021001902023630095e+02
1.027528381009849312e+02
1.028323466146512573e+02
1.024005075637045508e+02
1.030371816579888815e+02
1.037590795466279729e+02
1.028964774649702889e+02
1.035241238127426868e+02
1.041966956970364890e+02
1.035551045492534996e+02
1.031683141216139887e+02
1.028120358394286313e+02
1.034236902811952206e+02
1.033105697081290799e+02
1.030863468676753882e+02
1.029035837007963465e+02
1.032300502953858228e+02
1.028850818320775602e+02
1.036487280766896930e+02
1.028766293039952444e+02
1.036936903987785143e+02
1.031079043782461753e+02
1.031370948620021295e+02
1.027335434901812050e+02
1.030448345090820652e+02
1.035329506238966957e+02
1.034474805847478365e+02
1.029218312294834021e+02
1.041868825168545527e+02
1.031497287428895362e+02
1.032708203448627273e+02
1.032634213002975088e+02
1.030215132333355399e+02
1.026831336375996813e+02
1.035347732990098422e+02
1.028011544595893270e+02
1.035970494248264657e+02
1.048529685652806194e+02
1.039899554192895295e+02
1.030028071288509182e+02
1.030112013387354182e+02
1.024629045107040639e+02
1.030491028037818069e+02
1.029657135763551565e+02
1.030463286787020820e+02
1.026365573612062434e+02
1.030022043737470341e+02
1.024958486028658768e+02
1.029757919449392460e+02
1.025535194808991406e+02
1.028567576149575444e+02
1.025680151989562319e+02
1.025186535218927588e+02
1.026733838246727402e+02
1.026025249393537280e+02
1.021035548493025686e+02
1.024019124956576547e+02
1.028790163744458681e+02
1.017965795904314206e+02
1.025528036954434583e+02
