2.859774768347555778e+02
2.861295819160336578e+02
2.862072894997218668e+02
2.861912803257196174e+02
2.859296648750300278e+02
2.861516252338170148e+02
2.860906439001191188e+02
2.861598931736715485e+02
2.860317266002184056e+02
2.860581948397072551e+02
2.862403166540839834e+02
2.861748618658518239e+02
2.857999802371360829e+02
2.860052522098184795e+02
2.861140736264644602e+02
2.859655623133390918e+02
2.859342595808840883e+02
2.859444230415357993e+02
2.860555635620196426e+02
2.860646731757935299e+02
2.859588967199653098e+02
2.859426188348347750e+02
2.859325633613232753e+02
2.860028758581464103e+02
2.862143200152349323e+02
2.859215270002050602e+02
2.859906045659109282e+02
2.861475071236994836e+02
2.860432307452048803e+02
2.860017524223615624e+02
2.863837779305381446e+02
2.862198382128814842e+02
2.858564867477178382e+02
2.859820322386717066e+02
2.857659162220391522e+02
2.858177452761393056e+02
2.859196858859468193e+02
2.860766628621869927e+02
2.859593061501336138e+02
2.859061847609406186e+02
2.859632517843708115e+02
2.858577789771263156e+02
2.858293079246136017e+02
2.860040182185871913e+02
2.862391155620348400e+02
2.861833544848434485e+02
2.861516956551120643e+02
2.860246366161533729e+02
2.860412697978727579e+02
2.862542510796426427e+02
2.861526729651161531e+02
2.858341504554608719e+02
2.858309828213591572e+02
2.857433568668383828e+02
2.858204404630002387e+02
2.857754596475627977e+02
2.860436722661959266e+02
2.860828872070629245e+02
2.861530622402742097e+02
2.863102510255042148e+02
2.862528935732954665e+02
2.861723048765380213e+02
2.861558630764480426e+02
2.861532784921624852e+02
2.860079428250534193e+02
2.861017012700417581e+02
2.860016442730465656e+02
2.859134880238690926e+02
2.859201008978059804e+02
2.861006378357688504e+02
2.861745411395256156e+02
2.861834720715477260e+02
2.860361577219478590e+02
2.861294535450155649e+02
2.860784070721764465e+02
2.860395342997217654e+02
2.860957564635427843e+02
2.864156747172606288e+02
2.862310280956046995e+02
2.860013908179724353e+02
2.861429146446469076e+02
2.860505584026115571e+02
2.859674457143126460e+02
2.861737299600768551e+02
2.859391913264267373e+02
2.861015572742017525e+02
2.861493020628864201e+02
2.859528631495152808e+02
2.859397095066333350e+02
2.860841051121308283e+02
2.861623862423892319e+02
2.862752220213300234e+02
2.862176197914143927e+02
2.859985853267294829e+02
2.860942202510644279e+02
2.862757754410280882e+02
2.860821364858695119e+02
2.861852616860442708e+02
2.861501546377731415e+02
2.859568738677665465e+02
2.860475290779101556e+02
2.860684979267270478e+02
2.861080340725416704e+02
2.863252631467874494e+02
2.862301352540453649e+02
2.862071311462445919e+02
2.863139795210406078e+02
2.862966727115669414e+02
2.863396302753097302e+02
2.864032519922354254e+02
2.861768494775965337e+02
2.861074757410785310e+02
2.861642421811981762e+02
2.861888345636348276e+02
2.860797168925600431e+02
2.861931538827104191e+02
2.862916584652617189e+02
2.863678864311328311e+02
2.863800006173739234e+02
2.863217206243794521e+02
2.863272368602924303e+02
2.863594794102135097e+02
2.863672174525275409e+02
2.864023749814054440e+02
2.862639675044421779e+02
2.864421901156637773e+02
2.864201399521010671e+02
2.862179520452898487e+02
2.862801910536775267e+02
2.864134637249148341e+02
2.863908834776704566e+02
2.863385739404745323e+02
2.863401751347428785e+02
2.862664121976660567e+02
2.865021241197028985e+02
2.865743305373673024e+02
2.865972805872825120e+02
2.865570862794831442e+02
2.866228891037906692e+02
2.868145620563523721e+02
2.867214845679181963e+02
2.866950702245587195e+02
2.864421713847307274e+02
2.864216910127626647e+02
2.865819451121137718e+02
2.868029924509181114e+02
2.868219689429620871e+02
2.869019539407837556e+02
2.870869065120093637e+02
2.868033925714410657e+02
2.868234399757057531e+02
2.868134379148555695e+02
2.867637767305502621e+02
2.870281022572021357e+02
2.870725459226237035e+02
2.869098413942994057e+02
2.868443422970942720e+02
2.869045668124703070e+02
2.871650496073093564e+02
2.872561714192212889e+02
2.872300460953869674e+02
2.873033155348370542e+02
2.871663794920156079e+02
2.872684025407318131e+02
2.872926800981212523e+02
